1998.0808 4.9965
1998.1616 5.2801
1998.2452 5.2830
1998.3288 4.6918
1998.4123 4.5062
1998.4959 4.2134
1998.5808 4.4726
1998.6644 4.4780
1998.7479 4.1437
1998.8315 4.2702
1998.9151 4.3721
1999.0000 4.6244
1999.0808 4.8228
1999.1616 5.0223
1999.2452 4.8381
1999.3288 4.6684
1999.4123 3.8617
1999.4959 4.0677
1999.5808 4.1692
1999.6644 4.4813
1999.7479 4.5679
1999.8315 3.8600
1999.9151 3.9586
2000.0000 4.0325
2000.0808 4.3931
2000.1616 4.3728
2000.2452 4.0437
2000.3288 4.1237
2000.4123 3.8763
2000.4959 3.6234
2000.5808 2.9237
2000.6644 3.1865
2000.7479 3.2395
2000.8315 3.4451
2000.9151 3.5722
2001.0000 3.7778
2001.0808 4.3992
2001.1616 4.7734
2001.2452 5.1698
2001.3288 5.5235
2001.4123 4.8814
2001.4959 5.2778
2001.5808 5.4646
2001.6644 5.0170
2001.7479 4.2962
2001.8315 4.0798
2001.9151 4.1517
2002.0000 3.8654
2002.0808 4.0072
2002.1616 3.8873
2002.2452 4.2430
2002.3288 4.0009
2002.4123 4.1302
2002.4959 4.4287
2002.5808 4.0873
2002.6644 3.7898
2002.7479 3.6633
2002.8315 3.9867
2002.9151 4.6024
2003.0000 4.8934
2003.0808 5.0983
2003.1616 4.7408
2003.2452 4.7000
2003.3288 4.3561
2003.4123 4.1986
2003.4959 4.3277
2003.5808 4.2210
2003.6644 4.1879
2003.7479 3.7596
2003.8315 3.5753
2003.9151 4.0876
2004.0000 4.5715
2004.0808 5.0339
2004.1616 4.9963
2004.2452 5.0162
2004.3288 4.6237
2004.4123 3.8013
2004.4959 3.7900
2004.5808 3.1590
2004.6644 3.0758
2004.7479 2.2875
2004.8315 2.2641
2004.9151 2.1201
2005.0000 2.5832
2005.0808 2.9738
2005.1616 2.5071
2005.2452 2.3237
2005.3288 2.2317
2005.4123 2.1556
2005.4959 2.2100
2005.5808 2.1855
2005.6644 1.6807
2005.7479 1.3874
2005.8315 0.9699
2005.9151 0.8678
2006.0000 0.8618
2006.0808 0.5131
2006.1616 0.5458
2006.2452 0.4199
2006.3288 0.2311
2006.4123 -0.5201
2006.4959 -1.2387
2006.5808 -1.4491
2006.6644 -1.1364
2006.7479 -1.1853
2006.8315 -1.5721
2006.9151 -1.7178
2007.0000 -1.4605
2007.0808 -1.2356
2007.1616 -0.9542
2007.2452 -0.8075
2007.3288 -0.4704
2007.4123 -0.7055
2007.4959 -0.5757
2007.5808 -0.3737
2007.6644 -0.1983
2007.7479 -0.6477
2007.8315 -0.4962
2007.9151 0.0998
2008.0000 0.1501
2008.0808 0.2074
2008.1616 0.1292
2008.2452 0.6210
2008.3288 0.6594
2008.4123 0.3757
2008.4959 0.3535
2008.5808 0.0986
2008.6644 -0.3893
2008.7479 -1.3180
2008.8315 -1.3482
2008.9151 -0.9751
2009.0000 -1.4223
2009.0808 -1.0506
2009.1616 -0.7495
2009.2452 -0.7868
2009.3288 -0.9083
2009.4123 -0.8127
2009.4959 -0.3530
2009.5808 -0.3057
2009.6644 -0.7442
2009.7479 -0.8178
2009.8315 -0.6785
2009.9151 -0.4651
2010.0000 0.1474
2010.0808 0.5682
2010.1616 0.8202
2010.2452 1.0448
2010.3288 1.2402
2010.4123 1.2587
2010.4959 0.6447
2010.5808 -0.2156
2010.6644 -0.3057
2010.7479 -0.9015
2010.8315 -1.2671
2010.9151 -1.4827
2011.0000 -1.1135
2011.0808 -0.6180
2011.1616 -0.5325
2011.2452 -0.3230
2011.3288 -0.0991
2011.4123 -0.1861
2011.4959 -0.1612
2011.5808 -0.0741
2011.6644 -0.3086
2011.7479 -0.1457
2011.8315 -0.0544
2011.9151 0.0597
2012.0000 0.4391
2012.0808 0.9923
2012.1616 1.2427
2012.2452 0.7214
2012.3288 0.6016
2012.4123 0.3242
2012.4959 0.2889
2012.5808 0.1514
2012.6644 0.0898
2012.7479 -0.0337
2012.8315 0.3059
2012.9151 0.8770
2013.0000 1.6714
2013.0808 2.2670
2013.1616 2.2059
2013.2452 2.0189
2013.3288 1.5333
2013.4123 1.8393
2013.4959 1.6197
2013.5808 1.5749
2013.6644 1.3902
2013.7479 1.1778
2013.8315 1.4447
2013.9151 1.6663
2014.0000 2.3321
2014.0808 2.7096
2014.1616 2.7311
2014.2452 2.6829
2014.3288 2.0755
2014.4123 1.7034
2014.4959 1.4312
2014.5808 1.2585
2014.6644 1.5034
2014.7479 1.3493
2014.8315 1.0738
2014.9151 1.4384
2015.0000 1.7375
2015.0808 2.0973
2015.1616 2.5436
2015.2452 2.2361
2015.3288 1.5831
2015.4123 1.1952
2015.4959 1.5093
2015.5808 1.5043
2015.6644 1.4910
2015.7479 1.3642
2015.8315 1.1154
2015.9151 1.3005
2016.0000 1.5963
2016.0808 1.9569
2016.1616 1.8572
2016.2452 1.6799
2016.3288 1.5797
2016.4123 0.7148
2016.4959 0.2897
2016.5808 -0.3240
2016.6644 -0.1867
2016.7479 -1.0778
2016.8315 -1.6254
2016.9151 -1.7350
2017.0000 -1.3447
2017.0808 -1.0162
2017.1616 -0.4434
2017.2452 -1.0418
2017.3288 -0.6753
2017.4123 -1.1424
2017.4959 -1.2557
2017.5808 -1.2823
2017.6644 -1.5068
2017.7479 -1.6916
2017.8315 -1.7309
2017.9151 -1.7073
2018.0000 -1.2067
2018.0808 -0.7626
2018.1616 -0.2482
2018.2452 -0.3261
2018.3288 -0.4335
2018.4123 -0.5414
2018.4959 -0.6225
2018.5808 -1.0472
2018.6644 -1.4926
2018.7479 -1.4779
2018.8315 -1.6623
2018.9151 -1.6510
2019.0000 -1.5345
2019.0808 -0.9623
2019.1616 -0.6639
2019.2452 -0.8531
2019.3288 -1.1018
2019.4123 -1.1485
2019.4959 -1.4041
2019.5808 -1.7727
2019.6644 -1.9789
2019.7479 -2.2288
2019.8315 -2.5214
2019.9151 -2.6417
2020.0000 -1.9001
2020.0808 -1.6423
2020.1616 -1.4523
2020.2452 -1.7988
2020.3288 -1.8072
2020.4123 -2.0535
2020.4959 -2.4820
2020.5808 -2.7565
2020.6644 -2.4594
2020.7479 -2.6861
2020.8315 -2.7371
2020.9151 -3.1262
2021.0000 -3.0974
2021.0808 -2.7489
2021.1616 -2.8338
2021.2452 -3.2156
2021.3288 -3.4676
2021.4123 -4.0885
2021.4959 -4.1726
2021.5808 -4.2908
2021.6644 -4.6608
2021.7479 -4.9481
2021.8315 -5.1976
2021.9151 -5.2205
2022.0000 -5.9405
2022.0808 -5.8989
2022.1616 -6.2142
2022.2452 -6.4153
2022.3288 -6.2636
2022.4123 -6.9858
2022.4959 -7.5744
2022.5808 -7.8993
2022.6644 -8.3851
2022.7479 -9.0549
2022.8315 -9.0809
2022.9151 -9.2140
2023.0000 -8.9847
