1998.0808 4.3457
1998.1616 5.2402
1998.2452 5.5965
1998.3288 3.9647
1998.4123 3.8167
1998.4959 3.3736
1998.5808 3.7851
1998.6644 3.6986
1998.7479 2.9387
1998.8315 3.0887
1998.9151 2.8225
1999.0000 3.0521
1999.0808 3.1739
1999.1616 2.6314
1999.2452 2.0903
1999.3288 1.1721
1999.4123 -0.0724
1999.4959 -0.2581
1999.5808 -0.6957
1999.6644 -0.5572
1999.7479 -0.5592
1999.8315 -1.5553
1999.9151 -1.8335
2000.0000 -2.0791
2000.0808 -2.1001
2000.1616 -2.3144
2000.2452 -2.3710
2000.3288 -2.3733
2000.4123 -2.9506
2000.4959 -3.0918
2000.5808 -4.0268
2000.6644 -3.9088
2000.7479 -3.8837
2000.8315 -3.4815
2000.9151 -2.8174
2001.0000 -2.2808
2001.0808 -1.3105
2001.1616 -0.4566
2001.2452 0.2244
2001.3288 0.9826
2001.4123 0.6011
2001.4959 1.1589
2001.5808 1.7396
2001.6644 1.1640
2001.7479 -0.1248
2001.8315 -1.0955
2001.9151 -1.5582
2002.0000 -2.6010
2002.0808 -2.4833
2002.1616 -2.8647
2002.2452 -2.5827
2002.3288 -2.6033
2002.4123 -2.4412
2002.4959 -1.9116
2002.5808 -2.2342
2002.6644 -2.3425
2002.7479 -2.1271
2002.8315 -1.8517
2002.9151 -1.1948
2003.0000 -0.7592
2003.0808 -0.2604
2003.1616 -0.2623
2003.2452 -0.4416
2003.3288 -0.7000
2003.4123 -0.7291
2003.4959 -0.4824
2003.5808 -0.7540
2003.6644 -1.0504
2003.7479 -1.3429
2003.8315 -1.4454
2003.9151 -0.8075
2004.0000 -0.2049
2004.0808 0.1659
2004.1616 0.3582
2004.2452 0.6256
2004.3288 0.5881
2004.4123 -0.2178
2004.4959 -0.1001
2004.5808 -1.3784
2004.6644 -1.9619
2004.7479 -2.7172
2004.8315 -3.3671
2004.9151 -3.8792
2005.0000 -3.5936
2005.0808 -2.9629
2005.1616 -3.2815
2005.2452 -3.3791
2005.3288 -3.3112
2005.4123 -3.1610
2005.4959 -2.9072
2005.5808 -2.6306
2005.6644 -2.9678
2005.7479 -2.9316
2005.8315 -3.7532
2005.9151 -3.9735
2006.0000 -4.4278
2006.0808 -4.6905
2006.1616 -4.8550
2006.2452 -5.2172
2006.3288 -5.5391
2006.4123 -6.4283
2006.4959 -7.8792
2006.5808 -8.6524
2006.6644 -8.2285
2006.7479 -8.3237
2006.8315 -9.1951
2006.9151 -9.1607
2007.0000 -8.8700
2007.0808 -8.4897
2007.1616 -7.9365
2007.2452 -7.6260
2007.3288 -6.7699
2007.4123 -6.4056
2007.4959 -5.5497
2007.5808 -4.6752
2007.6644 -4.2114
2007.7479 -4.8105
2007.8315 -4.7689
2007.9151 -3.8684
2008.0000 -3.7482
2008.0808 -3.4719
2008.1616 -3.0967
2008.2452 -2.4267
2008.3288 -1.9883
2008.4123 -2.4283
2008.4959 -2.1050
2008.5808 -1.9505
2008.6644 -1.9757
2008.7479 -3.0279
2008.8315 -3.1134
2008.9151 -2.8936
2009.0000 -3.6135
2009.0808 -3.0450
2009.1616 -2.5351
2009.2452 -2.5233
2009.3288 -2.0440
2009.4123 -2.0069
2009.4959 -1.5438
2009.5808 -1.1089
2009.6644 -1.2707
2009.7479 -1.0893
2009.8315 -0.9833
2009.9151 -0.8036
2010.0000 -0.0870
2010.0808 0.5339
2010.1616 1.3170
2010.2452 1.9916
2010.3288 2.5073
2010.4123 2.4270
2010.4959 1.8931
2010.5808 0.7939
2010.6644 0.9424
2010.7479 0.1334
2010.8315 -0.5635
2010.9151 -1.2730
2011.0000 -1.3687
2011.0808 -0.7582
2011.1616 -0.9645
2011.2452 -0.8158
2011.3288 -0.3424
2011.4123 -0.2166
2011.4959 0.2607
2011.5808 0.9598
2011.6644 1.2350
2011.7479 1.6607
2011.8315 1.8811
2011.9151 2.2483
2012.0000 2.9230
2012.0808 3.8974
2012.1616 4.3650
2012.2452 4.4993
2012.3288 4.7681
2012.4123 4.7951
2012.4959 4.8755
2012.5808 4.8424
2012.6644 5.0553
2012.7479 4.9425
2012.8315 5.4008
2012.9151 6.0030
2013.0000 7.1484
2013.0808 8.1263
2013.1616 8.4334
2013.2452 8.2385
2013.3288 7.4071
2013.4123 7.7190
2013.4959 7.1336
2013.5808 7.2478
2013.6644 7.0600
2013.7479 6.8729
2013.8315 7.3499
2013.9151 7.8239
2014.0000 8.5030
2014.0808 9.0012
2014.1616 9.2188
2014.2452 9.3063
2014.3288 8.7001
2014.4123 8.3894
2014.4959 8.1120
2014.5808 7.5369
2014.6644 7.6790
2014.7479 7.7130
2014.8315 7.1491
2014.9151 7.4420
2015.0000 7.6818
2015.0808 8.0659
2015.1616 8.6064
2015.2452 8.1305
2015.3288 7.1652
2015.4123 6.9684
2015.4959 7.4412
2015.5808 7.5417
2015.6644 7.1280
2015.7479 7.1894
2015.8315 7.0553
2015.9151 7.1331
2016.0000 7.1399
2016.0808 7.2419
2016.1616 7.1056
2016.2452 6.8372
2016.3288 6.6817
2016.4123 4.7223
2016.4959 3.7812
2016.5808 2.1003
2016.6644 1.7288
2016.7479 -0.3404
2016.8315 -1.8232
2016.9151 -2.4405
2017.0000 -2.3011
2017.0808 -2.2153
2017.1616 -1.5657
2017.2452 -2.3796
2017.3288 -2.1341
2017.4123 -2.5121
2017.4959 -2.5615
2017.5808 -2.5539
2017.6644 -2.6646
2017.7479 -2.6062
2017.8315 -3.1239
2017.9151 -2.9415
2018.0000 -2.6742
2018.0808 -2.0479
2018.1616 -1.5492
2018.2452 -1.5249
2018.3288 -1.5405
2018.4123 -1.2517
2018.4959 -1.4247
2018.5808 -1.9670
2018.6644 -2.5579
2018.7479 -2.6539
2018.8315 -2.7392
2018.9151 -2.8057
2019.0000 -2.7379
2019.0808 -1.8550
2019.1616 -1.1917
2019.2452 -1.0884
2019.3288 -1.1958
2019.4123 -0.9428
2019.4959 -1.0858
2019.5808 -1.0903
2019.6644 -0.8222
2019.7479 -0.6423
2019.8315 -1.0777
2019.9151 -1.9693
2020.0000 -0.9591
2020.0808 -0.1375
2020.1616 0.2802
2020.2452 0.0015
2020.3288 0.0873
2020.4123 0.3201
2020.4959 -0.1205
2020.5808 -0.1885
2020.6644 0.1624
2020.7479 0.2560
2020.8315 0.0075
2020.9151 -1.2058
2021.0000 -1.4407
2021.0808 -1.0814
2021.1616 -1.6586
2021.2452 -2.2987
2021.3288 -2.8450
2021.4123 -4.1979
2021.4959 -4.6843
2021.5808 -4.8321
2021.6644 -5.3097
2021.7479 -5.7934
2021.8315 -6.6865
2021.9151 -7.0495
2022.0000 -7.8404
2022.0808 -7.7361
2022.1616 -8.1388
2022.2452 -8.3376
2022.3288 -8.0622
2022.4123 -8.8239
2022.4959 -9.3363
2022.5808 -10.0211
2022.6644 -10.5587
2022.7479 -11.6260
2022.8315 -11.8614
2022.9151 -12.5064
2023.0000 -12.1884
