1998.0808 3.5858
1998.1616 3.9248
1998.2452 3.9459
1998.3288 1.6307
1998.4123 1.5573
1998.4959 0.9847
1998.5808 1.1609
1998.6644 1.0979
1998.7479 0.7087
1998.8315 0.7646
1998.9151 0.8699
1999.0000 1.4917
1999.0808 1.7844
1999.1616 1.8752
1999.2452 1.2938
1999.3288 0.1383
1999.4123 -0.7144
1999.4959 -0.7863
1999.5808 -1.2657
1999.6644 -1.3576
1999.7479 -1.4081
1999.8315 -2.1803
1999.9151 -2.3462
2000.0000 -2.3874
2000.0808 -2.2739
2000.1616 -2.6817
2000.2452 -2.6559
2000.3288 -3.0314
2000.4123 -3.6154
2000.4959 -3.9529
2000.5808 -4.0657
2000.6644 -3.9374
2000.7479 -3.9009
2000.8315 -3.6781
2000.9151 -3.0302
2001.0000 -2.3782
2001.0808 -1.5146
2001.1616 -0.8508
2001.2452 -0.7902
2001.3288 -0.5888
2001.4123 -0.8957
2001.4959 -0.6210
2001.5808 -0.4236
2001.6644 -1.6120
2001.7479 -2.5476
2001.8315 -3.7441
2001.9151 -3.9158
2002.0000 -4.4713
2002.0808 -4.1520
2002.1616 -4.8890
2002.2452 -4.5274
2002.3288 -4.7814
2002.4123 -4.3915
2002.4959 -3.9748
2002.5808 -3.9409
2002.6644 -3.8979
2002.7479 -3.3309
2002.8315 -3.0152
2002.9151 -2.3363
2003.0000 -2.0387
2003.0808 -0.9193
2003.1616 -0.7352
2003.2452 -1.0919
2003.3288 -1.1449
2003.4123 -1.1576
2003.4959 -0.7252
2003.5808 -1.3354
2003.6644 -2.2543
2003.7479 -2.6173
2003.8315 -2.6247
2003.9151 -2.1277
2004.0000 -1.2169
2004.0808 -0.5965
2004.1616 -0.9358
2004.2452 -1.0963
2004.3288 -0.8558
2004.4123 -1.2064
2004.4959 -0.7594
2004.5808 -1.5333
2004.6644 -2.3599
2004.7479 -2.3742
2004.8315 -2.6450
2004.9151 -2.9375
2005.0000 -2.2101
2005.0808 -1.0889
2005.1616 -1.4618
2005.2452 -1.5295
2005.3288 -1.3357
2005.4123 -1.2309
2005.4959 -0.5889
2005.5808 -0.2830
2005.6644 -0.7570
2005.7479 -0.5370
2005.8315 -1.2003
2005.9151 -1.0651
2006.0000 -0.8220
2006.0808 -0.2930
2006.1616 0.3107
2006.2452 0.0520
2006.3288 -0.1262
2006.4123 -1.4325
2006.4959 -1.6982
2006.5808 -2.3633
2006.6644 -1.4155
2006.7479 -1.7293
2006.8315 -2.1826
2006.9151 -1.7066
2007.0000 -1.1998
2007.0808 -0.2161
2007.1616 0.2448
2007.2452 0.5925
2007.3288 1.2231
2007.4123 1.1859
2007.4959 1.8664
2007.5808 2.3370
2007.6644 2.3453
2007.7479 1.6435
2007.8315 1.9501
2007.9151 2.7432
2008.0000 2.9313
2008.0808 3.2260
2008.1616 3.1407
2008.2452 3.1674
2008.3288 3.0252
2008.4123 2.1182
2008.4959 1.7917
2008.5808 1.9878
2008.6644 2.1732
2008.7479 0.8997
2008.8315 0.7665
2008.9151 0.6372
2009.0000 0.3862
2009.0808 0.8849
2009.1616 1.4318
2009.2452 1.1601
2009.3288 1.5186
2009.4123 1.5384
2009.4959 1.5655
2009.5808 1.9530
2009.6644 2.3234
2009.7479 2.0838
2009.8315 2.0945
2009.9151 2.6989
2010.0000 3.2498
2010.0808 4.1575
2010.1616 4.8038
2010.2452 4.9615
2010.3288 5.0207
2010.4123 4.3222
2010.4959 3.4994
2010.5808 2.7478
2010.6644 3.0210
2010.7479 2.7746
2010.8315 1.9006
2010.9151 1.0768
2011.0000 1.6923
2011.0808 2.4080
2011.1616 2.1929
2011.2452 2.3935
2011.3288 2.8777
2011.4123 2.6438
2011.4959 2.8715
2011.5808 3.3957
2011.6644 3.4665
2011.7479 3.3047
2011.8315 3.1298
2011.9151 3.3470
2012.0000 3.1899
2012.0808 3.5426
2012.1616 3.8142
2012.2452 3.8312
2012.3288 4.2655
2012.4123 4.2678
2012.4959 4.2075
2012.5808 4.3199
2012.6644 3.9409
2012.7479 3.4883
2012.8315 3.8067
2012.9151 4.3176
2013.0000 5.2977
2013.0808 5.9699
2013.1616 6.3140
2013.2452 5.7645
2013.3288 4.6358
2013.4123 4.7924
2013.4959 5.0448
2013.5808 5.1228
2013.6644 5.3105
2013.7479 4.9793
2013.8315 5.1739
2013.9151 5.4111
2014.0000 6.2606
2014.0808 6.8713
2014.1616 6.9081
2014.2452 7.0152
2014.3288 6.5596
2014.4123 6.4416
2014.4959 6.1941
2014.5808 5.3775
2014.6644 5.4982
2014.7479 5.8318
2014.8315 5.2776
2014.9151 5.8267
2015.0000 6.4692
2015.0808 6.8162
2015.1616 7.1594
2015.2452 6.4058
2015.3288 5.7110
2015.4123 6.1196
2015.4959 6.5526
2015.5808 6.7227
2015.6644 6.3684
2015.7479 6.4858
2015.8315 5.7976
2015.9151 5.8199
2016.0000 5.9386
2016.0808 6.0057
2016.1616 6.0044
2016.2452 5.5420
2016.3288 5.0717
2016.4123 4.0670
2016.4959 3.1787
2016.5808 2.5957
2016.6644 2.6303
2016.7479 0.4781
2016.8315 -0.2030
2016.9151 0.1553
2017.0000 0.7495
2017.0808 1.5607
2017.1616 2.2744
2017.2452 1.8045
2017.3288 1.8050
2017.4123 1.3931
2017.4959 1.2584
2017.5808 1.0353
2017.6644 0.7341
2017.7479 -0.0424
2017.8315 -0.3959
2017.9151 -0.3050
2018.0000 0.0013
2018.0808 0.6256
2018.1616 0.9665
2018.2452 0.6087
2018.3288 0.3089
2018.4123 0.1252
2018.4959 -0.1252
2018.5808 -0.9372
2018.6644 -1.1931
2018.7479 -1.8493
2018.8315 -2.2918
2018.9151 -2.6179
2019.0000 -2.7685
2019.0808 -1.9067
2019.1616 -1.4391
2019.2452 -1.6946
2019.3288 -2.0861
2019.4123 -2.1346
2019.4959 -2.1021
2019.5808 -1.8310
2019.6644 -1.4466
2019.7479 -1.7870
2019.8315 -2.4246
2019.9151 -2.4514
2020.0000 -1.4237
2020.0808 -0.0396
2020.1616 1.0797
2020.2452 1.1164
2020.3288 0.1849
2020.4123 0.0758
2020.4959 0.1573
2020.5808 0.1429
2020.6644 0.2995
2020.7479 0.5977
2020.8315 0.3421
2020.9151 -0.6102
2021.0000 -0.6050
2021.0808 -0.1805
2021.1616 -0.5744
2021.2452 -1.1840
2021.3288 -1.7238
2021.4123 -2.8642
2021.4959 -3.4055
2021.5808 -3.2081
2021.6644 -3.6674
2021.7479 -4.6016
2021.8315 -5.3134
2021.9151 -5.8942
2022.0000 -7.0416
2022.0808 -6.8939
2022.1616 -7.3000
2022.2452 -7.6229
2022.3288 -7.5910
2022.4123 -8.2703
2022.4959 -9.0263
2022.5808 -9.7998
2022.6644 -10.7628
2022.7479 -12.0596
2022.8315 -12.7861
2022.9151 -13.8713
2023.0000 -13.7678
