1998.0808 1.6554
1998.1616 2.8423
1998.2452 3.0380
1998.3288 2.6700
1998.4123 3.0344
1998.4959 2.9852
1998.5808 2.8851
1998.6644 2.8988
1998.7479 2.8694
1998.8315 2.8403
1998.9151 2.8930
1999.0000 3.2286
1999.0808 3.9749
1999.1616 4.0820
1999.2452 3.8359
1999.3288 3.5740
1999.4123 3.3909
1999.4959 3.3075
1999.5808 2.9660
1999.6644 2.9216
1999.7479 2.8808
1999.8315 2.7266
1999.9151 2.5793
2000.0000 2.8729
2000.0808 3.3178
2000.1616 3.9853
2000.2452 4.2665
2000.3288 4.1560
2000.4123 4.1084
2000.4959 4.1221
2000.5808 4.1767
2000.6644 4.3977
2000.7479 4.6328
2000.8315 4.7870
2000.9151 5.1355
2001.0000 5.4891
2001.0808 6.0337
2001.1616 6.2769
2001.2452 6.1619
2001.3288 6.3274
2001.4123 6.2838
2001.4959 6.5535
2001.5808 6.8144
2001.6644 6.3309
2001.7479 6.0856
2001.8315 5.4264
2001.9151 5.2102
2002.0000 4.9956
2002.0808 5.3955
2002.1616 5.7956
2002.2452 5.8267
2002.3288 5.5867
2002.4123 5.7452
2002.4959 5.9541
2002.5808 5.9051
2002.6644 6.0912
2002.7479 6.2849
2002.8315 6.3090
2002.9151 6.6272
2003.0000 7.0080
2003.0808 7.9115
2003.1616 8.5282
2003.2452 8.6857
2003.3288 8.8633
2003.4123 8.9117
2003.4959 9.1233
2003.5808 8.8986
2003.6644 8.2318
2003.7479 7.9291
2003.8315 7.7970
2003.9151 7.7999
2004.0000 8.1219
2004.0808 8.4914
2004.1616 8.8292
2004.2452 8.6214
2004.3288 8.6356
2004.4123 8.5030
2004.4959 8.6650
2004.5808 8.4540
2004.6644 8.2505
2004.7479 8.1002
2004.8315 7.8957
2004.9151 7.7776
2005.0000 8.0666
2005.0808 8.7222
2005.1616 9.2679
2005.2452 9.2346
2005.3288 9.2543
2005.4123 9.4185
2005.4959 9.7360
2005.5808 10.0083
2005.6644 10.0522
2005.7479 10.2304
2005.8315 10.0356
2005.9151 10.3480
2006.0000 10.7107
2006.0808 12.0014
2006.1616 12.9333
2006.2452 12.7129
2006.3288 12.8234
2006.4123 12.4602
2006.4959 12.6600
2006.5808 12.7582
2006.6644 13.3085
2006.7479 13.3851
2006.8315 13.4464
2006.9151 13.7257
2007.0000 14.1019
2007.0808 15.2190
2007.1616 15.6541
2007.2452 16.0534
2007.3288 16.2992
2007.4123 16.5679
2007.4959 16.9218
2007.5808 17.2457
2007.6644 17.3252
2007.7479 17.1700
2007.8315 17.3367
2007.9151 17.7869
2008.0000 18.1482
2008.0808 18.9411
2008.1616 19.4659
2008.2452 19.5278
2008.3288 19.4526
2008.4123 19.1815
2008.4959 19.1130
2008.5808 19.1727
2008.6644 19.2706
2008.7479 18.9028
2008.8315 18.7149
2008.9151 18.6739
2009.0000 18.7632
2009.0808 19.4127
2009.1616 19.5782
2009.2452 19.4760
2009.3288 19.5358
2009.4123 19.3040
2009.4959 19.2075
2009.5808 19.4280
2009.6644 19.5646
2009.7479 19.2794
2009.8315 19.1074
2009.9151 19.2057
2010.0000 19.4053
2010.0808 19.7334
2010.1616 19.8766
2010.2452 19.8245
2010.3288 19.6626
2010.4123 19.2940
2010.4959 18.7583
2010.5808 18.3470
2010.6644 18.0899
2010.7479 17.8398
2010.8315 17.2055
2010.9151 16.5676
2011.0000 16.3684
2011.0808 16.7659
2011.1616 16.4776
2011.2452 16.1141
2011.3288 15.9264
2011.4123 15.3205
2011.4959 14.9078
2011.5808 14.8869
2011.6644 14.8231
2011.7479 14.3961
2011.8315 13.9516
2011.9151 13.5066
2012.0000 13.5031
2012.0808 13.9066
2012.1616 13.7761
2012.2452 13.4126
2012.3288 13.1042
2012.4123 12.7421
2012.4959 12.3469
2012.5808 11.9521
2012.6644 11.2536
2012.7479 10.8137
2012.8315 10.5452
2012.9151 10.2100
2013.0000 10.2737
2013.0808 10.3825
2013.1616 10.4750
2013.2452 10.3204
2013.3288 9.5612
2013.4123 9.2120
2013.4959 8.8214
2013.5808 8.3855
2013.6644 8.0233
2013.7479 7.5544
2013.8315 7.0916
2013.9151 6.7517
2014.0000 6.7158
2014.0808 7.0306
2014.1616 6.9296
2014.2452 6.4866
2014.3288 6.0707
2014.4123 5.4491
2014.4959 4.9231
2014.5808 4.2797
2014.6644 3.9995
2014.7479 3.7440
2014.8315 3.1580
2014.9151 2.9379
2015.0000 2.8841
2015.0808 3.1863
2015.1616 3.2775
2015.2452 2.9803
2015.3288 2.6039
2015.4123 2.3991
2015.4959 2.1517
2015.5808 1.8928
2015.6644 1.5066
2015.7479 1.3008
2015.8315 0.9974
2015.9151 0.7316
2016.0000 0.4647
2016.0808 0.9587
2016.1616 1.0796
2016.2452 0.7115
2016.3288 0.5210
2016.4123 0.4020
2016.4959 -0.0551
2016.5808 -0.1910
2016.6644 -0.3291
2016.7479 -1.3502
2016.8315 -1.6008
2016.9151 -1.6128
2017.0000 -1.2659
2017.0808 -1.0829
2017.1616 -0.3501
2017.2452 -0.2888
2017.3288 -0.0811
2017.4123 -0.3189
2017.4959 -0.3239
2017.5808 -0.5809
2017.6644 -0.8015
2017.7479 -1.3356
2017.8315 -1.7821
2017.9151 -1.7779
2018.0000 -1.8577
2018.0808 -1.4730
2018.1616 -1.0587
2018.2452 -1.5498
2018.3288 -1.9513
2018.4123 -2.1513
2018.4959 -2.3511
2018.5808 -2.7146
2018.6644 -3.1608
2018.7479 -3.7188
2018.8315 -3.9134
2018.9151 -4.3929
2019.0000 -4.6952
2019.0808 -4.5763
2019.1616 -4.4881
2019.2452 -4.7344
2019.3288 -5.4226
2019.4123 -5.7665
2019.4959 -6.0458
2019.5808 -6.1968
2019.6644 -6.3110
2019.7479 -6.5543
2019.8315 -7.0863
2019.9151 -7.3194
2020.0000 -7.1906
2020.0808 -6.1730
2020.1616 -5.3010
2020.2452 -5.1983
2020.3288 -5.5176
2020.4123 -5.3840
2020.4959 -5.3455
2020.5808 -5.1394
2020.6644 -5.1611
2020.7479 -5.1303
2020.8315 -5.1647
2020.9151 -5.4939
2021.0000 -5.2078
2021.0808 -4.2676
2021.1616 -3.8887
2021.2452 -4.1167
2021.3288 -4.2927
2021.4123 -4.6582
2021.4959 -4.8639
2021.5808 -4.9617
2021.6644 -5.1030
2021.7479 -5.6828
2021.8315 -6.2386
2021.9151 -6.6110
2022.0000 -6.7507
2022.0808 -6.2571
2022.1616 -6.1110
2022.2452 -6.3097
2022.3288 -6.4643
2022.4123 -6.8124
2022.4959 -7.3403
2022.5808 -7.6880
2022.6644 -8.2812
2022.7479 -9.0111
2022.8315 -9.7215
2022.9151 -10.5351
2023.0000 -10.4793
