1998.0808 4.9471
1998.1616 6.7325
1998.2452 7.4471
1998.3288 6.6123
1998.4123 7.6292
1998.4959 7.6628
1998.5808 7.7136
1998.6644 7.7141
1998.7479 7.8911
1998.8315 7.7802
1998.9151 8.0148
1999.0000 9.0745
1999.0808 10.1515
1999.1616 10.4631
1999.2452 10.0134
1999.3288 9.2768
1999.4123 8.9237
1999.4959 8.6726
1999.5808 7.6521
1999.6644 7.4280
1999.7479 7.5246
1999.8315 7.2857
1999.9151 6.7923
2000.0000 7.1278
2000.0808 7.7377
2000.1616 8.5844
2000.2452 9.0447
2000.3288 8.2758
2000.4123 8.1125
2000.4959 7.8797
2000.5808 8.0628
2000.6644 8.5157
2000.7479 8.9471
2000.8315 9.4430
2000.9151 10.3591
2001.0000 11.3562
2001.0808 12.8274
2001.1616 13.8768
2001.2452 13.9062
2001.3288 14.3456
2001.4123 14.4804
2001.4959 15.2329
2001.5808 16.1212
2001.6644 14.7507
2001.7479 14.0873
2001.8315 12.1145
2001.9151 11.3955
2002.0000 10.5460
2002.0808 11.0738
2002.1616 10.9501
2002.2452 11.1603
2002.3288 10.6458
2002.4123 11.2914
2002.4959 11.9290
2002.5808 11.7892
2002.6644 12.1811
2002.7479 12.8307
2002.8315 12.7931
2002.9151 13.6263
2003.0000 14.0020
2003.0808 15.6284
2003.1616 16.3578
2003.2452 16.8489
2003.3288 17.1560
2003.4123 17.1521
2003.4959 17.6893
2003.5808 16.9298
2003.6644 14.8870
2003.7479 13.7362
2003.8315 13.4335
2003.9151 13.6595
2004.0000 14.5239
2004.0808 15.3032
2004.1616 15.9484
2004.2452 15.3516
2004.3288 15.5546
2004.4123 15.3503
2004.4959 15.8518
2004.5808 15.3190
2004.6644 14.6907
2004.7479 14.3418
2004.8315 13.7734
2004.9151 13.3663
2005.0000 14.0693
2005.0808 15.2370
2005.1616 15.2704
2005.2452 14.9661
2005.3288 14.9478
2005.4123 15.3195
2005.4959 16.1333
2005.5808 16.6424
2005.6644 16.5711
2005.7479 16.8390
2005.8315 16.2205
2005.9151 17.0514
2006.0000 17.7929
2006.0808 19.7903
2006.1616 21.3770
2006.2452 20.6530
2006.3288 20.7534
2006.4123 19.3205
2006.4959 19.7100
2006.5808 19.6649
2006.6644 20.8278
2006.7479 20.8030
2006.8315 20.6042
2006.9151 21.2037
2007.0000 21.8728
2007.0808 23.8662
2007.1616 24.8714
2007.2452 25.6917
2007.3288 26.3532
2007.4123 26.8855
2007.4959 27.8109
2007.5808 28.7178
2007.6644 28.6848
2007.7479 28.2351
2007.8315 28.6653
2007.9151 29.6386
2008.0000 30.3419
2008.0808 31.6266
2008.1616 32.3136
2008.2452 32.4892
2008.3288 31.9335
2008.4123 31.0434
2008.4959 30.6518
2008.5808 30.5902
2008.6644 30.4876
2008.7479 29.1853
2008.8315 28.7084
2008.9151 28.2554
2009.0000 28.1313
2009.0808 28.9089
2009.1616 29.4268
2009.2452 29.1159
2009.3288 29.3111
2009.4123 28.9836
2009.4959 28.9617
2009.5808 29.6126
2009.6644 29.9087
2009.7479 29.2200
2009.8315 28.9216
2009.9151 29.4043
2010.0000 29.5375
2010.0808 30.4905
2010.1616 31.4422
2010.2452 31.3710
2010.3288 31.0005
2010.4123 30.0831
2010.4959 28.7652
2010.5808 27.8155
2010.6644 27.3177
2010.7479 26.8040
2010.8315 24.7269
2010.9151 23.1642
2011.0000 23.3443
2011.0808 23.8994
2011.1616 23.2297
2011.2452 22.6497
2011.3288 22.5117
2011.4123 21.0807
2011.4959 20.3542
2011.5808 20.6330
2011.6644 20.8079
2011.7479 20.1699
2011.8315 18.9693
2011.9151 17.8597
2012.0000 17.1870
2012.0808 17.6435
2012.1616 17.4242
2012.2452 16.8564
2012.3288 16.2963
2012.4123 15.7438
2012.4959 15.2162
2012.5808 14.5005
2012.6644 12.8505
2012.7479 12.1073
2012.8315 11.8481
2012.9151 11.4091
2013.0000 11.9992
2013.0808 12.8848
2013.1616 13.3178
2013.2452 12.9449
2013.3288 11.1471
2013.4123 10.6115
2013.4959 9.8959
2013.5808 9.3331
2013.6644 8.8139
2013.7479 7.9053
2013.8315 7.0250
2013.9151 6.2352
2014.0000 6.6518
2014.0808 7.3861
2014.1616 7.2799
2014.2452 6.5079
2014.3288 5.9402
2014.4123 5.2210
2014.4959 4.1720
2014.5808 2.9882
2014.6644 2.8005
2014.7479 2.5975
2014.8315 1.5022
2014.9151 1.3401
2015.0000 1.7027
2015.0808 2.2115
2015.1616 2.3990
2015.2452 1.8815
2015.3288 1.2626
2015.4123 1.2977
2015.4959 1.1358
2015.5808 0.8303
2015.6644 0.0835
2015.7479 -0.1132
2015.8315 -0.5558
2015.9151 -0.9950
2016.0000 -1.1838
2016.0808 -0.6261
2016.1616 -0.1988
2016.2452 -1.0878
2016.3288 -1.3526
2016.4123 -1.0572
2016.4959 -2.0388
2016.5808 -1.9836
2016.6644 -2.1468
2016.7479 -4.7937
2016.8315 -5.1554
2016.9151 -5.1278
2017.0000 -4.3634
2017.0808 -3.6306
2017.1616 -2.5088
2017.2452 -2.3802
2017.3288 -1.7989
2017.4123 -2.2337
2017.4959 -2.2234
2017.5808 -2.9567
2017.6644 -3.0969
2017.7479 -4.7629
2017.8315 -5.5643
2017.9151 -5.4308
2018.0000 -5.2753
2018.0808 -4.4428
2018.1616 -3.7125
2018.2452 -4.9208
2018.3288 -5.7360
2018.4123 -6.0881
2018.4959 -6.3327
2018.5808 -7.2493
2018.6644 -8.3628
2018.7479 -9.8215
2018.8315 -10.0036
2018.9151 -11.2025
2019.0000 -11.9611
2019.0808 -11.1717
2019.1616 -10.6155
2019.2452 -11.1063
2019.3288 -12.4979
2019.4123 -13.2199
2019.4959 -13.4944
2019.5808 -13.5628
2019.6644 -13.3493
2019.7479 -13.6751
2019.8315 -14.8430
2019.9151 -14.9211
2020.0000 -14.0186
2020.0808 -12.1838
2020.1616 -10.4159
2020.2452 -10.1045
2020.3288 -10.7981
2020.4123 -10.4036
2020.4959 -10.0336
2020.5808 -9.2676
2020.6644 -9.1938
2020.7479 -8.9212
2020.8315 -8.7801
2020.9151 -9.6907
2021.0000 -9.4003
2021.0808 -8.3506
2021.1616 -8.4044
2021.2452 -9.0929
2021.3288 -9.7667
2021.4123 -10.6898
2021.4959 -11.3135
2021.5808 -11.5560
2021.6644 -11.9843
2021.7479 -13.7917
2021.8315 -15.3950
2021.9151 -16.4643
2022.0000 -17.7678
2022.0808 -17.3968
2022.1616 -17.3207
2022.2452 -18.0466
2022.3288 -18.6376
2022.4123 -19.5107
2022.4959 -20.9385
2022.5808 -21.7998
2022.6644 -23.5551
2022.7479 -25.6827
2022.8315 -27.4404
2022.9151 -30.1178
2023.0000 -30.6555
