1998.0808 2.6711
1998.1616 4.2894
1998.2452 4.9531
1998.3288 4.6491
1998.4123 5.3723
1998.4959 5.4766
1998.5808 5.3214
1998.6644 5.2605
1998.7479 5.1979
1998.8315 5.0224
1998.9151 5.0510
1999.0000 5.5555
1999.0808 6.3089
1999.1616 6.4923
1999.2452 6.0446
1999.3288 5.5185
1999.4123 5.1623
1999.4959 4.8253
1999.5808 3.9981
1999.6644 3.7033
1999.7479 3.5485
1999.8315 3.2899
1999.9151 2.9435
2000.0000 3.1483
2000.0808 3.6548
2000.1616 4.4484
2000.2452 4.9071
2000.3288 4.6763
2000.4123 4.5902
2000.4959 4.5442
2000.5808 4.6696
2000.6644 4.9931
2000.7479 5.2966
2000.8315 5.5781
2000.9151 6.1196
2001.0000 6.7120
2001.0808 7.5226
2001.1616 8.0180
2001.2452 7.8848
2001.3288 8.1000
2001.4123 8.0642
2001.4959 8.4588
2001.5808 8.8797
2001.6644 7.9112
2001.7479 7.3666
2001.8315 5.9391
2001.9151 5.2770
2002.0000 4.5925
2002.0808 4.6992
2002.1616 4.6672
2002.2452 4.6675
2002.3288 4.2679
2002.4123 4.5455
2002.4959 4.9115
2002.5808 4.8721
2002.6644 5.1987
2002.7479 5.6067
2002.8315 5.5993
2002.9151 6.1592
2003.0000 6.5750
2003.0808 7.6497
2003.1616 8.2334
2003.2452 8.6258
2003.3288 8.9476
2003.4123 8.9668
2003.4959 9.2160
2003.5808 8.7406
2003.6644 7.3019
2003.7479 6.4406
2003.8315 5.9892
2003.9151 5.8413
2004.0000 6.2586
2004.0808 6.6591
2004.1616 7.0705
2004.2452 6.6840
2004.3288 6.7756
2004.4123 6.6209
2004.4959 6.9134
2004.5808 6.5967
2004.6644 6.2160
2004.7479 5.9452
2004.8315 5.5204
2004.9151 5.3056
2005.0000 5.6659
2005.0808 6.3963
2005.1616 6.7108
2005.2452 6.6437
2005.3288 6.6242
2005.4123 6.9005
2005.4959 7.4183
2005.5808 7.8475
2005.6644 7.9099
2005.7479 8.1445
2005.8315 7.7629
2005.9151 8.2398
2006.0000 8.7379
2006.0808 10.4205
2006.1616 11.6628
2006.2452 11.2271
2006.3288 11.2280
2006.4123 10.3334
2006.4959 10.4628
2006.5808 10.3874
2006.6644 11.0411
2006.7479 10.9842
2006.8315 10.8843
2006.9151 11.1698
2007.0000 11.5156
2007.0808 12.7178
2007.1616 13.3241
2007.2452 13.8614
2007.3288 14.1639
2007.4123 14.4821
2007.4959 14.9117
2007.5808 15.2661
2007.6644 15.0978
2007.7479 14.6170
2007.8315 14.6165
2007.9151 15.0466
2008.0000 15.4027
2008.0808 16.1293
2008.1616 16.5219
2008.2452 16.4741
2008.3288 16.0430
2008.4123 15.3220
2008.4959 14.8456
2008.5808 14.5892
2008.6644 14.3784
2008.7479 13.4747
2008.8315 12.9185
2008.9151 12.5211
2009.0000 12.3479
2009.0808 12.7121
2009.1616 12.8474
2009.2452 12.5593
2009.3288 12.5405
2009.4123 12.1631
2009.4959 12.0088
2009.5808 12.3561
2009.6644 12.6004
2009.7479 12.1277
2009.8315 11.8113
2009.9151 11.9824
2010.0000 12.1667
2010.0808 12.6412
2010.1616 13.0596
2010.2452 13.0672
2010.3288 12.8623
2010.4123 12.2836
2010.4959 11.3620
2010.5808 10.6740
2010.6644 10.2263
2010.7479 9.8858
2010.8315 8.7319
2010.9151 7.6543
2011.0000 7.3973
2011.0808 7.6825
2011.1616 7.3315
2011.2452 6.8972
2011.3288 6.7853
2011.4123 5.9779
2011.4959 5.4658
2011.5808 5.6591
2011.6644 5.9249
2011.7479 5.6197
2011.8315 5.1202
2011.9151 4.5495
2012.0000 4.4451
2012.0808 4.9890
2012.1616 5.0978
2012.2452 4.9042
2012.3288 4.6719
2012.4123 4.4704
2012.4959 4.2426
2012.5808 3.9588
2012.6644 3.0189
2012.7479 2.6325
2012.8315 2.5531
2012.9151 2.3738
2013.0000 2.8714
2013.0808 3.4140
2013.1616 3.9330
2013.2452 4.0220
2013.3288 3.2131
2013.4123 2.9898
2013.4959 2.6627
2013.5808 2.3263
2013.6644 2.0622
2013.7479 1.6324
2013.8315 1.1369
2013.9151 0.8535
2014.0000 1.1677
2014.0808 1.8069
2014.1616 2.0745
2014.2452 1.8236
2014.3288 1.6816
2014.4123 1.2553
2014.4959 0.7430
2014.5808 0.0845
2014.6644 0.0202
2014.7479 -0.0277
2014.8315 -0.5642
2014.9151 -0.5685
2015.0000 -0.2300
2015.0808 0.4232
2015.1616 0.8761
2015.2452 0.9010
2015.3288 0.7617
2015.4123 0.8701
2015.4959 0.8264
2015.5808 0.7554
2015.6644 0.4228
2015.7479 0.4090
2015.8315 0.2646
2015.9151 0.1313
2016.0000 0.0585
2016.0808 0.7272
2016.1616 1.1477
2016.2452 0.8535
2016.3288 0.8325
2016.4123 1.1399
2016.4959 0.6823
2016.5808 0.7860
2016.6644 0.7749
2016.7479 -0.8356
2016.8315 -1.0572
2016.9151 -0.9335
2017.0000 -0.3047
2017.0808 0.0913
2017.1616 1.0477
2017.2452 1.4201
2017.3288 2.0011
2017.4123 1.8935
2017.4959 2.0424
2017.5808 1.6240
2017.6644 1.4673
2017.7479 0.4567
2017.8315 -0.1895
2017.9151 -0.1440
2018.0000 -0.1849
2018.0808 0.2109
2018.1616 0.6985
2018.2452 -0.0029
2018.3288 -0.5147
2018.4123 -0.7689
2018.4959 -0.9324
2018.5808 -1.4521
2018.6644 -2.1193
2018.7479 -3.0988
2018.8315 -3.2730
2018.9151 -3.9707
2019.0000 -4.3933
2019.0808 -4.0808
2019.1616 -3.6849
2019.2452 -3.7857
2019.3288 -4.5779
2019.4123 -4.9481
2019.4959 -5.1020
2019.5808 -5.0418
2019.6644 -4.8588
2019.7479 -4.9053
2019.8315 -5.4816
2019.9151 -5.4579
2020.0000 -4.9883
2020.0808 -3.5892
2020.1616 -2.0786
2020.2452 -1.5226
2020.3288 -1.7227
2020.4123 -1.2439
2020.4959 -0.9208
2020.5808 -0.3066
2020.6644 -0.1133
2020.7479 0.0649
2020.8315 0.1873
2020.9151 -0.2725
2021.0000 -0.0003
2021.0808 0.9785
2021.1616 1.3243
2021.2452 0.9297
2021.3288 0.5451
2021.4123 -0.1261
2021.4959 -0.5872
2021.5808 -0.8501
2021.6644 -1.1664
2021.7479 -2.3559
2021.8315 -3.4515
2021.9151 -4.2713
2022.0000 -4.9914
2022.0808 -4.8780
2022.1616 -4.7190
2022.2452 -5.0410
2022.3288 -5.2966
2022.4123 -5.7863
2022.4959 -6.6276
2022.5808 -7.1177
2022.6644 -8.0797
2022.7479 -9.3273
2022.8315 -10.4462
2022.9151 -11.9326
2023.0000 -12.1196
