1998.0808 6.5614
1998.1616 7.2623
1998.2452 7.3632
1998.3288 5.1365
1998.4123 4.7168
1998.4959 3.9082
1998.5808 4.2323
1998.6644 3.9909
1998.7479 3.2738
1998.8315 3.4598
1998.9151 3.4838
1999.0000 4.1789
1999.0808 5.0523
1999.1616 5.4923
1999.2452 4.7006
1999.3288 3.4494
1999.4123 2.2027
1999.4959 2.2964
1999.5808 1.7045
1999.6644 1.7723
1999.7479 1.8595
1999.8315 0.6495
1999.9151 0.5337
2000.0000 0.3262
2000.0808 0.6638
2000.1616 0.2802
2000.2452 0.0809
2000.3288 -0.1258
2000.4123 -1.1433
2000.4959 -1.4576
2000.5808 -2.5630
2000.6644 -2.5622
2000.7479 -2.8048
2000.8315 -2.5678
2000.9151 -2.0734
2001.0000 -1.3051
2001.0808 -0.1446
2001.1616 1.0401
2001.2452 1.7311
2001.3288 2.4035
2001.4123 1.9191
2001.4959 2.4498
2001.5808 2.8258
2001.6644 2.2263
2001.7479 0.7438
2001.8315 -0.2640
2001.9151 -0.3509
2002.0000 -0.8854
2002.0808 -0.6245
2002.1616 -1.3386
2002.2452 -1.0068
2002.3288 -1.2375
2002.4123 -1.0217
2002.4959 -0.5835
2002.5808 -0.8083
2002.6644 -1.1516
2002.7479 -1.0401
2002.8315 -0.4729
2002.9151 -0.0159
2003.0000 0.4229
2003.0808 1.9618
2003.1616 2.5590
2003.2452 2.1295
2003.3288 1.7242
2003.4123 1.7759
2003.4959 2.2554
2003.5808 2.1714
2003.6644 1.7880
2003.7479 1.4744
2003.8315 1.3446
2003.9151 1.9750
2004.0000 3.0085
2004.0808 3.8300
2004.1616 3.8282
2004.2452 3.9723
2004.3288 3.7353
2004.4123 2.6933
2004.4959 2.8340
2004.5808 1.3474
2004.6644 0.4295
2004.7479 -0.0518
2004.8315 -0.5211
2004.9151 -1.0994
2005.0000 -0.3903
2005.0808 1.4618
2005.1616 1.1282
2005.2452 1.0082
2005.3288 1.0646
2005.4123 0.8994
2005.4959 1.2508
2005.5808 1.2836
2005.6644 0.6098
2005.7479 0.2934
2005.8315 -0.7464
2005.9151 -1.2143
2006.0000 -1.2491
2006.0808 -1.4146
2006.1616 -1.4082
2006.2452 -1.6124
2006.3288 -2.1710
2006.4123 -3.5292
2006.4959 -5.3041
2006.5808 -6.5177
2006.6644 -6.3309
2006.7479 -6.6634
2006.8315 -7.8197
2006.9151 -7.6824
2007.0000 -7.2243
2007.0808 -6.2951
2007.1616 -5.9136
2007.2452 -5.4204
2007.3288 -4.6723
2007.4123 -4.5510
2007.4959 -3.7526
2007.5808 -2.9399
2007.6644 -2.4956
2007.7479 -3.3789
2007.8315 -3.2700
2007.9151 -2.4269
2008.0000 -2.1922
2008.0808 -1.5310
2008.1616 -1.4611
2008.2452 -1.1539
2008.3288 -0.8132
2008.4123 -1.4315
2008.4959 -1.5086
2008.5808 -1.5928
2008.6644 -1.7893
2008.7479 -3.2976
2008.8315 -3.4930
2008.9151 -3.3560
2009.0000 -3.5628
2009.0808 -3.0941
2009.1616 -2.4894
2009.2452 -2.5393
2009.3288 -2.1188
2009.4123 -1.9396
2009.4959 -1.5985
2009.5808 -1.3316
2009.6644 -1.5312
2009.7479 -1.5436
2009.8315 -1.3219
2009.9151 -0.6904
2010.0000 0.2052
2010.0808 1.8398
2010.1616 2.8384
2010.2452 3.5998
2010.3288 4.0544
2010.4123 3.9034
2010.4959 3.3155
2010.5808 2.1749
2010.6644 2.3091
2010.7479 1.5740
2010.8315 0.7282
2010.9151 -0.2055
2011.0000 0.5215
2011.0808 1.2703
2011.1616 1.3997
2011.2452 1.6462
2011.3288 2.3557
2011.4123 2.3063
2011.4959 2.8417
2011.5808 3.3803
2011.6644 3.3365
2011.7479 3.5687
2011.8315 3.9249
2011.9151 4.5240
2012.0000 5.0909
2012.0808 6.1088
2012.1616 6.8895
2012.2452 7.0641
2012.3288 7.2474
2012.4123 7.2531
2012.4959 7.6563
2012.5808 7.6858
2012.6644 7.8601
2012.7479 7.4528
2012.8315 7.8904
2012.9151 8.8351
2013.0000 10.1786
2013.0808 11.7428
2013.1616 12.2421
2013.2452 11.8919
2013.3288 10.9330
2013.4123 11.1331
2013.4959 11.5575
2013.5808 11.6453
2013.6644 11.8523
2013.7479 11.6083
2013.8315 12.1662
2013.9151 12.8147
2014.0000 13.9882
2014.0808 14.7813
2014.1616 14.9200
2014.2452 15.0582
2014.3288 14.2803
2014.4123 14.0205
2014.4959 13.7275
2014.5808 13.0066
2014.6644 12.9167
2014.7479 13.0488
2014.8315 12.5537
2014.9151 13.0890
2015.0000 13.7561
2015.0808 14.1805
2015.1616 14.7749
2015.2452 14.2054
2015.3288 12.9725
2015.4123 12.8727
2015.4959 13.3839
2015.5808 13.4880
2015.6644 13.0299
2015.7479 12.9940
2015.8315 12.3436
2015.9151 12.2431
2016.0000 12.5918
2016.0808 12.9137
2016.1616 12.3000
2016.2452 11.5844
2016.3288 11.2025
2016.4123 8.2161
2016.4959 6.6130
2016.5808 4.3301
2016.6644 3.7751
2016.7479 1.1233
2016.8315 -0.8687
2016.9151 -1.4499
2017.0000 -1.4988
2017.0808 -0.8878
2017.1616 -0.2945
2017.2452 -1.7777
2017.3288 -2.0140
2017.4123 -2.8908
2017.4959 -3.1832
2017.5808 -3.4908
2017.6644 -3.9387
2017.7479 -4.3002
2017.8315 -4.4174
2017.9151 -4.6610
2018.0000 -3.9742
2018.0808 -2.9522
2018.1616 -2.3006
2018.2452 -2.2506
2018.3288 -2.2486
2018.4123 -2.2176
2018.4959 -2.4821
2018.5808 -3.4561
2018.6644 -3.9134
2018.7479 -4.2199
2018.8315 -4.7515
2018.9151 -4.8885
2019.0000 -4.6023
2019.0808 -3.6062
2019.1616 -2.9460
2019.2452 -3.2209
2019.3288 -3.4965
2019.4123 -3.4388
2019.4959 -3.8382
2019.5808 -4.0997
2019.6644 -4.1057
2019.7479 -4.4846
2019.8315 -5.1100
2019.9151 -5.3241
2020.0000 -3.7049
2020.0808 -2.0193
2020.1616 -1.3269
2020.2452 -1.6245
2020.3288 -1.7173
2020.4123 -1.8061
2020.4959 -2.2758
2020.5808 -2.5609
2020.6644 -2.2889
2020.7479 -2.2722
2020.8315 -2.8310
2020.9151 -3.8664
2021.0000 -3.9390
2021.0808 -3.3138
2021.1616 -3.9563
2021.2452 -4.5423
2021.3288 -5.4388
2021.4123 -6.8784
2021.4959 -7.7304
2021.5808 -7.8885
2021.6644 -8.5225
2021.7479 -9.3670
2021.8315 -10.0199
2021.9151 -10.5690
2022.0000 -11.6381
2022.0808 -11.7313
2022.1616 -12.3323
2022.2452 -13.0517
2022.3288 -13.1951
2022.4123 -14.4698
2022.4959 -15.2737
2022.5808 -16.3993
2022.6644 -17.2826
2022.7479 -18.8015
2022.8315 -19.5071
2022.9151 -20.5130
2023.0000 -20.3413
