1998.0808 12.6806
1998.1616 12.8371
1998.2452 12.3685
1998.3288 9.8555
1998.4123 9.1779
1998.4959 8.2230
1998.5808 8.8119
1998.6644 7.8676
1998.7479 7.2901
1998.8315 7.3515
1998.9151 7.2789
1999.0000 8.1168
1999.0808 8.3956
1999.1616 8.9075
1999.2452 7.9669
1999.3288 7.1276
1999.4123 5.0503
1999.4959 5.9367
1999.5808 6.0974
1999.6644 6.6819
1999.7479 6.9388
1999.8315 4.9851
1999.9151 5.0235
2000.0000 4.9800
2000.0808 5.7181
2000.1616 5.3469
2000.2452 4.5184
2000.3288 4.5503
2000.4123 3.5448
2000.4959 3.4450
2000.5808 1.0730
2000.6644 1.5669
2000.7479 1.8103
2000.8315 2.3321
2000.9151 2.9976
2001.0000 3.8269
2001.0808 4.7291
2001.1616 5.6166
2001.2452 6.4379
2001.3288 7.1491
2001.4123 4.8265
2001.4959 5.6352
2001.5808 6.1515
2001.6644 5.0765
2001.7479 2.8162
2001.8315 1.7943
2001.9151 2.1865
2002.0000 2.2431
2002.0808 2.7553
2002.1616 2.2110
2002.2452 3.0227
2002.3288 2.7090
2002.4123 3.3491
2002.4959 4.1776
2002.5808 3.5054
2002.6644 2.3797
2002.7479 2.3962
2002.8315 3.2708
2002.9151 4.1248
2003.0000 4.1303
2003.0808 4.5625
2003.1616 4.6469
2003.2452 4.1789
2003.3288 3.4310
2003.4123 3.5638
2003.4959 4.0113
2003.5808 3.7868
2003.6644 3.5610
2003.7479 2.8660
2003.8315 2.7273
2003.9151 3.7102
2004.0000 4.9340
2004.0808 5.6238
2004.1616 5.4391
2004.2452 5.2878
2004.3288 4.5903
2004.4123 3.2099
2004.4959 3.1523
2004.5808 1.3909
2004.6644 0.8924
2004.7479 0.2918
2004.8315 0.3286
2004.9151 -0.3672
2005.0000 0.7676
2005.0808 1.9960
2005.1616 1.2557
2005.2452 0.8917
2005.3288 0.9542
2005.4123 1.0910
2005.4959 1.6031
2005.5808 1.7403
2005.6644 0.6456
2005.7479 0.3210
2005.8315 -1.0139
2005.9151 -1.3990
2006.0000 -0.8537
2006.0808 -0.9761
2006.1616 -0.9864
2006.2452 -0.8340
2006.3288 -1.1549
2006.4123 -2.6131
2006.4959 -4.7532
2006.5808 -5.3218
2006.6644 -4.3225
2006.7479 -4.0214
2006.8315 -5.2016
2006.9151 -4.4540
2007.0000 -3.6103
2007.0808 -2.9096
2007.1616 -2.2982
2007.2452 -1.7480
2007.3288 -0.8373
2007.4123 -0.8694
2007.4959 -0.0978
2007.5808 0.8852
2007.6644 1.2980
2007.7479 -0.5231
2007.8315 -0.3788
2007.9151 0.7014
2008.0000 0.7601
2008.0808 1.4170
2008.1616 1.3761
2008.2452 2.1338
2008.3288 2.4849
2008.4123 2.0391
2008.4959 2.0001
2008.5808 1.2362
2008.6644 0.1624
2008.7479 -2.6130
2008.8315 -2.6652
2008.9151 -1.9991
2009.0000 -1.7773
2009.0808 -1.1367
2009.1616 -0.4387
2009.2452 -0.4222
2009.3288 0.1435
2009.4123 0.3873
2009.4959 1.4878
2009.5808 1.8478
2009.6644 0.6948
2009.7479 0.6242
2009.8315 0.7770
2009.9151 1.5009
2010.0000 2.6217
2010.0808 3.7659
2010.1616 4.2759
2010.2452 4.9374
2010.3288 5.2650
2010.4123 5.0997
2010.4959 3.4257
2010.5808 1.2902
2010.6644 0.6870
2010.7479 -0.6549
2010.8315 -1.4976
2010.9151 -3.4425
2011.0000 -2.0743
2011.0808 -1.2498
2011.1616 -0.9694
2011.2452 -0.8634
2011.3288 0.0608
2011.4123 -0.3342
2011.4959 -0.0639
2011.5808 0.5223
2011.6644 0.2334
2011.7479 0.3373
2011.8315 0.5210
2011.9151 1.3298
2012.0000 1.7998
2012.0808 2.6407
2012.1616 3.3622
2012.2452 3.0851
2012.3288 2.6846
2012.4123 2.0937
2012.4959 2.6282
2012.5808 2.1396
2012.6644 1.9481
2012.7479 1.4241
2012.8315 2.1176
2012.9151 3.2580
2013.0000 4.6904
2013.0808 5.7952
2013.1616 5.3996
2013.2452 4.6074
2013.3288 3.3573
2013.4123 3.8174
2013.4959 4.2506
2013.5808 4.2989
2013.6644 4.2368
2013.7479 3.7545
2013.8315 4.3423
2013.9151 4.9412
2014.0000 6.2732
2014.0808 7.0434
2014.1616 7.0125
2014.2452 7.1048
2014.3288 5.6359
2014.4123 4.8698
2014.4959 4.2890
2014.5808 3.5063
2014.6644 3.8443
2014.7479 3.5047
2014.8315 2.9767
2014.9151 3.8588
2015.0000 4.7768
2015.0808 5.3541
2015.1616 6.2016
2015.2452 5.4211
2015.3288 3.6826
2015.4123 3.4250
2015.4959 4.3445
2015.5808 4.4016
2015.6644 4.0519
2015.7479 3.8929
2015.8315 3.4886
2015.9151 3.5581
2016.0000 4.1814
2016.0808 4.7460
2016.1616 4.0647
2016.2452 3.3855
2016.3288 3.5075
2016.4123 1.1431
2016.4959 0.0819
2016.5808 -1.7251
2016.6644 -1.2972
2016.7479 -4.0922
2016.8315 -5.4653
2016.9151 -5.0054
2017.0000 -4.0599
2017.0808 -2.9496
2017.1616 -1.8228
2017.2452 -3.5507
2017.3288 -2.9184
2017.4123 -3.5656
2017.4959 -3.4460
2017.5808 -3.5382
2017.6644 -3.8722
2017.7479 -4.3217
2017.8315 -3.7196
2017.9151 -3.7948
2018.0000 -2.6403
2018.0808 -1.7336
2018.1616 -0.7299
2018.2452 -0.5636
2018.3288 -0.5866
2018.4123 -0.4604
2018.4959 -0.8699
2018.5808 -1.6701
2018.6644 -2.4670
2018.7479 -2.5318
2018.8315 -2.6527
2018.9151 -2.3264
2019.0000 -1.5915
2019.0808 -0.3285
2019.1616 0.4837
2019.2452 -0.2281
2019.3288 -0.7795
2019.4123 -0.7787
2019.4959 -1.0578
2019.5808 -1.6836
2019.6644 -1.5697
2019.7479 -1.6659
2019.8315 -2.0790
2019.9151 -1.8194
2020.0000 -0.1807
2020.0808 0.2575
2020.1616 0.1022
2020.2452 -1.3397
2020.3288 -1.1007
2020.4123 -1.1012
2020.4959 -2.5040
2020.5808 -2.9314
2020.6644 -2.4263
2020.7479 -2.6040
2020.8315 -3.2750
2020.9151 -5.3509
2021.0000 -5.4060
2021.0808 -4.9192
2021.1616 -5.5692
2021.2452 -5.9385
2021.3288 -6.6702
2021.4123 -8.8780
2021.4959 -9.1177
2021.5808 -8.9448
2021.6644 -9.4140
2021.7479 -9.9288
2021.8315 -9.9307
2021.9151 -10.2487
2022.0000 -10.8923
2022.0808 -10.8188
2022.1616 -11.2894
2022.2452 -11.7599
2022.3288 -11.3035
2022.4123 -12.9041
2022.4959 -13.4141
2022.5808 -14.0904
2022.6644 -15.0238
2022.7479 -16.7698
2022.8315 -16.7593
2022.9151 -17.0168
2023.0000 -16.0800
