1998.0808 5.9110
1998.1616 6.2540
1998.2452 6.1221
1998.3288 5.8078
1998.4123 5.9750
1998.4959 5.4445
1998.5808 5.6395
1998.6644 5.6478
1998.7479 5.7312
1998.8315 5.6591
1998.9151 5.5282
1999.0000 5.4066
1999.0808 5.0519
1999.1616 4.6345
1999.2452 4.3908
1999.3288 4.4527
1999.4123 3.1945
1999.4959 3.3334
1999.5808 3.7621
1999.6644 4.2341
1999.7479 4.4885
1999.8315 3.6969
1999.9151 2.9904
2000.0000 2.7329
2000.0808 2.6186
2000.1616 2.5338
2000.2452 2.1683
2000.3288 2.2992
2000.4123 2.3741
2000.4959 1.9492
2000.5808 0.8486
2000.6644 1.4336
2000.7479 1.5554
2000.8315 1.8758
2000.9151 1.7014
2001.0000 1.5411
2001.0808 2.1977
2001.1616 2.3356
2001.2452 2.8667
2001.3288 3.5581
2001.4123 2.4106
2001.4959 2.9391
2001.5808 3.3753
2001.6644 2.8157
2001.7479 1.8440
2001.8315 1.3710
2001.9151 1.2080
2002.0000 0.3638
2002.0808 0.1431
2002.1616 0.3199
2002.2452 0.7849
2002.3288 0.3474
2002.4123 0.7678
2002.4959 1.3801
2002.5808 0.7871
2002.6644 0.4482
2002.7479 0.4908
2002.8315 0.9307
2002.9151 1.8493
2003.0000 1.8189
2003.0808 1.9148
2003.1616 0.5965
2003.2452 0.9673
2003.3288 0.8545
2003.4123 0.6155
2003.4959 1.1590
2003.5808 0.6802
2003.6644 0.6094
2003.7479 0.1958
2003.8315 -0.4343
2003.9151 0.3239
2004.0000 0.9603
2004.0808 1.6191
2004.1616 1.3399
2004.2452 1.0951
2004.3288 0.8117
2004.4123 -0.0974
2004.4959 -0.0030
2004.5808 -0.2134
2004.6644 -0.1451
2004.7479 -1.1292
2004.8315 -0.9219
2004.9151 -1.1031
2005.0000 -0.6249
2005.0808 -0.1026
2005.1616 -0.7030
2005.2452 -0.7729
2005.3288 -0.8920
2005.4123 -0.9759
2005.4959 -0.5224
2005.5808 -0.1564
2005.6644 -0.3594
2005.7479 -0.5901
2005.8315 -0.9831
2005.9151 -0.7678
2006.0000 -1.2426
2006.0808 -1.5508
2006.1616 -1.1848
2006.2452 -1.6232
2006.3288 -1.9543
2006.4123 -2.9296
2006.4959 -3.4276
2006.5808 -3.3966
2006.6644 -2.7659
2006.7479 -2.5912
2006.8315 -2.7740
2006.9151 -2.6626
2007.0000 -2.3795
2007.0808 -1.8966
2007.1616 -1.2800
2007.2452 -1.0054
2007.3288 -0.4601
2007.4123 -0.8148
2007.4959 -0.7805
2007.5808 -0.3138
2007.6644 0.0376
2007.7479 -1.0115
2007.8315 -0.6117
2007.9151 0.1122
2008.0000 -0.0238
2008.0808 0.3680
2008.1616 -0.0052
2008.2452 0.7115
2008.3288 0.6343
2008.4123 0.2248
2008.4959 0.2817
2008.5808 0.0079
2008.6644 -0.2700
2008.7479 -1.6645
2008.8315 -1.6163
2008.9151 -0.9195
2009.0000 -0.8440
2009.0808 -0.4696
2009.1616 0.1462
2009.2452 0.3222
2009.3288 0.5457
2009.4123 0.4768
2009.4959 1.1195
2009.5808 1.5032
2009.6644 1.3868
2009.7479 1.2575
2009.8315 1.2772
2009.9151 1.5977
2010.0000 2.3763
2010.0808 2.4520
2010.1616 2.6443
2010.2452 2.9287
2010.3288 3.3242
2010.4123 3.1481
2010.4959 2.2987
2010.5808 1.4594
2010.6644 1.1344
2010.7479 0.6516
2010.8315 0.3271
2010.9151 -0.0482
2011.0000 0.0172
2011.0808 0.5918
2011.1616 0.4282
2011.2452 0.9418
2011.3288 1.3386
2011.4123 1.1944
2011.4959 0.8921
2011.5808 0.9999
2011.6644 0.8154
2011.7479 1.2898
2011.8315 1.3243
2011.9151 1.0928
2012.0000 1.3666
2012.0808 2.1612
2012.1616 2.3810
2012.2452 2.2310
2012.3288 1.8958
2012.4123 1.6544
2012.4959 1.6006
2012.5808 1.3731
2012.6644 1.2372
2012.7479 1.0643
2012.8315 1.7170
2012.9151 2.2849
2013.0000 3.2624
2013.0808 4.0869
2013.1616 4.2737
2013.2452 4.1202
2013.3288 3.7025
2013.4123 4.2800
2013.4959 3.9671
2013.5808 3.7264
2013.6644 3.1919
2013.7479 2.8482
2013.8315 3.1489
2013.9151 2.9624
2014.0000 3.7533
2014.0808 3.8855
2014.1616 3.8116
2014.2452 3.5734
2014.3288 2.5270
2014.4123 2.1343
2014.4959 1.7769
2014.5808 1.7259
2014.6644 2.1917
2014.7479 1.8887
2014.8315 1.2255
2014.9151 1.7640
2015.0000 2.2849
2015.0808 2.4012
2015.1616 2.8689
2015.2452 2.5728
2015.3288 2.2344
2015.4123 1.8325
2015.4959 2.1496
2015.5808 2.1686
2015.6644 2.3639
2015.7479 2.2992
2015.8315 1.8893
2015.9151 1.9099
2016.0000 1.8293
2016.0808 2.4385
2016.1616 2.1094
2016.2452 1.9076
2016.3288 2.1454
2016.4123 1.4980
2016.4959 1.2638
2016.5808 1.0051
2016.6644 1.3447
2016.7479 0.1532
2016.8315 -0.5149
2016.9151 -0.8081
2017.0000 -0.2505
2017.0808 -0.0053
2017.1616 0.7831
2017.2452 0.3861
2017.3288 1.0677
2017.4123 0.5990
2017.4959 0.5372
2017.5808 0.3081
2017.6644 0.0544
2017.7479 -0.2070
2017.8315 -0.1312
2017.9151 -0.5462
2018.0000 -0.0008
2018.0808 0.4893
2018.1616 1.0677
2018.2452 0.2988
2018.3288 0.1595
2018.4123 -0.0720
2018.4959 -0.4517
2018.5808 -0.5851
2018.6644 -0.9443
2018.7479 -0.9380
2018.8315 -1.3201
2018.9151 -1.2339
2019.0000 -1.6231
2019.0808 -0.9606
2019.1616 -0.6881
2019.2452 -0.6037
2019.3288 -1.0658
2019.4123 -1.4677
2019.4959 -1.5251
2019.5808 -1.4899
2019.6644 -1.4916
2019.7479 -1.4168
2019.8315 -1.7618
2019.9151 -2.1448
2020.0000 -1.3112
2020.0808 -1.4645
2020.1616 -1.0275
2020.2452 -1.5229
2020.3288 -1.5137
2020.4123 -1.7774
2020.4959 -2.1662
2020.5808 -2.2533
2020.6644 -1.6728
2020.7479 -1.5942
2020.8315 -1.7903
2020.9151 -2.6162
2021.0000 -3.1737
2021.0808 -3.0113
2021.1616 -3.3667
2021.2452 -4.3387
2021.3288 -4.2094
2021.4123 -4.7000
2021.4959 -4.5635
2021.5808 -5.0224
2021.6644 -5.2631
2021.7479 -5.6043
2021.8315 -6.1167
2021.9151 -6.3526
2022.0000 -7.3063
2022.0808 -7.5360
2022.1616 -8.2132
2022.2452 -8.1357
2022.3288 -7.8317
2022.4123 -8.4071
2022.4959 -9.3880
2022.5808 -9.8278
2022.6644 -11.0582
2022.7479 -11.6784
2022.8315 -12.0441
2022.9151 -11.8381
2023.0000 -11.2011
