1998.0808 6.9177
1998.1616 7.3243
1998.2452 7.0681
1998.3288 6.8892
1998.4123 7.0345
1998.4959 6.4527
1998.5808 6.5940
1998.6644 6.6463
1998.7479 6.9538
1998.8315 6.8611
1998.9151 6.3444
1999.0000 6.2736
1999.0808 5.8102
1999.1616 5.3832
1999.2452 5.1422
1999.3288 5.3353
1999.4123 4.1026
1999.4959 4.2646
1999.5808 4.7395
1999.6644 5.2865
1999.7479 5.6801
1999.8315 4.6416
1999.9151 3.9532
2000.0000 3.6571
2000.0808 3.5880
2000.1616 3.5502
2000.2452 2.8260
2000.3288 3.0873
2000.4123 3.2195
2000.4959 2.7988
2000.5808 1.5018
2000.6644 2.2239
2000.7479 2.3613
2000.8315 2.6204
2000.9151 1.7810
2001.0000 1.4874
2001.0808 2.2355
2001.1616 2.6595
2001.2452 3.2427
2001.3288 4.0304
2001.4123 2.8548
2001.4959 3.3459
2001.5808 3.8589
2001.6644 3.4406
2001.7479 2.3920
2001.8315 2.0895
2001.9151 2.1880
2002.0000 1.4577
2002.0808 1.2148
2002.1616 1.5219
2002.2452 1.9322
2002.3288 1.3429
2002.4123 1.7225
2002.4959 2.4220
2002.5808 1.6160
2002.6644 1.1018
2002.7479 1.0288
2002.8315 1.5482
2002.9151 2.5690
2003.0000 2.5658
2003.0808 2.6835
2003.1616 1.9959
2003.2452 2.3431
2003.3288 1.9796
2003.4123 1.5247
2003.4959 2.1616
2003.5808 1.8565
2003.6644 1.7484
2003.7479 1.3539
2003.8315 0.8794
2003.9151 1.7463
2004.0000 2.1538
2004.0808 2.9184
2004.1616 2.5461
2004.2452 2.1157
2004.3288 1.8179
2004.4123 0.6977
2004.4959 0.7393
2004.5808 0.7096
2004.6644 0.8565
2004.7479 0.2021
2004.8315 0.3763
2004.9151 0.1211
2005.0000 0.6177
2005.0808 1.3933
2005.1616 0.8226
2005.2452 0.7203
2005.3288 0.4738
2005.4123 0.2837
2005.4959 0.8135
2005.5808 1.1216
2005.6644 0.8794
2005.7479 0.2940
2005.8315 -0.5300
2005.9151 -0.5127
2006.0000 -0.9242
2006.0808 -0.9752
2006.1616 -0.6054
2006.2452 -0.7437
2006.3288 -1.1343
2006.4123 -2.1457
2006.4959 -2.5494
2006.5808 -2.3913
2006.6644 -1.8192
2006.7479 -1.4962
2006.8315 -1.7242
2006.9151 -1.4757
2007.0000 -1.0581
2007.0808 -0.4992
2007.1616 0.2394
2007.2452 0.6686
2007.3288 1.1124
2007.4123 0.2238
2007.4959 0.1338
2007.5808 0.5720
2007.6644 0.9008
2007.7479 -0.2493
2007.8315 0.2346
2007.9151 0.9609
2008.0000 0.2885
2008.0808 0.9764
2008.1616 0.6580
2008.2452 1.4076
2008.3288 1.3685
2008.4123 1.0956
2008.4959 1.1114
2008.5808 0.5674
2008.6644 0.0955
2008.7479 -1.6078
2008.8315 -1.3459
2008.9151 -0.5125
2009.0000 -0.1538
2009.0808 0.1583
2009.1616 0.9414
2009.2452 1.0717
2009.3288 1.4040
2009.4123 1.2991
2009.4959 1.9926
2009.5808 2.3848
2009.6644 2.0996
2009.7479 1.8372
2009.8315 1.9470
2009.9151 2.3835
2010.0000 3.2529
2010.0808 3.2588
2010.1616 3.4067
2010.2452 3.6738
2010.3288 4.2077
2010.4123 4.1000
2010.4959 3.3268
2010.5808 2.3235
2010.6644 1.5128
2010.7479 1.0338
2010.8315 0.7496
2010.9151 0.2151
2011.0000 0.1202
2011.0808 0.6225
2011.1616 0.6880
2011.2452 1.3476
2011.3288 1.8718
2011.4123 1.6213
2011.4959 1.3619
2011.5808 1.2856
2011.6644 0.8898
2011.7479 1.5022
2011.8315 1.7859
2011.9151 1.6101
2012.0000 1.9954
2012.0808 2.8618
2012.1616 3.1156
2012.2452 3.0222
2012.3288 2.4359
2012.4123 2.0848
2012.4959 1.9951
2012.5808 1.6172
2012.6644 1.6953
2012.7479 1.2775
2012.8315 2.0487
2012.9151 2.7005
2013.0000 3.7082
2013.0808 4.6787
2013.1616 4.8866
2013.2452 4.7225
2013.3288 4.5197
2013.4123 5.1252
2013.4959 5.0302
2013.5808 4.6397
2013.6644 4.0001
2013.7479 3.6911
2013.8315 4.0724
2013.9151 3.7218
2014.0000 4.4940
2014.0808 4.8472
2014.1616 4.9765
2014.2452 4.8775
2014.3288 3.3200
2014.4123 3.0090
2014.4959 2.4871
2014.5808 2.4680
2014.6644 2.8987
2014.7479 2.4295
2014.8315 1.6476
2014.9151 2.2743
2015.0000 2.9206
2015.0808 3.0950
2015.1616 3.3931
2015.2452 3.2597
2015.3288 3.0193
2015.4123 2.4940
2015.4959 2.8170
2015.5808 2.6686
2015.6644 2.9174
2015.7479 2.9834
2015.8315 2.5507
2015.9151 2.3548
2016.0000 1.9381
2016.0808 2.6127
2016.1616 2.4039
2016.2452 2.3865
2016.3288 2.7584
2016.4123 1.7358
2016.4959 1.5774
2016.5808 1.4628
2016.6644 1.7706
2016.7479 0.4817
2016.8315 -0.1986
2016.9151 -0.2066
2017.0000 0.2610
2017.0808 0.5220
2017.1616 1.3133
2017.2452 0.8656
2017.3288 1.5864
2017.4123 1.1401
2017.4959 1.0205
2017.5808 0.7127
2017.6644 0.3810
2017.7479 0.2467
2017.8315 0.5499
2017.9151 -0.6941
2018.0000 0.0292
2018.0808 0.5942
2018.1616 1.4201
2018.2452 0.5068
2018.3288 0.6192
2018.4123 0.2442
2018.4959 -0.2358
2018.5808 -0.2346
2018.6644 -0.4190
2018.7479 -0.4198
2018.8315 -1.2126
2018.9151 -1.2329
2019.0000 -1.7549
2019.0808 -1.2745
2019.1616 -1.0975
2019.2452 -1.0128
2019.3288 -1.2842
2019.4123 -1.6249
2019.4959 -2.2438
2019.5808 -2.3811
2019.6644 -2.6475
2019.7479 -2.5810
2019.8315 -2.8317
2019.9151 -3.0930
2020.0000 -2.2803
2020.0808 -2.6150
2020.1616 -2.3372
2020.2452 -2.9778
2020.3288 -2.9167
2020.4123 -3.9285
2020.4959 -4.4341
2020.5808 -4.8275
2020.6644 -4.1543
2020.7479 -3.9596
2020.8315 -4.1190
2020.9151 -4.6888
2021.0000 -5.7202
2021.0808 -5.6234
2021.1616 -5.9462
2021.2452 -6.7752
2021.3288 -6.5613
2021.4123 -7.0099
2021.4959 -6.8435
2021.5808 -7.5282
2021.6644 -7.4442
2021.7479 -7.7392
2021.8315 -8.0421
2021.9151 -8.1655
2022.0000 -9.1496
2022.0808 -9.6531
2022.1616 -10.3122
2022.2452 -10.1168
2022.3288 -9.8062
2022.4123 -10.3681
2022.4959 -11.4966
2022.5808 -12.1056
2022.6644 -13.5090
2022.7479 -13.9895
2022.8315 -14.4372
2022.9151 -13.9618
2023.0000 -13.3304
