1998.0808 2.4282
1998.1616 2.6898
1998.2452 2.6581
1998.3288 1.9024
1998.4123 2.0089
1998.4959 1.8995
1998.5808 2.1803
1998.6644 2.1648
1998.7479 1.7505
1998.8315 1.8810
1998.9151 1.9023
1999.0000 1.9245
1999.0808 1.9415
1999.1616 1.5232
1999.2452 1.2378
1999.3288 0.8332
1999.4123 0.2165
1999.4959 0.2766
1999.5808 0.2298
1999.6644 0.3934
1999.7479 0.4638
1999.8315 -0.0198
1999.9151 0.0186
2000.0000 -0.0772
2000.0808 0.0851
2000.1616 0.1485
2000.2452 0.1733
2000.3288 0.1824
2000.4123 -0.0028
2000.4959 -0.1034
2000.5808 -0.4536
2000.6644 -0.2873
2000.7479 -0.1683
2000.8315 0.1226
2000.9151 0.4494
2001.0000 0.6073
2001.0808 1.1125
2001.1616 1.4937
2001.2452 1.7465
2001.3288 2.0065
2001.4123 1.6894
2001.4959 1.9620
2001.5808 2.1840
2001.6644 1.6147
2001.7479 1.0385
2001.8315 0.6416
2001.9151 0.5315
2002.0000 -0.3460
2002.0808 -0.2710
2002.1616 -0.4483
2002.2452 -0.1909
2002.3288 -0.2413
2002.4123 -0.2325
2002.4959 -0.0146
2002.5808 -0.3495
2002.6644 -0.3822
2002.7479 -0.2836
2002.8315 -0.2229
2002.9151 0.1416
2003.0000 0.3081
2003.0808 0.4377
2003.1616 0.0803
2003.2452 0.0631
2003.3288 -0.0769
2003.4123 -0.1514
2003.4959 0.0348
2003.5808 -0.2602
2003.6644 -0.4332
2003.7479 -0.6186
2003.8315 -0.6670
2003.9151 -0.2873
2004.0000 0.0511
2004.0808 0.2845
2004.1616 0.3164
2004.2452 0.4377
2004.3288 0.3118
2004.4123 -0.1643
2004.4959 -0.1336
2004.5808 -0.7269
2004.6644 -0.8868
2004.7479 -1.3421
2004.8315 -1.5138
2004.9151 -1.6186
2005.0000 -1.2546
2005.0808 -0.9562
2005.1616 -1.2296
2005.2452 -1.3093
2005.3288 -1.2869
2005.4123 -1.1861
2005.4959 -1.1501
2005.5808 -1.0414
2005.6644 -1.2191
2005.7479 -1.1534
2005.8315 -1.5790
2005.9151 -1.5543
2006.0000 -1.9583
2006.0808 -2.0392
2006.1616 -2.0068
2006.2452 -2.2171
2006.3288 -2.2588
2006.4123 -2.7268
2006.4959 -3.1646
2006.5808 -3.3314
2006.6644 -2.9189
2006.7479 -2.8680
2006.8315 -3.1334
2006.9151 -3.2541
2007.0000 -3.1179
2007.0808 -2.8642
2007.1616 -2.5494
2007.2452 -2.3735
2007.3288 -1.9936
2007.4123 -1.9112
2007.4959 -1.6001
2007.5808 -1.3138
2007.6644 -1.1855
2007.7479 -1.5098
2007.8315 -1.3599
2007.9151 -0.8130
2008.0000 -0.8677
2008.0808 -0.8842
2008.1616 -0.7396
2008.2452 -0.3706
2008.3288 -0.2511
2008.4123 -0.5708
2008.4959 -0.4165
2008.5808 -0.3338
2008.6644 -0.3931
2008.7479 -0.9994
2008.8315 -0.9798
2008.9151 -0.7420
2009.0000 -1.5772
2009.0808 -1.1841
2009.1616 -0.9117
2009.2452 -0.9859
2009.3288 -0.8091
2009.4123 -0.8584
2009.4959 -0.5686
2009.5808 -0.4177
2009.6644 -0.4660
2009.7479 -0.4003
2009.8315 -0.3744
2009.9151 -0.2438
2010.0000 0.2441
2010.0808 0.3979
2010.1616 0.7617
2010.2452 1.0039
2010.3288 1.1873
2010.4123 1.0981
2010.4959 0.6824
2010.5808 0.3120
2010.6644 0.4752
2010.7479 0.1102
2010.8315 -0.1600
2010.9151 -0.3574
2011.0000 -0.3166
2011.0808 0.1561
2011.1616 -0.0223
2011.2452 0.0559
2011.3288 0.2251
2011.4123 0.2495
2011.4959 0.3562
2011.5808 0.6430
2011.6644 0.7426
2011.7479 0.9616
2011.8315 0.9549
2011.9151 0.9143
2012.0000 1.2481
2012.0808 1.7316
2012.1616 1.8646
2012.2452 1.6610
2012.3288 1.7899
2012.4123 1.7157
2012.4959 1.5634
2012.5808 1.4685
2012.6644 1.4537
2012.7479 1.3360
2012.8315 1.6301
2012.9151 2.0012
2013.0000 2.6768
2013.0808 3.1429
2013.1616 3.2067
2013.2452 3.0490
2013.3288 2.6089
2013.4123 2.8646
2013.4959 2.4077
2013.5808 2.4872
2013.6644 2.3912
2013.7479 2.2914
2013.8315 2.4978
2013.9151 2.7141
2014.0000 2.9659
2014.0808 3.1169
2014.1616 3.1721
2014.2452 3.0079
2014.3288 2.6693
2014.4123 2.4306
2014.4959 2.2006
2014.5808 1.9476
2014.6644 2.1138
2014.7479 2.1061
2014.8315 1.7610
2014.9151 1.9714
2015.0000 1.9657
2015.0808 2.2068
2015.1616 2.5202
2015.2452 2.2148
2015.3288 1.8021
2015.4123 1.6583
2015.4959 1.9641
2015.5808 1.9867
2015.6644 1.9349
2015.7479 1.9645
2015.8315 1.9108
2015.9151 2.0326
2016.0000 1.9723
2016.0808 1.9661
2016.1616 1.9209
2016.2452 1.8248
2016.3288 1.7682
2016.4123 1.1995
2016.4959 0.9120
2016.5808 0.4105
2016.6644 0.4518
2016.7479 -0.2814
2016.8315 -0.7376
2016.9151 -1.0186
2017.0000 -0.7234
2017.0808 -0.6084
2017.1616 -0.1136
2017.2452 -0.4850
2017.3288 -0.2221
2017.4123 -0.4538
2017.4959 -0.5554
2017.5808 -0.5779
2017.6644 -0.5715
2017.7479 -0.6149
2017.8315 -1.0671
2017.9151 -0.9697
2018.0000 -0.7859
2018.0808 -0.4681
2018.1616 -0.1600
2018.2452 -0.3034
2018.3288 -0.4631
2018.4123 -0.3997
2018.4959 -0.5331
2018.5808 -0.8067
2018.6644 -1.1935
2018.7479 -1.1771
2018.8315 -1.1331
2018.9151 -1.1748
2019.0000 -1.2760
2019.0808 -0.7546
2019.1616 -0.4622
2019.2452 -0.5083
2019.3288 -0.7135
2019.4123 -0.6563
2019.4959 -0.6734
2019.5808 -0.6503
2019.6644 -0.5095
2019.7479 -0.4675
2019.8315 -0.9174
2019.9151 -1.3632
2020.0000 -0.6816
2020.0808 -0.3588
2020.1616 -0.1337
2020.2452 -0.2985
2020.3288 -0.2846
2020.4123 -0.1931
2020.4959 -0.3095
2020.5808 -0.2065
2020.6644 0.0346
2020.7479 0.0402
2020.8315 0.0030
2020.9151 -0.5491
2021.0000 -0.4760
2021.0808 -0.1694
2021.1616 -0.3493
2021.2452 -0.8535
2021.3288 -0.9866
2021.4123 -1.5814
2021.4959 -1.6353
2021.5808 -1.6311
2021.6644 -1.8564
2021.7479 -2.0601
2021.8315 -2.6436
2021.9151 -2.7620
2022.0000 -3.4185
2022.0808 -3.3270
2022.1616 -3.4704
2022.2452 -3.4585
2022.3288 -3.2674
2022.4123 -3.6686
2022.4959 -4.1140
2022.5808 -4.3691
2022.6644 -4.7439
2022.7479 -5.2997
2022.8315 -5.3135
2022.9151 -5.6962
2023.0000 -5.5180
