1998.0808 1.5540
1998.1616 2.0073
1998.2452 2.1603
1998.3288 1.6087
1998.4123 1.8388
1998.4959 1.7523
1998.5808 1.7554
1998.6644 1.7431
1998.7479 1.6988
1998.8315 1.6856
1998.9151 1.7380
1999.0000 2.0412
1999.0808 2.3060
1999.1616 2.3729
1999.2452 2.1459
1999.3288 1.8106
1999.4123 1.5740
1999.4959 1.5261
1999.5808 1.2131
1999.6644 1.1459
1999.7479 1.1585
1999.8315 0.9541
1999.9151 0.8031
2000.0000 0.8577
2000.0808 0.9825
2000.1616 1.1037
2000.2452 1.1575
2000.3288 0.9067
2000.4123 0.7335
2000.4959 0.6088
2000.5808 0.5900
2000.6644 0.6989
2000.7479 0.8050
2000.8315 0.9311
2000.9151 1.2101
2001.0000 1.5188
2001.0808 1.9438
2001.1616 2.2502
2001.2452 2.2554
2001.3288 2.4051
2001.4123 2.3725
2001.4959 2.6155
2001.5808 2.8534
2001.6644 2.3516
2001.7479 2.0766
2001.8315 1.4007
2001.9151 1.2139
2002.0000 0.9366
2002.0808 1.0528
2002.1616 0.9095
2002.2452 0.9873
2002.3288 0.8235
2002.4123 1.0153
2002.4959 1.2118
2002.5808 1.1816
2002.6644 1.2949
2002.7479 1.5309
2002.8315 1.5672
2002.9151 1.8762
2003.0000 2.0043
2003.0808 2.4874
2003.1616 2.6782
2003.2452 2.7702
2003.3288 2.8461
2003.4123 2.8687
2003.4959 3.0663
2003.5808 2.8213
2003.6644 2.2182
2003.7479 1.9214
2003.8315 1.8548
2003.9151 1.9828
2004.0000 2.3291
2004.0808 2.6005
2004.1616 2.6904
2004.2452 2.5319
2004.3288 2.6155
2004.4123 2.5122
2004.4959 2.7023
2004.5808 2.5026
2004.6644 2.2722
2004.7479 2.2071
2004.8315 2.0495
2004.9151 1.9321
2005.0000 2.1965
2005.0808 2.6150
2005.1616 2.5572
2005.2452 2.5038
2005.3288 2.5541
2005.4123 2.6934
2005.4959 3.0116
2005.5808 3.2275
2005.6644 3.1965
2005.7479 3.3318
2005.8315 3.0810
2005.9151 3.3404
2006.0000 3.5732
2006.0808 4.1556
2006.1616 4.6228
2006.2452 4.4124
2006.3288 4.4437
2006.4123 3.9439
2006.4959 4.0366
2006.5808 3.9757
2006.6644 4.4240
2006.7479 4.4188
2006.8315 4.3361
2006.9151 4.5783
2007.0000 4.8349
2007.0808 5.4474
2007.1616 5.7915
2007.2452 6.0923
2007.3288 6.3816
2007.4123 6.5568
2007.4959 6.9371
2007.5808 7.2853
2007.6644 7.3592
2007.7479 7.1887
2007.8315 7.4066
2007.9151 7.8272
2008.0000 8.0832
2008.0808 8.4694
2008.1616 8.6901
2008.2452 8.7911
2008.3288 8.7540
2008.4123 8.4936
2008.4959 8.4475
2008.5808 8.5315
2008.6644 8.6127
2008.7479 8.1794
2008.8315 8.1009
2008.9151 8.0362
2009.0000 8.0092
2009.0808 8.2603
2009.1616 8.4734
2009.2452 8.4129
2009.3288 8.5554
2009.4123 8.5308
2009.4959 8.6091
2009.5808 8.8773
2009.6644 9.0588
2009.7479 8.9035
2009.8315 8.8816
2009.9151 9.1297
2010.0000 9.3255
2010.0808 9.7087
2010.1616 10.0737
2010.2452 10.1534
2010.3288 10.1693
2010.4123 9.9404
2010.4959 9.5574
2010.5808 9.2767
2010.6644 9.2488
2010.7479 9.1631
2010.8315 8.6346
2010.9151 8.1396
2011.0000 8.2608
2011.0808 8.5172
2011.1616 8.3347
2011.2452 8.2729
2011.3288 8.3673
2011.4123 8.0516
2011.4959 7.9503
2011.5808 8.1598
2011.6644 8.2775
2011.7479 8.1657
2011.8315 7.9068
2011.9151 7.7219
2012.0000 7.6074
2012.0808 7.7933
2012.1616 7.7931
2012.2452 7.6621
2012.3288 7.6153
2012.4123 7.5165
2012.4959 7.4209
2012.5808 7.3124
2012.6644 6.9024
2012.7479 6.6969
2012.8315 6.7101
2012.9151 6.7034
2013.0000 7.0006
2013.0808 7.2458
2013.1616 7.3742
2013.2452 7.2083
2013.3288 6.6500
2013.4123 6.5854
2013.4959 6.4694
2013.5808 6.3376
2013.6644 6.2668
2013.7479 6.0039
2013.8315 5.8421
2013.9151 5.7305
2014.0000 5.9576
2014.0808 6.2002
2014.1616 6.1850
2014.2452 6.0239
2014.3288 5.8358
2014.4123 5.6528
2014.4959 5.3983
2014.5808 5.0222
2014.6644 5.0157
2014.7479 5.0226
2014.8315 4.6938
2014.9151 4.7567
2015.0000 4.9409
2015.0808 5.0932
2015.1616 5.2028
2015.2452 4.9863
2015.3288 4.7244
2015.4123 4.7928
2015.4959 4.8027
2015.5808 4.7765
2015.6644 4.5714
2015.7479 4.5601
2015.8315 4.3723
2015.9151 4.2965
2016.0000 4.2620
2016.0808 4.4052
2016.1616 4.4830
2016.2452 4.2096
2016.3288 4.0971
2016.4123 4.0587
2016.4959 3.6966
2016.5808 3.6229
2016.6644 3.6047
2016.7479 2.6331
2016.8315 2.4618
2016.9151 2.5171
2017.0000 2.7860
2017.0808 2.9875
2017.1616 3.3374
2017.2452 3.2732
2017.3288 3.4352
2017.4123 3.2605
2017.4959 3.2324
2017.5808 3.0155
2017.6644 2.9211
2017.7479 2.4115
2017.8315 2.1971
2017.9151 2.2368
2018.0000 2.2845
2018.0808 2.5125
2018.1616 2.7073
2018.2452 2.3621
2018.3288 2.1322
2018.4123 2.0133
2018.4959 1.9127
2018.5808 1.5878
2018.6644 1.2966
2018.7479 0.8694
2018.8315 0.7693
2018.9151 0.4323
2019.0000 0.2156
2019.0808 0.4299
2019.1616 0.5968
2019.2452 0.4265
2019.3288 0.0226
2019.4123 -0.1856
2019.4959 -0.2869
2019.5808 -0.2831
2019.6644 -0.1908
2019.7479 -0.3271
2019.8315 -0.6770
2019.9151 -0.7256
2020.0000 -0.4343
2020.0808 0.1238
2020.1616 0.6028
2020.2452 0.6106
2020.3288 0.2974
2020.4123 0.3704
2020.4959 0.4232
2020.5808 0.6033
2020.6644 0.6369
2020.7479 0.7350
2020.8315 0.7223
2020.9151 0.3438
2021.0000 0.3693
2021.0808 0.6323
2021.1616 0.4981
2021.2452 0.2222
2021.3288 -0.0274
2021.4123 -0.4845
2021.4959 -0.7490
2021.5808 -0.8079
2021.6644 -0.9888
2021.7479 -1.5925
2021.8315 -2.1046
2021.9151 -2.5184
2022.0000 -3.0426
2022.0808 -3.0425
2022.1616 -3.1829
2022.2452 -3.4869
2022.3288 -3.6903
2022.4123 -4.0854
2022.4959 -4.5987
2022.5808 -4.9912
2022.6644 -5.6562
2022.7479 -6.4339
2022.8315 -7.0646
2022.9151 -7.9359
2023.0000 -8.1535
