1998.0808 12.6703
1998.1616 12.8682
1998.2452 12.3463
1998.3288 8.8632
1998.4123 8.0788
1998.4959 7.1236
1998.5808 7.9633
1998.6644 7.2911
1998.7479 6.5540
1998.8315 7.0002
1998.9151 7.1170
1999.0000 8.1757
1999.0808 8.6561
1999.1616 9.3427
1999.2452 8.4005
1999.3288 7.0042
1999.4123 4.9220
1999.4959 5.7836
1999.5808 5.6105
1999.6644 6.2032
1999.7479 6.5322
1999.8315 4.4855
1999.9151 4.8184
2000.0000 4.7241
2000.0808 5.6220
2000.1616 5.1857
2000.2452 4.6408
2000.3288 4.7088
2000.4123 3.3492
2000.4959 3.3651
2000.5808 0.9851
2000.6644 1.4336
2000.7479 1.4809
2000.8315 2.0459
2000.9151 2.8129
2001.0000 3.7450
2001.0808 4.9128
2001.1616 6.1275
2001.2452 6.9807
2001.3288 7.7512
2001.4123 5.6529
2001.4959 6.4124
2001.5808 6.9128
2001.6644 5.7960
2001.7479 3.2798
2001.8315 2.0756
2001.9151 2.5640
2002.0000 2.4709
2002.0808 3.1117
2002.1616 2.4306
2002.2452 3.3433
2002.3288 3.2418
2002.4123 3.8817
2002.4959 4.7063
2002.5808 4.2595
2002.6644 3.2966
2002.7479 3.2869
2002.8315 4.2786
2002.9151 4.9808
2003.0000 5.1992
2003.0808 5.9101
2003.1616 6.1636
2003.2452 5.3227
2003.3288 4.4802
2003.4123 4.7046
2003.4959 5.1997
2003.5808 5.1483
2003.6644 4.7579
2003.7479 4.0616
2003.8315 3.9344
2003.9151 4.9381
2004.0000 6.3250
2004.0808 7.0697
2004.1616 7.0230
2004.2452 6.9148
2004.3288 6.2386
2004.4123 4.6179
2004.4959 4.5726
2004.5808 2.2813
2004.6644 1.4905
2004.7479 0.9485
2004.8315 0.8120
2004.9151 0.0552
2005.0000 1.3146
2005.0808 2.6395
2005.1616 1.7534
2005.2452 1.4815
2005.3288 1.5920
2005.4123 1.6078
2005.4959 2.1298
2005.5808 2.2099
2005.6644 1.0137
2005.7479 0.7212
2005.8315 -0.9115
2005.9151 -1.5133
2006.0000 -0.9543
2006.0808 -1.5020
2006.1616 -1.7178
2006.2452 -1.4401
2006.3288 -1.8751
2006.4123 -3.4377
2006.4959 -6.2384
2006.5808 -7.1578
2006.6644 -6.2045
2006.7479 -6.0773
2006.8315 -7.6339
2006.9151 -6.8365
2007.0000 -5.9355
2007.0808 -5.4041
2007.1616 -4.8249
2007.2452 -4.1836
2007.3288 -3.0987
2007.4123 -3.0181
2007.4959 -2.0738
2007.5808 -1.0358
2007.6644 -0.5705
2007.7479 -2.5889
2007.8315 -2.6750
2007.9151 -1.5565
2008.0000 -1.4300
2008.0808 -0.8860
2008.1616 -0.8752
2008.2452 -0.1446
2008.3288 0.4678
2008.4123 -0.0920
2008.4959 -0.0968
2008.5808 -0.5684
2008.6644 -1.4810
2008.7479 -4.1678
2008.8315 -4.1003
2008.9151 -3.4087
2009.0000 -3.4421
2009.0808 -2.6711
2009.1616 -1.8569
2009.2452 -1.7560
2009.3288 -1.1526
2009.4123 -0.8357
2009.4959 0.2884
2009.5808 0.6496
2009.6644 -0.6203
2009.7479 -0.6048
2009.8315 -0.2874
2009.9151 0.5749
2010.0000 1.7995
2010.0808 3.1804
2010.1616 3.9010
2010.2452 4.6742
2010.3288 5.0202
2010.4123 4.9205
2010.4959 3.5342
2010.5808 1.1910
2010.6644 1.1121
2010.7479 -0.4056
2010.8315 -1.4256
2010.9151 -3.2166
2011.0000 -1.7935
2011.0808 -0.8866
2011.1616 -0.5452
2011.2452 -0.3710
2011.3288 0.6803
2011.4123 0.4240
2011.4959 0.9896
2011.5808 1.7092
2011.6644 1.3866
2011.7479 1.5428
2011.8315 1.8900
2011.9151 2.8215
2012.0000 3.3902
2012.0808 4.3647
2012.1616 5.1931
2012.2452 5.1565
2012.3288 4.8882
2012.4123 4.5089
2012.4959 5.1987
2012.5808 4.7464
2012.6644 4.8666
2012.7479 4.2238
2012.8315 4.9203
2012.9151 6.1878
2013.0000 7.8332
2013.0808 9.0649
2013.1616 8.8450
2013.2452 7.9817
2013.3288 6.3910
2013.4123 6.7787
2013.4959 7.3203
2013.5808 7.4412
2013.6644 7.5145
2013.7479 7.0441
2013.8315 7.8887
2013.9151 8.8480
2014.0000 10.3429
2014.0808 11.1454
2014.1616 11.2212
2014.2452 11.4261
2014.3288 9.8982
2014.4123 9.2517
2014.4959 8.8125
2014.5808 7.9298
2014.6644 8.1683
2014.7479 8.0714
2014.8315 7.6578
2014.9151 8.6242
2015.0000 9.5905
2015.0808 10.2918
2015.1616 11.1338
2015.2452 10.0294
2015.3288 7.9032
2015.4123 7.7948
2015.4959 8.8331
2015.5808 9.0123
2015.6644 8.3426
2015.7479 8.2265
2015.8315 7.7811
2015.9151 7.7896
2016.0000 8.4879
2016.0808 9.0833
2016.1616 8.3913
2016.2452 7.6883
2016.3288 7.6627
2016.4123 4.1448
2016.4959 2.8169
2016.5808 0.1806
2016.6644 0.5020
2016.7479 -2.6527
2016.8315 -4.4887
2016.9151 -4.1947
2017.0000 -3.3906
2017.0808 -2.2434
2017.1616 -1.2579
2017.2452 -3.4660
2017.3288 -3.0880
2017.4123 -3.7843
2017.4959 -3.6518
2017.5808 -3.6928
2017.6644 -4.0996
2017.7479 -4.3381
2017.8315 -3.8405
2017.9151 -3.9021
2018.0000 -2.7201
2018.0808 -1.8024
2018.1616 -0.9142
2018.2452 -0.6715
2018.3288 -0.7187
2018.4123 -0.5309
2018.4959 -1.0803
2018.5808 -2.4036
2018.6644 -3.3457
2018.7479 -3.5110
2018.8315 -3.7001
2018.9151 -3.4397
2019.0000 -2.6990
2019.0808 -1.4157
2019.1616 -0.5637
2019.2452 -1.2303
2019.3288 -1.6513
2019.4123 -1.5245
2019.4959 -2.0445
2019.5808 -2.7435
2019.6644 -2.5188
2019.7479 -2.6908
2019.8315 -3.2259
2019.9151 -3.1057
2020.0000 -1.3121
2020.0808 -0.5973
2020.1616 -0.9111
2020.2452 -2.1555
2020.3288 -1.9306
2020.4123 -1.9841
2020.4959 -3.4382
2020.5808 -4.0322
2020.6644 -3.5762
2020.7479 -3.6904
2020.8315 -4.4183
2020.9151 -6.4989
2021.0000 -6.5379
2021.0808 -5.9501
2021.1616 -6.8165
2021.2452 -7.2330
2021.3288 -8.3356
2021.4123 -10.8335
2021.4959 -11.5116
2021.5808 -11.2407
2021.6644 -11.8605
2021.7479 -12.4966
2021.8315 -12.6655
2021.9151 -13.1179
2022.0000 -14.1276
2022.0808 -14.0576
2022.1616 -14.5924
2022.2452 -15.2070
2022.3288 -14.8210
2022.4123 -16.5768
2022.4959 -17.0108
2022.5808 -18.0554
2022.6644 -18.9730
2022.7479 -21.0048
2022.8315 -21.0990
2022.9151 -21.6765
2023.0000 -20.8388
