1998.0808 9.0501
1998.1616 9.5868
1998.2452 9.6831
1998.3288 8.9243
1998.4123 8.7086
1998.4959 8.1473
1998.5808 8.5679
1998.6644 8.2663
1998.7479 8.0165
1998.8315 8.0843
1998.9151 8.1573
1999.0000 8.8470
1999.0808 9.2530
1999.1616 9.6916
1999.2452 9.1349
1999.3288 8.8735
1999.4123 7.4596
1999.4959 8.1022
1999.5808 8.3287
1999.6644 8.8761
1999.7479 9.0367
1999.8315 7.7147
1999.9151 7.6421
2000.0000 7.8484
2000.0808 8.4234
2000.1616 8.2389
2000.2452 7.3723
2000.3288 7.4435
2000.4123 6.9379
2000.4959 6.7221
2000.5808 4.9142
2000.6644 5.2442
2000.7479 5.4028
2000.8315 5.6820
2000.9151 5.9416
2001.0000 6.5633
2001.0808 7.3591
2001.1616 7.8849
2001.2452 8.4943
2001.3288 9.1470
2001.4123 7.3931
2001.4959 8.0284
2001.5808 8.4056
2001.6644 7.8066
2001.7479 6.3641
2001.8315 5.8119
2001.9151 6.0837
2002.0000 6.1329
2002.0808 6.4450
2002.1616 6.2460
2002.2452 6.8286
2002.3288 6.3632
2002.4123 6.6827
2002.4959 7.2516
2002.5808 6.4918
2002.6644 5.6036
2002.7479 5.3769
2002.8315 6.0133
2002.9151 6.8878
2003.0000 7.0150
2003.0808 7.3444
2003.1616 7.2936
2003.2452 7.1859
2003.3288 6.4854
2003.4123 6.3779
2003.4959 6.6890
2003.5808 6.4504
2003.6644 6.3163
2003.7479 5.7514
2003.8315 5.4735
2003.9151 6.2365
2004.0000 7.0631
2004.0808 7.8181
2004.1616 7.6703
2004.2452 7.5387
2004.3288 6.9722
2004.4123 5.8519
2004.4959 5.7508
2004.5808 4.8948
2004.6644 4.6895
2004.7479 4.0145
2004.8315 4.0709
2004.9151 3.5195
2005.0000 4.2198
2005.0808 5.0982
2005.1616 4.5395
2005.2452 4.2166
2005.3288 4.0394
2005.4123 3.9919
2005.4959 4.1904
2005.5808 4.2185
2005.6644 3.4360
2005.7479 2.9299
2005.8315 2.1423
2005.9151 1.9446
2006.0000 2.2301
2006.0808 2.2480
2006.1616 2.2363
2006.2452 2.1084
2006.3288 1.7206
2006.4123 0.2715
2006.4959 -1.0316
2006.5808 -1.5124
2006.6644 -1.0311
2006.7479 -1.0207
2006.8315 -1.9174
2006.9151 -1.6615
2007.0000 -1.1478
2007.0808 -0.5851
2007.1616 -0.2062
2007.2452 0.0870
2007.3288 0.6268
2007.4123 0.2981
2007.4959 0.5697
2007.5808 1.1279
2007.6644 1.3583
2007.7479 0.0763
2007.8315 0.3428
2007.9151 1.1755
2008.0000 1.2391
2008.0808 1.7972
2008.1616 1.7822
2008.2452 2.4883
2008.3288 2.5716
2008.4123 2.2266
2008.4959 2.1399
2008.5808 1.4250
2008.6644 0.6533
2008.7479 -1.4728
2008.8315 -1.6708
2008.9151 -1.1664
2009.0000 -0.9194
2009.0808 -0.4985
2009.1616 0.0037
2009.2452 -0.2003
2009.3288 -0.1220
2009.4123 -0.0233
2009.4959 0.7763
2009.5808 1.0047
2009.6644 0.3093
2009.7479 0.2073
2009.8315 0.3128
2009.9151 0.8250
2010.0000 1.7356
2010.0808 2.5740
2010.1616 2.9562
2010.2452 3.5672
2010.3288 3.9066
2010.4123 3.9493
2010.4959 2.8378
2010.5808 1.4315
2010.6644 0.5840
2010.7479 -0.4306
2010.8315 -1.1280
2010.9151 -2.1543
2011.0000 -1.3900
2011.0808 -0.7242
2011.1616 -0.6104
2011.2452 -0.4202
2011.3288 0.1414
2011.4123 -0.2460
2011.4959 -0.2483
2011.5808 -0.0945
2011.6644 -0.4626
2011.7479 -0.2650
2011.8315 -0.1946
2011.9151 0.3108
2012.0000 0.8237
2012.0808 1.6448
2012.1616 2.2498
2012.2452 1.8244
2012.3288 1.3802
2012.4123 0.8034
2012.4959 1.0439
2012.5808 0.6494
2012.6644 0.4612
2012.7479 0.1182
2012.8315 0.6839
2012.9151 1.5578
2013.0000 2.6947
2013.0808 3.6985
2013.1616 3.6674
2013.2452 3.2120
2013.3288 2.5892
2013.4123 3.0262
2013.4959 3.3173
2013.5808 3.2614
2013.6644 3.1767
2013.7479 2.9170
2013.8315 3.3265
2013.9151 3.7525
2014.0000 4.8608
2014.0808 5.6477
2014.1616 5.6829
2014.2452 5.8161
2014.3288 4.7381
2014.4123 4.1055
2014.4959 3.7158
2014.5808 3.2850
2014.6644 3.6592
2014.7479 3.2491
2014.8315 2.7838
2014.9151 3.4639
2015.0000 4.2547
2015.0808 4.8111
2015.1616 5.5244
2015.2452 5.2199
2015.3288 4.2611
2015.4123 3.8159
2015.4959 4.3904
2015.5808 4.3903
2015.6644 4.4541
2015.7479 4.3498
2015.8315 3.9963
2015.9151 4.2019
2016.0000 4.6342
2016.0808 5.1588
2016.1616 4.8815
2016.2452 4.5020
2016.3288 4.6286
2016.4123 3.2045
2016.4959 2.4149
2016.5808 1.3131
2016.6644 1.5655
2016.7479 -0.1940
2016.8315 -1.3683
2016.9151 -1.2086
2017.0000 -0.5949
2017.0808 0.0682
2017.1616 0.9298
2017.2452 -0.1270
2017.3288 0.3429
2017.4123 -0.4371
2017.4959 -0.5867
2017.5808 -0.8216
2017.6644 -1.2547
2017.7479 -1.6409
2017.8315 -1.4100
2017.9151 -1.6343
2018.0000 -0.8978
2018.0808 -0.2317
2018.1616 0.5570
2018.2452 0.5585
2018.3288 0.4817
2018.4123 0.3637
2018.4959 0.0885
2018.5808 -0.3792
2018.6644 -1.0241
2018.7479 -1.0937
2018.8315 -1.4973
2018.9151 -1.2268
2019.0000 -0.7593
2019.0808 0.2028
2019.1616 0.8564
2019.2452 0.4033
2019.3288 -0.1251
2019.4123 -0.2251
2019.4959 -0.3922
2019.5808 -0.8530
2019.6644 -1.3294
2019.7479 -1.6685
2019.8315 -1.9894
2019.9151 -1.8829
2020.0000 -0.7286
2020.0808 -0.3626
2020.1616 -0.1532
2020.2452 -1.3193
2020.3288 -1.2144
2020.4123 -1.5245
2020.4959 -2.4673
2020.5808 -2.8399
2020.6644 -2.4417
2020.7479 -2.7794
2020.8315 -3.2198
2020.9151 -4.2773
2021.0000 -4.4234
2021.0808 -4.1301
2021.1616 -4.5082
2021.2452 -5.0916
2021.3288 -5.6358
2021.4123 -7.0862
2021.4959 -7.4133
2021.5808 -7.7920
2021.6644 -8.3922
2021.7479 -9.0281
2021.8315 -9.3557
2021.9151 -9.6199
2022.0000 -10.1434
2022.0808 -10.2008
2022.1616 -10.8182
2022.2452 -11.3645
2022.3288 -11.2944
2022.4123 -12.7710
2022.4959 -13.5838
2022.5808 -14.2848
2022.6644 -15.4380
2022.7479 -16.8758
2022.8315 -17.2124
2022.9151 -17.4866
2023.0000 -17.0633
