1998.0808 3.9022
1998.1616 4.6023
1998.2452 4.8898
1998.3288 4.3517
1998.4123 4.4064
1998.4959 4.2663
1998.5808 4.5746
1998.6644 4.5919
1998.7479 4.1433
1998.8315 4.2370
1998.9151 4.3473
1999.0000 4.4380
1999.0808 4.5172
1999.1616 4.4216
1999.2452 4.1714
1999.3288 3.7937
1999.4123 2.9229
1999.4959 2.9756
1999.5808 2.9421
1999.6644 3.1506
1999.7479 3.2298
1999.8315 2.5360
1999.9151 2.6061
2000.0000 2.5609
2000.0808 2.9004
2000.1616 3.0264
2000.2452 2.9262
2000.3288 3.0260
2000.4123 2.8314
2000.4959 2.6673
2000.5808 2.1197
2000.6644 2.2690
2000.7479 2.3907
2000.8315 2.7040
2000.9151 2.9937
2001.0000 3.2363
2001.0808 3.9184
2001.1616 4.4730
2001.2452 4.9621
2001.3288 5.3720
2001.4123 4.9642
2001.4959 5.3248
2001.5808 5.5454
2001.6644 4.9895
2001.7479 4.2863
2001.8315 3.8685
2001.9151 3.8071
2002.0000 2.9569
2002.0808 2.9534
2002.1616 2.7205
2002.2452 3.0010
2002.3288 2.9179
2002.4123 2.9693
2002.4959 3.2109
2002.5808 2.8525
2002.6644 2.6873
2002.7479 2.6512
2002.8315 2.8121
2002.9151 3.3119
2003.0000 3.5636
2003.0808 3.7358
2003.1616 3.3281
2003.2452 3.3020
2003.3288 2.9727
2003.4123 2.8562
2003.4959 3.0298
2003.5808 2.8385
2003.6644 2.7215
2003.7479 2.4185
2003.8315 2.2248
2003.9151 2.6679
2004.0000 3.1411
2004.0808 3.5375
2004.1616 3.6244
2004.2452 3.7728
2004.3288 3.5783
2004.4123 2.9266
2004.4959 2.9124
2004.5808 2.2026
2004.6644 1.9884
2004.7479 1.2064
2004.8315 1.0128
2004.9151 0.8292
2005.0000 1.2187
2005.0808 1.5003
2005.1616 1.0787
2005.2452 0.9406
2005.3288 0.9089
2005.4123 0.9771
2005.4959 0.9791
2005.5808 1.0252
2005.6644 0.7195
2005.7479 0.6141
2005.8315 0.1877
2005.9151 0.1113
2006.0000 -0.2515
2006.0808 -0.5980
2006.1616 -0.5882
2006.2452 -0.8140
2006.3288 -0.9510
2006.4123 -1.5903
2006.4959 -2.2163
2006.5808 -2.4723
2006.6644 -2.1472
2006.7479 -2.1435
2006.8315 -2.4519
2006.9151 -2.6995
2007.0000 -2.5759
2007.0808 -2.3491
2007.1616 -2.0280
2007.2452 -1.7776
2007.3288 -1.3598
2007.4123 -1.3073
2007.4959 -1.0299
2007.5808 -0.7238
2007.6644 -0.4602
2007.7479 -0.7787
2007.8315 -0.5436
2007.9151 0.1099
2008.0000 0.1226
2008.0808 0.1328
2008.1616 0.2100
2008.2452 0.7033
2008.3288 0.8699
2008.4123 0.6869
2008.4959 0.8041
2008.5808 0.7751
2008.6644 0.5268
2008.7479 -0.2625
2008.8315 -0.3474
2008.9151 -0.0971
2009.0000 -1.1238
2009.0808 -0.8483
2009.1616 -0.6007
2009.2452 -0.7020
2009.3288 -0.7444
2009.4123 -0.7715
2009.4959 -0.3744
2009.5808 -0.2455
2009.6644 -0.4852
2009.7479 -0.5139
2009.8315 -0.4543
2009.9151 -0.3050
2010.0000 0.2874
2010.0808 0.5776
2010.1616 0.9624
2010.2452 1.2912
2010.3288 1.5451
2010.4123 1.6024
2010.4959 1.1513
2010.5808 0.5781
2010.6644 0.5563
2010.7479 0.1149
2010.8315 -0.2556
2010.9151 -0.6005
2011.0000 -0.4549
2011.0808 0.0400
2011.1616 0.0495
2011.2452 0.2339
2011.3288 0.4399
2011.4123 0.4303
2011.4959 0.5187
2011.5808 0.7224
2011.6644 0.7430
2011.7479 0.9965
2011.8315 1.0536
2011.9151 0.9906
2012.0000 1.3345
2012.0808 1.8870
2012.1616 2.1233
2012.2452 1.7494
2012.3288 1.7625
2012.4123 1.6011
2012.4959 1.4756
2012.5808 1.3525
2012.6644 1.2817
2012.7479 1.1004
2012.8315 1.3845
2012.9151 1.8945
2013.0000 2.7131
2013.0808 3.3410
2013.1616 3.3529
2013.2452 3.1977
2013.3288 2.6722
2013.4123 2.8991
2013.4959 2.4310
2013.5808 2.3924
2013.6644 2.2141
2013.7479 2.0464
2013.8315 2.2396
2013.9151 2.4599
2014.0000 2.9712
2014.0808 3.2564
2014.1616 3.3195
2014.2452 3.1859
2014.3288 2.7892
2014.4123 2.4685
2014.4959 2.1318
2014.5808 1.8952
2014.6644 2.0716
2014.7479 1.9948
2014.8315 1.6273
2014.9151 1.8619
2015.0000 1.9087
2015.0808 2.2300
2015.1616 2.6717
2015.2452 2.3418
2015.3288 1.7231
2015.4123 1.4187
2015.4959 1.7017
2015.5808 1.7048
2015.6644 1.7124
2015.7479 1.6654
2015.8315 1.5541
2015.9151 1.7461
2016.0000 1.9539
2016.0808 2.1884
2016.1616 2.1705
2016.2452 2.0557
2016.3288 1.9986
2016.4123 1.2974
2016.4959 0.8726
2016.5808 0.2444
2016.6644 0.2267
2016.7479 -0.6576
2016.8315 -1.2695
2016.9151 -1.7599
2017.0000 -1.4881
2017.0808 -1.2964
2017.1616 -0.7188
2017.2452 -1.1896
2017.3288 -0.8906
2017.4123 -1.2494
2017.4959 -1.3518
2017.5808 -1.3477
2017.6644 -1.3607
2017.7479 -1.4812
2017.8315 -1.8295
2017.9151 -1.7923
2018.0000 -1.4264
2018.0808 -0.9543
2018.1616 -0.3915
2018.2452 -0.3997
2018.3288 -0.4713
2018.4123 -0.4068
2018.4959 -0.4408
2018.5808 -0.7500
2018.6644 -1.1797
2018.7479 -1.2032
2018.8315 -1.2366
2018.9151 -1.2606
2019.0000 -1.2880
2019.0808 -0.6716
2019.1616 -0.2985
2019.2452 -0.3730
2019.3288 -0.5912
2019.4123 -0.5423
2019.4959 -0.6307
2019.5808 -0.7568
2019.6644 -0.7784
2019.7479 -0.8896
2019.8315 -1.3748
2019.9151 -1.7404
2020.0000 -1.0559
2020.0808 -0.7976
2020.1616 -0.5588
2020.2452 -0.8196
2020.3288 -0.8382
2020.4123 -0.8689
2020.4959 -1.0832
2020.5808 -1.1297
2020.6644 -0.8590
2020.7479 -1.0112
2020.8315 -1.0811
2020.9151 -1.6911
2021.0000 -1.6794
2021.0808 -1.3521
2021.1616 -1.4288
2021.2452 -1.9297
2021.3288 -2.1731
2021.4123 -2.8156
2021.4959 -2.9855
2021.5808 -3.0647
2021.6644 -3.4049
2021.7479 -3.7007
2021.8315 -4.2180
2021.9151 -4.3556
2022.0000 -5.3444
2022.0808 -5.3710
2022.1616 -5.6051
2022.2452 -5.6773
2022.3288 -5.4933
2022.4123 -6.0490
2022.4959 -6.6627
2022.5808 -6.9874
2022.6644 -7.4674
2022.7479 -8.1808
2022.8315 -8.2484
2022.9151 -8.6117
2023.0000 -8.4643
