1998.0808 2.8007
1998.1616 3.7494
1998.2452 4.0971
1998.3288 4.1037
1998.4123 4.6218
1998.4959 4.8186
1998.5808 4.5781
1998.6644 4.4958
1998.7479 4.5914
1998.8315 4.5644
1998.9151 4.6492
1999.0000 5.0755
1999.0808 5.8419
1999.1616 6.0540
1999.2452 6.1173
1999.3288 6.1526
1999.4123 6.2263
1999.4959 6.2214
1999.5808 6.0109
1999.6644 6.1401
1999.7479 6.2803
1999.8315 6.3335
1999.9151 6.2748
2000.0000 6.7334
2000.0808 7.3181
2000.1616 8.0270
2000.2452 8.3927
2000.3288 8.5312
2000.4123 8.7748
2000.4959 9.0050
2000.5808 9.1831
2000.6644 9.4994
2000.7479 9.7998
2000.8315 10.0122
2000.9151 10.5373
2001.0000 10.8446
2001.0808 11.3388
2001.1616 11.4841
2001.2452 11.4425
2001.3288 11.6078
2001.4123 11.6263
2001.4959 11.9715
2001.5808 12.2488
2001.6644 11.8671
2001.7479 11.7721
2001.8315 11.1982
2001.9151 10.9035
2002.0000 10.7062
2002.0808 11.0618
2002.1616 11.5262
2002.2452 11.7062
2002.3288 11.5473
2002.4123 11.7341
2002.4959 11.9397
2002.5808 11.8825
2002.6644 12.0742
2002.7479 12.2718
2002.8315 12.2396
2002.9151 12.5348
2003.0000 12.7477
2003.0808 13.3823
2003.1616 13.8902
2003.2452 14.0965
2003.3288 14.3232
2003.4123 14.1497
2003.4959 14.1740
2003.5808 13.8993
2003.6644 13.2302
2003.7479 12.8610
2003.8315 12.7527
2003.9151 12.8074
2004.0000 13.1493
2004.0808 13.4735
2004.1616 13.9050
2004.2452 13.7640
2004.3288 13.7550
2004.4123 13.6627
2004.4959 13.7390
2004.5808 13.4407
2004.6644 13.2003
2004.7479 12.9384
2004.8315 12.6648
2004.9151 12.6635
2005.0000 12.8966
2005.0808 13.4421
2005.1616 13.8936
2005.2452 13.8385
2005.3288 13.8108
2005.4123 13.9551
2005.4959 14.1374
2005.5808 14.2782
2005.6644 14.1030
2005.7479 14.1603
2005.8315 14.0098
2005.9151 14.2891
2006.0000 14.6283
2006.0808 15.5057
2006.1616 16.1414
2006.2452 15.8461
2006.3288 15.6757
2006.4123 15.2685
2006.4959 15.4543
2006.5808 15.5305
2006.6644 15.9449
2006.7479 15.9196
2006.8315 15.9133
2006.9151 16.0581
2007.0000 16.3555
2007.0808 17.5563
2007.1616 17.8890
2007.2452 18.1629
2007.3288 18.1342
2007.4123 18.3496
2007.4959 18.5906
2007.5808 18.7277
2007.6644 18.6290
2007.7479 18.5461
2007.8315 18.5242
2007.9151 18.8309
2008.0000 19.1069
2008.0808 19.8172
2008.1616 20.1758
2008.2452 20.1938
2008.3288 19.8808
2008.4123 19.5980
2008.4959 19.4773
2008.5808 19.4149
2008.6644 19.3055
2008.7479 18.9171
2008.8315 18.6589
2008.9151 18.6807
2009.0000 18.9360
2009.0808 19.4302
2009.1616 19.6437
2009.2452 19.6225
2009.3288 19.6311
2009.4123 19.3483
2009.4959 19.3285
2009.5808 19.4815
2009.6644 19.5839
2009.7479 19.2479
2009.8315 18.8505
2009.9151 18.8534
2010.0000 18.9609
2010.0808 19.1638
2010.1616 19.2018
2010.2452 19.0637
2010.3288 18.8608
2010.4123 18.3462
2010.4959 17.8302
2010.5808 17.4260
2010.6644 17.0692
2010.7479 16.7513
2010.8315 16.0716
2010.9151 15.5988
2011.0000 15.5010
2011.0808 15.7416
2011.1616 15.6835
2011.2452 15.3380
2011.3288 15.1250
2011.4123 14.5345
2011.4959 14.1487
2011.5808 14.1154
2011.6644 14.1738
2011.7479 13.7597
2011.8315 13.3863
2011.9151 12.8989
2012.0000 12.8673
2012.0808 13.2595
2012.1616 13.2784
2012.2452 13.1350
2012.3288 12.7432
2012.4123 12.3104
2012.4959 11.9856
2012.5808 11.5480
2012.6644 10.8222
2012.7479 10.4937
2012.8315 10.2267
2012.9151 9.9153
2013.0000 10.0558
2013.0808 10.1134
2013.1616 10.2783
2013.2452 10.2562
2013.3288 9.6308
2013.4123 9.1899
2013.4959 8.6596
2013.5808 8.2031
2013.6644 7.8021
2013.7479 7.4418
2013.8315 6.9067
2013.9151 6.6004
2014.0000 6.6214
2014.0808 6.8719
2014.1616 6.8905
2014.2452 6.3473
2014.3288 6.0863
2014.4123 5.3812
2014.4959 4.8935
2014.5808 4.2789
2014.6644 4.0520
2014.7479 3.7878
2014.8315 3.2050
2014.9151 2.9351
2015.0000 2.8765
2015.0808 3.0646
2015.1616 3.1997
2015.2452 2.8892
2015.3288 2.5877
2015.4123 2.3298
2015.4959 1.8803
2015.5808 1.4766
2015.6644 1.0720
2015.7479 0.8331
2015.8315 0.6191
2015.9151 0.2928
2016.0000 0.0752
2016.0808 0.2359
2016.1616 0.2501
2016.2452 -0.2310
2016.3288 -0.4572
2016.4123 -0.4843
2016.4959 -0.9902
2016.5808 -1.2027
2016.6644 -1.4511
2016.7479 -2.5091
2016.8315 -2.7246
2016.9151 -2.8236
2017.0000 -2.6733
2017.0808 -2.4191
2017.1616 -1.8131
2017.2452 -1.7360
2017.3288 -1.6301
2017.4123 -2.0330
2017.4959 -2.1958
2017.5808 -2.8017
2017.6644 -3.1885
2017.7479 -3.9170
2017.8315 -4.3364
2017.9151 -4.3762
2018.0000 -4.4418
2018.0808 -4.3285
2018.1616 -3.9103
2018.2452 -4.4212
2018.3288 -4.8773
2018.4123 -5.2623
2018.4959 -5.4387
2018.5808 -5.8715
2018.6644 -6.5110
2018.7479 -7.2350
2018.8315 -7.3744
2018.9151 -7.8481
2019.0000 -8.1189
2019.0808 -7.9130
2019.1616 -7.5833
2019.2452 -7.7867
2019.3288 -8.3452
2019.4123 -8.6965
2019.4959 -9.0168
2019.5808 -9.1794
2019.6644 -9.3540
2019.7479 -9.6251
2019.8315 -10.1200
2019.9151 -10.2580
2020.0000 -10.1068
2020.0808 -8.8138
2020.1616 -7.9216
2020.2452 -7.9254
2020.3288 -8.1627
2020.4123 -8.0309
2020.4959 -8.0717
2020.5808 -7.9047
2020.6644 -8.1951
2020.7479 -8.4640
2020.8315 -8.5833
2020.9151 -8.8352
2021.0000 -8.6066
2021.0808 -8.2041
2021.1616 -7.6667
2021.2452 -7.7733
2021.3288 -7.9180
2021.4123 -8.1028
2021.4959 -8.1635
2021.5808 -8.2354
2021.6644 -8.3234
2021.7479 -8.9977
2021.8315 -9.6221
2021.9151 -9.7791
2022.0000 -9.8017
2022.0808 -9.4428
2022.1616 -9.0881
2022.2452 -9.1787
2022.3288 -9.3429
2022.4123 -9.5167
2022.4959 -9.9796
2022.5808 -10.1044
2022.6644 -10.4653
2022.7479 -10.9761
2022.8315 -11.4286
2022.9151 -11.9668
2023.0000 -11.7351
