1998.0808 2.2696
1998.1616 2.9085
1998.2452 2.9770
1998.3288 2.1682
1998.4123 2.4198
1998.4959 2.1347
1998.5808 1.9934
1998.6644 1.8765
1998.7479 1.7870
1998.8315 1.6388
1998.9151 1.6488
1999.0000 2.0213
1999.0808 2.3987
1999.1616 2.3555
1999.2452 1.9660
1999.3288 1.3793
1999.4123 1.0676
1999.4959 0.9293
1999.5808 0.3904
1999.6644 0.2836
1999.7479 0.3455
1999.8315 0.1332
1999.9151 -0.0178
2000.0000 0.1533
2000.0808 0.3963
2000.1616 0.6766
2000.2452 0.8258
2000.3288 0.3575
2000.4123 0.2031
2000.4959 0.0497
2000.5808 0.1038
2000.6644 0.2699
2000.7479 0.4392
2000.8315 0.6006
2000.9151 0.9912
2001.0000 1.4172
2001.0808 2.0058
2001.1616 2.3338
2001.2452 2.1714
2001.3288 2.2137
2001.4123 2.0891
2001.4959 2.2790
2001.5808 2.4974
2001.6644 1.5754
2001.7479 1.0728
2001.8315 0.0416
2001.9151 -0.2035
2002.0000 -0.4872
2002.0808 -0.2065
2002.1616 -0.2304
2002.2452 -0.0349
2002.3288 -0.2901
2002.4123 0.0575
2002.4959 0.4128
2002.5808 0.3454
2002.6644 0.5127
2002.7479 0.8567
2002.8315 0.8103
2002.9151 1.2144
2003.0000 1.3140
2003.0808 2.0197
2003.1616 2.2369
2003.2452 2.2394
2003.3288 2.1549
2003.4123 1.9671
2003.4959 2.1012
2003.5808 1.5717
2003.6644 0.4642
2003.7479 0.0212
2003.8315 -0.0112
2003.9151 0.2599
2004.0000 0.8399
2004.0808 1.2213
2004.1616 1.4742
2004.2452 1.1628
2004.3288 1.2407
2004.4123 1.0046
2004.4959 1.2261
2004.5808 0.8788
2004.6644 0.5145
2004.7479 0.3885
2004.8315 0.1812
2004.9151 0.0291
2005.0000 0.4437
2005.0808 1.0440
2005.1616 1.0516
2005.2452 0.9285
2005.3288 0.9142
2005.4123 1.0838
2005.4959 1.4577
2005.5808 1.6616
2005.6644 1.5271
2005.7479 1.6164
2005.8315 1.1985
2005.9151 1.5438
2006.0000 1.8159
2006.0808 2.7007
2006.1616 3.3669
2006.2452 2.8064
2006.3288 2.6834
2006.4123 1.8155
2006.4959 1.9070
2006.5808 1.7086
2006.6644 2.2609
2006.7479 2.0782
2006.8315 1.9044
2006.9151 2.1180
2007.0000 2.3724
2007.0808 3.3213
2007.1616 3.6436
2007.2452 3.8344
2007.3288 3.9439
2007.4123 3.9670
2007.4959 4.2061
2007.5808 4.3828
2007.6644 4.1221
2007.7479 3.5763
2007.8315 3.6218
2007.9151 3.9803
2008.0000 4.0920
2008.0808 4.4039
2008.1616 4.5561
2008.2452 4.4042
2008.3288 3.9758
2008.4123 3.3805
2008.4959 3.0402
2008.5808 2.9548
2008.6644 2.8458
2008.7479 2.1183
2008.8315 1.8648
2008.9151 1.7517
2009.0000 1.7005
2009.0808 1.9951
2009.1616 2.2374
2009.2452 2.0947
2009.3288 2.1928
2009.4123 2.0703
2009.4959 2.0426
2009.5808 2.3384
2009.6644 2.5053
2009.7479 2.1955
2009.8315 2.0524
2009.9151 2.3702
2010.0000 2.5152
2010.0808 2.9866
2010.1616 3.4248
2010.2452 3.3161
2010.3288 3.0873
2010.4123 2.5604
2010.4959 1.9535
2010.5808 1.5125
2010.6644 1.4095
2010.7479 1.2572
2010.8315 0.4397
2010.9151 -0.1483
2011.0000 0.1471
2011.0808 0.6218
2011.1616 0.4961
2011.2452 0.4547
2011.3288 0.6229
2011.4123 0.1472
2011.4959 0.0312
2011.5808 0.4363
2011.6644 0.7224
2011.7479 0.5615
2011.8315 0.2193
2011.9151 -0.0122
2012.0000 -0.0755
2012.0808 0.2750
2012.1616 0.3699
2012.2452 0.2416
2012.3288 0.2044
2012.4123 0.1201
2012.4959 0.0261
2012.5808 -0.0989
2012.6644 -0.6955
2012.7479 -0.8416
2012.8315 -0.6910
2012.9151 -0.5646
2013.0000 0.0283
2013.0808 0.4898
2013.1616 0.8017
2013.2452 0.7223
2013.3288 -0.0364
2013.4123 -0.0551
2013.4959 -0.1679
2013.5808 -0.2612
2013.6644 -0.2313
2013.7479 -0.4577
2013.8315 -0.6181
2013.9151 -0.6617
2014.0000 -0.1507
2014.0808 0.3109
2014.1616 0.3519
2014.2452 0.1150
2014.3288 -0.0197
2014.4123 -0.2710
2014.4959 -0.6435
2014.5808 -1.0118
2014.6644 -0.8769
2014.7479 -0.7398
2014.8315 -1.1310
2014.9151 -0.9308
2015.0000 -0.5582
2015.0808 -0.2332
2015.1616 -0.0407
2015.2452 -0.2357
2015.3288 -0.5238
2015.4123 -0.3922
2015.4959 -0.3680
2015.5808 -0.3800
2015.6644 -0.6063
2015.7479 -0.5735
2015.8315 -0.7739
2015.9151 -0.8464
2016.0000 -0.8108
2016.0808 -0.4988
2016.1616 -0.2752
2016.2452 -0.6642
2016.3288 -0.7824
2016.4123 -0.6839
2016.4959 -1.2050
2016.5808 -1.1431
2016.6644 -1.1243
2016.7479 -2.4062
2016.8315 -2.4124
2016.9151 -2.1637
2017.0000 -1.6249
2017.0808 -1.1596
2017.1616 -0.3951
2017.2452 -0.3028
2017.3288 -0.0548
2017.4123 -0.3594
2017.4959 -0.4203
2017.5808 -0.8046
2017.6644 -0.9019
2017.7479 -1.6502
2017.8315 -1.9467
2017.9151 -1.7285
2018.0000 -1.5685
2018.0808 -1.1168
2018.1616 -0.6568
2018.2452 -1.1832
2018.3288 -1.4815
2018.4123 -1.5923
2018.4959 -1.6403
2018.5808 -2.0060
2018.6644 -2.3782
2018.7479 -2.8104
2018.8315 -2.7164
2018.9151 -3.0263
2019.0000 -3.1639
2019.0808 -2.6220
2019.1616 -2.1515
2019.2452 -2.2350
2019.3288 -2.7110
2019.4123 -2.8345
2019.4959 -2.8193
2019.5808 -2.6251
2019.6644 -2.3586
2019.7479 -2.4077
2019.8315 -2.8100
2019.9151 -2.7068
2020.0000 -2.0439
2020.0808 -0.8724
2020.1616 0.0516
2020.2452 0.0988
2020.3288 -0.3606
2020.4123 -0.2466
2020.4959 -0.1401
2020.5808 0.0857
2020.6644 0.0487
2020.7479 0.1066
2020.8315 0.0171
2020.9151 -0.5213
2021.0000 -0.4973
2021.0808 -0.0898
2021.1616 -0.1177
2021.2452 -0.5537
2021.3288 -0.9614
2021.4123 -1.4701
2021.4959 -1.7131
2021.5808 -1.7128
2021.6644 -1.8879
2021.7479 -2.7000
2021.8315 -3.2973
2021.9151 -3.5580
2022.0000 -4.0337
2022.0808 -3.7055
2022.1616 -3.6392
2022.2452 -3.7749
2022.3288 -3.8543
2022.4123 -4.1305
2022.4959 -4.5971
2022.5808 -4.7828
2022.6644 -5.3929
2022.7479 -6.1195
2022.8315 -6.6495
2022.9151 -7.4980
2023.0000 -7.2238
