1998.0808 3.1824
1998.1616 4.3256
1998.2452 4.8857
1998.3288 3.0318
1998.4123 3.4109
1998.4959 3.0162
1998.5808 2.9528
1998.6644 2.7511
1998.7479 2.4104
1998.8315 2.2435
1998.9151 2.2380
1999.0000 2.8331
1999.0808 3.2364
1999.1616 3.2914
1999.2452 2.5448
1999.3288 1.3737
1999.4123 0.4269
1999.4959 0.1117
1999.5808 -0.8935
1999.6644 -1.3377
1999.7479 -1.4737
1999.8315 -2.2080
1999.9151 -2.7180
2000.0000 -2.8109
2000.0808 -2.7033
2000.1616 -2.6291
2000.2452 -2.6175
2000.3288 -3.3519
2000.4123 -3.9231
2000.4959 -4.3756
2000.5808 -4.3542
2000.6644 -4.1144
2000.7479 -3.7719
2000.8315 -3.2982
2000.9151 -2.4338
2001.0000 -1.4690
2001.0808 -0.1776
2001.1616 0.8232
2001.2452 0.9970
2001.3288 1.4094
2001.4123 1.3701
2001.4959 1.9706
2001.5808 2.5103
2001.6644 1.0525
2001.7479 0.1746
2001.8315 -1.9412
2001.9151 -2.7083
2002.0000 -3.7834
2002.0808 -3.8409
2002.1616 -4.6565
2002.2452 -4.4761
2002.3288 -4.7558
2002.4123 -4.1942
2002.4959 -3.6367
2002.5808 -3.4663
2002.6644 -2.9981
2002.7479 -2.1467
2002.8315 -1.9017
2002.9151 -0.9874
2003.0000 -0.5741
2003.0808 0.6607
2003.1616 1.1702
2003.2452 1.4748
2003.3288 1.7054
2003.4123 1.8761
2003.4959 2.3741
2003.5808 1.6047
2003.6644 -0.0234
2003.7479 -1.0718
2003.8315 -1.4050
2003.9151 -1.2014
2004.0000 -0.3785
2004.0808 0.4063
2004.1616 0.3747
2004.2452 -0.0167
2004.3288 0.2902
2004.4123 0.1338
2004.4959 0.6607
2004.5808 0.2027
2004.6644 -0.5054
2004.7479 -0.6000
2004.8315 -1.1064
2004.9151 -1.5449
2005.0000 -0.9363
2005.0808 0.2096
2005.1616 -0.2195
2005.2452 -0.3005
2005.3288 0.0108
2005.4123 0.4358
2005.4959 1.4161
2005.5808 2.1275
2005.6644 2.1322
2005.7479 2.5996
2005.8315 1.8867
2005.9151 2.4892
2006.0000 3.0025
2006.0808 4.1308
2006.1616 5.3171
2006.2452 4.7733
2006.3288 4.7408
2006.4123 3.1745
2006.4959 3.1782
2006.5808 2.6675
2006.6644 3.6029
2006.7479 3.3489
2006.8315 2.7578
2006.9151 3.2102
2007.0000 3.6695
2007.0808 5.0857
2007.1616 5.9023
2007.2452 6.6465
2007.3288 7.4121
2007.4123 7.7125
2007.4959 8.6910
2007.5808 9.5518
2007.6644 9.6726
2007.7479 9.0341
2007.8315 9.4207
2007.9151 10.2691
2008.0000 10.7088
2008.0808 11.3364
2008.1616 11.5205
2008.2452 11.5279
2008.3288 11.2180
2008.4123 10.1231
2008.4959 9.6781
2008.5808 9.6195
2008.6644 9.6540
2008.7479 8.0624
2008.8315 7.5225
2008.9151 6.8046
2009.0000 6.2288
2009.0808 6.3921
2009.1616 6.7170
2009.2452 6.3879
2009.3288 6.6920
2009.4123 6.6416
2009.4959 6.8076
2009.5808 7.4135
2009.6644 7.8850
2009.7479 7.4032
2009.8315 7.3117
2009.9151 7.9544
2010.0000 8.4070
2010.0808 9.4059
2010.1616 10.5094
2010.2452 10.7598
2010.3288 10.9112
2010.4123 10.2385
2010.4959 9.0740
2010.5808 8.1470
2010.6644 8.0364
2010.7479 7.7453
2010.8315 6.1739
2010.9151 4.4854
2011.0000 4.6865
2011.0808 5.1871
2011.1616 4.5032
2011.2452 4.4416
2011.3288 4.8483
2011.4123 4.2032
2011.4959 4.1270
2011.5808 4.8509
2011.6644 5.3347
2011.7479 5.2305
2011.8315 4.5214
2011.9151 4.2043
2012.0000 3.7860
2012.0808 4.1546
2012.1616 4.2542
2012.2452 4.1288
2012.3288 4.4338
2012.4123 4.5206
2012.4959 4.5744
2012.5808 4.6471
2012.6644 3.8191
2012.7479 3.4528
2012.8315 3.6372
2012.9151 3.8681
2013.0000 4.8443
2013.0808 5.6403
2013.1616 6.1354
2013.2452 5.7486
2013.3288 4.4113
2013.4123 4.4617
2013.4959 4.3815
2013.5808 4.2971
2013.6644 4.4207
2013.7479 3.8680
2013.8315 3.6776
2013.9151 3.5920
2014.0000 4.4385
2014.0808 5.2300
2014.1616 5.3881
2014.2452 5.3400
2014.3288 5.1700
2014.4123 5.1677
2014.4959 4.8700
2014.5808 4.0693
2014.6644 4.2074
2014.7479 4.4689
2014.8315 3.8131
2014.9151 4.2547
2015.0000 4.9931
2015.0808 5.4261
2015.1616 5.8774
2015.2452 5.3489
2015.3288 4.7638
2015.4123 5.3127
2015.4959 5.6494
2015.5808 5.8801
2015.6644 5.5536
2015.7479 5.7360
2015.8315 5.3243
2015.9151 5.3487
2016.0000 5.4476
2016.0808 5.7108
2016.1616 6.0451
2016.2452 5.4668
2016.3288 5.2389
2016.4123 5.4220
2016.4959 4.5952
2016.5808 4.4798
2016.6644 4.5246
2016.7479 1.8969
2016.8315 1.3611
2016.9151 1.4925
2017.0000 2.2389
2017.0808 2.8464
2017.1616 3.5924
2017.2452 3.4574
2017.3288 3.9471
2017.4123 3.6530
2017.4959 3.6193
2017.5808 3.1874
2017.6644 3.0366
2017.7479 1.6721
2017.8315 1.2375
2017.9151 1.3397
2018.0000 1.5982
2018.0808 2.1947
2018.1616 2.7028
2018.2452 2.0026
2018.3288 1.5248
2018.4123 1.3504
2018.4959 1.2123
2018.5808 0.4122
2018.6644 -0.1441
2018.7479 -1.1891
2018.8315 -1.3656
2018.9151 -2.1853
2019.0000 -2.6517
2019.0808 -2.0001
2019.1616 -1.3814
2019.2452 -1.5922
2019.3288 -2.2321
2019.4123 -2.5896
2019.4959 -2.5358
2019.5808 -2.1849
2019.6644 -1.4858
2019.7479 -1.5844
2019.8315 -2.0901
2019.9151 -1.9557
2020.0000 -0.9551
2020.0808 0.5117
2020.1616 1.9810
2020.2452 2.3048
2020.3288 1.5436
2020.4123 1.8137
2020.4959 2.1253
2020.5808 2.7402
2020.6644 2.9510
2020.7479 3.4116
2020.8315 3.4894
2020.9151 2.4036
2021.0000 2.2928
2021.0808 2.6258
2021.1616 1.8288
2021.2452 1.0955
2021.3288 0.3366
2021.4123 -1.2083
2021.4959 -2.1931
2021.5808 -2.3455
2021.6644 -2.8714
2021.7479 -4.4894
2021.8315 -5.8540
2021.9151 -7.2047
2022.0000 -8.9091
2022.0808 -9.0950
2022.1616 -9.5563
2022.2452 -10.3168
2022.3288 -10.6415
2022.4123 -11.4976
2022.4959 -12.6172
2022.5808 -13.5240
2022.6644 -15.2320
2022.7479 -17.2330
2022.8315 -18.6744
2022.9151 -20.8821
2023.0000 -21.4300
