1998.0808 1.6552
1998.1616 2.4851
1998.2452 2.8484
1998.3288 2.7501
1998.4123 3.2406
1998.4959 3.4504
1998.5808 3.5236
1998.6644 3.6390
1998.7479 3.7574
1998.8315 3.8417
1998.9151 4.0182
1999.0000 4.4717
1999.0808 5.1082
1999.1616 5.4007
1999.2452 5.3956
1999.3288 5.3501
1999.4123 5.3817
1999.4959 5.4295
1999.5808 5.2430
1999.6644 5.3049
1999.7479 5.4132
1999.8315 5.3959
1999.9151 5.3494
2000.0000 5.6739
2000.0808 6.1412
2000.1616 6.7147
2000.2452 7.1142
2000.3288 7.2085
2000.4123 7.3433
2000.4959 7.5177
2000.5808 7.7593
2000.6644 8.1177
2000.7479 8.4639
2000.8315 8.7842
2000.9151 9.2633
2001.0000 9.7460
2001.0808 10.3760
2001.1616 10.7643
2001.2452 10.8868
2001.3288 11.1744
2001.4123 11.3093
2001.4959 11.7009
2001.5808 12.0766
2001.6644 11.7838
2001.7479 11.6716
2001.8315 11.1479
2001.9151 10.9609
2002.0000 10.8106
2002.0808 11.0922
2002.1616 11.2825
2002.2452 11.4188
2002.3288 11.2989
2002.4123 11.5048
2002.4959 11.7377
2002.5808 11.7385
2002.6644 11.9287
2002.7479 12.1739
2002.8315 12.2108
2002.9151 12.5333
2003.0000 12.8183
2003.0808 13.4857
2003.1616 13.9165
2003.2452 14.1839
2003.3288 14.4547
2003.4123 14.5674
2003.4959 14.8202
2003.5808 14.7044
2003.6644 14.1477
2003.7479 13.8512
2003.8315 13.7248
2003.9151 13.7334
2004.0000 14.0118
2004.0808 14.2879
2004.1616 14.5566
2004.2452 14.4243
2004.3288 14.4834
2004.4123 14.4049
2004.4959 14.5636
2004.5808 14.3731
2004.6644 14.1965
2004.7479 14.0374
2004.8315 13.8254
2004.9151 13.7196
2005.0000 13.9472
2005.0808 14.4245
2005.1616 14.6630
2005.2452 14.6742
2005.3288 14.6798
2005.4123 14.8493
2005.4959 15.1177
2005.5808 15.3438
2005.6644 15.3566
2005.7479 15.5054
2005.8315 15.3401
2005.9151 15.6168
2006.0000 15.9418
2006.0808 16.8889
2006.1616 17.5672
2006.2452 17.4726
2006.3288 17.5680
2006.4123 17.2552
2006.4959 17.4379
2006.5808 17.5442
2006.6644 18.0331
2006.7479 18.1478
2006.8315 18.2177
2006.9151 18.5050
2007.0000 18.8804
2007.0808 19.7321
2007.1616 20.2002
2007.2452 20.6163
2007.3288 20.9170
2007.4123 21.2322
2007.4959 21.6106
2007.5808 21.9519
2007.6644 22.0429
2007.7479 21.9818
2007.8315 22.1355
2007.9151 22.5262
2008.0000 22.8580
2008.0808 23.4386
2008.1616 23.8547
2008.2452 24.0206
2008.3288 23.9689
2008.4123 23.7894
2008.4959 23.7397
2008.5808 23.7678
2008.6644 23.7929
2008.7479 23.4311
2008.8315 23.2571
2008.9151 23.1939
2009.0000 23.2759
2009.0808 23.6736
2009.1616 23.8361
2009.2452 23.7750
2009.3288 23.8298
2009.4123 23.6584
2009.4959 23.6089
2009.5808 23.7719
2009.6644 23.8824
2009.7479 23.6290
2009.8315 23.4089
2009.9151 23.4226
2010.0000 23.4866
2010.0808 23.7056
2010.1616 23.8214
2010.2452 23.7435
2010.3288 23.5654
2010.4123 23.1585
2010.4959 22.5986
2010.5808 22.1485
2010.6644 21.8179
2010.7479 21.5000
2010.8315 20.7826
2010.9151 20.1329
2011.0000 19.8763
2011.0808 19.9404
2011.1616 19.6502
2011.2452 19.2458
2011.3288 18.9731
2011.4123 18.3360
2011.4959 17.8364
2011.5808 17.6586
2011.6644 17.4948
2011.7479 17.0496
2011.8315 16.5246
2011.9151 15.9625
2012.0000 15.6941
2012.0808 15.8208
2012.1616 15.6294
2012.2452 15.2800
2012.3288 14.8917
2012.4123 14.4755
2012.4959 14.0497
2012.5808 13.5831
2012.6644 12.8322
2012.7479 12.3276
2012.8315 11.9619
2012.9151 11.5306
2013.0000 11.4304
2013.0808 11.3557
2013.1616 11.2728
2013.2452 11.0156
2013.3288 10.2814
2013.4123 9.8488
2013.4959 9.3554
2013.5808 8.8555
2013.6644 8.3859
2013.7479 7.8408
2013.8315 7.2733
2013.9151 6.8042
2014.0000 6.6067
2014.0808 6.6545
2014.1616 6.4627
2014.2452 5.9510
2014.3288 5.5257
2014.4123 4.9342
2014.4959 4.3628
2014.5808 3.6852
2014.6644 3.3308
2014.7479 2.9629
2014.8315 2.3214
2014.9151 1.9844
2015.0000 1.7920
2015.0808 1.8401
2015.1616 1.8119
2015.2452 1.4884
2015.3288 1.0886
2015.4123 0.8399
2015.4959 0.5226
2015.5808 0.1754
2015.6644 -0.2743
2015.7479 -0.5602
2015.8315 -0.9109
2015.9151 -1.2524
2016.0000 -1.5580
2016.0808 -1.4351
2016.1616 -1.4622
2016.2452 -1.8651
2016.3288 -2.1116
2016.4123 -2.2475
2016.4959 -2.7066
2016.5808 -2.8938
2016.6644 -3.1013
2016.7479 -4.1181
2016.8315 -4.4251
2016.9151 -4.5606
2017.0000 -4.4110
2017.0808 -4.3382
2017.1616 -3.9455
2017.2452 -3.9071
2017.3288 -3.7366
2017.4123 -3.9236
2017.4959 -3.9461
2017.5808 -4.2509
2017.6644 -4.4440
2017.7479 -5.0203
2017.8315 -5.4174
2017.9151 -5.4957
2018.0000 -5.5784
2018.0808 -5.4133
2018.1616 -5.2138
2018.2452 -5.6731
2018.3288 -6.0547
2018.4123 -6.3246
2018.4959 -6.5342
2018.5808 -6.9480
2018.6644 -7.4265
2018.7479 -8.0713
2018.8315 -8.3251
2018.9151 -8.8583
2019.0000 -9.2168
2019.0808 -9.1798
2019.1616 -9.1392
2019.2452 -9.4062
2019.3288 -10.0226
2019.4123 -10.4188
2019.4959 -10.7385
2019.5808 -10.9412
2019.6644 -11.1011
2019.7479 -11.3730
2019.8315 -11.9079
2019.9151 -12.1492
2020.0000 -12.0818
2020.0808 -11.3803
2020.1616 -10.7307
2020.2452 -10.6331
2020.3288 -10.8300
2020.4123 -10.6738
2020.4959 -10.5884
2020.5808 -10.3455
2020.6644 -10.2980
2020.7479 -10.2757
2020.8315 -10.2599
2020.9151 -10.4859
2021.0000 -10.2395
2021.0808 -9.6527
2021.1616 -9.3371
2021.2452 -9.3977
2021.3288 -9.4549
2021.4123 -9.6759
2021.4959 -9.7408
2021.5808 -9.7334
2021.6644 -9.7802
2021.7479 -10.2991
2021.8315 -10.7847
2021.9151 -11.0968
2022.0000 -11.3069
2022.0808 -11.0742
2022.1616 -10.9018
2022.2452 -11.0217
2022.3288 -11.1032
2022.4123 -11.3282
2022.4959 -11.7580
2022.5808 -11.9965
2022.6644 -12.4563
2022.7479 -13.0824
2022.8315 -13.6456
2022.9151 -14.3738
2023.0000 -14.4172
