1998.0808 3.3974
1998.1616 3.9197
1998.2452 4.1561
1998.3288 2.3985
1998.4123 2.4319
1998.4959 1.8323
1998.5808 1.8154
1998.6644 1.5421
1998.7479 1.0688
1998.8315 0.8944
1998.9151 0.9237
1999.0000 1.4971
1999.0808 1.7171
1999.1616 1.7910
1999.2452 1.2179
1999.3288 0.1488
1999.4123 -0.8049
1999.4959 -0.9464
1999.5808 -1.6157
1999.6644 -1.7637
1999.7479 -1.9977
1999.8315 -2.7326
1999.9151 -3.0641
2000.0000 -3.1246
2000.0808 -3.0634
2000.1616 -3.3815
2000.2452 -3.4707
2000.3288 -3.8978
2000.4123 -4.5546
2000.4959 -4.9405
2000.5808 -5.2086
2000.6644 -5.1269
2000.7479 -5.0856
2000.8315 -4.8654
2000.9151 -4.2457
2001.0000 -3.5289
2001.0808 -2.6122
2001.1616 -1.8697
2001.2452 -1.7386
2001.3288 -1.3610
2001.4123 -1.6038
2001.4959 -1.2100
2001.5808 -0.8463
2001.6644 -1.8082
2001.7479 -2.6227
2001.8315 -3.8561
2001.9151 -4.2369
2002.0000 -4.8371
2002.0808 -4.6116
2002.1616 -5.2701
2002.2452 -5.0594
2002.3288 -5.4459
2002.4123 -5.0365
2002.4959 -4.6242
2002.5808 -4.5761
2002.6644 -4.4479
2002.7479 -3.8596
2002.8315 -3.5058
2002.9151 -2.7253
2003.0000 -2.3078
2003.0808 -1.4013
2003.1616 -1.1234
2003.2452 -1.1113
2003.3288 -0.9814
2003.4123 -0.8373
2003.4959 -0.2867
2003.5808 -0.9655
2003.6644 -1.8397
2003.7479 -2.3419
2003.8315 -2.4806
2003.9151 -2.0488
2004.0000 -1.2009
2004.0808 -0.5604
2004.1616 -0.6090
2004.2452 -0.6919
2004.3288 -0.4366
2004.4123 -0.6953
2004.4959 -0.2195
2004.5808 -0.7920
2004.6644 -1.5329
2004.7479 -1.6894
2004.8315 -2.0278
2004.9151 -2.3540
2005.0000 -1.7389
2005.0808 -0.7860
2005.1616 -1.0415
2005.2452 -1.1653
2005.3288 -1.0085
2005.4123 -0.8889
2005.4959 -0.2226
2005.5808 0.1664
2005.6644 -0.0429
2005.7479 0.1898
2005.8315 -0.3867
2005.9151 -0.0690
2006.0000 0.2301
2006.0808 0.8048
2006.1616 1.2916
2006.2452 0.9865
2006.3288 0.8394
2006.4123 -0.3650
2006.4959 -0.7005
2006.5808 -1.3192
2006.6644 -0.5638
2006.7479 -0.7990
2006.8315 -1.3251
2006.9151 -0.8799
2007.0000 -0.4690
2007.0808 0.4367
2007.1616 1.0405
2007.2452 1.4324
2007.3288 2.0512
2007.4123 2.0629
2007.4959 2.7669
2007.5808 3.3524
2007.6644 3.4176
2007.7479 2.7081
2007.8315 3.0076
2007.9151 3.7108
2008.0000 3.9951
2008.0808 4.4555
2008.1616 4.5445
2008.2452 4.5431
2008.3288 4.3224
2008.4123 3.3092
2008.4959 2.8654
2008.5808 2.9207
2008.6644 2.9989
2008.7479 1.7375
2008.8315 1.3663
2008.9151 1.1002
2009.0000 0.8882
2009.0808 1.2688
2009.1616 1.7470
2009.2452 1.4864
2009.3288 1.8261
2009.4123 1.6743
2009.4959 1.7021
2009.5808 2.1478
2009.6644 2.3943
2009.7479 2.1978
2009.8315 2.2789
2009.9151 2.8415
2010.0000 3.3811
2010.0808 4.3182
2010.1616 5.1300
2010.2452 5.4583
2010.3288 5.6735
2010.4123 5.0564
2010.4959 4.1725
2010.5808 3.5284
2010.6644 3.6152
2010.7479 3.2311
2010.8315 2.1910
2010.9151 1.2533
2011.0000 1.6816
2011.0808 2.2806
2011.1616 2.0212
2011.2452 2.0608
2011.3288 2.4404
2011.4123 1.9907
2011.4959 2.0927
2011.5808 2.6619
2011.6644 2.8077
2011.7479 2.6713
2011.8315 2.4098
2011.9151 2.6086
2012.0000 2.6335
2012.0808 3.1120
2012.1616 3.4102
2012.2452 3.4341
2012.3288 3.7122
2012.4123 3.6887
2012.4959 3.7147
2012.5808 3.7677
2012.6644 3.3180
2012.7479 2.9505
2012.8315 3.2716
2012.9151 3.6762
2013.0000 4.6662
2013.0808 5.4379
2013.1616 5.8576
2013.2452 5.5841
2013.3288 4.6082
2013.4123 4.7288
2013.4959 4.8657
2013.5808 4.9154
2013.6644 5.0226
2013.7479 4.6361
2013.8315 4.6530
2013.9151 4.8760
2014.0000 5.7391
2014.0808 6.4449
2014.1616 6.6320
2014.2452 6.7694
2014.3288 6.4255
2014.4123 6.1864
2014.4959 5.7789
2014.5808 5.0128
2014.6644 5.0873
2014.7479 5.2727
2014.8315 4.7878
2014.9151 5.2546
2015.0000 5.9355
2015.0808 6.2175
2015.1616 6.5904
2015.2452 5.9829
2015.3288 5.3904
2015.4123 5.7665
2015.4959 6.0400
2015.5808 6.2463
2015.6644 5.9255
2015.7479 6.0499
2015.8315 5.5480
2015.9151 5.5409
2016.0000 5.7614
2016.0808 5.9381
2016.1616 5.9616
2016.2452 5.5199
2016.3288 5.2377
2016.4123 4.6112
2016.4959 3.6692
2016.5808 3.0858
2016.6644 3.0415
2016.7479 1.0192
2016.8315 0.2173
2016.9151 0.3294
2017.0000 0.8574
2017.0808 1.4309
2017.1616 2.0601
2017.2452 1.6510
2017.3288 1.8270
2017.4123 1.3968
2017.4959 1.2427
2017.5808 0.9345
2017.6644 0.6509
2017.7479 -0.1266
2017.8315 -0.5516
2017.9151 -0.4925
2018.0000 -0.1845
2018.0808 0.3795
2018.1616 0.7440
2018.2452 0.3917
2018.3288 0.0560
2018.4123 -0.0957
2018.4959 -0.4056
2018.5808 -1.0516
2018.6644 -1.4984
2018.7479 -2.1495
2018.8315 -2.4903
2018.9151 -2.9040
2019.0000 -3.0279
2019.0808 -2.3028
2019.1616 -1.8453
2019.2452 -1.9864
2019.3288 -2.3685
2019.4123 -2.5188
2019.4959 -2.4784
2019.5808 -2.2222
2019.6644 -1.7632
2019.7479 -1.8707
2019.8315 -2.3729
2019.9151 -2.2296
2020.0000 -1.2696
2020.0808 -0.2353
2020.1616 0.6753
2020.2452 0.8179
2020.3288 0.2001
2020.4123 0.2570
2020.4959 0.3376
2020.5808 0.5694
2020.6644 0.6240
2020.7479 0.9228
2020.8315 0.7333
2020.9151 -0.0589
2021.0000 -0.0071
2021.0808 0.2941
2021.1616 -0.1852
2021.2452 -0.7610
2021.3288 -1.2303
2021.4123 -2.2304
2021.4959 -2.9098
2021.5808 -3.0215
2021.6644 -3.5820
2021.7479 -4.6874
2021.8315 -5.6316
2021.9151 -6.4070
2022.0000 -7.5068
2022.0808 -7.5231
2022.1616 -7.9777
2022.2452 -8.5086
2022.3288 -8.7204
2022.4123 -9.5787
2022.4959 -10.5142
2022.5808 -11.3862
2022.6644 -12.6692
2022.7479 -14.1664
2022.8315 -15.1132
2022.9151 -16.3406
2023.0000 -16.4220
