1998.0808 1.9639
1998.1616 3.3911
1998.2452 3.4072
1998.3288 2.6872
1998.4123 3.0164
1998.4959 2.7374
1998.5808 2.3574
1998.6644 2.2008
1998.7479 2.0479
1998.8315 1.8518
1998.9151 1.8217
1999.0000 2.1949
1999.0808 2.9008
1999.1616 2.8431
1999.2452 2.2743
1999.3288 1.7880
1999.4123 1.4905
1999.4959 1.3099
1999.5808 0.7431
1999.6644 0.7063
1999.7479 0.7295
1999.8315 0.6329
1999.9151 0.4838
2000.0000 0.8299
2000.0808 1.4310
2000.1616 2.2302
2000.2452 2.4746
2000.3288 2.0879
2000.4123 1.9038
2000.4959 1.8116
2000.5808 1.8413
2000.6644 2.0104
2000.7479 2.1686
2000.8315 2.2309
2000.9151 2.4988
2001.0000 2.7639
2001.0808 3.1936
2001.1616 3.2611
2001.2452 2.7990
2001.3288 2.8281
2001.4123 2.6254
2001.4959 2.8289
2001.5808 3.0046
2001.6644 2.0567
2001.7479 1.6728
2001.8315 0.6511
2001.9151 0.4585
2002.0000 0.2263
2002.0808 0.6776
2002.1616 0.9539
2002.2452 0.9953
2002.3288 0.6836
2002.4123 0.9725
2002.4959 1.2735
2002.5808 1.1948
2002.6644 1.4338
2002.7479 1.6332
2002.8315 1.5110
2002.9151 1.8658
2003.0000 2.1472
2003.0808 2.9457
2003.1616 3.1665
2003.2452 3.1515
2003.3288 3.1285
2003.4123 2.8957
2003.4959 2.9119
2003.5808 2.3687
2003.6644 1.1872
2003.7479 0.7651
2003.8315 0.6763
2003.9151 0.7590
2004.0000 1.2599
2004.0808 1.6537
2004.1616 1.9769
2004.2452 1.5590
2004.3288 1.5802
2004.4123 1.3725
2004.4959 1.5711
2004.5808 1.2517
2004.6644 0.9262
2004.7479 0.7570
2004.8315 0.4820
2004.9151 0.4193
2005.0000 0.8474
2005.0808 1.5930
2005.1616 1.9847
2005.2452 1.7888
2005.3288 1.6844
2005.4123 1.8384
2005.4959 2.1673
2005.5808 2.3603
2005.6644 2.2426
2005.7479 2.2971
2005.8315 1.8408
2005.9151 2.1595
2006.0000 2.4307
2006.0808 4.2066
2006.1616 5.1571
2006.2452 4.2416
2006.3288 4.0170
2006.4123 3.1362
2006.4959 3.2498
2006.5808 3.1311
2006.6644 3.6238
2006.7479 3.4152
2006.8315 3.2720
2006.9151 3.4059
2007.0000 3.5814
2007.0808 4.6309
2007.1616 4.8126
2007.2452 4.9510
2007.3288 4.8650
2007.4123 4.8642
2007.4959 4.9738
2007.5808 5.0209
2007.6644 4.7040
2007.7479 4.1608
2007.8315 4.1351
2007.9151 4.4552
2008.0000 4.6659
2008.0808 5.3103
2008.1616 5.4744
2008.2452 5.1575
2008.3288 4.6639
2008.4123 4.0180
2008.4959 3.7116
2008.5808 3.6234
2008.6644 3.5746
2008.7479 2.9352
2008.8315 2.6378
2008.9151 2.5202
2009.0000 2.5869
2009.0808 3.1686
2009.1616 3.2406
2009.2452 2.9710
2009.3288 2.9549
2009.4123 2.6166
2009.4959 2.5183
2009.5808 2.8480
2009.6644 3.0071
2009.7479 2.5392
2009.8315 2.3164
2009.9151 2.5120
2010.0000 2.7032
2010.0808 3.0395
2010.1616 3.2254
2010.2452 3.0903
2010.3288 2.8436
2010.4123 2.3565
2010.4959 1.6811
2010.5808 1.2864
2010.6644 1.1198
2010.7479 1.0154
2010.8315 0.3058
2010.9151 -0.3218
2011.0000 -0.2540
2011.0808 0.2412
2011.1616 0.0775
2011.2452 -0.1526
2011.3288 -0.0956
2011.4123 -0.6160
2011.4959 -0.8388
2011.5808 -0.4658
2011.6644 -0.1713
2011.7479 -0.4475
2011.8315 -0.7550
2011.9151 -1.0665
2012.0000 -0.8606
2012.0808 -0.1323
2012.1616 -0.0298
2012.2452 -0.2414
2012.3288 -0.4069
2012.4123 -0.5619
2012.4959 -0.7261
2012.5808 -0.8982
2012.6644 -1.5637
2012.7479 -1.6823
2012.8315 -1.5768
2012.9151 -1.5893
2013.0000 -1.0451
2013.0808 -0.4940
2013.1616 -0.0663
2013.2452 -0.0839
2013.3288 -0.8305
2013.4123 -0.9317
2013.4959 -1.1041
2013.5808 -1.3117
2013.6644 -1.4035
2013.7479 -1.6326
2013.8315 -1.8781
2013.9151 -1.8900
2014.0000 -1.4877
2014.0808 -0.8665
2014.1616 -0.6463
2014.2452 -0.9151
2014.3288 -1.0820
2014.4123 -1.5187
2014.4959 -1.8780
2014.5808 -2.3060
2014.6644 -2.2171
2014.7479 -2.1237
2014.8315 -2.4796
2014.9151 -2.3483
2015.0000 -2.0021
2015.0808 -1.2858
2015.1616 -0.9538
2015.2452 -1.0085
2015.3288 -1.2243
2015.4123 -1.2080
2015.4959 -1.3156
2015.5808 -1.3783
2015.6644 -1.6443
2015.7479 -1.5998
2015.8315 -1.7003
2015.9151 -1.7479
2016.0000 -1.7696
2016.0808 -0.8974
2016.1616 -0.5873
2016.2452 -0.8883
2016.3288 -0.9518
2016.4123 -0.7360
2016.4959 -1.2233
2016.5808 -1.1656
2016.6644 -1.2110
2016.7479 -2.5254
2016.8315 -2.4780
2016.9151 -2.0839
2017.0000 -1.3673
2017.0808 -1.0980
2017.1616 -0.2031
2017.2452 -0.0389
2017.3288 0.2275
2017.4123 -0.1273
2017.4959 -0.1615
2017.5808 -0.5938
2017.6644 -0.7866
2017.7479 -1.5331
2017.8315 -1.8931
2017.9151 -1.6317
2018.0000 -1.5935
2018.0808 -1.1574
2018.1616 -0.6848
2018.2452 -1.3220
2018.3288 -1.6883
2018.4123 -1.7673
2018.4959 -1.8028
2018.5808 -2.1003
2018.6644 -2.4888
2018.7479 -3.0401
2018.8315 -2.9296
2018.9151 -3.2681
2019.0000 -3.3689
2019.0808 -2.8879
2019.1616 -2.4355
2019.2452 -2.4872
2019.3288 -3.1219
2019.4123 -3.2640
2019.4959 -3.2685
2019.5808 -3.1136
2019.6644 -2.9456
2019.7479 -3.0017
2019.8315 -3.4598
2019.9151 -3.3600
2020.0000 -2.9200
2020.0808 -1.5720
2020.1616 -0.1859
2020.2452 -0.0649
2020.3288 -0.5907
2020.4123 -0.3910
2020.4959 -0.3687
2020.5808 -0.0992
2020.6644 -0.1811
2020.7479 -0.1986
2020.8315 -0.2607
2020.9151 -0.7736
2021.0000 -0.4871
2021.0808 0.7307
2021.1616 1.1955
2021.2452 0.6327
2021.3288 0.2610
2021.4123 -0.2834
2021.4959 -0.5989
2021.5808 -0.7012
2021.6644 -0.8514
2021.7479 -1.6492
2021.8315 -2.2462
2021.9151 -2.5596
2022.0000 -2.6885
2022.0808 -2.1580
2022.1616 -1.7672
2022.2452 -1.9286
2022.3288 -2.0427
2022.4123 -2.3451
2022.4959 -2.8836
2022.5808 -3.0846
2022.6644 -3.6675
2022.7479 -4.3677
2022.8315 -4.9424
2022.9151 -5.6488
2023.0000 -5.1260
