1998.0808 4.2204
1998.1616 5.9322
1998.2452 6.6043
1998.3288 4.7685
1998.4123 5.5734
1998.4959 5.3503
1998.5808 5.0129
1998.6644 4.9019
1998.7479 4.5335
1998.8315 4.3483
1998.9151 4.3554
1999.0000 5.1874
1999.0808 5.9678
1999.1616 6.0550
1999.2452 4.9304
1999.3288 3.5760
1999.4123 2.6669
1999.4959 2.2310
1999.5808 0.7963
1999.6644 0.2361
1999.7479 0.2098
1999.8315 -0.3291
1999.9151 -0.7832
2000.0000 -0.6040
2000.0808 -0.1847
2000.1616 0.4469
2000.2452 0.7477
2000.3288 -0.1010
2000.4123 -0.6450
2000.4959 -0.9258
2000.5808 -0.6331
2000.6644 -0.0996
2000.7479 0.4554
2000.8315 0.9983
2000.9151 2.0362
2001.0000 3.1686
2001.0808 4.5818
2001.1616 5.5364
2001.2452 5.3915
2001.3288 5.8394
2001.4123 5.8277
2001.4959 6.5777
2001.5808 7.1939
2001.6644 4.8558
2001.7479 3.8835
2001.8315 0.8404
2001.9151 0.0634
2002.0000 -1.1622
2002.0808 -0.9989
2002.1616 -1.5635
2002.2452 -1.4172
2002.3288 -1.7246
2002.4123 -0.9917
2002.4959 -0.2933
2002.5808 -0.1703
2002.6644 0.5770
2002.7479 1.5297
2002.8315 1.5907
2002.9151 2.7623
2003.0000 3.2360
2003.0808 4.9223
2003.1616 5.6138
2003.2452 6.1151
2003.3288 6.4413
2003.4123 6.5013
2003.4959 6.9708
2003.5808 6.0698
2003.6644 3.3454
2003.7479 2.1498
2003.8315 1.7832
2003.9151 1.8802
2004.0000 2.9309
2004.0808 3.7092
2004.1616 3.9911
2004.2452 3.2337
2004.3288 3.6182
2004.4123 3.3468
2004.4959 4.0312
2004.5808 3.5133
2004.6644 2.5844
2004.7479 2.4021
2004.8315 1.6200
2004.9151 1.2014
2005.0000 1.9631
2005.0808 3.2246
2005.1616 2.8918
2005.2452 2.7822
2005.3288 3.1304
2005.4123 3.8211
2005.4959 5.0750
2005.5808 5.9769
2005.6644 5.9730
2005.7479 6.5529
2005.8315 5.3348
2005.9151 6.2479
2006.0000 6.9696
2006.0808 8.8951
2006.1616 10.3892
2006.2452 9.3088
2006.3288 9.3325
2006.4123 7.0450
2006.4959 7.3661
2006.5808 6.9356
2006.6644 8.2312
2006.7479 7.9030
2006.8315 7.5080
2006.9151 8.0437
2007.0000 8.6720
2007.0808 10.3779
2007.1616 11.3202
2007.2452 12.2326
2007.3288 12.9741
2007.4123 13.4954
2007.4959 14.5604
2007.5808 15.3004
2007.6644 15.1565
2007.7479 14.1831
2007.8315 14.5502
2007.9151 15.5967
2008.0000 16.1900
2008.0808 17.0610
2008.1616 17.3947
2008.2452 17.2059
2008.3288 16.7842
2008.4123 15.4366
2008.4959 14.8526
2008.5808 14.7639
2008.6644 14.6480
2008.7479 12.9233
2008.8315 12.2918
2008.9151 11.4490
2009.0000 10.7577
2009.0808 11.1971
2009.1616 11.5487
2009.2452 11.1238
2009.3288 11.2771
2009.4123 11.0687
2009.4959 11.2332
2009.5808 12.0763
2009.6644 12.7530
2009.7479 11.7640
2009.8315 11.4295
2009.9151 12.0640
2010.0000 12.5998
2010.0808 13.6449
2010.1616 14.6289
2010.2452 14.6623
2010.3288 14.5582
2010.4123 13.7227
2010.4959 12.0346
2010.5808 10.8494
2010.6644 10.5636
2010.7479 10.3981
2010.8315 8.4374
2010.9151 6.3284
2011.0000 6.3903
2011.0808 7.0578
2011.1616 6.1140
2011.2452 5.9401
2011.3288 6.2745
2011.4123 5.2836
2011.4959 4.8429
2011.5808 5.7602
2011.6644 6.5080
2011.7479 6.1940
2011.8315 5.2994
2011.9151 4.5578
2012.0000 4.1582
2012.0808 4.9106
2012.1616 5.0539
2012.2452 4.8430
2012.3288 5.0063
2012.4123 5.1082
2012.4959 5.0003
2012.5808 4.9921
2012.6644 3.6542
2012.7479 3.2036
2012.8315 3.4289
2012.9151 3.5087
2013.0000 4.6914
2013.0808 5.6017
2013.1616 6.2840
2013.2452 5.9350
2013.3288 4.2105
2013.4123 4.2094
2013.4959 4.0497
2013.5808 3.6886
2013.6644 3.7091
2013.7479 2.8799
2013.8315 2.4556
2013.9151 2.2881
2014.0000 3.2355
2014.0808 4.3963
2014.1616 4.7022
2014.2452 4.5428
2014.3288 4.3981
2014.4123 4.2015
2014.4959 3.6619
2014.5808 2.4229
2014.6644 2.6618
2014.7479 3.0140
2014.8315 2.1207
2014.9151 2.5351
2015.0000 3.4323
2015.0808 4.2477
2015.1616 4.9237
2015.2452 4.5340
2015.3288 4.0156
2015.4123 4.5924
2015.4959 4.7321
2015.5808 4.8824
2015.6644 4.2343
2015.7479 4.3592
2015.8315 4.0186
2015.9151 4.0649
2016.0000 4.0336
2016.0808 4.6362
2016.1616 5.2196
2016.2452 4.5075
2016.3288 4.3488
2016.4123 4.9297
2016.4959 3.9009
2016.5808 4.0008
2016.6644 4.0511
2016.7479 0.2819
2016.8315 0.0406
2016.9151 0.3375
2017.0000 1.4869
2017.0808 2.0252
2017.1616 3.1911
2017.2452 3.1238
2017.3288 3.9518
2017.4123 3.6677
2017.4959 3.7652
2017.5808 2.9886
2017.6644 2.7727
2017.7479 0.6291
2017.8315 0.0390
2017.9151 0.3627
2018.0000 0.4754
2018.0808 1.2152
2018.1616 1.9195
2018.2452 0.8356
2018.3288 0.2309
2018.4123 -0.0112
2018.4959 -0.0891
2018.5808 -1.0367
2018.6644 -1.7822
2018.7479 -3.3508
2018.8315 -3.3241
2018.9151 -4.4332
2019.0000 -5.0532
2019.0808 -4.2951
2019.1616 -3.5391
2019.2452 -3.7358
2019.3288 -4.9141
2019.4123 -5.3341
2019.4959 -5.2038
2019.5808 -4.6760
2019.6644 -3.8874
2019.7479 -4.0072
2019.8315 -4.8074
2019.9151 -4.6640
2020.0000 -3.6364
2020.0808 -1.5916
2020.1616 0.4140
2020.2452 0.8306
2020.3288 -0.2525
2020.4123 0.4101
2020.4959 0.8256
2020.5808 1.7879
2020.6644 2.1168
2020.7479 2.6708
2020.8315 2.8677
2020.9151 1.3884
2021.0000 1.4340
2021.0808 2.3404
2021.1616 1.5636
2021.2452 0.6189
2021.3288 -0.2837
2021.4123 -2.1871
2021.4959 -3.2713
2021.5808 -3.3661
2021.6644 -3.8097
2021.7479 -6.0007
2021.8315 -7.6013
2021.9151 -9.2780
2022.0000 -11.0074
2022.0808 -10.8652
2022.1616 -10.9148
2022.2452 -11.6354
2022.3288 -11.9090
2022.4123 -12.7058
2022.4959 -13.9372
2022.5808 -14.8415
2022.6644 -16.8663
2022.7479 -19.1006
2022.8315 -20.9899
2022.9151 -23.6838
2023.0000 -24.0329
