1998.0808 1.5503
1998.1616 2.1603
1998.2452 2.1352
1998.3288 1.2340
1998.4123 1.4472
1998.4959 1.1779
1998.5808 1.0244
1998.6644 0.9517
1998.7479 0.7905
1998.8315 0.7072
1998.9151 0.7033
1999.0000 1.0058
1999.0808 1.3769
1999.1616 1.3023
1999.2452 0.8586
1999.3288 0.3798
1999.4123 0.0386
1999.4959 -0.0159
1999.5808 -0.3921
1999.6644 -0.3739
1999.7479 -0.3123
1999.8315 -0.5067
1999.9151 -0.6067
2000.0000 -0.4050
2000.0808 -0.1438
2000.1616 0.1112
2000.2452 0.2052
2000.3288 -0.0571
2000.4123 -0.2663
2000.4959 -0.3557
2000.5808 -0.3345
2000.6644 -0.1744
2000.7479 -0.0164
2000.8315 0.0890
2000.9151 0.3991
2001.0000 0.6750
2001.0808 1.1016
2001.1616 1.2503
2001.2452 1.0068
2001.3288 1.0921
2001.4123 0.8929
2001.4959 1.0871
2001.5808 1.2434
2001.6644 0.4977
2001.7479 0.1371
2001.8315 -0.6811
2001.9151 -0.8037
2002.0000 -1.0116
2002.0808 -0.6764
2002.1616 -0.6548
2002.2452 -0.5330
2002.3288 -0.7051
2002.4123 -0.4298
2002.4959 -0.1602
2002.5808 -0.1634
2002.6644 0.0331
2002.7479 0.2866
2002.8315 0.2960
2002.9151 0.6323
2003.0000 0.8068
2003.0808 1.3738
2003.1616 1.5155
2003.2452 1.4534
2003.3288 1.4372
2003.4123 1.3430
2003.4959 1.4615
2003.5808 1.0371
2003.6644 0.2297
2003.7479 -0.0640
2003.8315 -0.0999
2003.9151 0.0446
2004.0000 0.4908
2004.0808 0.8316
2004.1616 0.9183
2004.2452 0.6670
2004.3288 0.7189
2004.4123 0.5563
2004.4959 0.7638
2004.5808 0.4603
2004.6644 0.1449
2004.7479 0.0473
2004.8315 -0.1431
2004.9151 -0.2495
2005.0000 0.1236
2005.0808 0.7139
2005.1616 0.7553
2005.2452 0.6687
2005.3288 0.6878
2005.4123 0.8262
2005.4959 1.1730
2005.5808 1.3794
2005.6644 1.2642
2005.7479 1.3525
2005.8315 0.9186
2005.9151 1.1682
2006.0000 1.3570
2006.0808 2.1847
2006.1616 2.6163
2006.2452 2.0552
2006.3288 1.9150
2006.4123 1.1616
2006.4959 1.1756
2006.5808 1.0011
2006.6644 1.4868
2006.7479 1.3419
2006.8315 1.1304
2006.9151 1.3063
2007.0000 1.4858
2007.0808 2.1845
2007.1616 2.3821
2007.2452 2.5103
2007.3288 2.6010
2007.4123 2.5873
2007.4959 2.7918
2007.5808 2.9334
2007.6644 2.7709
2007.7479 2.3140
2007.8315 2.3690
2007.9151 2.7064
2008.0000 2.8039
2008.0808 3.1622
2008.1616 3.2544
2008.2452 3.0575
2008.3288 2.7933
2008.4123 2.2426
2008.4959 2.0723
2008.5808 2.0911
2008.6644 2.1292
2008.7479 1.5298
2008.8315 1.3457
2008.9151 1.2419
2009.0000 1.2178
2009.0808 1.6103
2009.1616 1.7713
2009.2452 1.6058
2009.3288 1.7262
2009.4123 1.5473
2009.4959 1.5476
2009.5808 1.8414
2009.6644 1.9907
2009.7479 1.6760
2009.8315 1.5711
2009.9151 1.7693
2010.0000 1.9679
2010.0808 2.3224
2010.1616 2.5660
2010.2452 2.5294
2010.3288 2.4257
2010.4123 2.0496
2010.4959 1.5013
2010.5808 1.1441
2010.6644 1.1211
2010.7479 1.0048
2010.8315 0.4386
2010.9151 -0.1290
2011.0000 0.0140
2011.0808 0.4396
2011.1616 0.2542
2011.2452 0.2005
2011.3288 0.3653
2011.4123 0.0523
2011.4959 0.0101
2011.5808 0.3743
2011.6644 0.5703
2011.7479 0.4092
2011.8315 0.1847
2011.9151 0.0770
2012.0000 0.1631
2012.0808 0.6773
2012.1616 0.7355
2012.2452 0.6140
2012.3288 0.6434
2012.4123 0.5741
2012.4959 0.4780
2012.5808 0.4244
2012.6644 0.0219
2012.7479 -0.1099
2012.8315 0.0290
2012.9151 0.1076
2013.0000 0.5980
2013.0808 0.9519
2013.1616 1.1574
2013.2452 1.0260
2013.3288 0.3778
2013.4123 0.4003
2013.4959 0.3684
2013.5808 0.2888
2013.6644 0.2904
2013.7479 0.0714
2013.8315 -0.0006
2013.9151 0.0404
2014.0000 0.4355
2014.0808 0.8827
2014.1616 0.9864
2014.2452 0.8385
2014.3288 0.6631
2014.4123 0.4134
2014.4959 0.1964
2014.5808 -0.2014
2014.6644 -0.0985
2014.7479 0.0275
2014.8315 -0.2794
2014.9151 -0.0839
2015.0000 0.2533
2015.0808 0.6012
2015.1616 0.8472
2015.2452 0.6027
2015.3288 0.3463
2015.4123 0.4733
2015.4959 0.5072
2015.5808 0.5415
2015.6644 0.3265
2015.7479 0.4016
2015.8315 0.2439
2015.9151 0.2301
2016.0000 0.2045
2016.0808 0.6245
2016.1616 0.7564
2016.2452 0.4848
2016.3288 0.4096
2016.4123 0.3550
2016.4959 -0.0531
2016.5808 -0.1125
2016.6644 -0.0811
2016.7479 -1.2331
2016.8315 -1.2996
2016.9151 -1.0643
2017.0000 -0.5445
2017.0808 -0.3109
2017.1616 0.2326
2017.2452 0.1527
2017.3288 0.3593
2017.4123 0.0860
2017.4959 0.0667
2017.5808 -0.1718
2017.6644 -0.3259
2017.7479 -0.8678
2017.8315 -1.1092
2017.9151 -0.9171
2018.0000 -0.8638
2018.0808 -0.4766
2018.1616 -0.1899
2018.2452 -0.6070
2018.3288 -0.8326
2018.4123 -0.8559
2018.4959 -0.9053
2018.5808 -1.1716
2018.6644 -1.3943
2018.7479 -1.7599
2018.8315 -1.7252
2018.9151 -1.9868
2019.0000 -2.0741
2019.0808 -1.6373
2019.1616 -1.2942
2019.2452 -1.3608
2019.3288 -1.7626
2019.4123 -1.8244
2019.4959 -1.7851
2019.5808 -1.6260
2019.6644 -1.4084
2019.7479 -1.4791
2019.8315 -1.8275
2019.9151 -1.8196
2020.0000 -1.3871
2020.0808 -0.5403
2020.1616 0.1511
2020.2452 0.1089
2020.3288 -0.3545
2020.4123 -0.2304
2020.4959 -0.2077
2020.5808 -0.0221
2020.6644 -0.0454
2020.7479 0.0374
2020.8315 -0.0542
2020.9151 -0.5793
2021.0000 -0.4965
2021.0808 0.0381
2021.1616 -0.0125
2021.2452 -0.4026
2021.3288 -0.6622
2021.4123 -1.2201
2021.4959 -1.4755
2021.5808 -1.4545
2021.6644 -1.5674
2021.7479 -2.1523
2021.8315 -2.6142
2021.9151 -2.8995
2022.0000 -3.1397
2022.0808 -2.7912
2022.1616 -2.6766
2022.2452 -2.8060
2022.3288 -2.8204
2022.4123 -3.0945
2022.4959 -3.4903
2022.5808 -3.7222
2022.6644 -4.2240
2022.7479 -4.8122
2022.8315 -5.2447
2022.9151 -5.7857
2023.0000 -5.4587
