1998.0808 1.4239
1998.1616 2.6565
1998.2452 2.9713
1998.3288 1.2219
1998.4123 1.5431
1998.4959 0.9686
1998.5808 0.5738
1998.6644 0.4337
1998.7479 0.0477
1998.8315 -0.2503
1998.9151 -0.3377
1999.0000 0.1499
1999.0808 0.6418
1999.1616 0.3900
1999.2452 -0.2597
1999.3288 -1.3710
1999.4123 -2.2883
1999.4959 -2.6752
1999.5808 -3.6405
1999.6644 -3.8514
1999.7479 -4.0057
1999.8315 -4.6791
1999.9151 -5.0656
2000.0000 -5.0793
2000.0808 -5.1388
2000.1616 -5.1579
2000.2452 -5.0267
2000.3288 -5.5033
2000.4123 -6.0591
2000.4959 -6.4218
2000.5808 -6.3797
2000.6644 -6.1676
2000.7479 -5.8672
2000.8315 -5.7001
2000.9151 -4.9554
2001.0000 -4.3141
2001.0808 -3.3222
2001.1616 -2.7973
2001.2452 -2.9757
2001.3288 -2.5578
2001.4123 -2.7160
2001.4959 -2.1712
2001.5808 -1.6398
2001.6644 -2.8357
2001.7479 -3.5298
2001.8315 -5.1237
2001.9151 -5.8043
2002.0000 -6.5331
2002.0808 -6.5171
2002.1616 -7.0359
2002.2452 -7.1120
2002.3288 -7.6957
2002.4123 -7.3479
2002.4959 -6.9170
2002.5808 -6.7448
2002.6644 -6.1764
2002.7479 -5.3668
2002.8315 -5.0030
2002.9151 -4.0586
2003.0000 -3.4418
2003.0808 -2.4231
2003.1616 -1.9788
2003.2452 -1.8061
2003.3288 -1.4709
2003.4123 -1.3119
2003.4959 -0.7791
2003.5808 -1.4550
2003.6644 -2.8387
2003.7479 -3.5216
2003.8315 -3.8291
2003.9151 -3.7840
2004.0000 -3.0051
2004.0808 -2.3769
2004.1616 -2.2180
2004.2452 -2.5115
2004.3288 -2.2751
2004.4123 -2.3625
2004.4959 -1.8060
2004.5808 -2.2131
2004.6644 -2.9229
2004.7479 -3.2199
2004.8315 -3.5485
2004.9151 -3.9314
2005.0000 -3.4328
2005.0808 -2.3690
2005.1616 -2.2985
2005.2452 -2.2631
2005.3288 -2.1394
2005.4123 -1.7490
2005.4959 -0.8728
2005.5808 -0.1078
2005.6644 -0.0014
2005.7479 0.4857
2005.8315 -0.0935
2005.9151 0.5577
2006.0000 0.9197
2006.0808 2.4256
2006.1616 3.3125
2006.2452 2.6401
2006.3288 2.5209
2006.4123 1.2187
2006.4959 1.1371
2006.5808 0.6563
2006.6644 1.5574
2006.7479 1.3276
2006.8315 0.9116
2006.9151 1.1649
2007.0000 1.3653
2007.0808 2.6483
2007.1616 3.2617
2007.2452 3.6212
2007.3288 4.1603
2007.4123 4.4368
2007.4959 5.1138
2007.5808 5.7535
2007.6644 5.7916
2007.7479 5.2080
2007.8315 5.4035
2007.9151 6.1796
2008.0000 6.5431
2008.0808 7.3543
2008.1616 7.8390
2008.2452 7.5815
2008.3288 7.1786
2008.4123 6.0695
2008.4959 5.6631
2008.5808 5.7045
2008.6644 5.9066
2008.7479 4.9159
2008.8315 4.4652
2008.9151 4.0826
2009.0000 3.7953
2009.0808 4.0445
2009.1616 4.3073
2009.2452 3.9993
2009.3288 4.3403
2009.4123 3.9475
2009.4959 3.9179
2009.5808 4.5463
2009.6644 5.0546
2009.7479 4.7210
2009.8315 4.6381
2009.9151 5.0210
2010.0000 5.5096
2010.0808 6.2374
2010.1616 6.9906
2010.2452 7.3116
2010.3288 7.5334
2010.4123 7.0410
2010.4959 6.1107
2010.5808 5.3504
2010.6644 5.3143
2010.7479 5.0144
2010.8315 3.9477
2010.9151 2.5447
2011.0000 2.2393
2011.0808 2.6605
2011.1616 2.1320
2011.2452 1.8887
2011.3288 2.0924
2011.4123 1.5646
2011.4959 1.5025
2011.5808 2.2488
2011.6644 2.7659
2011.7479 2.6197
2011.8315 2.3181
2011.9151 2.2521
2012.0000 2.2837
2012.0808 3.1583
2012.1616 3.1216
2012.2452 3.0160
2012.3288 3.3450
2012.4123 3.3782
2012.4959 3.2116
2012.5808 3.3414
2012.6644 2.7558
2012.7479 2.4903
2012.8315 2.7563
2012.9151 2.8657
2013.0000 3.9353
2013.0808 4.7874
2013.1616 5.5487
2013.2452 5.5409
2013.3288 4.4526
2013.4123 4.4377
2013.4959 4.4111
2013.5808 4.3788
2013.6644 4.4672
2013.7479 4.1032
2013.8315 3.9850
2013.9151 4.0788
2014.0000 4.8227
2014.0808 5.7099
2014.1616 6.1932
2014.2452 6.2307
2014.3288 6.1519
2014.4123 5.8459
2014.4959 5.6230
2014.5808 4.8235
2014.6644 4.8868
2014.7479 5.1891
2014.8315 4.6563
2014.9151 4.9645
2015.0000 5.7178
2015.0808 6.3684
2015.1616 6.9886
2015.2452 6.5465
2015.3288 6.2130
2015.4123 6.6284
2015.4959 6.8145
2015.5808 7.1303
2015.6644 6.9068
2015.7479 7.2052
2015.8315 6.9762
2015.9151 6.8559
2016.0000 6.6691
2016.0808 7.2871
2016.1616 7.5847
2016.2452 7.2772
2016.3288 7.1008
2016.4123 6.9736
2016.4959 6.2650
2016.5808 6.0101
2016.6644 5.9803
2016.7479 3.7090
2016.8315 3.0914
2016.9151 3.1787
2017.0000 3.7731
2017.0808 3.9853
2017.1616 4.8367
2017.2452 4.8322
2017.3288 5.2770
2017.4123 4.8546
2017.4959 4.8053
2017.5808 4.4891
2017.6644 4.0546
2017.7479 2.9864
2017.8315 2.1039
2017.9151 2.3091
2018.0000 1.9402
2018.0808 2.4627
2018.1616 2.7490
2018.2452 2.0682
2018.3288 1.6604
2018.4123 1.6000
2018.4959 1.4306
2018.5808 0.9226
2018.6644 0.4367
2018.7479 -0.4201
2018.8315 -0.6882
2018.9151 -1.4084
2019.0000 -2.0632
2019.0808 -1.5021
2019.1616 -0.9528
2019.2452 -0.9798
2019.3288 -1.6042
2019.4123 -1.6803
2019.4959 -1.5846
2019.5808 -1.2223
2019.6644 -0.6116
2019.7479 -0.6368
2019.8315 -1.3360
2019.9151 -1.4719
2020.0000 -0.7355
2020.0808 0.6595
2020.1616 2.1812
2020.2452 2.6098
2020.3288 2.0023
2020.4123 2.3706
2020.4959 2.6006
2020.5808 3.0944
2020.6644 3.1900
2020.7479 3.6614
2020.8315 3.6547
2020.9151 2.6907
2021.0000 2.6433
2021.0808 3.3651
2021.1616 3.0569
2021.2452 2.3019
2021.3288 1.7864
2021.4123 0.4382
2021.4959 -0.4576
2021.5808 -0.7712
2021.6644 -1.2623
2021.7479 -2.5669
2021.8315 -3.9931
2021.9151 -4.9784
2022.0000 -6.0533
2022.0808 -6.3164
2022.1616 -6.6769
2022.2452 -7.2473
2022.3288 -7.6401
2022.4123 -8.4324
2022.4959 -9.5401
2022.5808 -10.4214
2022.6644 -11.7788
2022.7479 -13.3397
2022.8315 -14.9057
2022.9151 -16.5100
2023.0000 -16.7769
