1998.0808 3.9690
1998.1616 5.3643
1998.2452 6.0494
1998.3288 5.5924
1998.4123 6.6445
1998.4959 7.1397
1998.5808 7.1548
1998.6644 7.2389
1998.7479 7.4438
1998.8315 7.4470
1998.9151 7.7603
1999.0000 8.6100
1999.0808 9.5268
1999.1616 9.8107
1999.2452 9.5411
1999.3288 9.1778
1999.4123 9.2239
1999.4959 9.0187
1999.5808 8.3501
1999.6644 8.3810
1999.7479 8.6966
1999.8315 8.6143
1999.9151 8.2338
2000.0000 8.5351
2000.0808 9.1110
2000.1616 10.0466
2000.2452 10.6666
2000.3288 10.4232
2000.4123 10.5062
2000.4959 10.6002
2000.5808 11.0586
2000.6644 11.6382
2000.7479 12.1900
2000.8315 12.7880
2000.9151 13.7804
2001.0000 14.6964
2001.0808 15.9185
2001.1616 16.8245
2001.2452 17.0150
2001.3288 17.4689
2001.4123 17.8019
2001.4959 18.6520
2001.5808 19.4961
2001.6644 18.4429
2001.7479 18.0056
2001.8315 16.3775
2001.9151 15.5957
2002.0000 14.8913
2002.0808 15.2333
2002.1616 15.1790
2002.2452 15.5188
2002.3288 15.1000
2002.4123 15.6667
2002.4959 16.1673
2002.5808 16.0696
2002.6644 16.4149
2002.7479 17.0473
2002.8315 16.9280
2002.9151 17.6798
2003.0000 17.9377
2003.0808 19.2228
2003.1616 19.8816
2003.2452 20.4874
2003.3288 20.9055
2003.4123 20.8964
2003.4959 21.3940
2003.5808 20.8921
2003.6644 19.2181
2003.7479 18.1868
2003.8315 17.8819
2003.9151 18.0767
2004.0000 18.8846
2004.0808 19.3585
2004.1616 19.9130
2004.2452 19.5282
2004.3288 19.8325
2004.4123 19.7489
2004.4959 20.1826
2004.5808 19.5742
2004.6644 19.1402
2004.7479 18.7021
2004.8315 18.1250
2004.9151 17.8108
2005.0000 18.2368
2005.0808 19.0477
2005.1616 19.1010
2005.2452 18.9829
2005.3288 18.8647
2005.4123 19.3447
2005.4959 19.9344
2005.5808 20.3605
2005.6644 20.1644
2005.7479 20.4682
2005.8315 19.9107
2005.9151 20.5909
2006.0000 21.2326
2006.0808 22.7591
2006.1616 23.8995
2006.2452 23.3118
2006.3288 23.3034
2006.4123 22.2540
2006.4959 22.6235
2006.5808 22.6935
2006.6644 23.6979
2006.7479 23.7470
2006.8315 23.6640
2006.9151 24.0865
2007.0000 24.5366
2007.0808 25.9621
2007.1616 26.7693
2007.2452 27.4374
2007.3288 27.9902
2007.4123 28.5256
2007.4959 29.3421
2007.5808 30.0092
2007.6644 29.9424
2007.7479 29.7381
2007.8315 30.0934
2007.9151 30.8954
2008.0000 31.3903
2008.0808 32.2164
2008.1616 32.7934
2008.2452 32.9377
2008.3288 32.4106
2008.4123 31.8649
2008.4959 31.6589
2008.5808 31.6035
2008.6644 31.4672
2008.7479 30.3715
2008.8315 29.8874
2008.9151 29.5833
2009.0000 29.4977
2009.0808 29.8506
2009.1616 30.1722
2009.2452 30.0111
2009.3288 30.1808
2009.4123 29.9420
2009.4959 29.9840
2009.5808 30.4972
2009.6644 30.9005
2009.7479 30.3006
2009.8315 29.8025
2009.9151 30.0051
2010.0000 30.0678
2010.0808 30.7273
2010.1616 31.3424
2010.2452 31.2514
2010.3288 30.8935
2010.4123 29.9778
2010.4959 28.7735
2010.5808 28.0175
2010.6644 27.5153
2010.7479 27.0950
2010.8315 25.2134
2010.9151 23.8570
2011.0000 23.7620
2011.0808 24.0418
2011.1616 23.4184
2011.2452 22.8429
2011.3288 22.6040
2011.4123 21.3055
2011.4959 20.6063
2011.5808 20.7132
2011.6644 20.8717
2011.7479 20.3509
2011.8315 19.2897
2011.9151 18.2215
2012.0000 17.7155
2012.0808 17.9912
2012.1616 17.6863
2012.2452 17.2600
2012.3288 16.7672
2012.4123 16.2422
2012.4959 15.7055
2012.5808 15.0358
2012.6644 13.6056
2012.7479 12.9648
2012.8315 12.5929
2012.9151 12.1207
2013.0000 12.4704
2013.0808 12.7170
2013.1616 12.9222
2013.2452 12.6951
2013.3288 11.1422
2013.4123 10.5869
2013.4959 9.7777
2013.5808 9.1866
2013.6644 8.6646
2013.7479 7.8352
2013.8315 6.8822
2013.9151 6.2229
2014.0000 6.3914
2014.0808 6.9208
2014.1616 6.7789
2014.2452 5.8616
2014.3288 5.4968
2014.4123 4.9206
2014.4959 4.1259
2014.5808 3.0858
2014.6644 2.9101
2014.7479 2.6786
2014.8315 1.6083
2014.9151 1.3690
2015.0000 1.5446
2015.0808 1.8117
2015.1616 1.8705
2015.2452 1.4949
2015.3288 0.9409
2015.4123 0.8754
2015.4959 0.5469
2015.5808 0.0545
2015.6644 -0.6602
2015.7479 -0.8207
2015.8315 -1.1673
2015.9151 -1.6837
2016.0000 -2.0216
2016.0808 -1.7133
2016.1616 -1.4519
2016.2452 -2.3006
2016.3288 -2.5549
2016.4123 -2.3227
2016.4959 -3.2306
2016.5808 -3.3192
2016.6644 -3.5964
2016.7479 -6.0304
2016.8315 -6.3380
2016.9151 -6.4213
2017.0000 -5.9449
2017.0808 -5.6084
2017.1616 -4.8214
2017.2452 -4.6016
2017.3288 -4.0915
2017.4123 -4.4291
2017.4959 -4.3525
2017.5808 -5.0192
2017.6644 -5.1628
2017.7479 -6.6878
2017.8315 -7.2865
2017.9151 -7.1901
2018.0000 -7.1751
2018.0808 -6.7879
2018.1616 -6.4747
2018.2452 -7.6672
2018.3288 -8.4042
2018.4123 -8.8426
2018.4959 -8.9601
2018.5808 -9.8743
2018.6644 -10.8498
2018.7479 -12.4305
2018.8315 -12.5714
2018.9151 -13.7120
2019.0000 -14.4636
2019.0808 -14.1493
2019.1616 -13.6577
2019.2452 -14.0663
2019.3288 -15.3267
2019.4123 -16.0213
2019.4959 -16.2829
2019.5808 -16.3450
2019.6644 -16.2502
2019.7479 -16.5322
2019.8315 -17.6153
2019.9151 -17.7619
2020.0000 -17.2463
2020.0808 -15.8134
2020.1616 -14.5572
2020.2452 -14.4545
2020.3288 -15.0233
2020.4123 -14.5862
2020.4959 -14.2467
2020.5808 -13.5341
2020.6644 -13.4745
2020.7479 -13.5001
2020.8315 -13.3889
2020.9151 -13.9388
2021.0000 -13.7719
2021.0808 -13.0774
2021.1616 -13.0162
2021.2452 -13.3909
2021.3288 -13.7715
2021.4123 -14.4177
2021.4959 -14.6002
2021.5808 -14.6276
2021.6644 -14.8525
2021.7479 -16.4904
2021.8315 -17.9107
2021.9151 -18.6659
2022.0000 -19.6715
2022.0808 -19.4104
2022.1616 -19.1547
2022.2452 -19.6073
2022.3288 -19.9386
2022.4123 -20.4289
2022.4959 -21.5737
2022.5808 -21.9530
2022.6644 -22.9960
2022.7479 -24.6287
2022.8315 -25.8908
2022.9151 -27.9718
2023.0000 -28.3476
