1998.0808 6.7238
1998.1616 6.8366
1998.2452 6.6071
1998.3288 5.6651
1998.4123 5.2300
1998.4959 4.6473
1998.5808 4.8058
1998.6644 4.5186
1998.7479 4.0708
1998.8315 4.0791
1998.9151 4.0916
1999.0000 4.4767
1999.0808 4.6651
1999.1616 4.8893
1999.2452 4.4054
1999.3288 4.0830
1999.4123 2.9835
1999.4959 3.3420
1999.5808 3.3932
1999.6644 3.7100
1999.7479 3.7331
1999.8315 2.6982
1999.9151 2.7109
2000.0000 2.8252
2000.0808 3.2433
2000.1616 3.0783
2000.2452 2.4698
2000.3288 2.5081
2000.4123 2.1133
2000.4959 1.8750
2000.5808 0.7193
2000.6644 1.0172
2000.7479 1.1251
2000.8315 1.3770
2000.9151 1.5649
2001.0000 1.9778
2001.0808 2.6444
2001.1616 3.0307
2001.2452 3.4456
2001.3288 3.8370
2001.4123 2.6912
2001.4959 3.1232
2001.5808 3.3159
2001.6644 2.7802
2001.7479 1.7013
2001.8315 1.3824
2001.9151 1.6152
2002.0000 1.6426
2002.0808 1.9183
2002.1616 1.7999
2002.2452 2.2301
2002.3288 1.9014
2002.4123 2.0636
2002.4959 2.4376
2002.5808 1.9446
2002.6644 1.4253
2002.7479 1.2301
2002.8315 1.7193
2002.9151 2.4134
2003.0000 2.6389
2003.0808 2.8850
2003.1616 2.7035
2003.2452 2.6018
2003.3288 2.0794
2003.4123 1.9178
2003.4959 2.1237
2003.5808 1.9829
2003.6644 1.9053
2003.7479 1.4315
2003.8315 1.2619
2003.9151 1.8995
2004.0000 2.5301
2004.0808 3.1004
2004.1616 2.9876
2004.2452 2.9191
2004.3288 2.4234
2004.4123 1.4776
2004.4959 1.4292
2004.5808 0.7102
2004.6644 0.5873
2004.7479 0.0246
2004.8315 0.1273
2004.9151 -0.0737
2005.0000 0.5899
2005.0808 1.2906
2005.1616 0.8802
2005.2452 0.6791
2005.3288 0.5829
2005.4123 0.5550
2005.4959 0.6853
2005.5808 0.6379
2005.6644 0.0348
2005.7479 -0.3194
2005.8315 -0.8145
2005.9151 -0.9058
2006.0000 -0.6342
2006.0808 -0.7216
2006.1616 -0.6526
2006.2452 -0.7034
2006.3288 -0.9039
2006.4123 -1.8670
2006.4959 -2.7073
2006.5808 -2.8819
2006.6644 -2.4278
2006.7479 -2.3519
2006.8315 -2.8439
2006.9151 -2.6185
2007.0000 -2.1310
2007.0808 -1.6496
2007.1616 -1.2751
2007.2452 -0.9933
2007.3288 -0.5813
2007.4123 -0.8227
2007.4959 -0.6347
2007.5808 -0.2786
2007.6644 -0.0891
2007.7479 -0.8723
2007.8315 -0.6896
2007.9151 0.0004
2008.0000 0.0855
2008.0808 0.4300
2008.1616 0.3604
2008.2452 0.8921
2008.3288 0.8760
2008.4123 0.5476
2008.4959 0.4657
2008.5808 -0.0117
2008.6644 -0.6188
2008.7479 -1.9851
2008.8315 -2.0023
2008.9151 -1.4882
2009.0000 -1.3845
2009.0808 -0.9358
2009.1616 -0.5252
2009.2452 -0.6145
2009.3288 -0.6450
2009.4123 -0.5280
2009.4959 0.0717
2009.5808 0.1133
2009.6644 -0.5072
2009.7479 -0.5800
2009.8315 -0.4332
2009.9151 -0.0838
2010.0000 0.6354
2010.0808 1.2294
2010.1616 1.4784
2010.2452 1.8059
2010.3288 1.9890
2010.4123 1.9210
2010.4959 1.0856
2010.5808 0.0335
2010.6644 -0.3374
2010.7479 -1.0238
2010.8315 -1.4183
2010.9151 -1.8929
2011.0000 -1.2224
2011.0808 -0.6030
2011.1616 -0.4644
2011.2452 -0.2593
2011.3288 0.1258
2011.4123 -0.0810
2011.4959 -0.0539
2011.5808 -0.0036
2011.6644 -0.3386
2011.7479 -0.1693
2011.8315 -0.0829
2011.9151 0.2720
2012.0000 0.6819
2012.0808 1.3248
2012.1616 1.7108
2012.2452 1.1808
2012.3288 0.9299
2012.4123 0.4769
2012.4959 0.5773
2012.5808 0.3408
2012.6644 0.2296
2012.7479 0.0120
2012.8315 0.4318
2012.9151 1.1054
2013.0000 1.9981
2013.0808 2.7009
2013.1616 2.6185
2013.2452 2.2282
2013.3288 1.6189
2013.4123 1.9114
2013.4959 1.9573
2013.5808 1.8739
2013.6644 1.7549
2013.7479 1.5011
2013.8315 1.7969
2013.9151 2.0596
2014.0000 2.8759
2014.0808 3.3805
2014.1616 3.3599
2014.2452 3.3166
2014.3288 2.4799
2014.4123 1.9858
2014.4959 1.6633
2014.5808 1.3730
2014.6644 1.6291
2014.7479 1.3898
2014.8315 1.0373
2014.9151 1.5398
2015.0000 2.1100
2015.0808 2.5406
2015.1616 3.0365
2015.2452 2.6936
2015.3288 1.8550
2015.4123 1.4683
2015.4959 1.8796
2015.5808 1.8656
2015.6644 1.8579
2015.7479 1.7471
2015.8315 1.4583
2015.9151 1.6524
2016.0000 2.0095
2016.0808 2.4155
2016.1616 2.2194
2016.2452 1.9432
2016.3288 1.9311
2016.4123 0.7189
2016.4959 0.1269
2016.5808 -0.6224
2016.6644 -0.3870
2016.7479 -1.6293
2016.8315 -2.3410
2016.9151 -2.1382
2017.0000 -1.5284
2017.0808 -0.9583
2017.1616 -0.2336
2017.2452 -0.9751
2017.3288 -0.5441
2017.4123 -1.1105
2017.4959 -1.1679
2017.5808 -1.2304
2017.6644 -1.4755
2017.7479 -1.6808
2017.8315 -1.4738
2017.9151 -1.4843
2018.0000 -0.8071
2018.0808 -0.2391
2018.1616 0.3786
2018.2452 0.3169
2018.3288 0.1832
2018.4123 0.0268
2018.4959 -0.1353
2018.5808 -0.6245
2018.6644 -1.1207
2018.7479 -1.1104
2018.8315 -1.4004
2018.9151 -1.2216
2019.0000 -0.9036
2019.0808 -0.1632
2019.1616 0.2138
2019.2452 -0.1453
2019.3288 -0.5052
2019.4123 -0.5909
2019.4959 -0.8421
2019.5808 -1.2876
2019.6644 -1.6312
2019.7479 -1.9035
2019.8315 -2.1858
2019.9151 -2.1374
2020.0000 -1.2026
2020.0808 -0.8775
2020.1616 -0.7067
2020.2452 -1.3840
2020.3288 -1.3093
2020.4123 -1.5851
2020.4959 -2.2334
2020.5808 -2.5739
2020.6644 -2.2013
2020.7479 -2.4724
2020.8315 -2.6545
2020.9151 -3.2378
2021.0000 -3.1847
2021.0808 -2.8087
2021.1616 -2.9529
2021.2452 -3.2982
2021.3288 -3.6426
2021.4123 -4.5322
2021.4959 -4.6348
2021.5808 -4.7651
2021.6644 -5.1025
2021.7479 -5.3945
2021.8315 -5.4937
2021.9151 -5.4946
2022.0000 -5.8602
2022.0808 -5.7149
2022.1616 -6.0392
2022.2452 -6.2491
2022.3288 -6.0494
2022.4123 -6.9929
2022.4959 -7.4827
2022.5808 -7.8789
2022.6644 -8.4557
2022.7479 -9.2923
2022.8315 -9.2670
2022.9151 -9.2163
2023.0000 -8.6894
