1998.0808 7.7797
1998.1616 7.6627
1998.2452 6.8503
1998.3288 2.7523
1998.4123 2.7392
1998.4959 2.1861
1998.5808 2.8763
1998.6644 2.3738
1998.7479 1.5231
1998.8315 1.9070
1998.9151 2.2813
1999.0000 3.2436
1999.0808 3.4977
1999.1616 4.0050
1999.2452 2.6329
1999.3288 0.6036
1999.4123 -0.9803
1999.4959 -0.5997
1999.5808 -0.8262
1999.6644 -0.3256
1999.7479 -0.1418
1999.8315 -1.3993
1999.9151 -1.3680
2000.0000 -1.5995
2000.0808 -1.2392
2000.1616 -1.7915
2000.2452 -1.8591
2000.3288 -2.1760
2000.4123 -3.5742
2000.4959 -3.5891
2000.5808 -4.4949
2000.6644 -3.9091
2000.7479 -3.6210
2000.8315 -2.7773
2000.9151 -1.7529
2001.0000 -0.6788
2001.0808 0.7247
2001.1616 2.1536
2001.2452 2.6638
2001.3288 2.9439
2001.4123 1.8694
2001.4959 2.4131
2001.5808 2.7412
2001.6644 1.6009
2001.7479 -0.1769
2001.8315 -2.0382
2001.9151 -2.3179
2002.0000 -3.4872
2002.0808 -3.0329
2002.1616 -4.4083
2002.2452 -3.5903
2002.3288 -3.7369
2002.4123 -2.9735
2002.4959 -2.2275
2002.5808 -2.2648
2002.6644 -2.3025
2002.7479 -1.6268
2002.8315 -0.9425
2002.9151 -0.4637
2003.0000 -0.1178
2003.0808 1.3217
2003.1616 1.3445
2003.2452 0.5256
2003.3288 0.1979
2003.4123 0.2984
2003.4959 1.1983
2003.5808 0.7415
2003.6644 -0.1239
2003.7479 -0.6012
2003.8315 -0.6715
2003.9151 0.1539
2004.0000 1.5222
2004.0808 2.2741
2004.1616 1.8228
2004.2452 1.8164
2004.3288 1.5376
2004.4123 0.7195
2004.4959 1.3141
2004.5808 -0.4666
2004.6644 -1.3860
2004.7479 -1.2748
2004.8315 -1.7170
2004.9151 -2.0218
2005.0000 -0.8257
2005.0808 0.7757
2005.1616 -0.3649
2005.2452 -0.6237
2005.3288 -0.3598
2005.4123 -0.7887
2005.4959 0.1634
2005.5808 0.4199
2005.6644 -0.3406
2005.7479 -0.2896
2005.8315 -1.6043
2005.9151 -1.8124
2006.0000 -1.7427
2006.0808 -1.8490
2006.1616 -1.8145
2006.2452 -2.0041
2006.3288 -2.3785
2006.4123 -4.1608
2006.4959 -5.8296
2006.5808 -6.8387
2006.6644 -5.5191
2006.7479 -5.4864
2006.8315 -6.6083
2006.9151 -5.7586
2007.0000 -4.7341
2007.0808 -3.6339
2007.1616 -3.1350
2007.2452 -2.3625
2007.3288 -1.2473
2007.4123 -1.3636
2007.4959 -0.1238
2007.5808 0.7973
2007.6644 1.1457
2007.7479 0.0145
2007.8315 0.3939
2007.9151 1.5232
2008.0000 1.6226
2008.0808 1.9537
2008.1616 1.4847
2008.2452 1.5435
2008.3288 1.7764
2008.4123 0.7543
2008.4959 0.5372
2008.5808 0.7823
2008.6644 0.8242
2008.7479 -1.4713
2008.8315 -1.5377
2008.9151 -1.4953
2009.0000 -1.8302
2009.0808 -1.1596
2009.1616 -0.2042
2009.2452 -0.5579
2009.3288 0.2066
2009.4123 0.3976
2009.4959 0.7419
2009.5808 1.4686
2009.6644 1.5013
2009.7479 1.4517
2009.8315 1.6009
2009.9151 2.3021
2010.0000 3.2544
2010.0808 5.0347
2010.1616 6.0310
2010.2452 6.5571
2010.3288 6.6359
2010.4123 5.5637
2010.4959 4.0957
2010.5808 3.1101
2010.6644 3.7197
2010.7479 2.7474
2010.8315 1.3945
2010.9151 -0.0277
2011.0000 1.3237
2011.0808 2.3531
2011.1616 2.3840
2011.2452 2.8756
2011.3288 3.7804
2011.4123 3.1430
2011.4959 3.8966
2011.5808 4.7404
2011.6644 4.4309
2011.7479 4.3485
2011.8315 4.2851
2011.9151 4.7692
2012.0000 4.7118
2012.0808 5.3125
2012.1616 6.1082
2012.2452 6.2705
2012.3288 6.6051
2012.4123 6.4243
2012.4959 6.7592
2012.5808 6.4964
2012.6644 6.3924
2012.7479 5.5829
2012.8315 6.1214
2012.9151 7.3038
2013.0000 8.9851
2013.0808 10.2839
2013.1616 10.5642
2013.2452 9.5390
2013.3288 7.4801
2013.4123 7.7944
2013.4959 8.4590
2013.5808 8.7217
2013.6644 9.0067
2013.7479 8.4320
2013.8315 9.0864
2013.9151 9.7188
2014.0000 11.0785
2014.0808 11.4897
2014.1616 11.0283
2014.2452 11.0271
2014.3288 9.7115
2014.4123 9.3460
2014.4959 8.9619
2014.5808 7.7501
2014.6644 8.0169
2014.7479 8.6232
2014.8315 7.7091
2014.9151 8.6434
2015.0000 9.4982
2015.0808 9.5601
2015.1616 10.2214
2015.2452 9.2193
2015.3288 7.8293
2015.4123 8.3991
2015.4959 9.4470
2015.5808 9.8318
2015.6644 9.1947
2015.7479 9.3416
2015.8315 8.3929
2015.9151 8.4731
2016.0000 9.1564
2016.0808 9.1479
2016.1616 8.3463
2016.2452 7.1683
2016.3288 6.8665
2016.4123 3.6111
2016.4959 2.0547
2016.5808 0.0856
2016.6644 0.4081
2016.7479 -2.6111
2016.8315 -4.1755
2016.9151 -3.6412
2017.0000 -2.9189
2017.0808 -1.6373
2017.1616 -0.4492
2017.2452 -1.9224
2017.3288 -1.6503
2017.4123 -2.2478
2017.4959 -2.0347
2017.5808 -2.2146
2017.6644 -2.3390
2017.7479 -2.7432
2017.8315 -2.5832
2017.9151 -2.7316
2018.0000 -1.6556
2018.0808 -0.7222
2018.1616 -0.0793
2018.2452 -0.5700
2018.3288 -0.9891
2018.4123 -1.0873
2018.4959 -1.5268
2018.5808 -3.1409
2018.6644 -3.5385
2018.7479 -3.8461
2018.8315 -4.2768
2018.9151 -4.6636
2019.0000 -4.3123
2019.0808 -2.9521
2019.1616 -2.0362
2019.2452 -2.7431
2019.3288 -3.2626
2019.4123 -3.4416
2019.4959 -3.6302
2019.5808 -3.4526
2019.6644 -3.0960
2019.7479 -3.2341
2019.8315 -3.9652
2019.9151 -3.8380
2020.0000 -1.7396
2020.0808 -0.2723
2020.1616 -0.0618
2020.2452 -0.6439
2020.3288 -1.5417
2020.4123 -1.9314
2020.4959 -2.1792
2020.5808 -1.9419
2020.6644 -1.6370
2020.7479 -1.2665
2020.8315 -1.9689
2020.9151 -3.8047
2021.0000 -3.6780
2021.0808 -3.2491
2021.1616 -4.5391
2021.2452 -5.2946
2021.3288 -6.2838
2021.4123 -7.8333
2021.4959 -8.7393
2021.5808 -8.3251
2021.6644 -8.8460
2021.7479 -10.1608
2021.8315 -10.5208
2021.9151 -11.2409
2022.0000 -12.9676
2022.0808 -12.3853
2022.1616 -13.2922
2022.2452 -13.9807
2022.3288 -13.6463
2022.4123 -14.9841
2022.4959 -15.8324
2022.5808 -17.1233
2022.6644 -18.1005
2022.7479 -20.3107
2022.8315 -20.8674
2022.9151 -22.1429
2023.0000 -21.4432
