1998.0808 3.6537
1998.1616 4.4577
1998.2452 4.6233
1998.3288 3.1900
1998.4123 3.5530
1998.4959 3.2752
1998.5808 3.3072
1998.6644 3.2147
1998.7479 3.0953
1998.8315 3.0386
1998.9151 3.0281
1999.0000 3.5540
1999.0808 3.8577
1999.1616 3.8560
1999.2452 3.2844
1999.3288 2.4384
1999.4123 1.9392
1999.4959 1.8447
1999.5808 1.1875
1999.6644 1.0059
1999.7479 1.1701
1999.8315 0.7552
1999.9151 0.4481
2000.0000 0.5642
2000.0808 0.7508
2000.1616 0.9926
2000.2452 1.1151
2000.3288 0.3891
2000.4123 0.1143
2000.4959 -0.1406
2000.5808 -0.0295
2000.6644 0.2570
2000.7479 0.5295
2000.8315 0.8556
2000.9151 1.4828
2001.0000 2.1561
2001.0808 2.9677
2001.1616 3.7051
2001.2452 3.6498
2001.3288 3.7683
2001.4123 3.7244
2001.4959 4.1099
2001.5808 4.4653
2001.6644 3.2007
2001.7479 2.5523
2001.8315 0.9987
2001.9151 0.5946
2002.0000 0.0191
2002.0808 0.2621
2002.1616 0.0324
2002.2452 0.3417
2002.3288 0.1947
2002.4123 0.7278
2002.4959 1.2331
2002.5808 1.2093
2002.6644 1.4856
2002.7479 2.0208
2002.8315 2.1031
2002.9151 2.6890
2003.0000 2.8084
2003.0808 3.7778
2003.1616 4.1190
2003.2452 4.2182
2003.3288 4.1679
2003.4123 4.0666
2003.4959 4.3803
2003.5808 3.6827
2003.6644 2.2655
2003.7479 1.6248
2003.8315 1.5606
2003.9151 1.9345
2004.0000 2.6978
2004.0808 3.2002
2004.1616 3.2566
2004.2452 2.9725
2004.3288 3.1828
2004.4123 2.9364
2004.4959 3.3409
2004.5808 2.8763
2004.6644 2.3776
2004.7479 2.3249
2004.8315 1.9909
2004.9151 1.7189
2005.0000 2.3055
2005.0808 3.1544
2005.1616 2.9366
2005.2452 2.7834
2005.3288 2.9417
2005.4123 3.3007
2005.4959 3.9842
2005.5808 4.3495
2005.6644 4.1601
2005.7479 4.4081
2005.8315 3.8149
2005.9151 4.3127
2006.0000 4.6772
2006.0808 5.8175
2006.1616 6.8595
2006.2452 6.0977
2006.3288 6.0994
2006.4123 4.8305
2006.4959 5.0596
2006.5808 4.8030
2006.6644 5.6668
2006.7479 5.4693
2006.8315 5.2167
2006.9151 5.6052
2007.0000 6.0073
2007.0808 7.2199
2007.1616 7.6952
2007.2452 8.0991
2007.3288 8.5284
2007.4123 8.6890
2007.4959 9.3321
2007.5808 9.8571
2007.6644 9.7810
2007.7479 9.1477
2007.8315 9.4657
2007.9151 10.1098
2008.0000 10.3244
2008.0808 10.7119
2008.1616 10.8445
2008.2452 10.7871
2008.3288 10.4746
2008.4123 9.7384
2008.4959 9.5257
2008.5808 9.5737
2008.6644 9.5868
2008.7479 8.5160
2008.8315 8.2827
2008.9151 7.9680
2009.0000 7.7298
2009.0808 8.0142
2009.1616 8.3541
2009.2452 8.1776
2009.3288 8.4379
2009.4123 8.4501
2009.4959 8.6620
2009.5808 9.1719
2009.6644 9.5687
2009.7479 9.1405
2009.8315 9.0391
2009.9151 9.5607
2010.0000 9.8099
2010.0808 10.5509
2010.1616 11.4059
2010.2452 11.3332
2010.3288 11.1648
2010.4123 10.5289
2010.4959 9.7224
2010.5808 9.0995
2010.6644 9.1270
2010.7479 9.0462
2010.8315 7.7831
2010.9151 6.7490
2011.0000 7.1924
2011.0808 7.8383
2011.1616 7.3918
2011.2452 7.4131
2011.3288 7.7562
2011.4123 7.2160
2011.4959 7.1515
2011.5808 7.7767
2011.6644 8.1511
2011.7479 8.0075
2011.8315 7.4186
2011.9151 6.9670
2012.0000 6.6744
2012.0808 6.9848
2012.1616 7.0188
2012.2452 6.7980
2012.3288 6.9530
2012.4123 6.9681
2012.4959 6.9140
2012.5808 6.8218
2012.6644 6.0873
2012.7479 5.8336
2012.8315 5.9947
2012.9151 6.1120
2013.0000 6.8225
2013.0808 7.3128
2013.1616 7.5979
2013.2452 7.2224
2013.3288 6.0422
2013.4123 6.0824
2013.4959 5.9716
2013.5808 5.8443
2013.6644 5.9290
2013.7479 5.5283
2013.8315 5.3799
2013.9151 5.1855
2014.0000 5.8496
2014.0808 6.4307
2014.1616 6.3643
2014.2452 6.0875
2014.3288 5.8395
2014.4123 5.7516
2014.4959 5.3461
2014.5808 4.7565
2014.6644 4.9703
2014.7479 5.2635
2014.8315 4.6779
2014.9151 4.9573
2015.0000 5.4164
2015.0808 5.8984
2015.1616 6.1351
2015.2452 5.7767
2015.3288 5.2854
2015.4123 5.6470
2015.4959 5.7856
2015.5808 5.8144
2015.6644 5.4801
2015.7479 5.4969
2015.8315 5.1486
2015.9151 5.0547
2016.0000 5.0308
2016.0808 5.2764
2016.1616 5.6059
2016.2452 5.0291
2016.3288 4.7897
2016.4123 4.9747
2016.4959 4.2346
2016.5808 4.2702
2016.6644 4.2470
2016.7479 2.3232
2016.8315 2.2217
2016.9151 2.4711
2017.0000 3.1217
2017.0808 3.5336
2017.1616 4.2871
2017.2452 4.2447
2017.3288 4.5471
2017.4123 4.2417
2017.4959 4.1362
2017.5808 3.7141
2017.6644 3.6320
2017.7479 2.5062
2017.8315 2.2449
2017.9151 2.4680
2018.0000 2.6787
2018.0808 3.1827
2018.1616 3.6277
2018.2452 2.9084
2018.3288 2.4924
2018.4123 2.2763
2018.4959 2.2363
2018.5808 1.6115
2018.6644 1.1485
2018.7479 0.4340
2018.8315 0.4696
2018.9151 -0.1156
2019.0000 -0.5646
2019.0808 0.0319
2019.1616 0.5930
2019.2452 0.3169
2019.3288 -0.4261
2019.4123 -0.7217
2019.4959 -0.7268
2019.5808 -0.4674
2019.6644 -0.0449
2019.7479 -0.2563
2019.8315 -0.9071
2019.9151 -0.8814
2020.0000 -0.1575
2020.0808 1.4299
2020.1616 2.5829
2020.2452 2.5055
2020.3288 1.7071
2020.4123 1.8380
2020.4959 1.9736
2020.5808 2.3355
2020.6644 2.3473
2020.7479 2.5420
2020.8315 2.4642
2020.9151 1.5457
2021.0000 1.4187
2021.0808 1.7897
2021.1616 1.3996
2021.2452 0.7427
2021.3288 0.1348
2021.4123 -0.7646
2021.4959 -1.2395
2021.5808 -1.1516
2021.6644 -1.4343
2021.7479 -2.6639
2021.8315 -3.5865
2021.9151 -4.2510
2022.0000 -5.3776
2022.0808 -5.1551
2022.1616 -5.1656
2022.2452 -5.5551
2022.3288 -5.7117
2022.4123 -6.1454
2022.4959 -6.9068
2022.5808 -7.3412
2022.6644 -8.4735
2022.7479 -9.7533
2022.8315 -10.6831
2022.9151 -12.3898
2023.0000 -12.4065
