1998.0808 4.4329
1998.1616 4.7667
1998.2452 4.5611
1998.3288 4.6197
1998.4123 4.7904
1998.4959 4.6898
1998.5808 4.6752
1998.6644 4.7031
1998.7479 4.9604
1998.8315 4.9082
1998.9151 4.3762
1999.0000 4.6302
1999.0808 4.5692
1999.1616 4.3759
1999.2452 4.1871
1999.3288 4.3650
1999.4123 3.7550
1999.4959 3.4856
1999.5808 3.5749
1999.6644 3.6434
1999.7479 3.7830
1999.8315 3.0526
1999.9151 2.8859
2000.0000 2.4822
2000.0808 2.3308
2000.1616 2.4689
2000.2452 2.3882
2000.3288 2.2557
2000.4123 2.4683
2000.4959 2.4304
2000.5808 1.7891
2000.6644 2.2193
2000.7479 2.2698
2000.8315 2.3155
2000.9151 2.1536
2001.0000 1.6585
2001.0808 1.8550
2001.1616 2.1931
2001.2452 2.5730
2001.3288 2.9999
2001.4123 2.6168
2001.4959 2.9871
2001.5808 3.3030
2001.6644 2.6961
2001.7479 1.6113
2001.8315 1.3534
2001.9151 1.3038
2002.0000 0.9149
2002.0808 0.5369
2002.1616 0.4901
2002.2452 0.6372
2002.3288 0.3356
2002.4123 0.5644
2002.4959 0.9552
2002.5808 0.7341
2002.6644 0.6596
2002.7479 0.8621
2002.8315 0.9571
2002.9151 1.6099
2003.0000 1.3671
2003.0808 1.2690
2003.1616 0.8130
2003.2452 1.0621
2003.3288 0.9465
2003.4123 0.7812
2003.4959 1.1671
2003.5808 0.8562
2003.6644 0.8294
2003.7479 0.5626
2003.8315 0.4119
2003.9151 0.9651
2004.0000 1.2769
2004.0808 1.6682
2004.1616 1.7290
2004.2452 1.6208
2004.3288 1.4459
2004.4123 1.0662
2004.4959 0.9814
2004.5808 1.0252
2004.6644 0.9204
2004.7479 0.4141
2004.8315 0.0607
2004.9151 0.1912
2005.0000 0.4889
2005.0808 1.0624
2005.1616 0.0866
2005.2452 0.1273
2005.3288 0.0076
2005.4123 0.0088
2005.4959 0.2753
2005.5808 0.5018
2005.6644 0.3814
2005.7479 0.3645
2005.8315 0.1909
2005.9151 0.1616
2006.0000 -0.0815
2006.0808 -0.1873
2006.1616 0.2313
2006.2452 -0.1767
2006.3288 -0.5897
2006.4123 -1.2502
2006.4959 -1.3630
2006.5808 -1.3301
2006.6644 -0.9037
2006.7479 -0.7273
2006.8315 -0.7901
2006.9151 -0.7109
2007.0000 -0.3648
2007.0808 -0.1029
2007.1616 0.3969
2007.2452 0.6734
2007.3288 1.0062
2007.4123 0.9266
2007.4959 0.7657
2007.5808 0.7608
2007.6644 0.9795
2007.7479 0.4747
2007.8315 0.7017
2007.9151 1.2562
2008.0000 0.4682
2008.0808 0.9802
2008.1616 0.7584
2008.2452 1.2286
2008.3288 1.2793
2008.4123 1.0577
2008.4959 1.2302
2008.5808 1.1841
2008.6644 0.9743
2008.7479 0.1782
2008.8315 0.4699
2008.9151 0.9991
2009.0000 1.1752
2009.0808 1.1947
2009.1616 1.6991
2009.2452 1.9664
2009.3288 2.1386
2009.4123 2.0562
2009.4959 2.3555
2009.5808 2.5661
2009.6644 2.6300
2009.7479 2.2176
2009.8315 2.1573
2009.9151 2.4734
2010.0000 3.0604
2010.0808 3.1155
2010.1616 3.3114
2010.2452 3.2599
2010.3288 3.5742
2010.4123 3.3889
2010.4959 2.8760
2010.5808 2.3925
2010.6644 2.3255
2010.7479 2.3345
2010.8315 2.1216
2010.9151 0.8929
2011.0000 1.1277
2011.0808 1.0698
2011.1616 1.1497
2011.2452 1.5677
2011.3288 1.8578
2011.4123 1.9234
2011.4959 1.8285
2011.5808 1.9692
2011.6644 1.8145
2011.7479 2.0370
2011.8315 2.2004
2011.9151 1.7479
2012.0000 2.0507
2012.0808 2.4908
2012.1616 2.3503
2012.2452 2.4364
2012.3288 2.4026
2012.4123 2.3602
2012.4959 2.0716
2012.5808 1.7300
2012.6644 1.9194
2012.7479 1.8935
2012.8315 2.3051
2012.9151 2.6872
2013.0000 3.3511
2013.0808 4.0540
2013.1616 4.3666
2013.2452 4.5320
2013.3288 4.2710
2013.4123 4.6064
2013.4959 4.1778
2013.5808 4.0939
2013.6644 3.4199
2013.7479 2.9785
2013.8315 3.0993
2013.9151 2.5183
2014.0000 3.0223
2014.0808 3.3857
2014.1616 3.3676
2014.2452 3.2901
2014.3288 2.7521
2014.4123 2.4062
2014.4959 2.1134
2014.5808 1.9805
2014.6644 2.1937
2014.7479 2.2165
2014.8315 1.4300
2014.9151 1.8537
2015.0000 2.3768
2015.0808 2.5344
2015.1616 2.8870
2015.2452 2.8526
2015.3288 2.6114
2015.4123 2.4961
2015.4959 2.6594
2015.5808 2.6380
2015.6644 2.5773
2015.7479 2.4386
2015.8315 1.5517
2015.9151 0.7722
2016.0000 0.3534
2016.0808 0.9162
2016.1616 0.4475
2016.2452 0.4978
2016.3288 0.7128
2016.4123 0.4334
2016.4959 0.4764
2016.5808 0.4952
2016.6644 0.7295
2016.7479 -0.1555
2016.8315 -0.3668
2016.9151 -0.5499
2017.0000 -0.3998
2017.0808 -0.4768
2017.1616 -0.1635
2017.2452 -0.1981
2017.3288 0.2559
2017.4123 0.2544
2017.4959 -0.0302
2017.5808 -0.2607
2017.6644 -0.3812
2017.7479 -0.7591
2017.8315 -0.5263
2017.9151 -1.1217
2018.0000 -0.5352
2018.0808 -0.2065
2018.1616 0.3313
2018.2452 -1.0388
2018.3288 -1.0551
2018.4123 -1.3560
2018.4959 -1.7322
2018.5808 -1.7505
2018.6644 -1.8134
2018.7479 -1.6570
2018.8315 -1.8892
2018.9151 -2.0507
2019.0000 -2.6995
2019.0808 -2.4116
2019.1616 -2.4033
2019.2452 -2.1310
2019.3288 -2.2620
2019.4123 -2.8789
2019.4959 -2.9615
2019.5808 -2.8641
2019.6644 -2.7865
2019.7479 -2.8292
2019.8315 -2.8655
2019.9151 -3.0986
2020.0000 -2.7325
2020.0808 -3.1982
2020.1616 -2.8015
2020.2452 -2.8580
2020.3288 -2.9471
2020.4123 -3.1590
2020.4959 -3.2913
2020.5808 -3.2716
2020.6644 -2.8607
2020.7479 -2.6532
2020.8315 -2.6995
2020.9151 -2.9286
2021.0000 -3.6436
2021.0808 -3.3482
2021.1616 -3.5224
2021.2452 -4.0259
2021.3288 -3.8506
2021.4123 -4.0183
2021.4959 -3.8039
2021.5808 -3.9738
2021.6644 -3.9773
2021.7479 -4.2056
2021.8315 -4.2801
2021.9151 -4.4810
2022.0000 -5.6538
2022.0808 -6.1179
2022.1616 -7.0517
2022.2452 -6.7783
2022.3288 -6.5505
2022.4123 -6.6991
2022.4959 -8.2621
2022.5808 -8.5366
2022.6644 -9.0939
2022.7479 -9.2630
2022.8315 -9.6355
2022.9151 -9.2160
2023.0000 -8.6687
