1998.0808 3.2237
1998.1616 3.2574
1998.2452 3.0320
1998.3288 0.9961
1998.4123 1.0081
1998.4959 0.5492
1998.5808 0.8886
1998.6644 0.9923
1998.7479 0.3023
1998.8315 0.4167
1998.9151 0.1371
1999.0000 0.6053
1999.0808 0.7271
1999.1616 0.1862
1999.2452 -0.4164
1999.3288 -1.2246
1999.4123 -2.0161
1999.4959 -1.8892
1999.5808 -2.1078
1999.6644 -1.7628
1999.7479 -1.6626
1999.8315 -2.2896
1999.9151 -2.4580
2000.0000 -2.5883
2000.0808 -2.8030
2000.1616 -3.1705
2000.2452 -3.0164
2000.3288 -3.0150
2000.4123 -3.4684
2000.4959 -3.5372
2000.5808 -3.9360
2000.6644 -3.6071
2000.7479 -3.5193
2000.8315 -3.2540
2000.9151 -2.6432
2001.0000 -2.2591
2001.0808 -1.5784
2001.1616 -1.2312
2001.2452 -1.1061
2001.3288 -0.7084
2001.4123 -1.0258
2001.4959 -0.6233
2001.5808 -0.2715
2001.6644 -0.8759
2001.7479 -1.7351
2001.8315 -2.4622
2001.9151 -2.8469
2002.0000 -3.3607
2002.0808 -2.9948
2002.1616 -3.3823
2002.2452 -3.1265
2002.3288 -3.1878
2002.4123 -2.8886
2002.4959 -2.4084
2002.5808 -2.5146
2002.6644 -2.4206
2002.7479 -2.0426
2002.8315 -1.7179
2002.9151 -1.2798
2003.0000 -0.9106
2003.0808 -0.4812
2003.1616 -0.5218
2003.2452 -0.8973
2003.3288 -1.0099
2003.4123 -1.0054
2003.4959 -0.6419
2003.5808 -0.8995
2003.6644 -1.2027
2003.7479 -1.3141
2003.8315 -1.3524
2003.9151 -0.7973
2004.0000 -0.4040
2004.0808 -0.2026
2004.1616 -0.2710
2004.2452 -0.2120
2004.3288 -0.2819
2004.4123 -0.8855
2004.4959 -0.4938
2004.5808 -1.5056
2004.6644 -1.8969
2004.7479 -2.1856
2004.8315 -2.4808
2004.9151 -2.6732
2005.0000 -2.2685
2005.0808 -1.4255
2005.1616 -1.6871
2005.2452 -1.6796
2005.3288 -1.6355
2005.4123 -1.6134
2005.4959 -1.3001
2005.5808 -1.0599
2005.6644 -1.3286
2005.7479 -1.3310
2005.8315 -1.8847
2005.9151 -1.9067
2006.0000 -2.0977
2006.0808 -2.0662
2006.1616 -2.0238
2006.2452 -2.3162
2006.3288 -2.5284
2006.4123 -3.3731
2006.4959 -4.1227
2006.5808 -4.6341
2006.6644 -3.8527
2006.7479 -3.8548
2006.8315 -4.4579
2006.9151 -4.0375
2007.0000 -3.7514
2007.0808 -3.2008
2007.1616 -2.8215
2007.2452 -2.6368
2007.3288 -2.0113
2007.4123 -1.9235
2007.4959 -1.4645
2007.5808 -0.9467
2007.6644 -1.0342
2007.7479 -1.6569
2007.8315 -1.7969
2007.9151 -1.1227
2008.0000 -1.0746
2008.0808 -0.8363
2008.1616 -0.7131
2008.2452 -0.5109
2008.3288 -0.4152
2008.4123 -1.1751
2008.4959 -1.0587
2008.5808 -0.9017
2008.6644 -0.7280
2008.7479 -1.6368
2008.8315 -1.7595
2008.9151 -1.5876
2009.0000 -1.8241
2009.0808 -1.2582
2009.1616 -0.8392
2009.2452 -1.0009
2009.3288 -0.5077
2009.4123 -0.6134
2009.4959 -0.5853
2009.5808 -0.2258
2009.6644 -0.1186
2009.7479 -0.0640
2009.8315 -0.0185
2009.9151 0.0111
2010.0000 0.3367
2010.0808 1.0373
2010.1616 1.5362
2010.2452 1.9155
2010.3288 1.9765
2010.4123 1.5353
2010.4959 0.9789
2010.5808 0.2074
2010.6644 0.5142
2010.7479 0.0676
2010.8315 -0.4809
2010.9151 -0.9291
2011.0000 -0.9160
2011.0808 -0.1597
2011.1616 -0.4654
2011.2452 -0.3384
2011.3288 0.0883
2011.4123 0.1030
2011.4959 0.5808
2011.5808 1.1008
2011.6644 1.1333
2011.7479 1.3382
2011.8315 1.4153
2011.9151 1.6622
2012.0000 1.9232
2012.0808 2.5306
2012.1616 2.6799
2012.2452 2.6139
2012.3288 2.7584
2012.4123 2.6844
2012.4959 2.6461
2012.5808 2.6681
2012.6644 2.7541
2012.7479 2.4600
2012.8315 2.7696
2012.9151 3.2533
2013.0000 4.1487
2013.0808 4.7667
2013.1616 4.9701
2013.2452 4.5761
2013.3288 3.6647
2013.4123 3.9971
2013.4959 4.0115
2013.5808 4.2925
2013.6644 4.1938
2013.7479 4.0077
2013.8315 4.4336
2013.9151 4.7388
2014.0000 5.2798
2014.0808 5.5200
2014.1616 5.5173
2014.2452 5.5260
2014.3288 5.1032
2014.4123 4.8669
2014.4959 4.7918
2014.5808 4.3087
2014.6644 4.5215
2014.7479 4.9009
2014.8315 4.3811
2014.9151 4.8270
2015.0000 5.1898
2015.0808 5.3537
2015.1616 5.7043
2015.2452 5.2148
2015.3288 4.5211
2015.4123 4.7327
2015.4959 5.2347
2015.5808 5.5417
2015.6644 5.1413
2015.7479 5.3712
2015.8315 5.1232
2015.9151 5.1452
2016.0000 5.1029
2016.0808 5.1125
2016.1616 4.9179
2016.2452 4.5557
2016.3288 4.5117
2016.4123 2.3893
2016.4959 1.8967
2016.5808 1.0110
2016.6644 1.3809
2016.7479 -0.0692
2016.8315 -0.8262
2016.9151 -0.5671
2017.0000 -0.0365
2017.0808 0.3375
2017.1616 1.0502
2017.2452 0.4774
2017.3288 0.8201
2017.4123 0.5241
2017.4959 0.7035
2017.5808 0.7001
2017.6644 0.5293
2017.7479 0.6114
2017.8315 0.0103
2017.9151 0.1622
2018.0000 -0.2747
2018.0808 0.2211
2018.1616 0.3982
2018.2452 0.0692
2018.3288 -0.0677
2018.4123 0.0439
2018.4959 -0.1780
2018.5808 -0.7512
2018.6644 -0.9069
2018.7479 -0.8693
2018.8315 -1.2092
2018.9151 -1.3382
2019.0000 -1.4450
2019.0808 -0.7402
2019.1616 -0.2616
2019.2452 -0.3998
2019.3288 -0.7423
2019.4123 -0.5654
2019.4959 -0.8200
2019.5808 -0.6637
2019.6644 -0.4709
2019.7479 -0.5154
2019.8315 -1.0354
2019.9151 -1.7283
2020.0000 -0.8148
2020.0808 0.0203
2020.1616 0.3274
2020.2452 -0.0196
2020.3288 -0.1483
2020.4123 -0.0652
2020.4959 -0.2903
2020.5808 -0.2878
2020.6644 -0.0027
2020.7479 0.1653
2020.8315 -0.2281
2020.9151 -0.9989
2021.0000 -1.0718
2021.0808 -0.8908
2021.1616 -1.5651
2021.2452 -1.9674
2021.3288 -2.2906
2021.4123 -3.0071
2021.4959 -3.1515
2021.5808 -2.9677
2021.6644 -3.1562
2021.7479 -3.4850
2021.8315 -4.1466
2021.9151 -4.3519
2022.0000 -4.8674
2022.0808 -4.5875
2022.1616 -4.9539
2022.2452 -5.0471
2022.3288 -4.7766
2022.4123 -5.3951
2022.4959 -5.7635
2022.5808 -6.3095
2022.6644 -6.6106
2022.7479 -7.3436
2022.8315 -7.4842
2022.9151 -8.0751
2023.0000 -7.5462
