1998.0808 3.7522
1998.1616 3.7917
1998.2452 3.5369
1998.3288 3.0613
1998.4123 2.7509
1998.4959 2.4849
1998.5808 2.9137
1998.6644 2.9651
1998.7479 2.7535
1998.8315 2.9251
1998.9151 2.8090
1999.0000 2.9148
1999.0808 2.8911
1999.1616 2.8595
1999.2452 2.4864
1999.3288 2.2831
1999.4123 1.6699
1999.4959 1.9301
1999.5808 2.0248
1999.6644 2.4021
1999.7479 2.5576
1999.8315 1.9067
1999.9151 1.7056
2000.0000 1.5493
2000.0808 1.7643
2000.1616 1.5103
2000.2452 1.0549
2000.3288 1.1666
2000.4123 0.9391
2000.4959 0.7574
2000.5808 0.0441
2000.6644 0.3798
2000.7479 0.5279
2000.8315 0.7710
2000.9151 0.8019
2001.0000 0.8782
2001.0808 1.3723
2001.1616 1.7470
2001.2452 2.1433
2001.3288 2.5686
2001.4123 1.8994
2001.4959 2.3091
2001.5808 2.5232
2001.6644 2.1966
2001.7479 1.5686
2001.8315 1.3935
2001.9151 1.5310
2002.0000 1.1090
2002.0808 1.2969
2002.1616 1.0123
2002.2452 1.3686
2002.3288 1.2756
2002.4123 1.4410
2002.4959 1.8691
2002.5808 1.6602
2002.6644 1.1450
2002.7479 0.8093
2002.8315 1.1766
2002.9151 1.6002
2003.0000 1.5599
2003.0808 1.4981
2003.1616 1.0024
2003.2452 0.9310
2003.3288 0.5562
2003.4123 0.5212
2003.4959 0.8807
2003.5808 0.8493
2003.6644 0.8574
2003.7479 0.5484
2003.8315 0.3573
2003.9151 0.8398
2004.0000 1.4337
2004.0808 1.7932
2004.1616 1.6565
2004.2452 1.6135
2004.3288 1.2911
2004.4123 0.5759
2004.4959 0.7313
2004.5808 0.2304
2004.6644 0.3520
2004.7479 -0.1709
2004.8315 -0.2434
2004.9151 -0.5818
2005.0000 -0.3019
2005.0808 0.0079
2005.1616 -0.5036
2005.2452 -0.5955
2005.3288 -0.5228
2005.4123 -0.5279
2005.4959 -0.3414
2005.5808 -0.2435
2005.6644 -0.4535
2005.7479 -0.7755
2005.8315 -1.2370
2005.9151 -1.4700
2006.0000 -1.4007
2006.0808 -1.6427
2006.1616 -1.7932
2006.2452 -1.8628
2006.3288 -1.8415
2006.4123 -2.5569
2006.4959 -3.1958
2006.5808 -3.2892
2006.6644 -2.8755
2006.7479 -2.6187
2006.8315 -3.1833
2006.9151 -2.9889
2007.0000 -2.8681
2007.0808 -2.7371
2007.1616 -2.4663
2007.2452 -2.3035
2007.3288 -1.9129
2007.4123 -2.0227
2007.4959 -1.7025
2007.5808 -1.4291
2007.6644 -1.1337
2007.7479 -1.5359
2007.8315 -1.1746
2007.9151 -0.6009
2008.0000 -0.6878
2008.0808 -0.6837
2008.1616 -0.9723
2008.2452 -0.5368
2008.3288 -0.3528
2008.4123 -0.6946
2008.4959 -0.6092
2008.5808 -1.0213
2008.6644 -1.2611
2008.7479 -2.1583
2008.8315 -2.1560
2008.9151 -1.8924
2009.0000 -2.6120
2009.0808 -2.2726
2009.1616 -2.0111
2009.2452 -2.0708
2009.3288 -2.2226
2009.4123 -2.1456
2009.4959 -1.6003
2009.5808 -1.3891
2009.6644 -1.7693
2009.7479 -1.6905
2009.8315 -1.5901
2009.9151 -1.3146
2010.0000 -0.9760
2010.0808 -0.4227
2010.1616 -0.2520
2010.2452 -0.0468
2010.3288 0.1291
2010.4123 0.0407
2010.4959 -0.4142
2010.5808 -1.2020
2010.6644 -1.2370
2010.7479 -1.7024
2010.8315 -2.0934
2010.9151 -2.1944
2011.0000 -2.0852
2011.0808 -1.5261
2011.1616 -1.4262
2011.2452 -1.1565
2011.3288 -0.7821
2011.4123 -0.8806
2011.4959 -0.7230
2011.5808 -0.5136
2011.6644 -0.7198
2011.7479 -0.4143
2011.8315 -0.3182
2011.9151 -0.3596
2012.0000 -0.1409
2012.0808 0.3346
2012.1616 0.7279
2012.2452 0.2463
2012.3288 0.1330
2012.4123 -0.1671
2012.4959 -0.0199
2012.5808 -0.0659
2012.6644 0.0105
2012.7479 -0.0433
2012.8315 0.3438
2012.9151 0.9409
2013.0000 1.6646
2013.0808 2.1666
2013.1616 1.9814
2013.2452 1.6087
2013.3288 1.3038
2013.4123 1.6606
2013.4959 1.6579
2013.5808 1.6657
2013.6644 1.5571
2013.7479 1.4527
2013.8315 1.7452
2013.9151 2.0175
2014.0000 2.6097
2014.0808 2.8934
2014.1616 3.0114
2014.2452 2.9535
2014.3288 2.2757
2014.4123 1.9503
2014.4959 1.8117
2014.5808 1.7161
2014.6644 1.9531
2014.7479 1.8517
2014.8315 1.5404
2014.9151 1.8815
2015.0000 2.2793
2015.0808 2.4913
2015.1616 2.9800
2015.2452 2.6898
2015.3288 1.9953
2015.4123 1.7399
2015.4959 2.2056
2015.5808 2.3830
2015.6644 2.5473
2015.7479 2.5362
2015.8315 2.3909
2015.9151 2.6445
2016.0000 2.6062
2016.0808 2.7984
2016.1616 2.5035
2016.2452 2.3050
2016.3288 2.2415
2016.4123 1.4507
2016.4959 1.1280
2016.5808 0.6056
2016.6644 0.7957
2016.7479 -0.0894
2016.8315 -0.7139
2016.9151 -0.8503
2017.0000 -0.4454
2017.0808 -0.0779
2017.1616 0.4311
2017.2452 -0.4029
2017.3288 -0.1695
2017.4123 -0.5841
2017.4959 -0.5150
2017.5808 -0.3590
2017.6644 -0.4600
2017.7479 -0.6025
2017.8315 -0.4585
2017.9151 -0.5917
2018.0000 -0.2479
2018.0808 0.1413
2018.1616 0.5280
2018.2452 0.4101
2018.3288 0.3453
2018.4123 0.3339
2018.4959 0.2995
2018.5808 -0.0855
2018.6644 -0.2317
2018.7479 -0.1084
2018.8315 -0.3018
2018.9151 -0.1602
2019.0000 -0.1113
2019.0808 0.5879
2019.1616 0.8543
2019.2452 0.5771
2019.3288 0.3694
2019.4123 0.3469
2019.4959 0.3703
2019.5808 0.1558
2019.6644 -0.0868
2019.7479 -0.2309
2019.8315 -0.4854
2019.9151 -0.6884
2020.0000 0.0738
2020.0808 0.0434
2020.1616 0.0794
2020.2452 -0.5283
2020.3288 -0.5302
2020.4123 -0.7865
2020.4959 -1.1852
2020.5808 -1.3644
2020.6644 -0.9947
2020.7479 -1.0991
2020.8315 -1.1529
2020.9151 -1.7055
2021.0000 -1.9647
2021.0808 -1.7025
2021.1616 -1.9869
2021.2452 -2.3009
2021.3288 -2.4809
2021.4123 -2.9355
2021.4959 -2.8955
2021.5808 -2.9240
2021.6644 -3.1942
2021.7479 -3.3624
2021.8315 -3.4292
2021.9151 -3.6294
2022.0000 -4.4152
2022.0808 -4.5789
2022.1616 -4.9743
2022.2452 -5.2386
2022.3288 -4.9531
2022.4123 -5.6256
2022.4959 -5.9850
2022.5808 -6.2593
2022.6644 -6.5923
2022.7479 -7.1084
2022.8315 -7.0763
2022.9151 -7.1935
2023.0000 -7.0013
