1998.0808 3.9534
1998.1616 4.2593
1998.2452 4.5006
1998.3288 3.2281
1998.4123 2.8925
1998.4959 2.5292
1998.5808 3.0245
1998.6644 3.2053
1998.7479 2.8781
1998.8315 3.2144
1998.9151 2.8841
1999.0000 3.0017
1999.0808 2.9591
1999.1616 2.3339
1999.2452 1.6641
1999.3288 0.6659
1999.4123 -0.3228
1999.4959 -0.5582
1999.5808 -0.8893
1999.6644 -0.6866
1999.7479 -0.6732
1999.8315 -1.4924
1999.9151 -1.9747
2000.0000 -2.6200
2000.0808 -2.8156
2000.1616 -3.3965
2000.2452 -3.6177
2000.3288 -3.7094
2000.4123 -4.2069
2000.4959 -4.3743
2000.5808 -5.0460
2000.6644 -4.9429
2000.7479 -4.7478
2000.8315 -4.3714
2000.9151 -4.1080
2001.0000 -4.2015
2001.0808 -3.5707
2001.1616 -3.0005
2001.2452 -2.4340
2001.3288 -1.8282
2001.4123 -2.2598
2001.4959 -1.7570
2001.5808 -1.3675
2001.6644 -1.8345
2001.7479 -2.6263
2001.8315 -3.2402
2001.9151 -3.4141
2002.0000 -4.2849
2002.0808 -4.1017
2002.1616 -4.6029
2002.2452 -4.4342
2002.3288 -4.2711
2002.4123 -4.1137
2002.4959 -3.6388
2002.5808 -3.7573
2002.6644 -3.9710
2002.7479 -3.8883
2002.8315 -3.5181
2002.9151 -3.2215
2003.0000 -2.9830
2003.0808 -2.8792
2003.1616 -3.0729
2003.2452 -3.4217
2003.3288 -3.7615
2003.4123 -3.6529
2003.4959 -3.2200
2003.5808 -3.2306
2003.6644 -3.3939
2003.7479 -3.5837
2003.8315 -3.8307
2003.9151 -3.3285
2004.0000 -2.5753
2004.0808 -2.0187
2004.1616 -2.0534
2004.2452 -1.7869
2004.3288 -1.6658
2004.4123 -2.2853
2004.4959 -1.8318
2004.5808 -2.6349
2004.6644 -2.8558
2004.7479 -3.4069
2004.8315 -3.9362
2004.9151 -4.4633
2005.0000 -4.4269
2005.0808 -4.0831
2005.1616 -4.5216
2005.2452 -4.6296
2005.3288 -4.4379
2005.4123 -4.3896
2005.4959 -4.0634
2005.5808 -3.7582
2005.6644 -3.9997
2005.7479 -4.0441
2005.8315 -4.7363
2005.9151 -5.2795
2006.0000 -5.5552
2006.0808 -6.1219
2006.1616 -6.5648
2006.2452 -6.8907
2006.3288 -6.8712
2006.4123 -7.4995
2006.4959 -8.4593
2006.5808 -9.0037
2006.6644 -8.5895
2006.7479 -8.5169
2006.8315 -9.2982
2006.9151 -9.1798
2007.0000 -9.0706
2007.0808 -8.9306
2007.1616 -8.5734
2007.2452 -8.3206
2007.3288 -7.6117
2007.4123 -7.3545
2007.4959 -6.6054
2007.5808 -5.8540
2007.6644 -5.2864
2007.7479 -5.3856
2007.8315 -5.0143
2007.9151 -4.1117
2008.0000 -3.9745
2008.0808 -3.6587
2008.1616 -3.4789
2008.2452 -3.1059
2008.3288 -2.5080
2008.4123 -2.7205
2008.4959 -2.4398
2008.5808 -2.3998
2008.6644 -2.3782
2008.7479 -3.3343
2008.8315 -3.2975
2008.9151 -3.2743
2009.0000 -4.0821
2009.0808 -3.8128
2009.1616 -3.3947
2009.2452 -3.4187
2009.3288 -3.0908
2009.4123 -2.9704
2009.4959 -2.4741
2009.5808 -2.1251
2009.6644 -2.0842
2009.7479 -1.8125
2009.8315 -1.5788
2009.9151 -1.4160
2010.0000 -0.9300
2010.0808 -0.1543
2010.1616 0.2778
2010.2452 0.6817
2010.3288 1.1732
2010.4123 1.1816
2010.4959 0.8627
2010.5808 0.1112
2010.6644 0.3054
2010.7479 -0.1752
2010.8315 -0.9445
2010.9151 -1.4493
2011.0000 -1.6299
2011.0808 -1.1314
2011.1616 -1.3787
2011.2452 -1.1889
2011.3288 -0.6955
2011.4123 -0.5430
2011.4959 0.0790
2011.5808 0.6850
2011.6644 0.9642
2011.7479 1.4515
2011.8315 1.6687
2011.9151 1.9419
2012.0000 2.2881
2012.0808 2.8282
2012.1616 3.1698
2012.2452 3.1696
2012.3288 3.3366
2012.4123 3.4421
2012.4959 3.5784
2012.5808 3.6743
2012.6644 3.9006
2012.7479 3.8139
2012.8315 4.1594
2012.9151 4.7911
2013.0000 5.8087
2013.0808 6.5124
2013.1616 6.4912
2013.2452 6.1425
2013.3288 5.5628
2013.4123 5.8113
2013.4959 5.7487
2013.5808 5.9877
2013.6644 5.9521
2013.7479 6.0172
2013.8315 6.4421
2013.9151 6.9695
2014.0000 7.6120
2014.0808 7.9126
2014.1616 8.0226
2014.2452 8.2239
2014.3288 7.8105
2014.4123 7.5743
2014.4959 7.4340
2014.5808 7.1369
2014.6644 7.2260
2014.7479 7.4414
2014.8315 6.6530
2014.9151 6.8667
2015.0000 7.0286
2015.0808 7.1287
2015.1616 7.4095
2015.2452 6.9281
2015.3288 6.1057
2015.4123 6.0277
2015.4959 6.5777
2015.5808 6.8598
2015.6644 6.8305
2015.7479 7.0367
2015.8315 6.9062
2015.9151 7.0944
2016.0000 6.7938
2016.0808 6.7248
2016.1616 6.3618
2016.2452 6.1283
2016.3288 5.9316
2016.4123 4.3815
2016.4959 3.6882
2016.5808 2.4879
2016.6644 2.3000
2016.7479 0.6989
2016.8315 -0.7369
2016.9151 -1.3122
2017.0000 -1.2538
2017.0808 -1.0588
2017.1616 -0.5303
2017.2452 -1.5414
2017.3288 -1.5134
2017.4123 -1.9528
2017.4959 -1.7905
2017.5808 -1.5778
2017.6644 -1.5044
2017.7479 -1.5467
2017.8315 -1.7333
2017.9151 -1.7453
2018.0000 -1.6297
2018.0808 -1.4243
2018.1616 -1.4361
2018.2452 -1.5101
2018.3288 -1.5442
2018.4123 -1.3781
2018.4959 -1.3826
2018.5808 -1.7828
2018.6644 -1.9009
2018.7479 -1.8212
2018.8315 -1.9366
2018.9151 -1.7941
2019.0000 -1.6878
2019.0808 -0.9369
2019.1616 -0.5485
2019.2452 -0.7166
2019.3288 -0.8034
2019.4123 -0.6743
2019.4959 -0.5956
2019.5808 -0.6429
2019.6644 -0.3508
2019.7479 -0.1927
2019.8315 -0.5898
2019.9151 -1.0679
2020.0000 -0.2731
2020.0808 -0.0302
2020.1616 -0.0449
2020.2452 -0.3941
2020.3288 -0.3914
2020.4123 -0.1962
2020.4959 -0.3926
2020.5808 -0.3863
2020.6644 -0.0324
2020.7479 0.2051
2020.8315 0.1298
2020.9151 -0.7225
2021.0000 -1.1840
2021.0808 -0.9752
2021.1616 -1.6340
2021.2452 -2.0029
2021.3288 -2.3602
2021.4123 -3.4646
2021.4959 -3.8005
2021.5808 -3.7796
2021.6644 -4.1080
2021.7479 -4.4443
2021.8315 -4.8505
2021.9151 -5.1249
2022.0000 -5.8533
2022.0808 -6.0579
2022.1616 -6.5070
2022.2452 -6.7634
2022.3288 -6.4956
2022.4123 -7.2497
2022.4959 -7.7881
2022.5808 -8.1907
2022.6644 -8.5741
2022.7479 -9.1659
2022.8315 -9.0392
2022.9151 -9.7199
2023.0000 -9.3793
