1998.0808 3.2752
1998.1616 3.0428
1998.2452 2.8358
1998.3288 0.6962
1998.4123 0.7177
1998.4959 0.1810
1998.5808 0.5804
1998.6644 0.6557
1998.7479 0.3988
1998.8315 0.5324
1998.9151 0.5337
1999.0000 0.9435
1999.0808 0.8212
1999.1616 0.9675
1999.2452 0.2543
1999.3288 -0.7178
1999.4123 -1.3202
1999.4959 -1.3218
1999.5808 -1.5200
1999.6644 -1.2616
1999.7479 -1.1459
1999.8315 -1.6658
1999.9151 -1.8440
2000.0000 -2.0987
2000.0808 -2.0014
2000.1616 -2.2959
2000.2452 -2.2069
2000.3288 -2.5015
2000.4123 -3.0504
2000.4959 -3.0743
2000.5808 -3.0969
2000.6644 -2.7353
2000.7479 -2.4675
2000.8315 -2.2020
2000.9151 -1.7580
2001.0000 -1.3621
2001.0808 -0.6743
2001.1616 -0.1643
2001.2452 0.1190
2001.3288 0.4062
2001.4123 -0.0204
2001.4959 0.2896
2001.5808 0.4752
2001.6644 -0.5060
2001.7479 -1.3640
2001.8315 -2.4733
2001.9151 -2.4076
2002.0000 -2.7992
2002.0808 -2.4805
2002.1616 -3.0352
2002.2452 -2.6310
2002.3288 -2.5390
2002.4123 -2.0455
2002.4959 -1.7038
2002.5808 -1.5860
2002.6644 -1.5958
2002.7479 -1.1626
2002.8315 -1.0478
2002.9151 -0.5144
2003.0000 -0.3707
2003.0808 0.1873
2003.1616 0.2422
2003.2452 -0.1210
2003.3288 -0.3658
2003.4123 -0.2852
2003.4959 0.0960
2003.5808 -0.1604
2003.6644 -0.9663
2003.7479 -1.2321
2003.8315 -1.2939
2003.9151 -0.8809
2004.0000 -0.1668
2004.0808 0.2244
2004.1616 -0.1954
2004.2452 -0.3175
2004.3288 -0.1167
2004.4123 -0.3913
2004.4959 0.0683
2004.5808 -0.6571
2004.6644 -1.4544
2004.7479 -1.3998
2004.8315 -1.5663
2004.9151 -1.8941
2005.0000 -1.4955
2005.0808 -1.0725
2005.1616 -1.8531
2005.2452 -1.9546
2005.3288 -1.6115
2005.4123 -1.4135
2005.4959 -0.9045
2005.5808 -0.6112
2005.6644 -1.1308
2005.7479 -0.9673
2005.8315 -1.7082
2005.9151 -1.6905
2006.0000 -1.5512
2006.0808 -1.3836
2006.1616 -1.4197
2006.2452 -1.8126
2006.3288 -1.9076
2006.4123 -2.9569
2006.4959 -3.2806
2006.5808 -3.8549
2006.6644 -3.0463
2006.7479 -3.1265
2006.8315 -3.7415
2006.9151 -3.3019
2007.0000 -2.9607
2007.0808 -2.5560
2007.1616 -2.1522
2007.2452 -1.7666
2007.3288 -1.1780
2007.4123 -1.2083
2007.4959 -0.5914
2007.5808 -0.0770
2007.6644 0.0881
2007.7479 -0.4853
2007.8315 -0.2953
2007.9151 0.3522
2008.0000 0.4996
2008.0808 0.4459
2008.1616 0.3570
2008.2452 0.0758
2008.3288 0.2096
2008.4123 -0.5140
2008.4959 -0.5901
2008.5808 -0.4863
2008.6644 -0.4118
2008.7479 -1.5604
2008.8315 -1.6273
2008.9151 -1.9795
2009.0000 -2.0236
2009.0808 -1.6887
2009.1616 -1.1900
2009.2452 -1.3557
2009.3288 -0.9827
2009.4123 -0.7334
2009.4959 -0.5089
2009.5808 -0.1395
2009.6644 0.1021
2009.7479 -0.0636
2009.8315 -0.1241
2009.9151 0.4272
2010.0000 0.6176
2010.0808 1.2109
2010.1616 1.5741
2010.2452 1.6183
2010.3288 1.5241
2010.4123 0.9520
2010.4959 0.3719
2010.5808 -0.3173
2010.6644 0.0029
2010.7479 -0.2655
2010.8315 -1.2390
2010.9151 -2.0416
2011.0000 -1.5108
2011.0808 -0.9192
2011.1616 -1.1557
2011.2452 -0.8003
2011.3288 -0.1760
2011.4123 -0.3111
2011.4959 0.1553
2011.5808 0.7030
2011.6644 0.9060
2011.7479 0.8381
2011.8315 0.5641
2011.9151 0.7202
2012.0000 0.4984
2012.0808 0.8274
2012.1616 1.1617
2012.2452 1.1806
2012.3288 1.5364
2012.4123 1.5645
2012.4959 1.7101
2012.5808 1.8491
2012.6644 1.6894
2012.7479 1.4510
2012.8315 1.7813
2012.9151 2.2153
2013.0000 3.0023
2013.0808 3.4348
2013.1616 3.5810
2013.2452 3.0011
2013.3288 2.0630
2013.4123 2.1424
2013.4959 2.4778
2013.5808 2.6251
2013.6644 2.9195
2013.7479 2.5290
2013.8315 2.6911
2013.9151 2.9420
2014.0000 3.6145
2014.0808 4.1077
2014.1616 4.1037
2014.2452 4.2157
2014.3288 3.9078
2014.4123 3.7893
2014.4959 3.8242
2014.5808 3.0866
2014.6644 3.1707
2014.7479 3.5168
2014.8315 3.0692
2014.9151 3.4408
2015.0000 3.9901
2015.0808 4.0472
2015.1616 4.2965
2015.2452 3.7298
2015.3288 3.2224
2015.4123 3.6867
2015.4959 4.2641
2015.5808 4.6538
2015.6644 4.4254
2015.7479 4.6482
2015.8315 4.1466
2015.9151 4.2607
2016.0000 4.2493
2016.0808 4.2163
2016.1616 4.1566
2016.2452 3.8026
2016.3288 3.4908
2016.4123 2.4824
2016.4959 2.0582
2016.5808 1.4979
2016.6644 1.6312
2016.7479 -0.2037
2016.8315 -0.8025
2016.9151 -0.5097
2017.0000 0.1418
2017.0808 0.6206
2017.1616 1.1908
2017.2452 0.3867
2017.3288 0.5826
2017.4123 0.2683
2017.4959 0.3988
2017.5808 0.4726
2017.6644 0.5110
2017.7479 -0.1240
2017.8315 -0.0461
2017.9151 -0.0502
2018.0000 0.2866
2018.0808 0.7430
2018.1616 0.9846
2018.2452 0.7134
2018.3288 0.6128
2018.4123 0.6381
2018.4959 0.5694
2018.5808 0.0700
2018.6644 -0.0131
2018.7479 -0.4268
2018.8315 -0.6358
2018.9151 -0.8131
2019.0000 -0.7690
2019.0808 -0.0544
2019.1616 0.2879
2019.2452 0.1486
2019.3288 -0.0244
2019.4123 -0.0073
2019.4959 0.1971
2019.5808 0.5217
2019.6644 0.9926
2019.7479 0.8476
2019.8315 0.3182
2019.9151 0.2816
2020.0000 1.1393
2020.0808 1.5551
2020.1616 1.6248
2020.2452 1.4449
2020.3288 0.7538
2020.4123 0.7599
2020.4959 0.8125
2020.5808 0.9161
2020.6644 1.1828
2020.7479 1.4838
2020.8315 1.2193
2020.9151 0.2341
2021.0000 0.1439
2021.0808 0.2034
2021.1616 -0.6385
2021.2452 -1.0507
2021.3288 -1.5064
2021.4123 -2.6560
2021.4959 -3.0017
2021.5808 -2.6649
2021.6644 -2.8108
2021.7479 -3.4203
2021.8315 -3.7249
2021.9151 -4.1713
2022.0000 -5.0756
2022.0808 -5.0130
2022.1616 -5.3639
2022.2452 -5.5951
2022.3288 -5.4322
2022.4123 -5.7729
2022.4959 -6.1111
2022.5808 -6.4965
2022.6644 -7.0945
2022.7479 -8.0125
2022.8315 -8.2364
2022.9151 -9.1305
2023.0000 -8.8535
