1998.0808 1.4908
1998.1616 1.7191
1998.2452 1.8433
1998.3288 1.4541
1998.4123 1.7685
1998.4959 1.7992
1998.5808 1.9170
1998.6644 2.0616
1998.7479 2.1346
1998.8315 2.1910
1998.9151 2.2665
1999.0000 2.5810
1999.0808 2.7123
1999.1616 2.7502
1999.2452 2.4432
1999.3288 2.1796
1999.4123 2.0312
1999.4959 1.9786
1999.5808 1.7345
1999.6644 1.8161
1999.7479 1.8817
1999.8315 1.8092
1999.9151 1.6566
2000.0000 1.6384
2000.0808 1.6407
2000.1616 1.6877
2000.2452 1.7840
2000.3288 1.6599
2000.4123 1.5512
2000.4959 1.5455
2000.5808 1.6228
2000.6644 1.8553
2000.7479 2.1540
2000.8315 2.2660
2000.9151 2.5730
2001.0000 2.7604
2001.0808 3.0765
2001.1616 3.2109
2001.2452 3.1838
2001.3288 3.3484
2001.4123 3.2930
2001.4959 3.5840
2001.5808 3.8848
2001.6644 3.4802
2001.7479 3.2757
2001.8315 2.7069
2001.9151 2.5016
2002.0000 2.2311
2002.0808 2.1167
2002.1616 1.8325
2002.2452 1.7585
2002.3288 1.5480
2002.4123 1.6884
2002.4959 1.8274
2002.5808 1.8290
2002.6644 1.9628
2002.7479 2.1734
2002.8315 2.1722
2002.9151 2.4489
2003.0000 2.5824
2003.0808 2.8839
2003.1616 2.9930
2003.2452 3.1086
2003.3288 3.2239
2003.4123 3.3250
2003.4959 3.5908
2003.5808 3.4652
2003.6644 2.8905
2003.7479 2.5722
2003.8315 2.4577
2003.9151 2.4084
2004.0000 2.6742
2004.0808 2.7755
2004.1616 2.7883
2004.2452 2.6186
2004.3288 2.6906
2004.4123 2.6681
2004.4959 2.9025
2004.5808 2.7188
2004.6644 2.5729
2004.7479 2.5379
2004.8315 2.4247
2004.9151 2.2663
2005.0000 2.3573
2005.0808 2.4523
2005.1616 2.2297
2005.2452 2.0973
2005.3288 2.1908
2005.4123 2.4000
2005.4959 2.7591
2005.5808 3.0351
2005.6644 3.0295
2005.7479 3.2305
2005.8315 3.0629
2005.9151 3.3636
2006.0000 3.6025
2006.0808 3.9613
2006.1616 4.0866
2006.2452 3.7206
2006.3288 3.7711
2006.4123 3.4009
2006.4959 3.4587
2006.5808 3.5499
2006.6644 4.0386
2006.7479 4.1829
2006.8315 4.0382
2006.9151 4.2695
2007.0000 4.4304
2007.0808 4.6484
2007.1616 4.9196
2007.2452 5.1827
2007.3288 5.5102
2007.4123 5.7193
2007.4959 6.1129
2007.5808 6.5107
2007.6644 6.6441
2007.7479 6.6192
2007.8315 6.8940
2007.9151 7.3720
2008.0000 7.5713
2008.0808 7.7593
2008.1616 7.8710
2008.2452 7.8023
2008.3288 7.8491
2008.4123 7.5921
2008.4959 7.5413
2008.5808 7.6726
2008.6644 7.8064
2008.7479 7.3292
2008.8315 7.2794
2008.9151 7.1117
2009.0000 7.1203
2009.0808 7.1317
2009.1616 7.2034
2009.2452 7.0665
2009.3288 7.1845
2009.4123 7.1267
2009.4959 7.2555
2009.5808 7.5494
2009.6644 7.7518
2009.7479 7.5888
2009.8315 7.5766
2009.9151 7.6646
2010.0000 7.6452
2010.0808 7.7293
2010.1616 7.8317
2010.2452 7.7420
2010.3288 7.6954
2010.4123 7.3728
2010.4959 7.0241
2010.5808 6.7406
2010.6644 6.6930
2010.7479 6.5296
2010.8315 5.8582
2010.9151 5.2435
2011.0000 5.1538
2011.0808 5.1956
2011.1616 4.7866
2011.2452 4.5366
2011.3288 4.5624
2011.4123 4.1418
2011.4959 4.0528
2011.5808 4.1782
2011.6644 4.2667
2011.7479 4.1287
2011.8315 3.7681
2011.9151 3.4229
2012.0000 3.1588
2012.0808 3.1994
2012.1616 3.1199
2012.2452 2.8151
2012.3288 2.7456
2012.4123 2.5883
2012.4959 2.4531
2012.5808 2.2986
2012.6644 1.9057
2012.7479 1.7884
2012.8315 1.7833
2012.9151 1.6843
2013.0000 1.9030
2013.0808 1.9527
2013.1616 1.9663
2013.2452 1.7524
2013.3288 1.1885
2013.4123 1.0097
2013.4959 0.8451
2013.5808 0.7173
2013.6644 0.6494
2013.7479 0.4114
2013.8315 0.2189
2013.9151 0.0982
2014.0000 0.1951
2014.0808 0.3290
2014.1616 0.3181
2014.2452 0.0970
2014.3288 -0.0324
2014.4123 -0.2960
2014.4959 -0.4152
2014.5808 -0.7710
2014.6644 -0.7531
2014.7479 -0.6828
2014.8315 -0.9314
2014.9151 -0.9085
2015.0000 -0.7421
2015.0808 -0.6688
2015.1616 -0.5970
2015.2452 -0.7597
2015.3288 -0.8854
2015.4123 -0.7480
2015.4959 -0.6282
2015.5808 -0.4947
2015.6644 -0.5304
2015.7479 -0.3365
2015.8315 -0.3026
2015.9151 -0.2398
2016.0000 -0.4224
2016.0808 -0.3477
2016.1616 -0.2893
2016.2452 -0.4771
2016.3288 -0.4640
2016.4123 -0.4332
2016.4959 -0.5555
2016.5808 -0.4827
2016.6644 -0.3604
2016.7479 -1.0707
2016.8315 -1.1315
2016.9151 -1.0421
2017.0000 -0.7686
2017.0808 -0.7552
2017.1616 -0.4976
2017.2452 -0.5326
2017.3288 -0.2537
2017.4123 -0.2772
2017.4959 -0.1030
2017.5808 -0.0616
2017.6644 0.0436
2017.7479 -0.2256
2017.8315 -0.1963
2017.9151 -0.0305
2018.0000 -0.0748
2018.0808 0.0700
2018.1616 0.1804
2018.2452 -0.1292
2018.3288 -0.2950
2018.4123 -0.2705
2018.4959 -0.2220
2018.5808 -0.3747
2018.6644 -0.5056
2018.7479 -0.7987
2018.8315 -0.7654
2018.9151 -0.9897
2019.0000 -1.1394
2019.0808 -0.9707
2019.1616 -0.8505
2019.2452 -0.9100
2019.3288 -1.2185
2019.4123 -1.3010
2019.4959 -1.2186
2019.5808 -1.0824
2019.6644 -0.8389
2019.7479 -0.7583
2019.8315 -0.9753
2019.9151 -0.9971
2020.0000 -0.7522
2020.0808 -0.4903
2020.1616 -0.3276
2020.2452 -0.2763
2020.3288 -0.4809
2020.4123 -0.2640
2020.4959 -0.1436
2020.5808 0.1594
2020.6644 0.3390
2020.7479 0.5287
2020.8315 0.6523
2020.9151 0.4093
2021.0000 0.4043
2021.0808 0.5508
2021.1616 0.2889
2021.2452 0.0601
2021.3288 -0.1252
2021.4123 -0.5303
2021.4959 -0.6701
2021.5808 -0.6780
2021.6644 -0.7575
2021.7479 -1.2777
2021.8315 -1.7412
2021.9151 -2.1099
2022.0000 -2.5068
2022.0808 -2.7155
2022.1616 -2.8847
2022.2452 -3.1761
2022.3288 -3.3437
2022.4123 -3.6104
2022.4959 -4.0400
2022.5808 -4.2397
2022.6644 -4.6795
2022.7479 -5.2948
2022.8315 -5.7651
2022.9151 -6.5226
2023.0000 -6.6954
