1998.0808 2.8856
1998.1616 3.6325
1998.2452 4.0386
1998.3288 3.1130
1998.4123 3.9165
1998.4959 4.0114
1998.5808 4.3856
1998.6644 4.6157
1998.7479 4.7208
1998.8315 4.6050
1998.9151 4.7836
1999.0000 5.5075
1999.0808 5.6017
1999.1616 5.5518
1999.2452 4.7477
1999.3288 4.0233
1999.4123 3.6579
1999.4959 3.4915
1999.5808 2.5797
1999.6644 2.5446
1999.7479 2.7132
1999.8315 2.5534
1999.9151 1.8054
2000.0000 1.5879
2000.0808 1.5268
2000.1616 1.5410
2000.2452 1.6937
2000.3288 0.9848
2000.4123 0.6042
2000.4959 0.3053
2000.5808 0.4666
2000.6644 0.7828
2000.7479 1.3009
2000.8315 1.5338
2000.9151 2.2699
2001.0000 2.8700
2001.0808 3.7776
2001.1616 4.3875
2001.2452 4.2729
2001.3288 4.5782
2001.4123 4.6596
2001.4959 5.3939
2001.5808 6.2149
2001.6644 4.7504
2001.7479 4.1326
2001.8315 2.3979
2001.9151 1.5208
2002.0000 0.6138
2002.0808 0.2730
2002.1616 -0.4920
2002.2452 -0.3622
2002.3288 -0.8161
2002.4123 -0.1945
2002.4959 0.1729
2002.5808 0.2296
2002.6644 0.5396
2002.7479 1.0952
2002.8315 0.9238
2002.9151 1.6175
2003.0000 1.7620
2003.0808 2.5132
2003.1616 2.6894
2003.2452 3.2047
2003.3288 3.4554
2003.4123 3.5599
2003.4959 4.2316
2003.5808 3.6448
2003.6644 1.7111
2003.7479 0.4640
2003.8315 0.1868
2003.9151 0.3755
2004.0000 1.2196
2004.0808 1.5946
2004.1616 1.7910
2004.2452 1.2757
2004.3288 1.5357
2004.4123 1.5476
2004.4959 2.1108
2004.5808 1.5055
2004.6644 1.0559
2004.7479 0.9460
2004.8315 0.4094
2004.9151 -0.1955
2005.0000 0.2277
2005.0808 0.4836
2005.1616 -0.1776
2005.2452 -0.4997
2005.3288 -0.1986
2005.4123 0.3515
2005.4959 1.2514
2005.5808 1.8053
2005.6644 1.6887
2005.7479 2.0269
2005.8315 1.3889
2005.9151 2.1627
2006.0000 2.7022
2006.0808 3.5198
2006.1616 3.9568
2006.2452 2.6949
2006.3288 2.7478
2006.4123 1.5104
2006.4959 1.6379
2006.5808 1.7740
2006.6644 2.8327
2006.7479 2.9832
2006.8315 2.3190
2006.9151 2.9515
2007.0000 3.0817
2007.0808 3.7137
2007.1616 4.3869
2007.2452 4.9951
2007.3288 5.8988
2007.4123 6.3918
2007.4959 7.4147
2007.5808 8.4614
2007.6644 8.5690
2007.7479 8.4965
2007.8315 9.1501
2007.9151 10.1961
2008.0000 10.6377
2008.0808 11.0890
2008.1616 11.2144
2008.2452 11.0504
2008.3288 10.9850
2008.4123 10.2270
2008.4959 9.9858
2008.5808 10.2999
2008.6644 10.4341
2008.7479 8.9466
2008.8315 8.6800
2008.9151 7.8918
2009.0000 7.7684
2009.0808 7.5608
2009.1616 7.8111
2009.2452 7.4608
2009.3288 7.8215
2009.4123 7.9332
2009.4959 8.4092
2009.5808 9.2402
2009.6644 9.6831
2009.7479 8.9816
2009.8315 8.8688
2009.9151 9.4563
2010.0000 9.2535
2010.0808 9.7981
2010.1616 10.5707
2010.2452 10.4736
2010.3288 10.4938
2010.4123 9.6632
2010.4959 8.8431
2010.5808 8.2665
2010.6644 8.2553
2010.7479 7.8252
2010.8315 5.6386
2010.9151 4.3751
2011.0000 4.5551
2011.0808 4.7971
2011.1616 3.8216
2011.2452 3.5161
2011.3288 3.9131
2011.4123 2.8244
2011.4959 2.8673
2011.5808 3.4658
2011.6644 3.8615
2011.7479 3.6780
2011.8315 2.5778
2011.9151 1.5689
2012.0000 0.8860
2012.0808 1.0909
2012.1616 1.0906
2012.2452 0.5065
2012.3288 0.6505
2012.4123 0.5509
2012.4959 0.4793
2012.5808 0.2583
2012.6644 -0.8989
2012.7479 -0.9228
2012.8315 -0.8908
2012.9151 -0.8370
2013.0000 -0.0175
2013.0808 0.4982
2013.1616 0.7990
2013.2452 0.4813
2013.3288 -1.0576
2013.4123 -1.3201
2013.4959 -1.7286
2013.5808 -1.7437
2013.6644 -1.7111
2013.7479 -2.2819
2013.8315 -2.7334
2013.9151 -3.1623
2014.0000 -2.5541
2014.0808 -2.0401
2014.1616 -1.9712
2014.2452 -2.3221
2014.3288 -2.4179
2014.4123 -2.5261
2014.4959 -2.6962
2014.5808 -3.5147
2014.6644 -3.1768
2014.7479 -2.8542
2014.8315 -3.3094
2014.9151 -3.0209
2015.0000 -2.2871
2015.0808 -1.9398
2015.1616 -1.8018
2015.2452 -2.0698
2015.3288 -2.2581
2015.4123 -1.6265
2015.4959 -1.2091
2015.5808 -0.8948
2015.6644 -1.0833
2015.7479 -0.5677
2015.8315 -0.3905
2015.9151 -0.1758
2016.0000 -0.0738
2016.0808 0.2636
2016.1616 0.7701
2016.2452 0.2403
2016.3288 0.4537
2016.4123 1.0791
2016.4959 0.7676
2016.5808 1.1644
2016.6644 1.4125
2016.7479 -0.7051
2016.8315 -0.7396
2016.9151 -0.4535
2017.0000 0.3429
2017.0808 0.6767
2017.1616 1.2831
2017.2452 1.3440
2017.3288 2.0488
2017.4123 2.0443
2017.4959 2.3718
2017.5808 2.3197
2017.6644 2.7493
2017.7479 1.6038
2017.8315 1.7137
2017.9151 2.0949
2018.0000 2.4115
2018.0808 2.8983
2018.1616 3.1084
2018.2452 2.1035
2018.3288 1.7240
2018.4123 1.8283
2018.4959 2.0731
2018.5808 1.5795
2018.6644 1.1941
2018.7479 0.2041
2018.8315 0.4038
2018.9151 -0.3069
2019.0000 -0.5634
2019.0808 0.0573
2019.1616 0.6937
2019.2452 0.6025
2019.3288 -0.0802
2019.4123 -0.3380
2019.4959 0.0496
2019.5808 0.4569
2019.6644 1.2645
2019.7479 1.4355
2019.8315 0.7662
2019.9151 0.9781
2020.0000 1.8522
2020.0808 2.5159
2020.1616 3.1429
2020.2452 3.3227
2020.3288 2.6638
2020.4123 3.2278
2020.4959 3.6075
2020.5808 4.4236
2020.6644 4.7475
2020.7479 5.1315
2020.8315 5.5409
2020.9151 4.8645
2021.0000 4.9060
2021.0808 5.2077
2021.1616 4.3239
2021.2452 3.9100
2021.3288 3.4181
2021.4123 2.5345
2021.4959 2.2979
2021.5808 2.2872
2021.6644 2.1544
2021.7479 0.4364
2021.8315 -0.9465
2021.9151 -2.0518
2022.0000 -3.1635
2022.0808 -3.3996
2022.1616 -3.5709
2022.2452 -4.2648
2022.3288 -4.6827
2022.4123 -5.2405
2022.4959 -6.3355
2022.5808 -6.6991
2022.6644 -7.9638
2022.7479 -9.7216
2022.8315 -10.8418
2022.9151 -13.2247
2023.0000 -13.8283
