1998.0808 2.0418
1998.1616 2.7033
1998.2452 3.1455
1998.3288 2.7255
1998.4123 3.3503
1998.4959 3.5135
1998.5808 3.7113
1998.6644 3.9114
1998.7479 4.0086
1998.8315 3.9446
1998.9151 4.0027
1999.0000 4.4260
1999.0808 4.5554
1999.1616 4.4891
1999.2452 3.8804
1999.3288 3.2984
1999.4123 2.9022
1999.4959 2.5775
1999.5808 1.7912
1999.6644 1.6449
1999.7479 1.6017
1999.8315 1.4435
1999.9151 0.9913
2000.0000 0.8394
2000.0808 0.7385
2000.1616 0.8044
2000.2452 0.9612
2000.3288 0.6181
2000.4123 0.4066
2000.4959 0.2567
2000.5808 0.4002
2000.6644 0.7183
2000.7479 1.2029
2000.8315 1.4439
2000.9151 2.0461
2001.0000 2.4412
2001.0808 3.0899
2001.1616 3.4196
2001.2452 3.3152
2001.3288 3.5406
2001.4123 3.5596
2001.4959 4.0558
2001.5808 4.6327
2001.6644 3.7531
2001.7479 3.2977
2001.8315 2.0494
2001.9151 1.2906
2002.0000 0.5113
2002.0808 0.0728
2002.1616 -0.5674
2002.2452 -0.7204
2002.3288 -1.1539
2002.4123 -0.8655
2002.4959 -0.5836
2002.5808 -0.4581
2002.6644 -0.0946
2002.7479 0.4151
2002.8315 0.4693
2002.9151 1.0332
2003.0000 1.3555
2003.0808 1.9737
2003.1616 2.2414
2003.2452 2.6434
2003.3288 2.9818
2003.4123 3.1588
2003.4959 3.6608
2003.5808 3.3491
2003.6644 2.0244
2003.7479 1.0700
2003.8315 0.6405
2003.9151 0.4625
2004.0000 0.8243
2004.0808 0.9824
2004.1616 1.1367
2004.2452 0.8100
2004.3288 0.9949
2004.4123 1.0814
2004.4959 1.5385
2004.5808 1.2605
2004.6644 1.0222
2004.7479 0.9223
2004.8315 0.6218
2004.9151 0.2590
2005.0000 0.4248
2005.0808 0.5718
2005.1616 0.2301
2005.2452 -0.0392
2005.3288 0.1106
2005.4123 0.5352
2005.4959 1.2361
2005.5808 1.7895
2005.6644 1.8733
2005.7479 2.2609
2005.8315 1.9890
2005.9151 2.5421
2006.0000 2.9614
2006.0808 3.6392
2006.1616 3.9480
2006.2452 3.0975
2006.3288 3.0447
2006.4123 2.2038
2006.4959 2.1839
2006.5808 2.2404
2006.6644 2.9606
2006.7479 3.1314
2006.8315 2.7440
2006.9151 3.0881
2007.0000 3.1576
2007.0808 3.4539
2007.1616 3.8417
2007.2452 4.2511
2007.3288 4.8300
2007.4123 5.2132
2007.4959 5.8857
2007.5808 6.5894
2007.6644 6.6800
2007.7479 6.5909
2007.8315 6.9444
2007.9151 7.6124
2008.0000 7.8878
2008.0808 8.1029
2008.1616 8.1375
2008.2452 7.8773
2008.3288 7.6258
2008.4123 6.8774
2008.4959 6.4567
2008.5808 6.4280
2008.6644 6.3855
2008.7479 5.2962
2008.8315 4.9048
2008.9151 4.2241
2009.0000 3.9511
2009.0808 3.6689
2009.1616 3.6159
2009.2452 3.2283
2009.3288 3.3087
2009.4123 3.1986
2009.4959 3.4227
2009.5808 3.9786
2009.6644 4.4027
2009.7479 4.0390
2009.8315 3.9623
2009.9151 4.1603
2010.0000 4.0304
2010.0808 4.1876
2010.1616 4.4895
2010.2452 4.4231
2010.3288 4.4197
2010.4123 3.8533
2010.4959 3.2185
2010.5808 2.7369
2010.6644 2.6065
2010.7479 2.2844
2010.8315 0.9053
2010.9151 -0.2088
2011.0000 -0.4355
2011.0808 -0.3943
2011.1616 -1.0429
2011.2452 -1.3931
2011.3288 -1.2230
2011.4123 -1.9024
2011.4959 -1.9211
2011.5808 -1.4687
2011.6644 -1.0063
2011.7479 -0.9714
2011.8315 -1.4692
2011.9151 -2.0504
2012.0000 -2.4001
2012.0808 -2.1748
2012.1616 -2.1044
2012.2452 -2.3677
2012.3288 -2.2268
2012.4123 -2.2005
2012.4959 -2.1499
2012.5808 -2.1515
2012.6644 -2.7400
2012.7479 -2.6777
2012.8315 -2.5173
2012.9151 -2.4023
2013.0000 -1.7173
2013.0808 -1.2884
2013.1616 -0.8925
2013.2452 -0.8533
2013.3288 -1.6659
2013.4123 -1.8345
2013.4959 -2.0715
2013.5808 -2.1007
2013.6644 -2.0431
2013.7479 -2.3017
2013.8315 -2.5466
2013.9151 -2.6912
2014.0000 -2.3274
2014.0808 -1.8802
2014.1616 -1.6236
2014.2452 -1.7603
2014.3288 -1.6860
2014.4123 -1.7688
2014.4959 -1.7697
2014.5808 -2.2357
2014.6644 -1.9940
2014.7479 -1.6782
2014.8315 -1.8501
2014.9151 -1.6303
2015.0000 -1.1042
2015.0808 -0.7112
2015.1616 -0.4150
2015.2452 -0.4720
2015.3288 -0.4916
2015.4123 -0.0521
2015.4959 0.2779
2015.5808 0.5859
2015.6644 0.5844
2015.7479 1.0068
2015.8315 1.2186
2015.9151 1.4442
2016.0000 1.3187
2016.0808 1.5432
2016.1616 1.8264
2016.2452 1.5401
2016.3288 1.6375
2016.4123 1.9885
2016.4959 1.8448
2016.5808 2.1125
2016.6644 2.2955
2016.7479 0.9787
2016.8315 0.8335
2016.9151 0.9030
2017.0000 1.3176
2017.0808 1.3485
2017.1616 1.7250
2017.2452 1.8124
2017.3288 2.3167
2017.4123 2.3388
2017.4959 2.6019
2017.5808 2.5582
2017.6644 2.7519
2017.7479 2.0432
2017.8315 1.9629
2017.9151 2.1720
2018.0000 2.0870
2018.0808 2.2632
2018.1616 2.3694
2018.2452 1.6768
2018.3288 1.2751
2018.4123 1.2043
2018.4959 1.2897
2018.5808 0.9775
2018.6644 0.6425
2018.7479 -0.0620
2018.8315 -0.0551
2018.9151 -0.5798
2019.0000 -0.8842
2019.0808 -0.6117
2019.1616 -0.2698
2019.2452 -0.2698
2019.3288 -0.7231
2019.4123 -0.8677
2019.4959 -0.6235
2019.5808 -0.2892
2019.6644 0.3159
2019.7479 0.5930
2019.8315 0.2810
2019.9151 0.4059
2020.0000 0.9236
2020.0808 1.4542
2020.1616 1.9325
2020.2452 2.1634
2020.3288 1.8228
2020.4123 2.2446
2020.4959 2.4880
2020.5808 3.0971
2020.6644 3.3835
2020.7479 3.6626
2020.8315 3.9384
2020.9151 3.5263
2021.0000 3.5199
2021.0808 3.6597
2021.1616 3.0972
2021.2452 2.6277
2021.3288 2.1776
2021.4123 1.4224
2021.4959 1.0535
2021.5808 0.8567
2021.6644 0.6485
2021.7479 -0.5311
2021.8315 -1.6521
2021.9151 -2.5550
2022.0000 -3.3932
2022.0808 -3.8340
2022.1616 -4.0935
2022.2452 -4.5975
2022.3288 -4.8839
2022.4123 -5.2219
2022.4959 -5.9294
2022.5808 -6.1318
2022.6644 -6.8327
2022.7479 -7.8820
2022.8315 -8.6236
2022.9151 -10.0091
2023.0000 -10.3345
