1998.0808 5.8225
1998.1616 6.0340
1998.2452 6.2738
1998.3288 4.0229
1998.4123 3.0604
1998.4959 2.2939
1998.5808 2.7916
1998.6644 2.7647
1998.7479 2.0050
1998.8315 2.3119
1998.9151 2.2285
1999.0000 2.7559
1999.0808 2.9448
1999.1616 3.4355
1999.2452 2.6856
1999.3288 1.3647
1999.4123 0.2161
1999.4959 0.1719
1999.5808 -0.2302
1999.6644 -0.0265
1999.7479 0.0263
1999.8315 -1.0543
1999.9151 -1.2150
2000.0000 -1.8170
2000.0808 -1.4514
2000.1616 -2.0918
2000.2452 -2.2424
2000.3288 -2.3703
2000.4123 -3.2440
2000.4959 -3.4858
2000.5808 -4.5624
2000.6644 -4.5124
2000.7479 -4.5427
2000.8315 -4.1958
2000.9151 -3.9496
2001.0000 -3.3046
2001.0808 -2.3172
2001.1616 -1.1701
2001.2452 -0.2870
2001.3288 0.5468
2001.4123 -0.0663
2001.4959 0.4207
2001.5808 0.6985
2001.6644 0.2405
2001.7479 -1.0839
2001.8315 -2.0492
2001.9151 -1.9531
2002.0000 -2.3377
2002.0808 -1.8486
2002.1616 -2.4691
2002.2452 -2.1329
2002.3288 -1.9517
2002.4123 -1.6458
2002.4959 -1.0332
2002.5808 -0.9904
2002.6644 -1.5609
2002.7479 -1.5454
2002.8315 -0.9440
2002.9151 -0.5748
2003.0000 -0.1946
2003.0808 0.6380
2003.1616 1.0260
2003.2452 0.4704
2003.3288 -0.0197
2003.4123 0.1804
2003.4959 0.8024
2003.5808 1.0269
2003.6644 0.8623
2003.7479 0.7804
2003.8315 0.7143
2003.9151 1.4041
2004.0000 2.5890
2004.0808 3.4386
2004.1616 3.3781
2004.2452 3.7129
2004.3288 3.7842
2004.4123 2.7617
2004.4959 3.1922
2004.5808 1.4014
2004.6644 0.5169
2004.7479 -0.0439
2004.8315 -0.5764
2004.9151 -1.2178
2005.0000 -0.7768
2005.0808 -0.1401
2005.1616 -0.7202
2005.2452 -0.8142
2005.3288 -0.6019
2005.4123 -0.9189
2005.4959 -0.7198
2005.5808 -0.6956
2005.6644 -1.5978
2005.7479 -1.9936
2005.8315 -3.0177
2005.9151 -3.9243
2006.0000 -3.8660
2006.0808 -4.4893
2006.1616 -4.8797
2006.2452 -4.9005
2006.3288 -5.0882
2006.4123 -6.1559
2006.4959 -7.7994
2006.5808 -8.9585
2006.6644 -8.6918
2006.7479 -8.8569
2006.8315 -10.0824
2006.9151 -9.9018
2007.0000 -9.4455
2007.0808 -9.0822
2007.1616 -8.6728
2007.2452 -8.1502
2007.3288 -7.2976
2007.4123 -7.0112
2007.4959 -6.1389
2007.5808 -5.3279
2007.6644 -4.8704
2007.7479 -5.3844
2007.8315 -5.1934
2007.9151 -4.2404
2008.0000 -3.9362
2008.0808 -3.5492
2008.1616 -3.3784
2008.2452 -3.1239
2008.3288 -2.3887
2008.4123 -2.7253
2008.4959 -2.6016
2008.5808 -2.8289
2008.6644 -2.8895
2008.7479 -4.3006
2008.8315 -4.3721
2008.9151 -4.4267
2009.0000 -4.5783
2009.0808 -4.0164
2009.1616 -3.3138
2009.2452 -3.3827
2009.3288 -2.9627
2009.4123 -2.5915
2009.4959 -2.1462
2009.5808 -1.9050
2009.6644 -2.0582
2009.7479 -1.8526
2009.8315 -1.5987
2009.9151 -0.9201
2010.0000 -0.1808
2010.0808 1.0458
2010.1616 1.6679
2010.2452 2.0602
2010.3288 2.6472
2010.4123 2.5724
2010.4959 2.2371
2010.5808 1.0086
2010.6644 1.1222
2010.7479 0.3952
2010.8315 -0.5112
2010.9151 -1.3214
2011.0000 -0.6859
2011.0808 0.0274
2011.1616 0.3636
2011.2452 0.8785
2011.3288 1.7925
2011.4123 2.0968
2011.4959 3.0406
2011.5808 3.7255
2011.6644 3.8205
2011.7479 4.1539
2011.8315 4.5996
2011.9151 5.2115
2012.0000 5.6913
2012.0808 6.3287
2012.1616 7.0898
2012.2452 7.1719
2012.3288 7.2650
2012.4123 7.2629
2012.4959 7.6297
2012.5808 7.6410
2012.6644 7.9432
2012.7479 7.4018
2012.8315 7.7453
2012.9151 8.7038
2013.0000 9.8565
2013.0808 10.9331
2013.1616 11.2447
2013.2452 10.7876
2013.3288 10.0458
2013.4123 10.0458
2013.4959 10.6223
2013.5808 10.8659
2013.6644 11.1389
2013.7479 11.0278
2013.8315 11.5940
2013.9151 12.4726
2014.0000 13.6958
2014.0808 14.6008
2014.1616 14.9077
2014.2452 15.4028
2014.3288 14.8460
2014.4123 14.7237
2014.4959 14.5918
2014.5808 13.9832
2014.6644 13.8231
2014.7479 14.0883
2014.8315 13.2621
2014.9151 13.6727
2015.0000 14.2520
2015.0808 14.5301
2015.1616 15.0497
2015.2452 14.3491
2015.3288 13.0027
2015.4123 12.9108
2015.4959 13.6167
2015.5808 14.0162
2015.6644 13.7343
2015.7479 13.7217
2015.8315 13.0303
2015.9151 12.9953
2016.0000 13.1516
2016.0808 13.2025
2016.1616 12.6234
2016.2452 12.1713
2016.3288 11.6743
2016.4123 8.3856
2016.4959 7.0859
2016.5808 4.5142
2016.6644 3.8920
2016.7479 1.1808
2016.8315 -1.1032
2016.9151 -1.7343
2017.0000 -1.7039
2017.0808 -1.2129
2017.1616 -0.6235
2017.2452 -2.2643
2017.3288 -2.6441
2017.4123 -3.4436
2017.4959 -3.4802
2017.5808 -3.4270
2017.6644 -3.5777
2017.7479 -3.8419
2017.8315 -3.6488
2017.9151 -3.9416
2018.0000 -3.2068
2018.0808 -2.6069
2018.1616 -2.2888
2018.2452 -2.0571
2018.3288 -1.8176
2018.4123 -1.7530
2018.4959 -1.8135
2018.5808 -2.7204
2018.6644 -2.8454
2018.7479 -2.9627
2018.8315 -3.6263
2018.9151 -3.5708
2019.0000 -3.1027
2019.0808 -2.1271
2019.1616 -1.5805
2019.2452 -1.7308
2019.3288 -1.7329
2019.4123 -1.4928
2019.4959 -1.7227
2019.5808 -2.0551
2019.6644 -1.9409
2019.7479 -2.1784
2019.8315 -2.7863
2019.9151 -2.9943
2020.0000 -1.8870
2020.0808 -1.3475
2020.1616 -1.4814
2020.2452 -1.8915
2020.3288 -1.9527
2020.4123 -1.9789
2020.4959 -2.4502
2020.5808 -2.8267
2020.6644 -2.5046
2020.7479 -2.3893
2020.8315 -2.8062
2020.9151 -3.8683
2021.0000 -4.3247
2021.0808 -4.1657
2021.1616 -4.9148
2021.2452 -5.2250
2021.3288 -6.1015
2021.4123 -7.6616
2021.4959 -8.3231
2021.5808 -8.2927
2021.6644 -8.8474
2021.7479 -9.4508
2021.8315 -9.6840
2021.9151 -10.1122
2022.0000 -11.2653
2022.0808 -11.4223
2022.1616 -12.0236
2022.2452 -12.4608
2022.3288 -12.2456
2022.4123 -13.3357
2022.4959 -13.7789
2022.5808 -14.7685
2022.6644 -15.1955
2022.7479 -16.3081
2022.8315 -16.4400
2022.9151 -17.2655
2023.0000 -16.8808
