1998.0808 9.4916
1998.1616 9.0023
1998.2452 8.4940
1998.3288 6.1327
1998.4123 5.1864
1998.4959 4.5446
1998.5808 5.4272
1998.6644 4.9913
1998.7479 4.5928
1998.8315 4.8828
1998.9151 4.4666
1999.0000 5.0630
1999.0808 5.2483
1999.1616 5.6983
1999.2452 4.9420
1999.3288 3.9905
1999.4123 2.4030
1999.4959 3.1665
1999.5808 3.3690
1999.6644 3.9950
1999.7479 4.2824
1999.8315 2.4944
1999.9151 2.4129
2000.0000 1.8693
2000.0808 2.5960
2000.1616 1.9890
2000.2452 1.2196
2000.3288 1.4600
2000.4123 0.7271
2000.4959 0.7134
2000.5808 -1.2690
2000.6644 -0.7275
2000.7479 -0.3302
2000.8315 0.1358
2000.9151 0.2930
2001.0000 0.9407
2001.0808 1.7803
2001.1616 2.7755
2001.2452 3.5255
2001.3288 4.2363
2001.4123 2.3536
2001.4959 3.1591
2001.5808 3.5511
2001.6644 2.8909
2001.7479 0.9837
2001.8315 0.2502
2001.9151 0.8172
2002.0000 0.7000
2002.0808 1.2344
2002.1616 0.6863
2002.2452 1.3317
2002.3288 1.3568
2002.4123 1.8945
2002.4959 2.5794
2002.5808 2.2230
2002.6644 0.8647
2002.7479 0.4897
2002.8315 1.1857
2002.9151 1.4595
2003.0000 1.4029
2003.0808 1.8010
2003.1616 1.9511
2003.2452 1.4580
2003.3288 0.7382
2003.4123 1.1173
2003.4959 1.7738
2003.5808 1.9666
2003.6644 1.8622
2003.7479 1.2263
2003.8315 1.0059
2003.9151 1.8529
2004.0000 3.0617
2004.0808 3.6536
2004.1616 3.3369
2004.2452 3.2767
2004.3288 2.8163
2004.4123 1.2243
2004.4959 1.5788
2004.5808 0.0628
2004.6644 -0.0413
2004.7479 -0.5795
2004.8315 -0.8042
2004.9151 -1.5295
2005.0000 -0.7046
2005.0808 0.2383
2005.1616 -0.5464
2005.2452 -0.7793
2005.3288 -0.4551
2005.4123 -0.4486
2005.4959 0.1262
2005.5808 0.3368
2005.6644 -0.4882
2005.7479 -0.9638
2005.8315 -2.1171
2005.9151 -2.7497
2006.0000 -2.2000
2006.0808 -2.5619
2006.1616 -2.8887
2006.2452 -2.5405
2006.3288 -2.3147
2006.4123 -3.6386
2006.4959 -5.7647
2006.5808 -6.1375
2006.6644 -5.2895
2006.7479 -4.8357
2006.8315 -5.9979
2006.9151 -5.2795
2007.0000 -4.5176
2007.0808 -4.0957
2007.1616 -3.7935
2007.2452 -3.1677
2007.3288 -2.2365
2007.4123 -2.2218
2007.4959 -1.4657
2007.5808 -0.6117
2007.6644 -0.0647
2007.7479 -1.2329
2007.8315 -0.8970
2007.9151 0.0965
2008.0000 0.1442
2008.0808 0.4953
2008.1616 0.3038
2008.2452 0.7531
2008.3288 1.4288
2008.4123 0.9565
2008.4959 1.0744
2008.5808 -0.0300
2008.6644 -0.6840
2008.7479 -2.8244
2008.8315 -2.6905
2008.9151 -2.3186
2009.0000 -2.3923
2009.0808 -1.8574
2009.1616 -1.1951
2009.2452 -1.1549
2009.3288 -0.7688
2009.4123 -0.5273
2009.4959 0.4658
2009.5808 0.8420
2009.6644 -0.1748
2009.7479 -0.0192
2009.8315 0.1429
2009.9151 1.0059
2010.0000 1.7302
2010.0808 2.8560
2010.1616 3.2318
2010.2452 3.6366
2010.3288 3.9642
2010.4123 3.7249
2010.4959 2.7930
2010.5808 0.7402
2010.6644 0.5599
2010.7479 -0.6367
2010.8315 -1.7006
2010.9151 -2.7218
2011.0000 -1.6297
2011.0808 -0.9303
2011.1616 -0.6205
2011.2452 -0.3269
2011.3288 0.5593
2011.4123 0.4034
2011.4959 1.0506
2011.5808 1.5000
2011.6644 1.1030
2011.7479 1.3220
2011.8315 1.6063
2011.9151 2.1074
2012.0000 2.3478
2012.0808 2.8797
2012.1616 3.5393
2012.2452 3.1467
2012.3288 2.5555
2012.4123 2.3022
2012.4959 2.8469
2012.5808 2.5981
2012.6644 2.7721
2012.7479 2.2501
2012.8315 2.8117
2012.9151 3.9021
2013.0000 5.0662
2013.0808 6.0273
2013.1616 5.4250
2013.2452 4.5360
2013.3288 3.6197
2013.4123 4.0648
2013.4959 4.6210
2013.5808 4.7881
2013.6644 4.7600
2013.7479 4.5217
2013.8315 5.0573
2013.9151 5.8168
2014.0000 6.9848
2014.0808 7.3146
2014.1616 7.2925
2014.2452 7.5098
2014.3288 6.2555
2014.4123 5.7765
2014.4959 5.3779
2014.5808 4.9502
2014.6644 5.1151
2014.7479 4.9207
2014.8315 4.3840
2014.9151 5.0883
2015.0000 5.8655
2015.0808 6.1708
2015.1616 6.8231
2015.2452 6.0357
2015.3288 4.3698
2015.4123 4.1952
2015.4959 5.1589
2015.5808 5.3604
2015.6644 5.2654
2015.7479 5.4115
2015.8315 4.9638
2015.9151 5.0352
2016.0000 5.2860
2016.0808 5.6064
2016.1616 4.9943
2016.2452 4.3758
2016.3288 4.3573
2016.4123 1.8353
2016.4959 1.0045
2016.5808 -0.4287
2016.6644 0.0493
2016.7479 -2.3931
2016.8315 -4.1752
2016.9151 -3.6702
2017.0000 -2.8918
2017.0808 -1.8179
2017.1616 -0.8792
2017.2452 -2.8084
2017.3288 -2.5296
2017.4123 -3.1322
2017.4959 -2.7048
2017.5808 -2.5102
2017.6644 -2.8116
2017.7479 -3.4043
2017.8315 -2.8053
2017.9151 -3.1780
2018.0000 -2.2008
2018.0808 -1.5594
2018.1616 -0.9010
2018.2452 -0.6932
2018.3288 -0.5740
2018.4123 -0.5889
2018.4959 -1.0074
2018.5808 -1.7608
2018.6644 -2.0041
2018.7479 -1.8979
2018.8315 -2.1664
2018.9151 -1.9138
2019.0000 -1.2692
2019.0808 -0.1271
2019.1616 0.4924
2019.2452 -0.3168
2019.3288 -0.5141
2019.4123 -0.4243
2019.4959 -0.6318
2019.5808 -1.3073
2019.6644 -1.2171
2019.7479 -1.3925
2019.8315 -1.8352
2019.9151 -1.7893
2020.0000 -0.3775
2020.0808 -0.2726
2020.1616 -0.5105
2020.2452 -2.0741
2020.3288 -1.9671
2020.4123 -2.0493
2020.4959 -3.2322
2020.5808 -3.7559
2020.6644 -3.1481
2020.7479 -3.1255
2020.8315 -3.5459
2020.9151 -5.3730
2021.0000 -5.5823
2021.0808 -5.0211
2021.1616 -5.7410
2021.2452 -5.9787
2021.3288 -6.5667
2021.4123 -8.5218
2021.4959 -8.6239
2021.5808 -8.2203
2021.6644 -8.7084
2021.7479 -9.0099
2021.8315 -8.7348
2021.9151 -9.0107
2022.0000 -9.6459
2022.0808 -9.6746
2022.1616 -10.2189
2022.2452 -10.7052
2022.3288 -10.1884
2022.4123 -11.6521
2022.4959 -11.9076
2022.5808 -12.4363
2022.6644 -12.7002
2022.7479 -13.8331
2022.8315 -13.4965
2022.9151 -14.0866
2023.0000 -13.3926
