1998.0808 3.8122
1998.1616 4.0062
1998.2452 3.7084
1998.3288 3.5731
1998.4123 3.5753
1998.4959 3.1048
1998.5808 3.5019
1998.6644 3.5754
1998.7479 3.6426
1998.8315 3.8066
1998.9151 3.4981
1999.0000 3.5917
1999.0808 3.0394
1999.1616 2.8835
1999.2452 2.3976
1999.3288 2.4963
1999.4123 1.7020
1999.4959 2.0321
1999.5808 2.4235
1999.6644 2.9091
1999.7479 3.1712
1999.8315 2.3419
1999.9151 1.5292
2000.0000 1.2289
2000.0808 1.4699
2000.1616 1.2858
2000.2452 0.7358
2000.3288 0.9047
2000.4123 0.9316
2000.4959 0.7508
2000.5808 -0.3754
2000.6644 0.2508
2000.7479 0.4732
2000.8315 0.7100
2000.9151 0.3003
2001.0000 -0.0989
2001.0808 0.6027
2001.1616 1.1171
2001.2452 1.6669
2001.3288 2.3947
2001.4123 1.4678
2001.4959 2.1286
2001.5808 2.5774
2001.6644 2.2575
2001.7479 1.4522
2001.8315 1.2273
2001.9151 1.0985
2002.0000 0.0806
2002.0808 0.2620
2002.1616 0.1167
2002.2452 0.5153
2002.3288 0.1054
2002.4123 0.4796
2002.4959 1.1238
2002.5808 0.5839
2002.6644 0.1169
2002.7479 -0.2867
2002.8315 0.0707
2002.9151 0.8350
2003.0000 0.6927
2003.0808 0.5074
2003.1616 -0.4624
2003.2452 -0.2701
2003.3288 -0.4993
2003.4123 -0.5533
2003.4959 -0.0637
2003.5808 -0.2412
2003.6644 -0.1625
2003.7479 -0.2827
2003.8315 -0.5574
2003.9151 0.2465
2004.0000 0.9212
2004.0808 1.5819
2004.1616 1.2016
2004.2452 0.8845
2004.3288 0.6059
2004.4123 -0.3436
2004.4959 -0.1468
2004.5808 -0.2634
2004.6644 -0.0241
2004.7479 -0.5425
2004.8315 -0.5003
2004.9151 -1.0264
2005.0000 -0.8281
2005.0808 -0.2547
2005.1616 -1.0673
2005.2452 -1.1474
2005.3288 -1.2313
2005.4123 -1.2488
2005.4959 -0.7796
2005.5808 -0.6265
2005.6644 -0.5954
2005.7479 -1.0333
2005.8315 -1.6994
2005.9151 -1.9300
2006.0000 -2.3504
2006.0808 -2.4729
2006.1616 -2.5189
2006.2452 -2.7429
2006.3288 -3.0414
2006.4123 -4.0033
2006.4959 -4.3782
2006.5808 -4.2210
2006.6644 -3.6543
2006.7479 -3.1807
2006.8315 -3.7425
2006.9151 -3.5931
2007.0000 -3.5707
2007.0808 -3.0661
2007.1616 -2.5446
2007.2452 -2.4733
2007.3288 -2.0142
2007.4123 -2.5394
2007.4959 -2.2562
2007.5808 -1.9106
2007.6644 -1.5206
2007.7479 -2.2980
2007.8315 -1.7786
2007.9151 -1.1692
2008.0000 -1.4580
2008.0808 -0.8798
2008.1616 -1.3592
2008.2452 -0.6909
2008.3288 -0.6082
2008.4123 -0.9643
2008.4959 -0.8626
2008.5808 -1.3922
2008.6644 -1.6263
2008.7479 -2.7875
2008.8315 -2.7002
2008.9151 -2.1177
2009.0000 -2.2608
2009.0808 -1.8677
2009.1616 -1.2605
2009.2452 -1.3063
2009.3288 -1.1155
2009.4123 -1.1996
2009.4959 -0.4935
2009.5808 -0.0974
2009.6644 -0.3775
2009.7479 -0.3177
2009.8315 -0.2960
2009.9151 0.1938
2010.0000 0.6554
2010.0808 0.9209
2010.1616 1.0456
2010.2452 1.3297
2010.3288 1.6658
2010.4123 1.4921
2010.4959 0.8932
2010.5808 0.0734
2010.6644 -0.2506
2010.7479 -0.6025
2010.8315 -0.9295
2010.9151 -1.1146
2011.0000 -1.3120
2011.0808 -0.4615
2011.1616 -0.3059
2011.2452 0.1439
2011.3288 0.6913
2011.4123 0.4697
2011.4959 0.5142
2011.5808 0.6034
2011.6644 0.2684
2011.7479 0.7043
2011.8315 0.7504
2011.9151 0.5023
2012.0000 0.7656
2012.0808 1.6080
2012.1616 2.0684
2012.2452 1.7685
2012.3288 1.3434
2012.4123 0.9213
2012.4959 0.9784
2012.5808 0.8343
2012.6644 1.0410
2012.7479 0.8583
2012.8315 1.5039
2012.9151 2.2485
2013.0000 3.0518
2013.0808 3.8736
2013.1616 3.7909
2013.2452 3.6223
2013.3288 3.5115
2013.4123 4.0478
2013.4959 4.0513
2013.5808 3.8749
2013.6644 3.4429
2013.7479 3.1351
2013.8315 3.3805
2013.9151 3.1678
2014.0000 4.0117
2014.0808 4.0186
2014.1616 4.1484
2014.2452 4.0799
2014.3288 3.1469
2014.4123 2.7764
2014.4959 2.4876
2014.5808 2.6161
2014.6644 2.9729
2014.7479 2.6634
2014.8315 1.9871
2014.9151 2.4676
2015.0000 3.2746
2015.0808 3.4021
2015.1616 3.9890
2015.2452 3.6137
2015.3288 3.1057
2015.4123 2.6744
2015.4959 3.1658
2015.5808 3.3260
2015.6644 3.6376
2015.7479 3.7100
2015.8315 3.4516
2015.9151 3.5474
2016.0000 3.1130
2016.0808 3.5660
2016.1616 2.9672
2016.2452 2.6930
2016.3288 2.8570
2016.4123 2.1668
2016.4959 1.9168
2016.5808 1.5856
2016.6644 1.8884
2016.7479 0.6619
2016.8315 -0.0163
2016.9151 -0.2949
2017.0000 0.0543
2017.0808 0.4449
2017.1616 1.2323
2017.2452 0.5056
2017.3288 1.1086
2017.4123 0.5014
2017.4959 0.5787
2017.5808 0.7089
2017.6644 0.4680
2017.7479 0.4211
2017.8315 0.7180
2017.9151 0.1185
2018.0000 0.5832
2018.0808 1.2650
2018.1616 1.9812
2018.2452 1.3122
2018.3288 1.2650
2018.4123 1.0965
2018.4959 0.9341
2018.5808 0.8720
2018.6644 0.8244
2018.7479 0.9443
2018.8315 0.4933
2018.9151 0.6798
2019.0000 0.2998
2019.0808 1.1436
2019.1616 1.4420
2019.2452 1.4666
2019.3288 1.0768
2019.4123 0.7500
2019.4959 0.6845
2019.5808 0.5129
2019.6644 0.1066
2019.7479 -0.0239
2019.8315 -0.3157
2019.9151 -0.8019
2020.0000 -0.0357
2020.0808 -0.5071
2020.1616 -0.3869
2020.2452 -1.3030
2020.3288 -1.1438
2020.4123 -1.7189
2020.4959 -2.0115
2020.5808 -2.1945
2020.6644 -1.5928
2020.7479 -1.5580
2020.8315 -1.6395
2020.9151 -2.2385
2021.0000 -2.9817
2021.0808 -2.6701
2021.1616 -2.9307
2021.2452 -3.4482
2021.3288 -3.3357
2021.4123 -3.6403
2021.4959 -3.5115
2021.5808 -3.7570
2021.6644 -3.8335
2021.7479 -4.1907
2021.8315 -4.4335
2021.9151 -4.7747
2022.0000 -5.6366
2022.0808 -5.9957
2022.1616 -6.7171
2022.2452 -6.6237
2022.3288 -6.3158
2022.4123 -6.8553
2022.4959 -7.5415
2022.5808 -7.8741
2022.6644 -8.5972
2022.7479 -9.0862
2022.8315 -9.1837
2022.9151 -8.8355
2023.0000 -8.2374
