1998.0808 3.2598
1998.1616 3.3880
1998.2452 2.8702
1998.3288 2.6734
1998.4123 2.6197
1998.4959 1.9413
1998.5808 2.2204
1998.6644 2.3436
1998.7479 2.4783
1998.8315 2.7495
1998.9151 2.1256
1999.0000 2.4551
1999.0808 2.2955
1999.1616 2.3943
1999.2452 1.9369
1999.3288 2.0352
1999.4123 1.3309
1999.4959 1.5810
1999.5808 1.9275
1999.6644 2.4218
1999.7479 2.8267
1999.8315 1.6202
1999.9151 1.1433
2000.0000 1.0851
2000.0808 1.6263
2000.1616 1.3556
2000.2452 0.5670
2000.3288 0.9275
2000.4123 0.8371
2000.4959 0.6287
2000.5808 -0.5824
2000.6644 0.0391
2000.7479 0.1694
2000.8315 0.2498
2000.9151 -0.4475
2001.0000 -0.3150
2001.0808 0.5129
2001.1616 1.1106
2001.2452 1.6202
2001.3288 2.3301
2001.4123 1.3755
2001.4959 1.9836
2001.5808 2.4660
2001.6644 2.2783
2001.7479 1.5716
2001.8315 1.5687
2001.9151 1.7395
2002.0000 1.2485
2002.0808 1.5798
2002.1616 1.6333
2002.2452 1.8310
2002.3288 1.1936
2002.4123 1.3865
2002.4959 2.0142
2002.5808 1.3724
2002.6644 0.6235
2002.7479 0.0794
2002.8315 0.5049
2002.9151 1.2743
2003.0000 1.2447
2003.0808 1.3644
2003.1616 1.0725
2003.2452 1.1438
2003.3288 0.6996
2003.4123 0.5209
2003.4959 1.0311
2003.5808 0.9930
2003.6644 1.0490
2003.7479 0.9419
2003.8315 0.8321
2003.9151 1.6600
2004.0000 2.1598
2004.0808 2.8723
2004.1616 2.4084
2004.2452 2.0147
2004.3288 1.6738
2004.4123 0.4929
2004.4959 0.5755
2004.5808 0.4826
2004.6644 0.7422
2004.7479 0.4311
2004.8315 0.5220
2004.9151 -0.0414
2005.0000 0.3752
2005.0808 1.1452
2005.1616 0.6272
2005.2452 0.5051
2005.3288 0.2131
2005.4123 0.0756
2005.4959 0.4611
2005.5808 0.4091
2005.6644 0.4209
2005.7479 -0.4428
2005.8315 -1.6422
2005.9151 -1.9258
2006.0000 -2.0695
2006.0808 -1.6982
2006.1616 -1.9881
2006.2452 -1.8811
2006.3288 -2.5193
2006.4123 -3.4861
2006.4959 -3.7095
2006.5808 -3.6374
2006.6644 -3.2051
2006.7479 -2.6782
2006.8315 -3.2353
2006.9151 -3.1112
2007.0000 -2.6956
2007.0808 -2.1541
2007.1616 -1.6640
2007.2452 -1.5507
2007.3288 -1.3718
2007.4123 -2.3711
2007.4959 -2.2838
2007.5808 -1.9061
2007.6644 -1.6859
2007.7479 -2.4102
2007.8315 -1.8906
2007.9151 -1.2780
2008.0000 -2.0281
2008.0808 -1.4518
2008.1616 -1.8686
2008.2452 -1.2410
2008.3288 -1.1793
2008.4123 -1.3955
2008.4959 -1.4106
2008.5808 -2.3662
2008.6644 -2.6415
2008.7479 -3.6741
2008.8315 -3.4756
2008.9151 -2.7830
2009.0000 -2.5435
2009.0808 -2.0590
2009.1616 -1.3931
2009.2452 -1.6868
2009.3288 -1.3317
2009.4123 -1.3646
2009.4959 -0.6898
2009.5808 -0.4066
2009.6644 -0.6867
2009.7479 -0.6923
2009.8315 -0.5960
2009.9151 -0.0320
2010.0000 0.4886
2010.0808 0.9156
2010.1616 1.0514
2010.2452 1.2769
2010.3288 1.6567
2010.4123 1.5666
2010.4959 0.9994
2010.5808 0.1396
2010.6644 -0.5364
2010.7479 -0.8717
2010.8315 -1.1366
2010.9151 -1.3353
2011.0000 -1.2778
2011.0808 -0.4021
2011.1616 -0.0619
2011.2452 0.3488
2011.3288 0.8792
2011.4123 0.5918
2011.4959 0.6873
2011.5808 0.5027
2011.6644 0.0290
2011.7479 0.5510
2011.8315 0.9047
2011.9151 0.7142
2012.0000 1.1781
2012.0808 2.0056
2012.1616 2.5302
2012.2452 2.2054
2012.3288 1.5406
2012.4123 1.0083
2012.4959 0.9578
2012.5808 0.8172
2012.6644 1.1108
2012.7479 0.7781
2012.8315 1.4254
2012.9151 2.1674
2013.0000 2.8221
2013.0808 3.6416
2013.1616 3.5412
2013.2452 3.2967
2013.3288 3.2416
2013.4123 3.6865
2013.4959 3.8832
2013.5808 3.6471
2013.6644 3.1704
2013.7479 2.8713
2013.8315 3.1998
2013.9151 3.2301
2014.0000 4.0829
2014.0808 4.4490
2014.1616 4.7150
2014.2452 4.7761
2014.3288 3.5076
2014.4123 3.2220
2014.4959 2.8171
2014.5808 2.9853
2014.6644 3.1821
2014.7479 2.8341
2014.8315 2.1435
2014.9151 2.6795
2015.0000 3.5887
2015.0808 3.9209
2015.1616 4.2839
2015.2452 3.9736
2015.3288 3.6779
2015.4123 3.0272
2015.4959 3.3698
2015.5808 3.3593
2015.6644 3.7049
2015.7479 3.8980
2015.8315 3.7184
2015.9151 3.7816
2016.0000 3.1780
2016.0808 3.6643
2016.1616 3.2380
2016.2452 3.1311
2016.3288 3.3775
2016.4123 2.1024
2016.4959 1.8780
2016.5808 1.7050
2016.6644 1.9062
2016.7479 0.7614
2016.8315 0.1022
2016.9151 0.2176
2017.0000 0.6804
2017.0808 1.1559
2017.1616 1.8869
2017.2452 1.0620
2017.3288 1.6384
2017.4123 1.0854
2017.4959 1.0518
2017.5808 1.1710
2017.6644 0.8132
2017.7479 0.8972
2017.8315 1.2706
2017.9151 0.2465
2018.0000 0.8913
2018.0808 1.6015
2018.1616 2.4312
2018.2452 1.8406
2018.3288 1.9884
2018.4123 1.5742
2018.4959 1.3756
2018.5808 1.4285
2018.6644 1.5131
2018.7479 1.5598
2018.8315 0.7646
2018.9151 0.9748
2019.0000 0.7052
2019.0808 1.3769
2019.1616 1.5502
2019.2452 1.5762
2019.3288 1.3921
2019.4123 1.2346
2019.4959 0.8095
2019.5808 0.4058
2019.6644 -0.3621
2019.7479 -0.5755
2019.8315 -0.8178
2019.9151 -1.0249
2020.0000 -0.2348
2020.0808 -0.2623
2020.1616 -0.4120
2020.2452 -1.5849
2020.3288 -1.3750
2020.4123 -2.4151
2020.4959 -2.9330
2020.5808 -3.4202
2020.6644 -2.8454
2020.7479 -2.7491
2020.8315 -2.8198
2020.9151 -3.1795
2021.0000 -3.8425
2021.0808 -3.5085
2021.1616 -3.6995
2021.2452 -4.0000
2021.3288 -3.8823
2021.4123 -4.1557
2021.4959 -4.0387
2021.5808 -4.3445
2021.6644 -4.2086
2021.7479 -4.5127
2021.8315 -4.4813
2021.9151 -4.5175
2022.0000 -4.8717
2022.0808 -5.1805
2022.1616 -5.7002
2022.2452 -5.5180
2022.3288 -5.2889
2022.4123 -5.8639
2022.4959 -6.4708
2022.5808 -6.8767
2022.6644 -7.6783
2022.7479 -8.0529
2022.8315 -8.0231
2022.9151 -7.5180
2023.0000 -7.1081
