1998.0808 2.6290
1998.1616 2.6758
1998.2452 2.5434
1998.3288 1.8696
1998.4123 1.7924
1998.4959 1.6705
1998.5808 2.0786
1998.6644 2.2612
1998.7479 2.0472
1998.8315 2.3064
1998.9151 2.0670
1999.0000 2.0179
1999.0808 1.8624
1999.1616 1.1142
1999.2452 0.7369
1999.3288 0.2854
1999.4123 -0.1987
1999.4959 -0.1740
1999.5808 -0.1552
1999.6644 0.1325
1999.7479 0.2588
1999.8315 -0.2017
1999.9151 -0.4444
2000.0000 -0.7351
2000.0808 -0.7473
2000.1616 -0.9377
2000.2452 -0.9980
2000.3288 -0.9937
2000.4123 -1.1865
2000.4959 -1.3040
2000.5808 -1.6540
2000.6644 -1.4263
2000.7479 -1.2454
2000.8315 -0.9595
2000.9151 -0.8000
2001.0000 -1.1478
2001.0808 -0.8124
2001.1616 -0.5755
2001.2452 -0.2872
2001.3288 0.0121
2001.4123 -0.3412
2001.4959 -0.0039
2001.5808 0.1950
2001.6644 -0.2270
2001.7479 -0.6468
2001.8315 -0.8905
2001.9151 -0.9433
2002.0000 -1.9453
2002.0808 -1.8668
2002.1616 -2.1241
2002.2452 -1.9059
2002.3288 -1.8135
2002.4123 -1.7885
2002.4959 -1.4914
2002.5808 -1.6619
2002.6644 -1.8155
2002.7479 -1.8507
2002.8315 -1.6812
2002.9151 -1.5241
2003.0000 -1.4670
2003.0808 -1.6875
2003.1616 -2.1541
2003.2452 -2.3157
2003.3288 -2.5241
2003.4123 -2.4671
2003.4959 -2.1578
2003.5808 -2.2626
2003.6644 -2.3580
2003.7479 -2.5920
2003.8315 -2.9014
2003.9151 -2.5572
2004.0000 -2.0439
2004.0808 -1.7467
2004.1616 -1.8629
2004.2452 -1.7291
2004.3288 -1.8036
2004.4123 -2.2404
2004.4959 -1.9657
2004.5808 -2.4356
2004.6644 -2.3768
2004.7479 -2.8697
2004.8315 -3.1049
2004.9151 -3.3400
2005.0000 -3.1924
2005.0808 -3.0785
2005.1616 -3.3485
2005.2452 -3.3697
2005.3288 -3.1969
2005.4123 -3.1253
2005.4959 -2.9369
2005.5808 -2.7609
2005.6644 -2.8495
2005.7479 -2.8336
2005.8315 -3.2454
2005.9151 -3.4394
2006.0000 -3.6993
2006.0808 -3.9813
2006.1616 -4.1468
2006.2452 -4.2757
2006.3288 -4.1562
2006.4123 -4.6067
2006.4959 -4.9425
2006.5808 -5.0368
2006.6644 -4.5686
2006.7479 -4.4416
2006.8315 -4.8855
2006.9151 -4.8975
2007.0000 -4.9434
2007.0808 -4.7914
2007.1616 -4.5292
2007.2452 -4.3527
2007.3288 -3.9513
2007.4123 -3.8709
2007.4959 -3.4729
2007.5808 -3.1295
2007.6644 -2.8428
2007.7479 -2.9970
2007.8315 -2.7618
2007.9151 -2.1708
2008.0000 -2.3823
2008.0808 -2.3000
2008.1616 -2.2488
2008.2452 -1.9670
2008.3288 -1.7466
2008.4123 -1.9909
2008.4959 -1.7983
2008.5808 -1.8576
2008.6644 -1.8482
2008.7479 -2.3797
2008.8315 -2.3077
2008.9151 -2.2365
2009.0000 -3.2685
2009.0808 -3.0713
2009.1616 -2.7802
2009.2452 -2.8411
2009.3288 -2.7089
2009.4123 -2.6339
2009.4959 -2.3013
2009.5808 -2.0843
2009.6644 -2.0832
2009.7479 -1.9159
2009.8315 -1.7727
2009.9151 -1.6671
2010.0000 -1.3254
2010.0808 -0.9387
2010.1616 -0.7500
2010.2452 -0.5880
2010.3288 -0.3147
2010.4123 -0.3109
2010.4959 -0.5815
2010.5808 -0.9488
2010.6644 -0.7666
2010.7479 -1.0673
2010.8315 -1.4278
2010.9151 -1.4987
2011.0000 -1.6896
2011.0808 -1.2813
2011.1616 -1.4237
2011.2452 -1.2495
2011.3288 -0.9372
2011.4123 -0.8815
2011.4959 -0.5927
2011.5808 -0.2569
2011.6644 -0.1585
2011.7479 0.1379
2011.8315 0.1658
2011.9151 0.1395
2012.0000 0.3043
2012.0808 0.6828
2012.1616 0.8585
2012.2452 0.6562
2012.3288 0.7195
2012.4123 0.6564
2012.4959 0.6853
2012.5808 0.7267
2012.6644 0.8624
2012.7479 0.8858
2012.8315 1.1645
2012.9151 1.5738
2013.0000 2.2201
2013.0808 2.5578
2013.1616 2.4140
2013.2452 2.1538
2013.3288 1.8321
2013.4123 2.0996
2013.4959 1.8391
2013.5808 1.9629
2013.6644 1.8515
2013.7479 1.9419
2013.8315 2.1491
2013.9151 2.3943
2014.0000 2.5987
2014.0808 2.5835
2014.1616 2.6263
2014.2452 2.5095
2014.3288 2.2592
2014.4123 2.1115
2014.4959 2.0037
2014.5808 1.8240
2014.6644 1.9838
2014.7479 2.0644
2014.8315 1.5663
2014.9151 1.6811
2015.0000 1.7506
2015.0808 1.8730
2015.1616 2.1663
2015.2452 1.8979
2015.3288 1.4379
2015.4123 1.4220
2015.4959 1.8488
2015.5808 1.9956
2015.6644 2.0405
2015.7479 2.1968
2015.8315 2.2074
2015.9151 2.4271
2016.0000 2.0171
2016.0808 2.0072
2016.1616 1.7797
2016.2452 1.6760
2016.3288 1.6612
2016.4123 0.9977
2016.4959 0.7673
2016.5808 0.4175
2016.6644 0.5584
2016.7479 -0.0738
2016.8315 -0.6166
2016.9151 -0.9039
2017.0000 -0.6329
2017.0808 -0.4056
2017.1616 0.0423
2017.2452 -0.5631
2017.3288 -0.3815
2017.4123 -0.5997
2017.4959 -0.5130
2017.5808 -0.3337
2017.6644 -0.2860
2017.7479 -0.3060
2017.8315 -0.5218
2017.9151 -0.4662
2018.0000 -0.3248
2018.0808 -0.2258
2018.1616 -0.1539
2018.2452 -0.1763
2018.3288 -0.2467
2018.4123 -0.1365
2018.4959 -0.1341
2018.5808 -0.3643
2018.6644 -0.4787
2018.7479 -0.3373
2018.8315 -0.3180
2018.9151 -0.2060
2019.0000 -0.3156
2019.0808 0.1941
2019.1616 0.4748
2019.2452 0.3160
2019.3288 0.1475
2019.4123 0.2110
2019.4959 0.2833
2019.5808 0.2992
2019.6644 0.4447
2019.7479 0.5505
2019.8315 0.2742
2019.9151 -0.1297
2020.0000 0.5135
2020.0808 0.5669
2020.1616 0.5465
2020.2452 0.3017
2020.3288 0.3381
2020.4123 0.4549
2020.4959 0.3581
2020.5808 0.4349
2020.6644 0.7060
2020.7479 0.7871
2020.8315 0.7751
2020.9151 0.3224
2021.0000 0.1754
2021.0808 0.4095
2021.1616 0.0954
2021.2452 -0.2680
2021.3288 -0.3791
2021.4123 -0.8006
2021.4959 -0.7631
2021.5808 -0.6336
2021.6644 -0.7907
2021.7479 -0.8630
2021.8315 -1.1159
2021.9151 -1.1786
2022.0000 -1.8027
2022.0808 -1.8753
2022.1616 -2.0618
2022.2452 -2.0787
2022.3288 -1.7770
2022.4123 -2.2317
2022.4959 -2.5892
2022.5808 -2.7046
2022.6644 -2.8988
2022.7479 -3.1483
2022.8315 -2.9912
2022.9151 -3.3657
2023.0000 -3.1648
