1998.0808 1.3980
1998.1616 1.4999
1998.2452 1.4901
1998.3288 0.7956
1998.4123 0.9711
1998.4959 0.8400
1998.5808 0.9280
1998.6644 0.9325
1998.7479 0.8537
1998.8315 0.7958
1998.9151 0.7927
1999.0000 1.0087
1999.0808 0.9579
1999.1616 0.9265
1999.2452 0.5340
1999.3288 0.1433
1999.4123 -0.1063
1999.4959 -0.1297
1999.5808 -0.3791
1999.6644 -0.2958
1999.7479 -0.1884
1999.8315 -0.3264
1999.9151 -0.5428
2000.0000 -0.6004
2000.0808 -0.5637
2000.1616 -0.5725
2000.2452 -0.5227
2000.3288 -0.7478
2000.4123 -0.9235
2000.4959 -0.9662
2000.5808 -0.9071
2000.6644 -0.7190
2000.7479 -0.5153
2000.8315 -0.4098
2000.9151 -0.1611
2001.0000 0.0472
2001.0808 0.3674
2001.1616 0.5525
2001.2452 0.5208
2001.3288 0.6083
2001.4123 0.4682
2001.4959 0.6870
2001.5808 0.8808
2001.6644 0.2653
2001.7479 -0.0609
2001.8315 -0.7349
2001.9151 -0.8874
2002.0000 -1.1295
2002.0808 -1.0854
2002.1616 -1.3227
2002.2452 -1.1440
2002.3288 -1.1665
2002.4123 -0.8380
2002.4959 -0.6250
2002.5808 -0.5639
2002.6644 -0.4455
2002.7479 -0.2191
2002.8315 -0.2593
2002.9151 0.0288
2003.0000 0.0803
2003.0808 0.3706
2003.1616 0.3788
2003.2452 0.4202
2003.3288 0.3832
2003.4123 0.3737
2003.4959 0.5662
2003.5808 0.3175
2003.6644 -0.3398
2003.7479 -0.6741
2003.8315 -0.7038
2003.9151 -0.5177
2004.0000 -0.1296
2004.0808 0.0588
2004.1616 0.0449
2004.2452 -0.1097
2004.3288 0.0140
2004.4123 -0.0326
2004.4959 0.1883
2004.5808 -0.0733
2004.6644 -0.3206
2004.7479 -0.3246
2004.8315 -0.4772
2004.9151 -0.6750
2005.0000 -0.4689
2005.0808 -0.3004
2005.1616 -0.6382
2005.2452 -0.7062
2005.3288 -0.5326
2005.4123 -0.3211
2005.4959 0.0280
2005.5808 0.2138
2005.6644 0.0622
2005.7479 0.1375
2005.8315 -0.2394
2005.9151 -0.0393
2006.0000 0.0786
2006.0808 0.2825
2006.1616 0.3226
2006.2452 -0.1335
2006.3288 -0.1620
2006.4123 -0.7295
2006.4959 -0.7325
2006.5808 -0.7663
2006.6644 -0.3518
2006.7479 -0.3495
2006.8315 -0.6881
2006.9151 -0.4631
2007.0000 -0.3798
2007.0808 -0.1771
2007.1616 0.0440
2007.2452 0.2378
2007.3288 0.5129
2007.4123 0.5383
2007.4959 0.8418
2007.5808 1.1134
2007.6644 1.0780
2007.7479 0.8279
2007.8315 0.9625
2007.9151 1.2676
2008.0000 1.3049
2008.0808 1.3128
2008.1616 1.2417
2008.2452 1.0338
2008.3288 0.9879
2008.4123 0.6070
2008.4959 0.4862
2008.5808 0.5772
2008.6644 0.6003
2008.7479 -0.0559
2008.8315 -0.1333
2008.9151 -0.3931
2009.0000 -0.4194
2009.0808 -0.3791
2009.1616 -0.1879
2009.2452 -0.2829
2009.3288 -0.0999
2009.4123 -0.0170
2009.4959 0.1793
2009.5808 0.4683
2009.6644 0.6179
2009.7479 0.3862
2009.8315 0.3341
2009.9151 0.5695
2010.0000 0.5523
2010.0808 0.7813
2010.1616 1.0253
2010.2452 0.9577
2010.3288 0.9326
2010.4123 0.5911
2010.4959 0.2584
2010.5808 -0.0074
2010.6644 0.0610
2010.7479 -0.0523
2010.8315 -0.7780
2010.9151 -1.2140
2011.0000 -0.9718
2011.0808 -0.7115
2011.1616 -0.9717
2011.2452 -0.8990
2011.3288 -0.5943
2011.4123 -0.8332
2011.4959 -0.6558
2011.5808 -0.3158
2011.6644 -0.1134
2011.7479 -0.1135
2011.8315 -0.4104
2011.9151 -0.5627
2012.0000 -0.6998
2012.0808 -0.4906
2012.1616 -0.3445
2012.2452 -0.4149
2012.3288 -0.2546
2012.4123 -0.2113
2012.4959 -0.1309
2012.5808 -0.0910
2012.6644 -0.3507
2012.7479 -0.3096
2012.8315 -0.1550
2012.9151 -0.0114
2013.0000 0.4055
2013.0808 0.6390
2013.1616 0.7438
2013.2452 0.5387
2013.3288 -0.0043
2013.4123 0.0116
2013.4959 0.0309
2013.5808 0.0979
2013.6644 0.2144
2013.7479 0.0514
2013.8315 0.0296
2013.9151 0.0393
2014.0000 0.3815
2014.0808 0.6531
2014.1616 0.6902
2014.2452 0.6531
2014.3288 0.5998
2014.4123 0.5555
2014.4959 0.5448
2014.5808 0.2542
2014.6644 0.4120
2014.7479 0.5903
2014.8315 0.3962
2014.9151 0.5537
2015.0000 0.8618
2015.0808 0.9542
2015.1616 1.0442
2015.2452 0.8562
2015.3288 0.7078
2015.4123 0.9397
2015.4959 1.1333
2015.5808 1.2751
2015.6644 1.1752
2015.7479 1.3335
2015.8315 1.2611
2015.9151 1.3167
2016.0000 1.2641
2016.0808 1.2999
2016.1616 1.3899
2016.2452 1.1349
2016.3288 1.1221
2016.4123 1.1142
2016.4959 0.8912
2016.5808 0.8766
2016.6644 0.9169
2016.7479 -0.0452
2016.8315 -0.1588
2016.9151 -0.0404
2017.0000 0.2765
2017.0808 0.4110
2017.1616 0.6560
2017.2452 0.4584
2017.3288 0.6433
2017.4123 0.5070
2017.4959 0.5719
2017.5808 0.5220
2017.6644 0.5840
2017.7479 0.1426
2017.8315 0.1864
2017.9151 0.2659
2018.0000 0.3635
2018.0808 0.5494
2018.1616 0.6428
2018.2452 0.3231
2018.3288 0.2073
2018.4123 0.2582
2018.4959 0.3121
2018.5808 0.0867
2018.6644 -0.0298
2018.7479 -0.3377
2018.8315 -0.2681
2018.9151 -0.4707
2019.0000 -0.4797
2019.0808 -0.1536
2019.1616 0.0860
2019.2452 0.0266
2019.3288 -0.1874
2019.4123 -0.2294
2019.4959 -0.0810
2019.5808 0.0976
2019.6644 0.3891
2019.7479 0.3823
2019.8315 0.1168
2019.9151 0.1574
2020.0000 0.5194
2020.0808 0.7584
2020.1616 0.8953
2020.2452 0.8453
2020.3288 0.4934
2020.4123 0.6207
2020.4959 0.6627
2020.5808 0.8545
2020.6644 0.9246
2020.7479 1.0215
2020.8315 1.0041
2020.9151 0.5266
2021.0000 0.4569
2021.0808 0.5078
2021.1616 0.0520
2021.2452 -0.1795
2021.3288 -0.4013
2021.4123 -0.8748
2021.4959 -1.0020
2021.5808 -0.9130
2021.6644 -0.9462
2021.7479 -1.4692
2021.8315 -1.8073
2021.9151 -2.1125
2022.0000 -2.4665
2022.0808 -2.4201
2022.1616 -2.4095
2022.2452 -2.5443
2022.3288 -2.5210
2022.4123 -2.6382
2022.4959 -2.8561
2022.5808 -2.8889
2022.6644 -3.2362
2022.7479 -3.7394
2022.8315 -3.9176
2022.9151 -4.5402
2023.0000 -4.4303
