1998.0808 9.4665
1998.1616 9.3949
1998.2452 9.3333
1998.3288 6.3932
1998.4123 5.5188
1998.4959 4.9080
1998.5808 5.9015
1998.6644 5.7171
1998.7479 5.2320
1998.8315 5.6174
1998.9151 5.2018
1999.0000 5.9024
1999.0808 6.1720
1999.1616 6.5894
1999.2452 5.9345
1999.3288 4.6524
1999.4123 2.8319
1999.4959 3.3834
1999.5808 3.2965
1999.6644 3.8386
1999.7479 3.9930
1999.8315 2.1361
1999.9151 2.0374
2000.0000 1.3350
2000.0808 1.9613
2000.1616 1.2615
2000.2452 0.8246
2000.3288 0.9952
2000.4123 0.0863
2000.4959 -0.0043
2000.5808 -2.1035
2000.6644 -1.8282
2000.7479 -1.6132
2000.8315 -1.1932
2000.9151 -1.0280
2001.0000 -0.4406
2001.0808 0.5020
2001.1616 1.6450
2001.2452 2.4979
2001.3288 3.3661
2001.4123 1.6381
2001.4959 2.4422
2001.5808 2.8587
2001.6644 2.1593
2001.7479 0.0682
2001.8315 -0.8838
2001.9151 -0.3959
2002.0000 -0.7630
2002.0808 -0.1602
2002.1616 -0.7487
2002.2452 -0.1518
2002.3288 0.1451
2002.4123 0.7131
2002.4959 1.4561
2002.5808 1.4217
2002.6644 0.2604
2002.7479 0.0211
2002.8315 0.7317
2002.9151 1.0211
2003.0000 1.3192
2003.0808 1.9591
2003.1616 2.2005
2003.2452 1.4461
2003.3288 0.7212
2003.4123 1.0610
2003.4959 1.7145
2003.5808 1.9662
2003.6644 1.7510
2003.7479 1.2214
2003.8315 0.9797
2003.9151 1.8605
2004.0000 3.2075
2004.0808 4.0052
2004.1616 3.8550
2004.2452 3.9446
2004.3288 3.8566
2004.4123 2.3823
2004.4959 2.8540
2004.5808 0.7837
2004.6644 0.3984
2004.7479 -0.1176
2004.8315 -0.6401
2004.9151 -1.3941
2005.0000 -0.6599
2005.0808 0.2695
2005.1616 -0.5376
2005.2452 -0.8203
2005.3288 -0.4674
2005.4123 -0.5476
2005.4959 -0.0645
2005.5808 0.2115
2005.6644 -0.7336
2005.7479 -1.1464
2005.8315 -2.5128
2005.9151 -3.3588
2006.0000 -2.9526
2006.0808 -3.7480
2006.1616 -4.3117
2006.2452 -4.0650
2006.3288 -3.9787
2006.4123 -5.1901
2006.4959 -7.8736
2006.5808 -8.7470
2006.6644 -8.0974
2006.7479 -7.9146
2006.8315 -9.3325
2006.9151 -8.7917
2007.0000 -8.1603
2007.0808 -7.9442
2007.1616 -7.5367
2007.2452 -6.9292
2007.3288 -5.8754
2007.4123 -5.6762
2007.4959 -4.7249
2007.5808 -3.7340
2007.6644 -3.0923
2007.7479 -4.0471
2007.8315 -3.7620
2007.9151 -2.5604
2008.0000 -2.2357
2008.0808 -1.7359
2008.1616 -1.6220
2008.2452 -1.0921
2008.3288 -0.1202
2008.4123 -0.5458
2008.4959 -0.2791
2008.5808 -0.9247
2008.6644 -1.3018
2008.7479 -3.4312
2008.8315 -3.2259
2008.9151 -3.0054
2009.0000 -3.2072
2009.0808 -2.5357
2009.1616 -1.7450
2009.2452 -1.7912
2009.3288 -1.3788
2009.4123 -0.9732
2009.4959 -0.0112
2009.5808 0.4208
2009.6644 -0.5701
2009.7479 -0.3204
2009.8315 -0.0130
2009.9151 0.9183
2010.0000 1.8304
2010.0808 3.2222
2010.1616 3.8140
2010.2452 4.3425
2010.3288 4.9298
2010.4123 4.9038
2010.4959 4.1422
2010.5808 1.9186
2010.6644 2.0253
2010.7479 0.8046
2010.8315 -0.5548
2010.9151 -1.8365
2011.0000 -0.9288
2011.0808 -0.1485
2011.1616 0.0608
2011.2452 0.3551
2011.3288 1.2331
2011.4123 1.3132
2011.4959 2.2264
2011.5808 2.8940
2011.6644 2.7363
2011.7479 3.0019
2011.8315 3.4059
2011.9151 4.0708
2012.0000 4.4510
2012.0808 5.0694
2012.1616 5.8041
2012.2452 5.7681
2012.3288 5.4605
2012.4123 5.4644
2012.4959 6.0012
2012.5808 5.7678
2012.6644 6.0876
2012.7479 5.4558
2012.8315 5.9858
2012.9151 7.2067
2013.0000 8.5881
2013.0808 9.7126
2013.1616 9.5086
2013.2452 8.7726
2013.3288 7.7089
2013.4123 8.1669
2013.4959 8.8166
2013.5808 9.1142
2013.6644 9.2028
2013.7479 9.0345
2013.8315 9.7076
2013.9151 10.7028
2014.0000 12.0034
2014.0808 12.5795
2014.1616 12.7940
2014.2452 13.3259
2014.3288 12.1193
2014.4123 11.6876
2014.4959 11.4063
2014.5808 10.8450
2014.6644 10.9363
2014.7479 11.1025
2014.8315 10.3725
2014.9151 11.0916
2015.0000 11.8516
2015.0808 12.1982
2015.1616 12.7994
2015.2452 11.8273
2015.3288 10.1410
2015.4123 10.0567
2015.4959 10.9978
2015.5808 11.2749
2015.6644 10.8440
2015.7479 10.9065
2015.8315 10.3897
2015.9151 10.4416
2016.0000 10.6756
2016.0808 10.9250
2016.1616 10.2651
2016.2452 9.6974
2016.3288 9.4431
2016.4123 5.9137
2016.4959 4.8527
2016.5808 2.5522
2016.6644 2.6198
2016.7479 -0.5279
2016.8315 -2.9203
2016.9151 -2.9040
2017.0000 -2.5144
2017.0808 -1.7003
2017.1616 -1.0465
2017.2452 -3.3198
2017.3288 -3.4218
2017.4123 -4.2448
2017.4959 -3.9968
2017.5808 -3.9292
2017.6644 -4.2714
2017.7479 -4.9204
2017.8315 -4.6037
2017.9151 -4.9443
2018.0000 -4.1721
2018.0808 -3.6801
2018.1616 -3.1839
2018.2452 -2.9425
2018.3288 -2.7510
2018.4123 -2.6679
2018.4959 -3.0885
2018.5808 -4.0766
2018.6644 -4.3538
2018.7479 -4.3824
2018.8315 -4.6794
2018.9151 -4.4484
2019.0000 -3.8300
2019.0808 -2.6714
2019.1616 -1.9969
2019.2452 -2.5206
2019.3288 -2.6089
2019.4123 -2.4461
2019.4959 -2.6991
2019.5808 -3.3869
2019.6644 -3.1509
2019.7479 -3.2202
2019.8315 -3.8677
2019.9151 -3.9988
2020.0000 -2.5572
2020.0808 -2.1809
2020.1616 -2.3210
2020.2452 -3.5260
2020.3288 -3.4025
2020.4123 -3.3188
2020.4959 -4.5333
2020.5808 -5.1810
2020.6644 -4.6445
2020.7479 -4.5058
2020.8315 -5.0409
2020.9151 -6.9575
2021.0000 -7.3563
2021.0808 -6.8423
2021.1616 -7.7670
2021.2452 -8.0680
2021.3288 -8.9380
2021.4123 -11.2438
2021.4959 -11.7411
2021.5808 -11.3761
2021.6644 -11.9516
2021.7479 -12.5010
2021.8315 -12.5007
2021.9151 -12.9719
2022.0000 -14.0017
2022.0808 -14.1468
2022.1616 -14.7917
2022.2452 -15.4153
2022.3288 -14.9840
2022.4123 -16.5309
2022.4959 -16.9956
2022.5808 -17.7922
2022.6644 -18.3246
2022.7479 -19.6258
2022.8315 -19.4342
2022.9151 -20.4064
2023.0000 -19.8467
