1998.0808 6.7477
1998.1616 6.6976
1998.2452 6.4157
1998.3288 5.7030
1998.4123 4.9654
1998.4959 4.4915
1998.5808 5.2018
1998.6644 5.1253
1998.7479 4.8249
1998.8315 5.1768
1998.9151 5.0198
1999.0000 5.5516
1999.0808 5.7478
1999.1616 6.2149
1999.2452 5.4637
1999.3288 5.0237
1999.4123 4.0703
1999.4959 4.7361
1999.5808 4.9724
1999.6644 5.5628
1999.7479 5.7894
1999.8315 4.5241
1999.9151 4.2494
2000.0000 4.1175
2000.0808 4.6824
2000.1616 4.2049
2000.2452 3.1369
2000.3288 3.1918
2000.4123 2.6643
2000.4959 2.4364
2000.5808 0.8841
2000.6644 1.3132
2000.7479 1.5241
2000.8315 1.7809
2000.9151 1.4962
2001.0000 2.0709
2001.0808 2.7707
2001.1616 3.4723
2001.2452 4.0900
2001.3288 4.7930
2001.4123 3.4036
2001.4959 4.0972
2001.5808 4.4356
2001.6644 4.0850
2001.7479 2.8722
2001.8315 2.5129
2001.9151 2.8202
2002.0000 2.7973
2002.0808 3.2785
2002.1616 2.8000
2002.2452 3.3450
2002.3288 3.0181
2002.4123 3.3431
2002.4959 3.9558
2002.5808 3.3841
2002.6644 2.1913
2002.7479 1.6229
2002.8315 2.2619
2002.9151 2.7764
2003.0000 2.5434
2003.0808 2.6945
2003.1616 2.5212
2003.2452 2.3257
2003.3288 1.6712
2003.4123 1.7227
2003.4959 2.1569
2003.5808 2.1761
2003.6644 2.1573
2003.7479 1.6934
2003.8315 1.4703
2003.9151 2.2033
2004.0000 3.0798
2004.0808 3.6827
2004.1616 3.4123
2004.2452 3.3673
2004.3288 2.7926
2004.4123 1.4991
2004.4959 1.6686
2004.5808 0.9558
2004.6644 0.9973
2004.7479 0.3699
2004.8315 0.3393
2004.9151 -0.4114
2005.0000 0.0744
2005.0808 0.8691
2005.1616 0.0807
2005.2452 -0.1824
2005.3288 -0.2638
2005.4123 -0.3901
2005.4959 -0.1039
2005.5808 -0.1685
2005.6644 -0.6722
2005.7479 -1.3870
2005.8315 -2.2273
2005.9151 -2.9227
2006.0000 -2.6405
2006.0808 -2.7553
2006.1616 -3.2044
2006.2452 -3.1844
2006.3288 -3.2575
2006.4123 -4.5380
2006.4959 -5.7535
2006.5808 -6.1072
2006.6644 -5.6126
2006.7479 -5.3196
2006.8315 -6.3118
2006.9151 -5.8772
2007.0000 -5.4406
2007.0808 -4.9506
2007.1616 -4.7128
2007.2452 -4.4284
2007.3288 -3.9142
2007.4123 -4.2022
2007.4959 -3.7361
2007.5808 -3.1597
2007.6644 -2.7256
2007.7479 -3.6287
2007.8315 -3.1600
2007.9151 -2.3314
2008.0000 -2.2669
2008.0808 -1.8264
2008.1616 -2.0582
2008.2452 -1.4459
2008.3288 -0.9971
2008.4123 -1.2798
2008.4959 -1.1741
2008.5808 -2.1793
2008.6644 -2.7775
2008.7479 -4.4529
2008.8315 -4.5689
2008.9151 -4.1790
2009.0000 -4.1232
2009.0808 -3.6925
2009.1616 -3.2212
2009.2452 -3.3108
2009.3288 -3.1223
2009.4123 -3.0680
2009.4959 -2.1444
2009.5808 -1.7318
2009.6644 -2.3498
2009.7479 -2.2108
2009.8315 -2.0488
2009.9151 -1.3072
2010.0000 -0.6799
2010.0808 0.2289
2010.1616 0.6366
2010.2452 1.2434
2010.3288 1.5827
2010.4123 1.5109
2010.4959 0.9621
2010.5808 -0.4156
2010.6644 -0.8610
2010.7479 -1.7028
2010.8315 -2.4291
2010.9151 -2.8973
2011.0000 -2.2405
2011.0808 -1.4708
2011.1616 -1.3002
2011.2452 -0.9359
2011.3288 -0.1518
2011.4123 -0.4161
2011.4959 -0.0272
2011.5808 0.1332
2011.6644 -0.3626
2011.7479 0.0331
2011.8315 0.2068
2011.9151 0.6087
2012.0000 0.9919
2012.0808 1.7782
2012.1616 2.5127
2012.2452 1.7873
2012.3288 1.3795
2012.4123 0.7737
2012.4959 1.1644
2012.5808 1.0911
2012.6644 1.2323
2012.7479 0.9479
2012.8315 1.6151
2012.9151 2.6204
2013.0000 3.6537
2013.0808 4.6780
2013.1616 4.3390
2013.2452 3.7317
2013.3288 3.3255
2013.4123 3.7409
2013.4959 4.2642
2013.5808 4.4020
2013.6644 4.4273
2013.7479 4.2575
2013.8315 4.6708
2013.9151 5.2446
2014.0000 6.4139
2014.0808 7.0167
2014.1616 7.2054
2014.2452 7.3314
2014.3288 6.2764
2014.4123 5.7879
2014.4959 5.5680
2014.5808 5.4216
2014.6644 5.6915
2014.7479 5.3601
2014.8315 5.0266
2014.9151 5.6863
2015.0000 6.5769
2015.0808 6.9146
2015.1616 7.6785
2015.2452 7.1690
2015.3288 5.8911
2015.4123 5.3319
2015.4959 6.0575
2015.5808 6.2164
2015.6644 6.3814
2015.7479 6.4812
2015.8315 6.1355
2015.9151 6.4565
2016.0000 6.5952
2016.0808 7.0192
2016.1616 6.4893
2016.2452 6.0314
2016.3288 6.0746
2016.4123 4.4405
2016.4959 3.5569
2016.5808 2.7369
2016.6644 3.0537
2016.7479 1.3048
2016.8315 -0.0732
2016.9151 -0.0029
2017.0000 0.6317
2017.0808 1.3756
2017.1616 2.2155
2017.2452 0.7551
2017.3288 0.9934
2017.4123 0.1152
2017.4959 0.2736
2017.5808 0.3283
2017.6644 -0.0351
2017.7479 -0.3002
2017.8315 0.0750
2017.9151 -0.4236
2018.0000 0.3054
2018.0808 0.8742
2018.1616 1.6080
2018.2452 1.6787
2018.3288 1.6866
2018.4123 1.4487
2018.4959 1.3659
2018.5808 0.8462
2018.6644 0.6683
2018.7479 0.8235
2018.8315 0.3103
2018.9151 0.5782
2019.0000 1.0517
2019.0808 2.1360
2019.1616 2.7444
2019.2452 2.1474
2019.3288 1.7159
2019.4123 1.7623
2019.4959 1.6895
2019.5808 1.1692
2019.6644 0.7665
2019.7479 0.4427
2019.8315 -0.0162
2019.9151 -0.0798
2020.0000 1.0889
2020.0808 1.2461
2020.1616 1.0765
2020.2452 -0.1751
2020.3288 -0.1945
2020.4123 -0.6977
2020.4959 -1.6080
2020.5808 -2.0430
2020.6644 -1.6395
2020.7479 -1.7931
2020.8315 -2.0940
2020.9151 -3.0920
2021.0000 -3.4282
2021.0808 -3.1509
2021.1616 -3.7747
2021.2452 -4.1269
2021.3288 -4.6097
2021.4123 -5.7506
2021.4959 -6.0204
2021.5808 -6.2732
2021.6644 -6.7796
2021.7479 -7.2748
2021.8315 -7.3597
2021.9151 -7.6597
2022.0000 -8.2424
2022.0808 -8.4835
2022.1616 -9.1481
2022.2452 -9.9452
2022.3288 -9.7242
2022.4123 -11.1181
2022.4959 -11.6110
2022.5808 -12.3267
2022.6644 -12.9905
2022.7479 -14.1387
2022.8315 -14.2238
2022.9151 -14.6247
2023.0000 -14.2411
