1998.0808 3.4617
1998.1616 3.8557
1998.2452 3.8555
1998.3288 3.3406
1998.4123 3.1923
1998.4959 2.9153
1998.5808 3.3714
1998.6644 3.5486
1998.7479 3.2829
1998.8315 3.5413
1998.9151 3.3998
1999.0000 3.4496
1999.0808 3.3604
1999.1616 3.0330
1999.2452 2.6251
1999.3288 2.1542
1999.4123 1.4404
1999.4959 1.5030
1999.5808 1.5162
1999.6644 1.8330
1999.7479 2.0767
1999.8315 1.4398
1999.9151 1.2422
2000.0000 0.9791
2000.0808 1.1002
2000.1616 0.8306
2000.2452 0.4965
2000.3288 0.5007
2000.4123 0.2223
2000.4959 0.0647
2000.5808 -0.5183
2000.6644 -0.2882
2000.7479 -0.0944
2000.8315 0.2266
2000.9151 0.4039
2001.0000 0.3255
2001.0808 0.8419
2001.1616 1.3024
2001.2452 1.8157
2001.3288 2.3008
2001.4123 1.8102
2001.4959 2.2489
2001.5808 2.5014
2001.6644 2.0995
2001.7479 1.5013
2001.8315 1.2636
2001.9151 1.3254
2002.0000 0.3928
2002.0808 0.4816
2002.1616 0.1330
2002.2452 0.3238
2002.3288 0.2920
2002.4123 0.3290
2002.4959 0.6759
2002.5808 0.4458
2002.6644 0.0823
2002.7479 -0.1488
2002.8315 0.1015
2002.9151 0.3748
2003.0000 0.3671
2003.0808 0.2806
2003.1616 -0.1974
2003.2452 -0.4052
2003.3288 -0.8490
2003.4123 -0.9168
2003.4959 -0.5851
2003.5808 -0.5804
2003.6644 -0.6079
2003.7479 -0.8879
2003.8315 -1.2048
2003.9151 -0.8054
2004.0000 -0.1703
2004.0808 0.2432
2004.1616 0.1661
2004.2452 0.2370
2004.3288 0.0862
2004.4123 -0.6435
2004.4959 -0.4548
2004.5808 -1.0760
2004.6644 -1.0436
2004.7479 -1.7522
2004.8315 -1.9668
2004.9151 -2.4329
2005.0000 -2.2403
2005.0808 -2.0880
2005.1616 -2.5945
2005.2452 -2.7658
2005.3288 -2.6998
2005.4123 -2.6594
2005.4959 -2.4733
2005.5808 -2.3385
2005.6644 -2.5385
2005.7479 -2.7393
2005.8315 -3.2206
2005.9151 -3.4179
2006.0000 -3.5493
2006.0808 -3.9444
2006.1616 -4.1399
2006.2452 -4.2498
2006.3288 -4.1706
2006.4123 -4.8527
2006.4959 -5.3868
2006.5808 -5.6379
2006.6644 -5.2225
2006.7479 -4.9900
2006.8315 -5.5148
2006.9151 -5.4424
2007.0000 -5.3872
2007.0808 -5.2470
2007.1616 -4.9862
2007.2452 -4.7454
2007.3288 -4.2466
2007.4123 -4.1378
2007.4959 -3.6531
2007.5808 -3.1911
2007.6644 -2.7313
2007.7479 -2.9297
2007.8315 -2.4724
2007.9151 -1.7394
2008.0000 -1.8193
2008.0808 -1.7561
2008.1616 -1.8613
2008.2452 -1.4622
2008.3288 -1.1785
2008.4123 -1.4460
2008.4959 -1.3043
2008.5808 -1.5445
2008.6644 -1.6808
2008.7479 -2.4695
2008.8315 -2.5315
2008.9151 -2.4006
2009.0000 -3.6052
2009.0808 -3.4913
2009.1616 -3.3486
2009.2452 -3.4907
2009.3288 -3.6148
2009.4123 -3.6082
2009.4959 -3.1555
2009.5808 -2.9101
2009.6644 -3.1025
2009.7479 -3.0295
2009.8315 -2.9216
2009.9151 -2.6847
2010.0000 -2.2705
2010.0808 -1.6968
2010.1616 -1.4110
2010.2452 -1.1602
2010.3288 -0.8654
2010.4123 -0.7858
2010.4959 -1.1536
2010.5808 -1.8263
2010.6644 -1.7895
2010.7479 -2.1971
2010.8315 -2.6650
2010.9151 -2.8436
2011.0000 -2.8303
2011.0808 -2.3242
2011.1616 -2.2667
2011.2452 -2.0310
2011.3288 -1.6296
2011.4123 -1.5990
2011.4959 -1.3383
2011.5808 -1.0134
2011.6644 -0.9864
2011.7479 -0.6121
2011.8315 -0.4300
2011.9151 -0.4727
2012.0000 -0.2395
2012.0808 0.2092
2012.1616 0.5607
2012.2452 0.2215
2012.3288 0.1341
2012.4123 -0.0169
2012.4959 0.0399
2012.5808 0.0370
2012.6644 0.1933
2012.7479 0.1824
2012.8315 0.5420
2012.9151 1.1428
2013.0000 1.9668
2013.0808 2.5592
2013.1616 2.5422
2013.2452 2.1454
2013.3288 1.7346
2013.4123 2.0238
2013.4959 1.7858
2013.5808 1.7743
2013.6644 1.6274
2013.7479 1.5834
2013.8315 1.8486
2013.9151 2.1596
2014.0000 2.6258
2014.0808 2.8368
2014.1616 2.9600
2014.2452 2.8402
2014.3288 2.2271
2014.4123 1.8879
2014.4959 1.6773
2014.5808 1.5191
2014.6644 1.6785
2014.7479 1.6242
2014.8315 1.2028
2014.9151 1.3876
2015.0000 1.5727
2015.0808 1.7800
2015.1616 2.2662
2015.2452 1.9696
2015.3288 1.3051
2015.4123 1.0539
2015.4959 1.4797
2015.5808 1.6446
2015.6644 1.8061
2015.7479 1.8918
2015.8315 1.8601
2015.9151 2.1442
2016.0000 2.0645
2016.0808 2.2189
2016.1616 1.9738
2016.2452 1.7681
2016.3288 1.6494
2016.4123 0.9199
2016.4959 0.5161
2016.5808 -0.0919
2016.6644 -0.0612
2016.7479 -0.8327
2016.8315 -1.5410
2016.9151 -1.9291
2017.0000 -1.6289
2017.0808 -1.2873
2017.1616 -0.7468
2017.2452 -1.5303
2017.3288 -1.3399
2017.4123 -1.6904
2017.4959 -1.6224
2017.5808 -1.4361
2017.6644 -1.3669
2017.7479 -1.4566
2017.8315 -1.4446
2017.9151 -1.4580
2018.0000 -1.1626
2018.0808 -0.7711
2018.1616 -0.4276
2018.2452 -0.3632
2018.3288 -0.3993
2018.4123 -0.3095
2018.4959 -0.2970
2018.5808 -0.5959
2018.6644 -0.7487
2018.7479 -0.6520
2018.8315 -0.7248
2018.9151 -0.6078
2019.0000 -0.5842
2019.0808 0.1431
2019.1616 0.5274
2019.2452 0.3086
2019.3288 0.1531
2019.4123 0.2198
2019.4959 0.3139
2019.5808 0.2523
2019.6644 0.2583
2019.7479 0.2009
2019.8315 -0.0450
2019.9151 -0.2927
2020.0000 0.4683
2020.0808 0.4955
2020.1616 0.5554
2020.2452 0.0128
2020.3288 -0.0390
2020.4123 -0.1786
2020.4959 -0.5140
2020.5808 -0.6505
2020.6644 -0.3422
2020.7479 -0.3896
2020.8315 -0.4528
2020.9151 -1.0108
2021.0000 -1.1928
2021.0808 -0.9696
2021.1616 -1.2931
2021.2452 -1.7297
2021.3288 -1.9572
2021.4123 -2.5455
2021.4959 -2.6046
2021.5808 -2.5729
2021.6644 -2.8222
2021.7479 -2.9763
2021.8315 -3.1075
2021.9151 -3.2272
2022.0000 -4.1444
2022.0808 -4.3872
2022.1616 -4.7090
2022.2452 -4.9877
2022.3288 -4.7130
2022.4123 -5.4093
2022.4959 -5.8314
2022.5808 -6.0772
2022.6644 -6.3728
2022.7479 -6.7928
2022.8315 -6.7038
2022.9151 -7.0092
2023.0000 -6.8745
