1998.0808 1.1506
1998.1616 1.5706
1998.2452 1.7573
1998.3288 1.8024
1998.4123 2.2914
1998.4959 2.3583
1998.5808 2.3429
1998.6644 2.4139
1998.7479 2.5645
1998.8315 2.5140
1998.9151 2.5827
1999.0000 2.9011
1999.0808 3.2229
1999.1616 3.2731
1999.2452 3.1178
1999.3288 3.0849
1999.4123 3.1898
1999.4959 3.0857
1999.5808 2.8500
1999.6644 2.9856
1999.7479 3.0331
1999.8315 3.1558
1999.9151 3.0676
2000.0000 3.2437
2000.0808 3.4957
2000.1616 3.8601
2000.2452 4.1360
2000.3288 4.2196
2000.4123 4.4923
2000.4959 4.5988
2000.5808 4.7915
2000.6644 5.1271
2000.7479 5.4873
2000.8315 5.6888
2000.9151 6.1816
2001.0000 6.3307
2001.0808 6.5763
2001.1616 6.7679
2001.2452 6.6592
2001.3288 6.8436
2001.4123 6.8816
2001.4959 7.2338
2001.5808 7.6574
2001.6644 7.4555
2001.7479 7.4870
2001.8315 7.1351
2001.9151 6.8518
2002.0000 6.6016
2002.0808 6.6721
2002.1616 6.6822
2002.2452 6.7861
2002.3288 6.5455
2002.4123 6.8118
2002.4959 7.0826
2002.5808 7.1397
2002.6644 7.4135
2002.7479 7.6809
2002.8315 7.7335
2002.9151 7.9610
2003.0000 8.2461
2003.0808 8.6475
2003.1616 8.9173
2003.2452 9.2372
2003.3288 9.5827
2003.4123 9.6142
2003.4959 9.8254
2003.5808 9.8129
2003.6644 9.2209
2003.7479 8.8897
2003.8315 8.7965
2003.9151 8.8357
2004.0000 9.1616
2004.0808 9.2853
2004.1616 9.5601
2004.2452 9.4668
2004.3288 9.6439
2004.4123 9.7621
2004.4959 9.9872
2004.5808 9.8474
2004.6644 9.8769
2004.7479 9.7281
2004.8315 9.6444
2004.9151 9.5404
2005.0000 9.7997
2005.0808 9.9645
2005.1616 10.0504
2005.2452 9.8224
2005.3288 9.7991
2005.4123 10.0816
2005.4959 10.3509
2005.5808 10.5480
2005.6644 10.4648
2005.7479 10.6258
2005.8315 10.6084
2005.9151 10.9344
2006.0000 11.2541
2006.0808 11.7550
2006.1616 12.0187
2006.2452 11.6581
2006.3288 11.7055
2006.4123 11.6255
2006.4959 11.8743
2006.5808 12.1616
2006.6644 12.7040
2006.7479 12.9199
2006.8315 12.9296
2006.9151 13.1839
2007.0000 13.2805
2007.0808 13.6167
2007.1616 13.9454
2007.2452 14.2073
2007.3288 14.4794
2007.4123 14.7732
2007.4959 15.1764
2007.5808 15.4928
2007.6644 15.4634
2007.7479 15.5225
2007.8315 15.6722
2007.9151 16.0188
2008.0000 16.2466
2008.0808 16.5965
2008.1616 16.8230
2008.2452 16.8881
2008.3288 16.7492
2008.4123 16.4891
2008.4959 16.3493
2008.5808 16.4432
2008.6644 16.5634
2008.7479 16.2150
2008.8315 16.1145
2008.9151 16.0924
2009.0000 16.3261
2009.0808 16.5327
2009.1616 16.6187
2009.2452 16.5036
2009.3288 16.5311
2009.4123 16.3733
2009.4959 16.3190
2009.5808 16.6024
2009.6644 16.7621
2009.7479 16.3391
2009.8315 16.2258
2009.9151 16.1877
2010.0000 16.1732
2010.0808 16.1232
2010.1616 16.2101
2010.2452 16.0846
2010.3288 16.0408
2010.4123 15.6366
2010.4959 15.3502
2010.5808 15.1320
2010.6644 14.9151
2010.7479 14.7163
2010.8315 14.1859
2010.9151 13.7096
2011.0000 13.6145
2011.0808 13.6290
2011.1616 13.3576
2011.2452 12.9590
2011.3288 12.7536
2011.4123 12.1222
2011.4959 11.9510
2011.5808 12.0234
2011.6644 12.1397
2011.7479 11.8058
2011.8315 11.4417
2011.9151 10.9619
2012.0000 10.8394
2012.0808 10.9611
2012.1616 10.9430
2012.2452 10.6685
2012.3288 10.3838
2012.4123 9.9369
2012.4959 9.7026
2012.5808 9.3042
2012.6644 8.7230
2012.7479 8.5358
2012.8315 8.3465
2012.9151 8.0596
2013.0000 8.2034
2013.0808 8.1598
2013.1616 8.1119
2013.2452 7.9562
2013.3288 7.3789
2013.4123 7.0372
2013.4959 6.5845
2013.5808 6.3281
2013.6644 6.0397
2013.7479 5.8271
2013.8315 5.2942
2013.9151 5.0423
2014.0000 4.9917
2014.0808 5.0120
2014.1616 4.9877
2014.2452 4.5430
2014.3288 4.4135
2014.4123 3.8343
2014.4959 3.5343
2014.5808 3.0797
2014.6644 2.8783
2014.7479 2.6501
2014.8315 2.2700
2014.9151 2.0339
2015.0000 1.9649
2015.0808 2.0326
2015.1616 2.0176
2015.2452 1.7364
2015.3288 1.5598
2015.4123 1.4324
2015.4959 1.0971
2015.5808 0.8091
2015.6644 0.5677
2015.7479 0.5312
2015.8315 0.4647
2015.9151 0.2295
2016.0000 0.0483
2016.0808 0.0804
2016.1616 0.0513
2016.2452 -0.2791
2016.3288 -0.2912
2016.4123 -0.1891
2016.4959 -0.4267
2016.5808 -0.4090
2016.6644 -0.4644
2016.7479 -1.0810
2016.8315 -1.1189
2016.9151 -1.1402
2017.0000 -1.0071
2017.0808 -1.0570
2017.1616 -0.8925
2017.2452 -0.8108
2017.3288 -0.5400
2017.4123 -0.6186
2017.4959 -0.4603
2017.5808 -0.7972
2017.6644 -0.8324
2017.7479 -1.1990
2017.8315 -1.4379
2017.9151 -1.2714
2018.0000 -1.3135
2018.0808 -1.3427
2018.1616 -1.2775
2018.2452 -1.7427
2018.3288 -1.9344
2018.4123 -2.0852
2018.4959 -2.0703
2018.5808 -2.1832
2018.6644 -2.6476
2018.7479 -3.0343
2018.8315 -3.0540
2018.9151 -3.3493
2019.0000 -3.5578
2019.0808 -3.4474
2019.1616 -3.2501
2019.2452 -3.2800
2019.3288 -3.6603
2019.4123 -3.7854
2019.4959 -3.8463
2019.5808 -3.8695
2019.6644 -3.8656
2019.7479 -3.8837
2019.8315 -4.1974
2019.9151 -4.2049
2020.0000 -4.1391
2020.0808 -3.9781
2020.1616 -3.8755
2020.2452 -3.9453
2020.3288 -4.1027
2020.4123 -3.9512
2020.4959 -3.9621
2020.5808 -3.7799
2020.6644 -3.9395
2020.7479 -4.1521
2020.8315 -4.1743
2020.9151 -4.3231
2021.0000 -4.2817
2021.0808 -4.2404
2021.1616 -4.1223
2021.2452 -4.3430
2021.3288 -4.4558
2021.4123 -4.6138
2021.4959 -4.6599
2021.5808 -4.8196
2021.6644 -4.9596
2021.7479 -5.4715
2021.8315 -6.1231
2021.9151 -6.3082
2022.0000 -6.3746
2022.0808 -6.4455
2022.1616 -6.3546
2022.2452 -6.4081
2022.3288 -6.6417
2022.4123 -6.7691
2022.4959 -7.1128
2022.5808 -7.2003
2022.6644 -7.4314
2022.7479 -7.8363
2022.8315 -8.1184
2022.9151 -8.5282
2023.0000 -8.4363
