1998.0808 2.1205
1998.1616 2.6310
1998.2452 2.9064
1998.3288 2.0023
1998.4123 2.5302
1998.4959 2.4397
1998.5808 2.7093
1998.6644 2.8018
1998.7479 2.8598
1998.8315 2.7527
1998.9151 2.8578
1999.0000 3.3706
1999.0808 3.3725
1999.1616 3.3439
1999.2452 2.6319
1999.3288 1.9944
1999.4123 1.6551
1999.4959 1.5693
1999.5808 0.9242
1999.6644 0.8789
1999.7479 1.0211
1999.8315 0.7680
1999.9151 0.1592
2000.0000 -0.0837
2000.0808 -0.0985
2000.1616 -0.1512
2000.2452 -0.0626
2000.3288 -0.7029
2000.4123 -1.0026
2000.4959 -1.2478
2000.5808 -1.1326
2000.6644 -0.9097
2000.7479 -0.5688
2000.8315 -0.4484
2000.9151 0.0869
2001.0000 0.5852
2001.0808 1.2594
2001.1616 1.7488
2001.2452 1.6847
2001.3288 1.8812
2001.4123 1.9252
2001.4959 2.4469
2001.5808 3.0266
2001.6644 1.9771
2001.7479 1.3904
2001.8315 0.0079
2001.9151 -0.6109
2002.0000 -1.2695
2002.0808 -1.4711
2002.1616 -2.0753
2002.2452 -1.9246
2002.3288 -2.2547
2002.4123 -1.7320
2002.4959 -1.4075
2002.5808 -1.3942
2002.6644 -1.1981
2002.7479 -0.7882
2002.8315 -0.9089
2002.9151 -0.3649
2003.0000 -0.2654
2003.0808 0.3404
2003.1616 0.4208
2003.2452 0.6771
2003.3288 0.7614
2003.4123 0.7884
2003.4959 1.2838
2003.5808 0.8430
2003.6644 -0.6117
2003.7479 -1.5025
2003.8315 -1.7151
2003.9151 -1.4743
2004.0000 -0.7593
2004.0808 -0.4218
2004.1616 -0.3470
2004.2452 -0.7132
2004.3288 -0.5201
2004.4123 -0.6030
2004.4959 -0.1837
2004.5808 -0.6447
2004.6644 -1.0954
2004.7479 -1.1671
2004.8315 -1.5745
2004.9151 -2.0687
2005.0000 -1.6849
2005.0808 -1.4561
2005.1616 -2.1869
2005.2452 -2.3930
2005.3288 -2.2052
2005.4123 -1.7984
2005.4959 -1.1134
2005.5808 -0.7325
2005.6644 -0.9266
2005.7479 -0.7022
2005.8315 -1.2241
2005.9151 -0.6697
2006.0000 -0.2755
2006.0808 0.3728
2006.1616 0.8238
2006.2452 -0.0665
2006.3288 -0.0623
2006.4123 -1.1041
2006.4959 -0.9933
2006.5808 -0.9642
2006.6644 -0.1316
2006.7479 -0.0426
2006.8315 -0.5297
2006.9151 -0.0430
2007.0000 0.0930
2007.0808 0.5794
2007.1616 1.1446
2007.2452 1.5971
2007.3288 2.2944
2007.4123 2.6296
2007.4959 3.4275
2007.5808 4.2129
2007.6644 4.2992
2007.7479 4.1199
2007.8315 4.6127
2007.9151 5.3907
2008.0000 5.7070
2008.0808 6.0336
2008.1616 6.1187
2008.2452 5.9616
2008.3288 5.9476
2008.4123 5.4006
2008.4959 5.1976
2008.5808 5.4817
2008.6644 5.6042
2008.7479 4.4150
2008.8315 4.2254
2008.9151 3.7322
2009.0000 3.6524
2009.0808 3.5377
2009.1616 3.8061
2009.2452 3.5652
2009.3288 3.8956
2009.4123 4.0420
2009.4959 4.4305
2009.5808 5.0597
2009.6644 5.4318
2009.7479 5.0253
2009.8315 4.9913
2009.9151 5.5364
2010.0000 5.4387
2010.0808 5.9484
2010.1616 6.6095
2010.2452 6.5596
2010.3288 6.5342
2010.4123 5.8970
2010.4959 5.2930
2010.5808 4.7480
2010.6644 4.7908
2010.7479 4.4912
2010.8315 2.8578
2010.9151 1.8995
2011.0000 2.1578
2011.0808 2.4450
2011.1616 1.6427
2011.2452 1.5374
2011.3288 1.9347
2011.4123 1.2379
2011.4959 1.3788
2011.5808 1.8864
2011.6644 2.2563
2011.7479 2.1556
2011.8315 1.4064
2011.9151 0.7463
2012.0000 0.1823
2012.0808 0.3591
2012.1616 0.4315
2012.2452 0.0366
2012.3288 0.2012
2012.4123 0.2283
2012.4959 0.2178
2012.5808 0.1001
2012.6644 -0.6654
2012.7479 -0.6919
2012.8315 -0.5890
2012.9151 -0.4978
2013.0000 0.2564
2013.0808 0.6850
2013.1616 0.9102
2013.2452 0.6154
2013.3288 -0.5487
2013.4123 -0.6359
2013.4959 -0.7970
2013.5808 -0.7850
2013.6644 -0.6593
2013.7479 -1.0014
2013.8315 -1.2866
2013.9151 -1.5372
2014.0000 -0.9689
2014.0808 -0.4990
2014.1616 -0.4791
2014.2452 -0.6424
2014.3288 -0.7196
2014.4123 -0.7579
2014.4959 -0.8540
2014.5808 -1.3414
2014.6644 -1.0284
2014.7479 -0.6970
2014.8315 -1.0305
2014.9151 -0.7783
2015.0000 -0.1683
2015.0808 0.1030
2015.1616 0.2626
2015.2452 0.0623
2015.3288 -0.1131
2015.4123 0.4179
2015.4959 0.8014
2015.5808 1.1129
2015.6644 1.0189
2015.7479 1.3885
2015.8315 1.4144
2015.9151 1.5664
2016.0000 1.6289
2016.0808 1.8128
2016.1616 2.1920
2016.2452 1.7420
2016.3288 1.8644
2016.4123 2.2105
2016.4959 1.8731
2016.5808 2.1289
2016.6644 2.3099
2016.7479 0.5485
2016.8315 0.4373
2016.9151 0.6652
2017.0000 1.3319
2017.0808 1.6603
2017.1616 2.1434
2017.2452 2.0410
2017.3288 2.5381
2017.4123 2.4709
2017.4959 2.7012
2017.5808 2.6408
2017.6644 2.9452
2017.7479 2.0735
2017.8315 2.1033
2017.9151 2.3884
2018.0000 2.6613
2018.0808 3.0833
2018.1616 3.2566
2018.2452 2.5193
2018.3288 2.2743
2018.4123 2.3627
2018.4959 2.5160
2018.5808 2.0415
2018.6644 1.6874
2018.7479 0.9727
2018.8315 1.0603
2018.9151 0.5034
2019.0000 0.2592
2019.0808 0.7938
2019.1616 1.2678
2019.2452 1.1641
2019.3288 0.6604
2019.4123 0.4868
2019.4959 0.7322
2019.5808 1.0766
2019.6644 1.7005
2019.7479 1.7318
2019.8315 1.2000
2019.9151 1.3287
2020.0000 2.0650
2020.0808 2.5695
2020.1616 3.1341
2020.2452 3.2395
2020.3288 2.7122
2020.4123 3.0915
2020.4959 3.3658
2020.5808 3.9086
2020.6644 4.2061
2020.7479 4.5151
2020.8315 4.7449
2020.9151 4.0691
2021.0000 4.0122
2021.0808 4.2116
2021.1616 3.5046
2021.2452 3.0614
2021.3288 2.5957
2021.4123 1.8080
2021.4959 1.5662
2021.5808 1.6450
2021.6644 1.4965
2021.7479 0.2243
2021.8315 -0.8255
2021.9151 -1.6433
2022.0000 -2.7149
2022.0808 -2.9233
2022.1616 -3.1162
2022.2452 -3.6372
2022.3288 -3.9665
2022.4123 -4.4741
2022.4959 -5.2447
2022.5808 -5.5464
2022.6644 -6.5765
2022.7479 -7.9479
2022.8315 -8.9002
2022.9151 -10.9635
2023.0000 -11.3534
