1998.0808 4.6857
1998.1616 5.3471
1998.2452 5.6237
1998.3288 3.0290
1998.4123 3.4872
1998.4959 3.1319
1998.5808 3.5450
1998.6644 3.5897
1998.7479 3.2267
1998.8315 3.1817
1998.9151 3.2921
1999.0000 4.0363
1999.0808 3.9220
1999.1616 4.0485
1999.2452 2.8854
1999.3288 1.3635
1999.4123 0.1106
1999.4959 -0.1655
1999.5808 -1.1276
1999.6644 -1.1514
1999.7479 -1.0051
1999.8315 -1.7027
1999.9151 -2.4233
2000.0000 -2.8928
2000.0808 -2.9346
2000.1616 -3.1385
2000.2452 -3.2877
2000.3288 -4.1267
2000.4123 -5.1318
2000.4959 -5.4847
2000.5808 -5.4531
2000.6644 -4.9449
2000.7479 -4.3865
2000.8315 -3.8583
2000.9151 -2.9767
2001.0000 -1.9468
2001.0808 -0.6371
2001.1616 0.4274
2001.2452 0.8722
2001.3288 1.3317
2001.4123 0.9086
2001.4959 1.6906
2001.5808 2.3358
2001.6644 0.3517
2001.7479 -0.8390
2001.8315 -3.4239
2001.9151 -4.0687
2002.0000 -5.2903
2002.0808 -5.3943
2002.1616 -6.5570
2002.2452 -6.2244
2002.3288 -6.2476
2002.4123 -5.3346
2002.4959 -4.8553
2002.5808 -4.6054
2002.6644 -4.0995
2002.7479 -3.1605
2002.8315 -3.3569
2002.9151 -2.2356
2003.0000 -1.9301
2003.0808 -0.6902
2003.1616 -0.4195
2003.2452 -0.1284
2003.3288 -0.2215
2003.4123 -0.1035
2003.4959 0.5411
2003.5808 -0.1287
2003.6644 -2.0396
2003.7479 -3.3225
2003.8315 -3.6750
2003.9151 -3.1879
2004.0000 -2.1035
2004.0808 -1.4548
2004.1616 -1.6132
2004.2452 -2.0230
2004.3288 -1.5542
2004.4123 -1.5939
2004.4959 -0.8697
2004.5808 -1.5084
2004.6644 -2.5511
2004.7479 -2.4613
2004.8315 -3.0931
2004.9151 -3.7574
2005.0000 -3.2389
2005.0808 -2.7652
2005.1616 -4.1488
2005.2452 -4.3846
2005.3288 -3.7930
2005.4123 -3.0997
2005.4959 -1.8866
2005.5808 -1.0767
2005.6644 -1.4055
2005.7479 -1.0377
2005.8315 -2.4256
2005.9151 -1.8187
2006.0000 -1.4192
2006.0808 -0.8351
2006.1616 -0.6096
2006.2452 -1.6754
2006.3288 -1.7913
2006.4123 -3.8314
2006.4959 -4.1615
2006.5808 -4.7220
2006.6644 -3.6215
2006.7479 -3.8138
2006.8315 -5.1489
2006.9151 -4.4963
2007.0000 -4.0882
2007.0808 -3.3800
2007.1616 -2.5214
2007.2452 -1.6738
2007.3288 -0.5779
2007.4123 -0.3433
2007.4959 0.9283
2007.5808 2.1000
2007.6644 2.5137
2007.7479 1.8573
2007.8315 2.4643
2007.9151 3.6197
2008.0000 4.1584
2008.0808 4.3428
2008.1616 4.3861
2008.2452 3.7431
2008.3288 3.8567
2008.4123 2.6007
2008.4959 2.1595
2008.5808 2.4626
2008.6644 2.4969
2008.7479 0.1196
2008.8315 -0.3297
2008.9151 -1.6425
2009.0000 -2.1768
2009.0808 -2.2108
2009.1616 -1.6373
2009.2452 -1.8981
2009.3288 -1.4199
2009.4123 -0.9477
2009.4959 -0.2737
2009.5808 0.6917
2009.6644 1.4253
2009.7479 0.8897
2009.8315 0.7665
2009.9151 1.7450
2010.0000 1.9452
2010.0808 2.9234
2010.1616 3.9347
2010.2452 3.8552
2010.3288 3.9567
2010.4123 2.8698
2010.4959 1.5991
2010.5808 0.4486
2010.6644 0.6428
2010.7479 0.3005
2010.8315 -2.3036
2010.9151 -4.3668
2011.0000 -3.8925
2011.0808 -3.3141
2011.1616 -4.4664
2011.2452 -4.2529
2011.3288 -3.3916
2011.4123 -4.1007
2011.4959 -3.6092
2011.5808 -2.5558
2011.6644 -1.8292
2011.7479 -1.6642
2011.8315 -2.6620
2011.9151 -2.9677
2012.0000 -3.6255
2012.0808 -3.1751
2012.1616 -2.6693
2012.2452 -2.6773
2012.3288 -1.9363
2012.4123 -1.5681
2012.4959 -1.0831
2012.5808 -0.6512
2012.6644 -1.3194
2012.7479 -1.2301
2012.8315 -0.6920
2012.9151 -0.1377
2013.0000 1.2276
2013.0808 2.1475
2013.1616 2.7479
2013.2452 2.0832
2013.3288 0.4596
2013.4123 0.5106
2013.4959 0.6285
2013.5808 0.8193
2013.6644 1.2531
2013.7479 0.5608
2013.8315 0.6210
2013.9151 0.6519
2014.0000 1.7769
2014.0808 2.7334
2014.1616 2.8874
2014.2452 3.1479
2014.3288 3.0868
2014.4123 3.2078
2014.4959 3.3403
2014.5808 2.2953
2014.6644 2.6902
2014.7479 3.3100
2014.8315 2.7287
2014.9151 3.2769
2015.0000 4.3804
2015.0808 4.6703
2015.1616 5.0828
2015.2452 4.4868
2015.3288 4.0475
2015.4123 4.9496
2015.4959 5.8052
2015.5808 6.5435
2015.6644 6.3062
2015.7479 6.9077
2015.8315 6.6782
2015.9151 7.0557
2016.0000 7.1849
2016.0808 7.2055
2016.1616 7.6535
2016.2452 6.9103
2016.3288 6.7528
2016.4123 6.8682
2016.4959 6.1628
2016.5808 6.0018
2016.6644 6.0741
2016.7479 2.5589
2016.8315 1.7712
2016.9151 1.9564
2017.0000 2.8541
2017.0808 3.3835
2017.1616 4.1925
2017.2452 3.2828
2017.3288 3.7694
2017.4123 3.3557
2017.4959 3.5611
2017.5808 3.4966
2017.6644 3.7265
2017.7479 2.1487
2017.8315 2.3093
2017.9151 2.4063
2018.0000 2.9479
2018.0808 3.7129
2018.1616 4.1523
2018.2452 3.4100
2018.3288 2.9943
2018.4123 3.1724
2018.4959 3.2567
2018.5808 2.3223
2018.6644 1.9715
2018.7479 0.7100
2018.8315 0.7680
2018.9151 -0.0398
2019.0000 -0.1387
2019.0808 0.7895
2019.1616 1.4413
2019.2452 1.2556
2019.3288 0.6962
2019.4123 0.4257
2019.4959 0.8268
2019.5808 1.5448
2019.6644 2.6869
2019.7479 2.8101
2019.8315 2.2524
2019.9151 2.4658
2020.0000 3.7538
2020.0808 4.7923
2020.1616 5.4145
2020.2452 5.5895
2020.3288 4.4465
2020.4123 4.8297
2020.4959 5.1389
2020.5808 5.8485
2020.6644 6.2506
2020.7479 6.8806
2020.8315 6.9531
2020.9151 5.0625
2021.0000 4.7743
2021.0808 4.8477
2021.1616 2.9178
2021.2452 1.9194
2021.3288 0.8125
2021.4123 -1.6960
2021.4959 -2.7950
2021.5808 -2.7651
2021.6644 -3.1167
2021.7479 -4.9451
2021.8315 -6.1862
2021.9151 -7.9840
2022.0000 -9.9135
2022.0808 -10.1967
2022.1616 -10.6362
2022.2452 -11.5167
2022.3288 -11.7085
2022.4123 -12.3673
2022.4959 -13.2582
2022.5808 -13.8013
2022.6644 -15.4208
2022.7479 -17.6813
2022.8315 -18.6476
2022.9151 -21.3231
2023.0000 -21.8524
