1998.0808 1.3006
1998.1616 1.6318
1998.2452 1.8415
1998.3288 1.6526
1998.4123 2.0627
1998.4959 2.2165
1998.5808 2.4132
1998.6644 2.6129
1998.7479 2.7738
1998.8315 2.8569
1998.9151 2.9940
1999.0000 3.3510
1999.0808 3.5932
1999.1616 3.6982
1999.2452 3.5250
1999.3288 3.3882
1999.4123 3.3609
1999.4959 3.3422
1999.5808 3.1016
1999.6644 3.1915
1999.7479 3.2854
1999.8315 3.2845
1999.9151 3.1301
2000.0000 3.1752
2000.0808 3.2647
2000.1616 3.4428
2000.2452 3.6298
2000.3288 3.5873
2000.4123 3.6185
2000.4959 3.6714
2000.5808 3.8437
2000.6644 4.1417
2000.7479 4.5039
2000.8315 4.7478
2000.9151 5.1870
2001.0000 5.4892
2001.0808 5.9197
2001.1616 6.1852
2001.2452 6.2332
2001.3288 6.4724
2001.4123 6.5777
2001.4959 6.9734
2001.5808 7.4061
2001.6644 7.1099
2001.7479 7.0280
2001.8315 6.5342
2001.9151 6.2845
2002.0000 6.0042
2002.0808 5.9257
2002.1616 5.7063
2002.2452 5.7175
2002.3288 5.5062
2002.4123 5.6855
2002.4959 5.8410
2002.5808 5.8794
2002.6644 6.0486
2002.7479 6.3063
2002.8315 6.3491
2002.9151 6.6438
2003.0000 6.8470
2003.0808 7.2030
2003.1616 7.3927
2003.2452 7.6447
2003.3288 7.8897
2003.4123 8.0446
2003.4959 8.3868
2003.5808 8.3315
2003.6644 7.7347
2003.7479 7.3551
2003.8315 7.2219
2003.9151 7.2119
2004.0000 7.4612
2004.0808 7.5496
2004.1616 7.6337
2004.2452 7.4673
2004.3288 7.5736
2004.4123 7.6038
2004.4959 7.8512
2004.5808 7.6802
2004.6644 7.5794
2004.7479 7.5165
2004.8315 7.3804
2004.9151 7.2125
2005.0000 7.3487
2005.0808 7.4543
2005.1616 7.3074
2005.2452 7.1589
2005.3288 7.1991
2005.4123 7.4116
2005.4959 7.7471
2005.5808 7.9988
2005.6644 7.9944
2005.7479 8.1861
2005.8315 8.0530
2005.9151 8.3753
2006.0000 8.6347
2006.0808 9.0586
2006.1616 9.3077
2006.2452 8.9326
2006.3288 8.9979
2006.4123 8.6857
2006.4959 8.7864
2006.5808 8.9292
2006.6644 9.4358
2006.7479 9.6284
2006.8315 9.5275
2006.9151 9.8205
2007.0000 9.9555
2007.0808 10.2425
2007.1616 10.5458
2007.2452 10.8447
2007.3288 11.2289
2007.4123 11.5140
2007.4959 11.9654
2007.5808 12.4208
2007.6644 12.5454
2007.7479 12.5962
2007.8315 12.8953
2007.9151 13.3722
2008.0000 13.6275
2008.0808 13.8982
2008.1616 14.0720
2008.2452 14.1141
2008.3288 14.1310
2008.4123 13.8817
2008.4959 13.8070
2008.5808 13.9073
2008.6644 13.9932
2008.7479 13.5089
2008.8315 13.4140
2008.9151 13.1890
2009.0000 13.1707
2009.0808 13.1495
2009.1616 13.1878
2009.2452 13.0018
2009.3288 13.0643
2009.4123 12.9796
2009.4959 13.0449
2009.5808 13.2933
2009.6644 13.4564
2009.7479 13.2059
2009.8315 13.1212
2009.9151 13.1578
2010.0000 13.0515
2010.0808 13.0860
2010.1616 13.1724
2010.2452 13.0523
2010.3288 12.9661
2010.4123 12.5710
2010.4959 12.1627
2010.5808 11.8272
2010.6644 11.6623
2010.7479 11.3986
2010.8315 10.6117
2010.9151 9.9644
2011.0000 9.7594
2011.0808 9.6633
2011.1616 9.1880
2011.2452 8.8145
2011.3288 8.6914
2011.4123 8.1075
2011.4959 7.8841
2011.5808 7.8748
2011.6644 7.8665
2011.7479 7.6133
2011.8315 7.1177
2011.9151 6.5895
2012.0000 6.2157
2012.0808 6.1383
2012.1616 5.9447
2012.2452 5.5499
2012.3288 5.3246
2012.4123 5.0291
2012.4959 4.7785
2012.5808 4.4727
2012.6644 3.8942
2012.7479 3.6444
2012.8315 3.4546
2012.9151 3.2350
2013.0000 3.3041
2013.0808 3.2469
2013.1616 3.1608
2013.2452 2.9082
2013.3288 2.2487
2013.4123 1.9343
2013.4959 1.5780
2013.5808 1.3258
2013.6644 1.0933
2013.7479 0.7258
2013.8315 0.3308
2013.9151 0.0267
2014.0000 -0.0454
2014.0808 -0.0546
2014.1616 -0.1750
2014.2452 -0.5213
2014.3288 -0.7389
2014.4123 -1.0713
2014.4959 -1.3255
2014.5808 -1.7955
2014.6644 -1.8984
2014.7479 -1.9747
2014.8315 -2.3196
2014.9151 -2.4277
2015.0000 -2.3918
2015.0808 -2.3912
2015.1616 -2.4209
2015.2452 -2.6405
2015.3288 -2.8391
2015.4123 -2.7853
2015.4959 -2.8035
2015.5808 -2.8335
2015.6644 -2.9938
2015.7479 -2.9158
2015.8315 -2.9457
2015.9151 -2.9715
2016.0000 -3.1490
2016.0808 -3.1208
2016.1616 -3.0750
2016.2452 -3.3181
2016.3288 -3.3351
2016.4123 -3.2571
2016.4959 -3.3928
2016.5808 -3.3153
2016.6644 -3.2357
2016.7479 -3.9388
2016.8315 -3.9944
2016.9151 -3.9392
2017.0000 -3.6920
2017.0808 -3.6462
2017.1616 -3.4221
2017.2452 -3.3837
2017.3288 -3.0824
2017.4123 -3.0501
2017.4959 -2.8480
2017.5808 -2.8537
2017.6644 -2.7087
2017.7479 -3.0086
2017.8315 -3.0119
2017.9151 -2.8424
2018.0000 -2.8220
2018.0808 -2.6925
2018.1616 -2.5920
2018.2452 -2.9321
2018.3288 -3.0869
2018.4123 -3.1094
2018.4959 -3.0550
2018.5808 -3.2120
2018.6644 -3.4123
2018.7479 -3.7880
2018.8315 -3.7983
2018.9151 -4.0906
2019.0000 -4.2769
2019.0808 -4.1540
2019.1616 -4.0159
2019.2452 -4.0807
2019.3288 -4.3800
2019.4123 -4.5047
2019.4959 -4.4357
2019.5808 -4.3418
2019.6644 -4.1132
2019.7479 -4.0425
2019.8315 -4.2773
2019.9151 -4.2601
2020.0000 -4.0232
2020.0808 -3.7694
2020.1616 -3.5569
2020.2452 -3.5062
2020.3288 -3.6885
2020.4123 -3.4668
2020.4959 -3.3490
2020.5808 -3.0158
2020.6644 -2.8543
2020.7479 -2.7055
2020.8315 -2.5483
2020.9151 -2.7039
2021.0000 -2.6174
2021.0808 -2.4468
2021.1616 -2.5691
2021.2452 -2.7066
2021.3288 -2.8009
2021.4123 -3.0679
2021.4959 -3.1179
2021.5808 -3.1153
2021.6644 -3.1530
2021.7479 -3.6945
2021.8315 -4.2421
2021.9151 -4.6346
2022.0000 -4.9863
2022.0808 -5.1514
2022.1616 -5.2404
2022.2452 -5.4885
2022.3288 -5.6680
2022.4123 -5.8983
2022.4959 -6.3151
2022.5808 -6.4761
2022.6644 -6.8858
2022.7479 -7.4912
2022.8315 -7.9184
2022.9151 -8.6810
2023.0000 -8.8587
