1998.0808 3.1322
1998.1616 2.9570
1998.2452 2.7863
1998.3288 0.6201
1998.4123 0.6919
1998.4959 0.1252
1998.5808 0.5397
1998.6644 0.5626
1998.7479 0.2981
1998.8315 0.3729
1998.9151 0.4692
1999.0000 0.8920
1999.0808 0.7334
1999.1616 0.8806
1999.2452 0.1260
1999.3288 -0.8695
1999.4123 -1.5757
1999.4959 -1.4909
1999.5808 -1.7309
1999.6644 -1.4101
1999.7479 -1.2425
1999.8315 -1.7831
1999.9151 -2.0582
2000.0000 -2.3161
2000.0808 -2.2067
2000.1616 -2.4748
2000.2452 -2.4133
2000.3288 -2.8535
2000.4123 -3.3791
2000.4959 -3.4626
2000.5808 -3.4691
2000.6644 -3.0838
2000.7479 -2.7718
2000.8315 -2.4381
2000.9151 -1.9499
2001.0000 -1.4169
2001.0808 -0.6369
2001.1616 -0.0120
2001.2452 0.2663
2001.3288 0.5185
2001.4123 0.0243
2001.4959 0.3935
2001.5808 0.6447
2001.6644 -0.3650
2001.7479 -1.2433
2001.8315 -2.4080
2001.9151 -2.4146
2002.0000 -2.9116
2002.0808 -2.6497
2002.1616 -3.4074
2002.2452 -2.9264
2002.3288 -2.9356
2002.4123 -2.3240
2002.4959 -1.8919
2002.5808 -1.7450
2002.6644 -1.7046
2002.7479 -1.2386
2002.8315 -1.1364
2002.9151 -0.5261
2003.0000 -0.3948
2003.0808 0.2869
2003.1616 0.2499
2003.2452 -0.1269
2003.3288 -0.3627
2003.4123 -0.2365
2003.4959 0.2207
2003.5808 -0.1471
2003.6644 -0.9731
2003.7479 -1.4003
2003.8315 -1.4641
2003.9151 -1.0050
2004.0000 -0.1708
2004.0808 0.2461
2004.1616 -0.2012
2004.2452 -0.2884
2004.3288 -0.0798
2004.4123 -0.3045
2004.4959 0.2330
2004.5808 -0.4518
2004.6644 -1.1985
2004.7479 -1.1089
2004.8315 -1.3617
2004.9151 -1.7206
2005.0000 -1.2289
2005.0808 -0.7550
2005.1616 -1.5506
2005.2452 -1.7175
2005.3288 -1.3063
2005.4123 -1.0835
2005.4959 -0.4546
2005.5808 -0.1714
2005.6644 -0.6917
2005.7479 -0.4987
2005.8315 -1.2789
2005.9151 -1.1769
2006.0000 -1.0117
2006.0808 -0.7925
2006.1616 -0.8323
2006.2452 -1.3502
2006.3288 -1.4498
2006.4123 -2.5559
2006.4959 -2.9277
2006.5808 -3.4409
2006.6644 -2.5776
2006.7479 -2.6134
2006.8315 -3.4052
2006.9151 -2.8815
2007.0000 -2.5507
2007.0808 -2.0787
2007.1616 -1.6091
2007.2452 -1.1284
2007.3288 -0.5228
2007.4123 -0.6240
2007.4959 0.0468
2007.5808 0.6373
2007.6644 0.7822
2007.7479 0.1053
2007.8315 0.3686
2007.9151 1.0512
2008.0000 1.1873
2008.0808 1.1600
2008.1616 1.0438
2008.2452 0.6512
2008.3288 0.6131
2008.4123 -0.2407
2008.4959 -0.3726
2008.5808 -0.2972
2008.6644 -0.2311
2008.7479 -1.5786
2008.8315 -1.7289
2008.9151 -2.2371
2009.0000 -2.2190
2009.0808 -1.9635
2009.1616 -1.4038
2009.2452 -1.6133
2009.3288 -1.1528
2009.4123 -0.9206
2009.4959 -0.6869
2009.5808 -0.2587
2009.6644 -0.0328
2009.7479 -0.1728
2009.8315 -0.2239
2009.9151 0.4617
2010.0000 0.6619
2010.0808 1.3583
2010.1616 1.8421
2010.2452 1.8578
2010.3288 1.7958
2010.4123 1.1626
2010.4959 0.4956
2010.5808 -0.1459
2010.6644 0.2067
2010.7479 -0.1911
2010.8315 -1.4734
2010.9151 -2.2556
2011.0000 -1.6145
2011.0808 -0.9851
2011.1616 -1.3410
2011.2452 -0.9771
2011.3288 -0.2961
2011.4123 -0.6149
2011.4959 -0.0918
2011.5808 0.5635
2011.6644 0.7573
2011.7479 0.6868
2011.8315 0.2515
2011.9151 0.4310
2012.0000 0.1384
2012.0808 0.4907
2012.1616 0.8542
2012.2452 0.8883
2012.3288 1.2577
2012.4123 1.2248
2012.4959 1.3916
2012.5808 1.5071
2012.6644 1.2466
2012.7479 1.0769
2012.8315 1.4562
2012.9151 1.9231
2013.0000 2.8148
2013.0808 3.3365
2013.1616 3.4772
2013.2452 2.8080
2013.3288 1.7932
2013.4123 1.9275
2013.4959 2.2546
2013.5808 2.4317
2013.6644 2.7421
2013.7479 2.2882
2013.8315 2.3971
2013.9151 2.6059
2014.0000 3.4091
2014.0808 3.9489
2014.1616 3.9987
2014.2452 4.0915
2014.3288 3.7236
2014.4123 3.5694
2014.4959 3.5774
2014.5808 2.8019
2014.6644 2.9475
2014.7479 3.2723
2014.8315 2.8196
2014.9151 3.2288
2015.0000 3.8823
2015.0808 3.9026
2015.1616 4.1075
2015.2452 3.5072
2015.3288 2.9671
2015.4123 3.4921
2015.4959 4.1177
2015.5808 4.5569
2015.6644 4.4124
2015.7479 4.6522
2015.8315 4.0829
2015.9151 4.2126
2016.0000 4.3143
2016.0808 4.2596
2016.1616 4.2723
2016.2452 3.8718
2016.3288 3.6076
2016.4123 2.7368
2016.4959 2.2721
2016.5808 1.8120
2016.6644 1.9975
2016.7479 0.1818
2016.8315 -0.4734
2016.9151 -0.1521
2017.0000 0.6069
2017.0808 1.1037
2017.1616 1.6798
2017.2452 0.9244
2017.3288 1.2081
2017.4123 0.7771
2017.4959 0.8361
2017.5808 0.8531
2017.6644 0.8766
2017.7479 0.2132
2017.8315 0.3501
2017.9151 0.3354
2018.0000 0.7967
2018.0808 1.3173
2018.1616 1.6304
2018.2452 1.2416
2018.3288 1.0638
2018.4123 1.1043
2018.4959 0.9895
2018.5808 0.5134
2018.6644 0.2957
2018.7479 -0.1665
2018.8315 -0.3426
2018.9151 -0.5999
2019.0000 -0.4928
2019.0808 0.2935
2019.1616 0.7001
2019.2452 0.4961
2019.3288 0.3375
2019.4123 0.2520
2019.4959 0.4541
2019.5808 0.7835
2019.6644 1.3242
2019.7479 1.2030
2019.8315 0.5332
2019.9151 0.5934
2020.0000 1.5482
2020.0808 1.9968
2020.1616 2.0473
2020.2452 1.8240
2020.3288 1.0472
2020.4123 1.0554
2020.4959 1.0772
2020.5808 1.2014
2020.6644 1.4107
2020.7479 1.6785
2020.8315 1.3670
2020.9151 0.3727
2021.0000 0.2751
2021.0808 0.3073
2021.1616 -0.6539
2021.2452 -1.1522
2021.3288 -1.5332
2021.4123 -2.6726
2021.4959 -3.0741
2021.5808 -2.7570
2021.6644 -2.9877
2021.7479 -3.6602
2021.8315 -4.0430
2021.9151 -4.5903
2022.0000 -5.5904
2022.0808 -5.4733
2022.1616 -5.8740
2022.2452 -6.1708
2022.3288 -6.1105
2022.4123 -6.4417
2022.4959 -6.8450
2022.5808 -7.2375
2022.6644 -8.0019
2022.7479 -9.0803
2022.8315 -9.3115
2022.9151 -10.3211
2023.0000 -10.0395
