1998.0808 1.7447
1998.1616 1.9311
1998.2452 1.9498
1998.3288 1.2651
1998.4123 1.6045
1998.4959 1.5100
1998.5808 1.4963
1998.6644 1.5354
1998.7479 1.4842
1998.8315 1.3805
1998.9151 1.3715
1999.0000 1.6513
1999.0808 1.6524
1999.1616 1.5368
1999.2452 0.9965
1999.3288 0.5766
1999.4123 0.3561
1999.4959 0.2611
1999.5808 -0.1376
1999.6644 -0.0042
1999.7479 0.1321
1999.8315 0.0844
1999.9151 -0.1530
2000.0000 -0.1497
2000.0808 -0.1295
2000.1616 -0.0351
2000.2452 0.1025
2000.3288 -0.1534
2000.4123 -0.2998
2000.4959 -0.3258
2000.5808 -0.1820
2000.6644 0.0736
2000.7479 0.4071
2000.8315 0.4660
2000.9151 0.7899
2001.0000 0.8983
2001.0808 1.2232
2001.1616 1.2455
2001.2452 1.0092
2001.3288 1.1091
2001.4123 0.9792
2001.4959 1.2852
2001.5808 1.5769
2001.6644 0.7628
2001.7479 0.4346
2001.8315 -0.4258
2001.9151 -0.6713
2002.0000 -0.9417
2002.0808 -0.9630
2002.1616 -1.2039
2002.2452 -1.0672
2002.3288 -1.1649
2002.4123 -0.7645
2002.4959 -0.4591
2002.5808 -0.3512
2002.6644 -0.0961
2002.7479 0.2043
2002.8315 0.1343
2002.9151 0.4907
2003.0000 0.5930
2003.0808 0.9368
2003.1616 0.9408
2003.2452 1.0243
2003.3288 1.0685
2003.4123 1.0522
2003.4959 1.2986
2003.5808 0.9334
2003.6644 -0.0463
2003.7479 -0.5000
2003.8315 -0.5458
2003.9151 -0.4535
2004.0000 0.0050
2004.0808 0.1938
2004.1616 0.2878
2004.2452 0.0350
2004.3288 0.2144
2004.4123 0.2425
2004.4959 0.5607
2004.5808 0.2614
2004.6644 0.0343
2004.7479 -0.0001
2004.8315 -0.1786
2004.9151 -0.3907
2005.0000 -0.2024
2005.0808 -0.0452
2005.1616 -0.3442
2005.2452 -0.4738
2005.3288 -0.2564
2005.4123 0.0883
2005.4959 0.5752
2005.5808 0.8643
2005.6644 0.7342
2005.7479 0.8998
2005.8315 0.5165
2005.9151 0.8485
2006.0000 1.0017
2006.0808 1.3481
2006.1616 1.3224
2006.2452 0.5361
2006.3288 0.5057
2006.4123 -0.1491
2006.4959 -0.0604
2006.5808 0.0223
2006.6644 0.6098
2006.7479 0.6407
2006.8315 0.2587
2006.9151 0.5089
2007.0000 0.5530
2007.0808 0.6965
2007.1616 0.9209
2007.2452 1.1303
2007.3288 1.4319
2007.4123 1.5336
2007.4959 1.8615
2007.5808 2.1787
2007.6644 2.0542
2007.7479 1.7896
2007.8315 1.9654
2007.9151 2.3780
2008.0000 2.3991
2008.0808 2.3812
2008.1616 2.2696
2008.2452 1.9544
2008.3288 1.8106
2008.4123 1.2959
2008.4959 1.1270
2008.5808 1.2753
2008.6644 1.3503
2008.7479 0.5658
2008.8315 0.4821
2008.9151 0.1805
2009.0000 0.2103
2009.0808 0.2006
2009.1616 0.3357
2009.2452 0.1635
2009.3288 0.3646
2009.4123 0.3357
2009.4959 0.5803
2009.5808 1.0085
2009.6644 1.2539
2009.7479 0.8905
2009.8315 0.8291
2009.9151 0.9714
2010.0000 0.8688
2010.0808 0.9786
2010.1616 1.1423
2010.2452 1.0171
2010.3288 0.9938
2010.4123 0.5691
2010.4959 0.1695
2010.5808 -0.0688
2010.6644 0.0071
2010.7479 -0.1083
2010.8315 -1.0046
2010.9151 -1.6187
2011.0000 -1.4398
2011.0808 -1.1245
2011.1616 -1.4606
2011.2452 -1.4837
2011.3288 -1.1357
2011.4123 -1.4954
2011.4959 -1.3160
2011.5808 -0.8367
2011.6644 -0.4842
2011.7479 -0.5140
2011.8315 -0.8915
2011.9151 -1.2087
2012.0000 -1.3261
2012.0808 -0.9808
2012.1616 -0.8433
2012.2452 -0.9943
2012.3288 -0.8069
2012.4123 -0.7702
2012.4959 -0.7299
2012.5808 -0.7145
2012.6644 -1.1009
2012.7479 -0.9619
2012.8315 -0.7534
2012.9151 -0.6472
2013.0000 -0.1012
2013.0808 0.1109
2013.1616 0.2853
2013.2452 0.1304
2013.3288 -0.5687
2013.4123 -0.6012
2013.4959 -0.6431
2013.5808 -0.5769
2013.6644 -0.4513
2013.7479 -0.5995
2013.8315 -0.6676
2013.9151 -0.6377
2014.0000 -0.2695
2014.0808 0.0849
2014.1616 0.2124
2014.2452 0.0399
2014.3288 0.0426
2014.4123 -0.1150
2014.4959 -0.1166
2014.5808 -0.4805
2014.6644 -0.2443
2014.7479 0.0121
2014.8315 -0.1915
2014.9151 -0.0358
2015.0000 0.3297
2015.0808 0.5158
2015.1616 0.6471
2015.2452 0.4676
2015.3288 0.3652
2015.4123 0.6328
2015.4959 0.8102
2015.5808 0.9759
2015.6644 0.8818
2015.7479 1.1428
2015.8315 1.1649
2015.9151 1.2315
2016.0000 0.9234
2016.0808 1.0208
2016.1616 1.1311
2016.2452 0.8143
2016.3288 0.8496
2016.4123 0.9884
2016.4959 0.7405
2016.5808 0.8426
2016.6644 0.8943
2016.7479 -0.2374
2016.8315 -0.2487
2016.9151 -0.1088
2017.0000 0.2470
2017.0808 0.1915
2017.1616 0.4797
2017.2452 0.4132
2017.3288 0.7162
2017.4123 0.5838
2017.4959 0.7024
2017.5808 0.6076
2017.6644 0.6720
2017.7479 0.1042
2017.8315 0.1394
2017.9151 0.3456
2018.0000 0.2004
2018.0808 0.3523
2018.1616 0.4374
2018.2452 -0.0593
2018.3288 -0.2599
2018.4123 -0.1690
2018.4959 -0.0267
2018.5808 -0.2262
2018.6644 -0.3750
2018.7479 -0.7715
2018.8315 -0.5952
2018.9151 -0.8758
2019.0000 -0.9610
2019.0808 -0.6052
2019.1616 -0.3212
2019.2452 -0.3478
2019.3288 -0.7214
2019.4123 -0.7443
2019.4959 -0.5093
2019.5808 -0.2382
2019.6644 0.1457
2019.7479 0.2148
2019.8315 -0.1439
2019.9151 -0.1192
2020.0000 0.2278
2020.0808 0.5402
2020.1616 0.7262
2020.2452 0.7160
2020.3288 0.2957
2020.4123 0.5725
2020.4959 0.6545
2020.5808 0.9813
2020.6644 1.0559
2020.7479 1.1424
2020.8315 1.1783
2020.9151 0.6593
2021.0000 0.5887
2021.0808 0.6715
2021.1616 0.1568
2021.2452 -0.1700
2021.3288 -0.4241
2021.4123 -0.9304
2021.4959 -1.0376
2021.5808 -0.9791
2021.6644 -0.9933
2021.7479 -1.7167
2021.8315 -2.2299
2021.9151 -2.5550
2022.0000 -2.8436
2022.0808 -2.8745
2022.1616 -2.8309
2022.2452 -3.0069
2022.3288 -2.9845
2022.4123 -3.0653
2022.4959 -3.4155
2022.5808 -3.3718
2022.6644 -3.7445
2022.7479 -4.3242
2022.8315 -4.5893
2022.9151 -5.2997
2023.0000 -5.0731
