1998.0808 4.4577
1998.1616 5.2978
1998.2452 5.7905
1998.3288 4.0611
1998.4123 5.0274
1998.4959 5.0449
1998.5808 5.3961
1998.6644 5.7568
1998.7479 5.8704
1998.8315 5.9357
1998.9151 6.2156
1999.0000 7.1681
1999.0808 7.2699
1999.1616 7.3943
1999.2452 6.3559
1999.3288 5.1020
1999.4123 4.1559
1999.4959 3.8321
1999.5808 2.7468
1999.6644 2.7879
1999.7479 2.9250
1999.8315 2.5145
1999.9151 1.7000
2000.0000 1.3299
2000.0808 0.9212
2000.1616 0.7162
2000.2452 0.7222
2000.3288 -0.3558
2000.4123 -1.3283
2000.4959 -1.7295
2000.5808 -1.6534
2000.6644 -1.2550
2000.7479 -0.6812
2000.8315 -0.4859
2000.9151 0.2333
2001.0000 0.8102
2001.0808 1.7998
2001.1616 2.2662
2001.2452 2.1656
2001.3288 2.4655
2001.4123 2.1860
2001.4959 3.0358
2001.5808 3.9350
2001.6644 1.9698
2001.7479 1.1725
2001.8315 -1.1736
2001.9151 -1.9882
2002.0000 -3.0669
2002.0808 -3.5292
2002.1616 -4.7522
2002.2452 -4.9057
2002.3288 -5.3032
2002.4123 -4.7663
2002.4959 -4.4268
2002.5808 -4.3756
2002.6644 -3.9385
2002.7479 -3.2209
2002.8315 -3.5027
2002.9151 -2.5991
2003.0000 -2.3206
2003.0808 -1.3639
2003.1616 -1.2035
2003.2452 -0.7682
2003.3288 -0.7363
2003.4123 -0.6472
2003.4959 0.1157
2003.5808 -0.5685
2003.6644 -2.8631
2003.7479 -4.0805
2003.8315 -4.4735
2003.9151 -4.2932
2004.0000 -3.3896
2004.0808 -3.0056
2004.1616 -3.0287
2004.2452 -3.5686
2004.3288 -3.1590
2004.4123 -3.1092
2004.4959 -2.3831
2004.5808 -2.9102
2004.6644 -3.6909
2004.7479 -3.6662
2004.8315 -4.1083
2004.9151 -4.8878
2005.0000 -4.6557
2005.0808 -4.4022
2005.1616 -5.5756
2005.2452 -6.0085
2005.3288 -5.4832
2005.4123 -4.7722
2005.4959 -3.5346
2005.5808 -2.6433
2005.6644 -2.8143
2005.7479 -2.2705
2005.8315 -3.3066
2005.9151 -2.4592
2006.0000 -2.0282
2006.0808 -1.1274
2006.1616 -0.8357
2006.2452 -2.3016
2006.3288 -2.2994
2006.4123 -4.2240
2006.4959 -4.1600
2006.5808 -4.1714
2006.6644 -2.8910
2006.7479 -2.8556
2006.8315 -3.8919
2006.9151 -3.3272
2007.0000 -3.0846
2007.0808 -2.6792
2007.1616 -1.9696
2007.2452 -1.1264
2007.3288 -0.0209
2007.4123 0.4017
2007.4959 1.6750
2007.5808 2.9623
2007.6644 3.4161
2007.7479 3.0592
2007.8315 3.9604
2007.9151 5.4776
2008.0000 6.1678
2008.0808 6.4800
2008.1616 6.7250
2008.2452 6.1731
2008.3288 6.4851
2008.4123 5.5251
2008.4959 5.3146
2008.5808 6.0228
2008.6644 6.4648
2008.7479 4.7643
2008.8315 4.5553
2008.9151 3.5489
2009.0000 3.2114
2009.0808 3.0336
2009.1616 3.3355
2009.2452 2.9420
2009.3288 3.2663
2009.4123 3.4207
2009.4959 4.0350
2009.5808 5.0830
2009.6644 5.9962
2009.7479 5.3884
2009.8315 5.2621
2009.9151 5.9036
2010.0000 5.9289
2010.0808 6.5418
2010.1616 7.3342
2010.2452 7.1976
2010.3288 7.2628
2010.4123 6.3308
2010.4959 5.3145
2010.5808 4.6300
2010.6644 4.8046
2010.7479 4.5698
2010.8315 2.0824
2010.9151 0.1239
2011.0000 0.1087
2011.0808 0.3678
2011.1616 -1.0448
2011.2452 -1.4073
2011.3288 -0.9614
2011.4123 -2.1863
2011.4959 -2.2162
2011.5808 -1.4235
2011.6644 -0.8916
2011.7479 -0.9612
2011.8315 -2.1973
2011.9151 -3.0515
2012.0000 -3.8994
2012.0808 -3.6565
2012.1616 -3.5773
2012.2452 -4.1069
2012.3288 -3.7445
2012.4123 -3.6942
2012.4959 -3.6416
2012.5808 -3.4644
2012.6644 -4.4654
2012.7479 -4.3360
2012.8315 -3.9151
2012.9151 -3.6635
2013.0000 -2.4536
2013.0808 -1.8051
2013.1616 -1.3015
2013.2452 -1.7137
2013.3288 -3.5113
2013.4123 -3.7054
2013.4959 -3.8653
2013.5808 -3.8705
2013.6644 -3.4964
2013.7479 -3.9856
2013.8315 -4.0943
2013.9151 -4.2169
2014.0000 -3.4138
2014.0808 -2.5415
2014.1616 -2.2726
2014.2452 -2.3445
2014.3288 -2.2187
2014.4123 -2.2793
2014.4959 -2.1277
2014.5808 -3.0574
2014.6644 -2.4891
2014.7479 -1.6999
2014.8315 -2.1193
2014.9151 -1.6066
2015.0000 -0.5318
2015.0808 -0.0407
2015.1616 0.5066
2015.2452 0.1672
2015.3288 0.0179
2015.4123 1.0450
2015.4959 1.9470
2015.5808 2.9230
2015.6644 3.1124
2015.7479 4.1083
2015.8315 4.5118
2015.9151 5.2248
2016.0000 5.0206
2016.0808 5.4185
2016.1616 6.2072
2016.2452 5.8777
2016.3288 6.1946
2016.4123 6.9328
2016.4959 6.6599
2016.5808 7.2464
2016.6644 7.6669
2016.7479 4.9952
2016.8315 4.8298
2016.9151 5.1647
2017.0000 6.1094
2017.0808 6.2986
2017.1616 7.1469
2017.2452 6.9400
2017.3288 7.7147
2017.4123 7.4683
2017.4959 7.8856
2017.5808 8.0004
2017.6644 8.3774
2017.7479 7.1967
2017.8315 7.4798
2017.9151 7.9037
2018.0000 7.8739
2018.0808 8.4488
2018.1616 8.8478
2018.2452 7.9959
2018.3288 7.5157
2018.4123 7.6820
2018.4959 7.9706
2018.5808 7.4224
2018.6644 7.0979
2018.7479 6.0490
2018.8315 6.3552
2018.9151 5.4848
2019.0000 5.1261
2019.0808 5.7779
2019.1616 6.3452
2019.2452 6.0346
2019.3288 5.1152
2019.4123 4.8615
2019.4959 5.2635
2019.5808 5.9856
2019.6644 7.0706
2019.7479 7.2789
2019.8315 6.6504
2019.9151 6.7655
2020.0000 7.7865
2020.0808 8.8572
2020.1616 9.6142
2020.2452 9.9867
2020.3288 9.0065
2020.4123 9.8012
2020.4959 10.1158
2020.5808 11.2201
2020.6644 11.8066
2020.7479 12.5995
2020.8315 13.0266
2020.9151 11.8787
2021.0000 11.8726
2021.0808 12.2081
2021.1616 10.6536
2021.2452 9.9061
2021.3288 8.9828
2021.4123 7.2831
2021.4959 6.4469
2021.5808 6.2967
2021.6644 5.9291
2021.7479 3.7754
2021.8315 2.1645
2021.9151 0.4265
2022.0000 -1.3619
2022.0808 -2.3735
2022.1616 -3.1876
2022.2452 -4.5380
2022.3288 -5.5092
2022.4123 -6.6304
2022.4959 -8.2010
2022.5808 -9.1341
2022.6644 -11.1581
2022.7479 -13.7563
2022.8315 -15.6412
2022.9151 -18.8684
2023.0000 -20.1402
