1998.0808 1.7864
1998.1616 1.9032
1998.2452 1.9249
1998.3288 1.1157
1998.4123 1.3560
1998.4959 1.2283
1998.5808 1.3340
1998.6644 1.4129
1998.7479 1.3620
1998.8315 1.3662
1998.9151 1.3635
1999.0000 1.6409
1999.0808 1.6204
1999.1616 1.5851
1999.2452 1.1452
1999.3288 0.6776
1999.4123 0.3590
1999.4959 0.2972
1999.5808 0.0294
1999.6644 0.1488
1999.7479 0.2296
1999.8315 0.0445
1999.9151 -0.1715
2000.0000 -0.2949
2000.0808 -0.3591
2000.1616 -0.4480
2000.2452 -0.4192
2000.3288 -0.6751
2000.4123 -0.9536
2000.4959 -1.0249
2000.5808 -1.0245
2000.6644 -0.8316
2000.7479 -0.6028
2000.8315 -0.5327
2000.9151 -0.2851
2001.0000 -0.1587
2001.0808 0.1522
2001.1616 0.2463
2001.2452 0.2154
2001.3288 0.3478
2001.4123 0.1493
2001.4959 0.4220
2001.5808 0.6673
2001.6644 0.0367
2001.7479 -0.3284
2001.8315 -1.0675
2001.9151 -1.2320
2002.0000 -1.5322
2002.0808 -1.5675
2002.1616 -1.9137
2002.2452 -1.8641
2002.3288 -1.9674
2002.4123 -1.7150
2002.4959 -1.5149
2002.5808 -1.4799
2002.6644 -1.3522
2002.7479 -1.1057
2002.8315 -1.1422
2002.9151 -0.8234
2003.0000 -0.7394
2003.0808 -0.4362
2003.1616 -0.4233
2003.2452 -0.4238
2003.3288 -0.4486
2003.4123 -0.4101
2003.4959 -0.1654
2003.5808 -0.3989
2003.6644 -1.0676
2003.7479 -1.3914
2003.8315 -1.4607
2003.9151 -1.3516
2004.0000 -0.9799
2004.0808 -0.8140
2004.1616 -0.8727
2004.2452 -1.0369
2004.3288 -0.9093
2004.4123 -0.9629
2004.4959 -0.6819
2004.5808 -0.9596
2004.6644 -1.2387
2004.7479 -1.2560
2004.8315 -1.3834
2004.9151 -1.6125
2005.0000 -1.4918
2005.0808 -1.3475
2005.1616 -1.7272
2005.2452 -1.8417
2005.3288 -1.6577
2005.4123 -1.4342
2005.4959 -1.0224
2005.5808 -0.7576
2005.6644 -0.8968
2005.7479 -0.7525
2005.8315 -1.1433
2005.9151 -0.9264
2006.0000 -0.8150
2006.0808 -0.5795
2006.1616 -0.5777
2006.2452 -1.0754
2006.3288 -1.0999
2006.4123 -1.7061
2006.4959 -1.7513
2006.5808 -1.8146
2006.6644 -1.3170
2006.7479 -1.3030
2006.8315 -1.6702
2006.9151 -1.4694
2007.0000 -1.3611
2007.0808 -1.2200
2007.1616 -0.9833
2007.2452 -0.7590
2007.3288 -0.4325
2007.4123 -0.3695
2007.4959 0.0077
2007.5808 0.3725
2007.6644 0.4449
2007.7479 0.2214
2007.8315 0.4396
2007.9151 0.8968
2008.0000 0.9924
2008.0808 1.0347
2008.1616 1.0331
2008.2452 0.8278
2008.3288 0.8643
2008.4123 0.4851
2008.4959 0.4151
2008.5808 0.5711
2008.6644 0.6985
2008.7479 0.0321
2008.8315 -0.0224
2008.9151 -0.2726
2009.0000 -0.3006
2009.0808 -0.2632
2009.1616 -0.0862
2009.2452 -0.2022
2009.3288 0.0032
2009.4123 0.0495
2009.4959 0.2565
2009.5808 0.6085
2009.6644 0.8411
2009.7479 0.6598
2009.8315 0.6477
2009.9151 0.8357
2010.0000 0.8575
2010.0808 1.0403
2010.1616 1.2455
2010.2452 1.2160
2010.3288 1.2240
2010.4123 0.8902
2010.4959 0.5411
2010.5808 0.2609
2010.6644 0.3692
2010.7479 0.2665
2010.8315 -0.4755
2010.9151 -1.1005
2011.0000 -0.9889
2011.0808 -0.7484
2011.1616 -1.0885
2011.2452 -1.0944
2011.3288 -0.8185
2011.4123 -1.0909
2011.4959 -0.9410
2011.5808 -0.5865
2011.6644 -0.3669
2011.7479 -0.3789
2011.8315 -0.6784
2011.9151 -0.8246
2012.0000 -0.9818
2012.0808 -0.7647
2012.1616 -0.6658
2012.2452 -0.7905
2012.3288 -0.6333
2012.4123 -0.6287
2012.4959 -0.5859
2012.5808 -0.5442
2012.6644 -0.8003
2012.7479 -0.7756
2012.8315 -0.5732
2012.9151 -0.4472
2013.0000 0.0150
2013.0808 0.2307
2013.1616 0.3616
2013.2452 0.1410
2013.3288 -0.4424
2013.4123 -0.4443
2013.4959 -0.3956
2013.5808 -0.3381
2013.6644 -0.2027
2013.7479 -0.3578
2013.8315 -0.3459
2013.9151 -0.2821
2014.0000 0.0366
2014.0808 0.3445
2014.1616 0.4168
2014.2452 0.3779
2014.3288 0.3337
2014.4123 0.2163
2014.4959 0.2410
2014.5808 -0.0888
2014.6644 0.0787
2014.7479 0.3226
2014.8315 0.1072
2014.9151 0.2826
2015.0000 0.6191
2015.0808 0.7377
2015.1616 0.9099
2015.2452 0.7201
2015.3288 0.5869
2015.4123 0.8744
2015.4959 1.1630
2015.5808 1.4375
2015.6644 1.4217
2015.7479 1.6936
2015.8315 1.6841
2015.9151 1.8225
2016.0000 1.6333
2016.0808 1.7088
2016.1616 1.8191
2016.2452 1.6295
2016.3288 1.6554
2016.4123 1.5950
2016.4959 1.4155
2016.5808 1.4173
2016.6644 1.5429
2016.7479 0.5574
2016.8315 0.4123
2016.9151 0.5289
2017.0000 0.8677
2017.0808 0.9317
2017.1616 1.2586
2017.2452 1.0459
2017.3288 1.3056
2017.4123 1.1671
2017.4959 1.3056
2017.5808 1.3333
2017.6644 1.4068
2017.7479 1.0350
2017.8315 1.0965
2017.9151 1.2192
2018.0000 1.1594
2018.0808 1.3620
2018.1616 1.4906
2018.2452 1.1885
2018.3288 1.0656
2018.4123 1.1566
2018.4959 1.2281
2018.5808 1.0276
2018.6644 0.9355
2018.7479 0.6455
2018.8315 0.7156
2018.9151 0.4897
2019.0000 0.4012
2019.0808 0.7259
2019.1616 0.9277
2019.2452 0.8526
2019.3288 0.5853
2019.4123 0.5664
2019.4959 0.7301
2019.5808 0.9606
2019.6644 1.3055
2019.7479 1.3603
2019.8315 1.0940
2019.9151 1.0637
2020.0000 1.4524
2020.0808 1.7610
2020.1616 1.9158
2020.2452 1.9323
2020.3288 1.5908
2020.4123 1.7985
2020.4959 1.8893
2020.5808 2.1709
2020.6644 2.3372
2020.7479 2.5455
2020.8315 2.5697
2020.9151 2.0719
2021.0000 2.0018
2021.0808 2.0933
2021.1616 1.5902
2021.2452 1.3152
2021.3288 1.0679
2021.4123 0.4746
2021.4959 0.2741
2021.5808 0.3402
2021.6644 0.2620
2021.7479 -0.3025
2021.8315 -0.7086
2021.9151 -1.0993
2022.0000 -1.5730
2022.0808 -1.7274
2022.1616 -1.8967
2022.2452 -2.1674
2022.3288 -2.2599
2022.4123 -2.5284
2022.4959 -2.9145
2022.5808 -3.1061
2022.6644 -3.5990
2022.7479 -4.2933
2022.8315 -4.6735
2022.9151 -5.4676
2023.0000 -5.5142
