1998.0808 2.6143
1998.1616 3.0289
1998.2452 3.2918
1998.3288 1.8226
1998.4123 2.0896
1998.4959 1.7431
1998.5808 1.8714
1998.6644 2.0076
1998.7479 1.8850
1998.8315 1.8583
1998.9151 1.6618
1999.0000 1.9926
1999.0808 1.8076
1999.1616 1.5950
1999.2452 0.8114
1999.3288 -0.2072
1999.4123 -1.0623
1999.4959 -1.4763
1999.5808 -2.0439
1999.6644 -1.9869
1999.7479 -1.9821
1999.8315 -2.4385
1999.9151 -2.8528
2000.0000 -3.4356
2000.0808 -4.0308
2000.1616 -4.5164
2000.2452 -4.5594
2000.3288 -5.0564
2000.4123 -5.7108
2000.4959 -5.9341
2000.5808 -5.9754
2000.6644 -5.6532
2000.7479 -5.2000
2000.8315 -4.9734
2000.9151 -4.4171
2001.0000 -4.2621
2001.0808 -3.6482
2001.1616 -3.5358
2001.2452 -3.2258
2001.3288 -2.7182
2001.4123 -2.8610
2001.4959 -2.2774
2001.5808 -1.6879
2001.6644 -2.5441
2001.7479 -3.2205
2001.8315 -4.6005
2001.9151 -5.1605
2002.0000 -5.8817
2002.0808 -6.2428
2002.1616 -7.0322
2002.2452 -7.1571
2002.3288 -7.3571
2002.4123 -6.9741
2002.4959 -6.5458
2002.5808 -6.2675
2002.6644 -5.8273
2002.7479 -5.0929
2002.8315 -4.9054
2002.9151 -4.1589
2003.0000 -3.7664
2003.0808 -3.2334
2003.1616 -3.0948
2003.2452 -3.0185
2003.3288 -2.9837
2003.4123 -2.7430
2003.4959 -2.2285
2003.5808 -2.4633
2003.6644 -3.3812
2003.7479 -3.9091
2003.8315 -4.1390
2003.9151 -4.0937
2004.0000 -3.6824
2004.0808 -3.4479
2004.1616 -3.6167
2004.2452 -3.8228
2004.3288 -3.5438
2004.4123 -3.5157
2004.4959 -2.9095
2004.5808 -3.2394
2004.6644 -3.7665
2004.7479 -3.8297
2004.8315 -3.9539
2004.9151 -4.4220
2005.0000 -4.4830
2005.0808 -4.3409
2005.1616 -5.0300
2005.2452 -5.2794
2005.3288 -4.9800
2005.4123 -4.5882
2005.4959 -3.7539
2005.5808 -3.0683
2005.6644 -3.1442
2005.7479 -2.7211
2005.8315 -3.2728
2005.9151 -2.9567
2006.0000 -2.9622
2006.0808 -2.5705
2006.1616 -2.5992
2006.2452 -3.4281
2006.3288 -3.5535
2006.4123 -4.6434
2006.4959 -4.9520
2006.5808 -5.3580
2006.6644 -4.6446
2006.7479 -4.6744
2006.8315 -5.3247
2006.9151 -5.2411
2007.0000 -5.1850
2007.0808 -5.2257
2007.1616 -4.8571
2007.2452 -4.4171
2007.3288 -3.7078
2007.4123 -3.4522
2007.4959 -2.5858
2007.5808 -1.6969
2007.6644 -1.2432
2007.7479 -1.4009
2007.8315 -0.9619
2007.9151 -0.1056
2008.0000 0.1830
2008.0808 0.2726
2008.1616 0.2970
2008.2452 -0.0759
2008.3288 -0.0526
2008.4123 -0.7205
2008.4959 -0.9425
2008.5808 -0.7483
2008.6644 -0.4937
2008.7479 -1.5693
2008.8315 -1.8300
2008.9151 -2.5267
2009.0000 -2.8380
2009.0808 -3.1156
2009.1616 -2.9823
2009.2452 -3.1797
2009.3288 -2.7794
2009.4123 -2.5981
2009.4959 -2.2140
2009.5808 -1.4977
2009.6644 -0.8830
2009.7479 -0.9277
2009.8315 -0.8286
2009.9151 -0.6065
2010.0000 -0.5523
2010.0808 -0.5314
2010.1616 -0.1763
2010.2452 0.0233
2010.3288 0.1133
2010.4123 -0.3747
2010.4959 -1.0250
2010.5808 -1.6130
2010.6644 -1.4600
2010.7479 -1.6428
2010.8315 -2.8781
2010.9151 -4.3428
2011.0000 -4.8121
2011.0808 -4.6546
2011.1616 -5.3340
2011.2452 -5.3748
2011.3288 -4.9070
2011.4123 -5.1486
2011.4959 -4.7431
2011.5808 -3.9537
2011.6644 -3.3191
2011.7479 -3.0433
2011.8315 -3.2828
2011.9151 -3.2711
2012.0000 -3.5278
2012.0808 -3.1477
2012.1616 -3.0057
2012.2452 -3.0032
2012.3288 -2.4748
2012.4123 -2.2285
2012.4959 -1.9495
2012.5808 -1.5968
2012.6644 -1.7370
2012.7479 -1.5556
2012.8315 -1.0055
2012.9151 -0.6678
2013.0000 0.2901
2013.0808 0.7717
2013.1616 1.2415
2013.2452 1.0842
2013.3288 0.2241
2013.4123 0.2115
2013.4959 0.4241
2013.5808 0.6375
2013.6644 0.9794
2013.7479 0.8288
2013.8315 0.9931
2013.9151 1.2181
2014.0000 1.6555
2014.0808 2.2456
2014.1616 2.4955
2014.2452 2.6968
2014.3288 2.8205
2014.4123 2.8064
2014.4959 3.0374
2014.5808 2.5660
2014.6644 2.8504
2014.7479 3.3870
2014.8315 3.0185
2014.9151 3.2694
2015.0000 3.8160
2015.0808 3.9835
2015.1616 4.3787
2015.2452 4.1264
2015.3288 3.9341
2015.4123 4.5239
2015.4959 5.2284
2015.5808 6.0041
2015.6644 6.2161
2015.7479 6.8512
2015.8315 6.9378
2015.9151 7.2546
2016.0000 6.7258
2016.0808 6.7748
2016.1616 6.9504
2016.2452 6.7043
2016.3288 6.6669
2016.4123 6.3774
2016.4959 6.0198
2016.5808 5.8404
2016.6644 5.9804
2016.7479 4.1709
2016.8315 3.5044
2016.9151 3.3016
2017.0000 3.5259
2017.0808 3.3758
2017.1616 3.9372
2017.2452 3.5096
2017.3288 3.8964
2017.4123 3.6609
2017.4959 3.8640
2017.5808 3.9808
2017.6644 4.1079
2017.7479 3.5784
2017.8315 3.5200
2017.9151 3.6166
2018.0000 2.9468
2018.0808 3.1579
2018.1616 3.2522
2018.2452 2.8749
2018.3288 2.6611
2018.4123 2.8382
2018.4959 2.9425
2018.5808 2.6295
2018.6644 2.4776
2018.7479 1.9805
2018.8315 1.9460
2018.9151 1.4538
2019.0000 0.9760
2019.0808 1.3834
2019.1616 1.5921
2019.2452 1.4991
2019.3288 1.1613
2019.4123 1.2094
2019.4959 1.5580
2019.5808 2.1315
2019.6644 2.9299
2019.7479 3.2529
2019.8315 2.9470
2019.9151 2.6932
2020.0000 3.3037
2020.0808 3.8730
2020.1616 4.2547
2020.2452 4.5081
2020.3288 3.9726
2020.4123 4.3063
2020.4959 4.5834
2020.5808 5.1171
2020.6644 5.5423
2020.7479 6.1047
2020.8315 6.1885
2020.9151 5.1851
2021.0000 4.7962
2021.0808 4.6756
2021.1616 3.5167
2021.2452 2.7633
2021.3288 2.0490
2021.4123 0.6537
2021.4959 -0.1520
2021.5808 -0.3793
2021.6644 -0.7653
2021.7479 -1.8316
2021.8315 -2.7199
2021.9151 -3.6578
2022.0000 -4.8691
2022.0808 -5.6001
2022.1616 -6.3109
2022.2452 -6.9658
2022.3288 -7.2988
2022.4123 -7.8927
2022.4959 -8.6174
2022.5808 -9.1226
2022.6644 -10.0903
2022.7479 -11.4778
2022.8315 -12.3830
2022.9151 -13.9615
2023.0000 -14.3787
