1998.0808 3.8924
1998.1616 4.8848
1998.2452 5.3922
1998.3288 4.7247
1998.4123 5.8240
1998.4959 6.1714
1998.5808 6.4331
1998.6644 6.6061
1998.7479 6.7053
1998.8315 6.3575
1998.9151 6.4409
1999.0000 7.2876
1999.0808 7.5390
1999.1616 7.3863
1999.2452 6.4124
1999.3288 5.7597
1999.4123 5.6164
1999.4959 5.2322
1999.5808 4.0239
1999.6644 4.1166
1999.7479 4.3511
1999.8315 4.3542
1999.9151 3.3641
2000.0000 3.2549
2000.0808 3.2996
2000.1616 3.8385
2000.2452 4.2303
2000.3288 3.6900
2000.4123 3.6264
2000.4959 3.4787
2000.5808 3.9450
2000.6644 4.5288
2000.7479 5.2319
2000.8315 5.7077
2000.9151 6.8275
2001.0000 7.6105
2001.0808 8.7359
2001.1616 9.5731
2001.2452 9.4030
2001.3288 9.7897
2001.4123 10.1727
2001.4959 11.1719
2001.5808 12.2522
2001.6644 10.4219
2001.7479 9.8274
2001.8315 7.3947
2001.9151 5.9312
2002.0000 4.7624
2002.0808 4.5040
2002.1616 3.9478
2002.2452 4.3769
2002.3288 3.7647
2002.4123 4.7630
2002.4959 5.2445
2002.5808 5.4338
2002.6644 5.9631
2002.7479 6.7875
2002.8315 6.5961
2002.9151 7.5192
2003.0000 7.8618
2003.0808 8.8673
2003.1616 9.2621
2003.2452 10.1970
2003.3288 10.7896
2003.4123 10.7933
2003.4959 11.5729
2003.5808 10.7943
2003.6644 7.9510
2003.7479 6.3743
2003.8315 6.0358
2003.9151 6.4101
2004.0000 7.5750
2004.0808 8.0483
2004.1616 8.6322
2004.2452 8.0226
2004.3288 8.5995
2004.4123 8.8079
2004.4959 9.5972
2004.5808 8.7771
2004.6644 8.2812
2004.7479 7.8924
2004.8315 7.0803
2004.9151 6.5038
2005.0000 7.1707
2005.0808 7.5166
2005.1616 6.9995
2005.2452 6.5049
2005.3288 6.6058
2005.4123 7.4544
2005.4959 8.4953
2005.5808 9.0949
2005.6644 8.7933
2005.7479 9.1645
2005.8315 8.3215
2005.9151 9.4157
2006.0000 10.1428
2006.0808 11.1724
2006.1616 11.8517
2006.2452 9.8875
2006.3288 9.9649
2006.4123 8.7485
2006.4959 9.1308
2006.5808 9.4442
2006.6644 10.7916
2006.7479 10.9817
2006.8315 10.2355
2006.9151 10.9763
2007.0000 11.0140
2007.0808 11.8779
2007.1616 12.7279
2007.2452 13.3852
2007.3288 14.4065
2007.4123 15.0556
2007.4959 16.1991
2007.5808 17.2173
2007.6644 16.8282
2007.7479 16.6799
2007.8315 17.2952
2007.9151 18.3355
2008.0000 18.6151
2008.0808 19.1280
2008.1616 19.1366
2008.2452 18.9049
2008.3288 18.5267
2008.4123 17.4651
2008.4959 17.0200
2008.5808 17.2806
2008.6644 17.1865
2008.7479 15.1445
2008.8315 14.7222
2008.9151 13.6907
2009.0000 13.6083
2009.0808 13.3366
2009.1616 13.6318
2009.2452 13.1735
2009.3288 13.6685
2009.4123 13.7081
2009.4959 14.1717
2009.5808 15.2355
2009.6644 15.8179
2009.7479 14.7307
2009.8315 14.4719
2009.9151 14.9510
2010.0000 14.5269
2010.0808 15.0259
2010.1616 15.9534
2010.2452 15.7912
2010.3288 15.7019
2010.4123 14.4439
2010.4959 13.3044
2010.5808 12.5643
2010.6644 12.3154
2010.7479 11.8206
2010.8315 9.1485
2010.9151 7.7831
2011.0000 8.0775
2011.0808 8.4261
2011.1616 7.3469
2011.2452 6.8874
2011.3288 7.2991
2011.4123 5.9611
2011.4959 6.0553
2011.5808 6.8489
2011.6644 7.5214
2011.7479 7.2094
2011.8315 5.7426
2011.9151 4.3235
2012.0000 3.7772
2012.0808 4.2087
2012.1616 4.1699
2012.2452 3.5420
2012.3288 3.5173
2012.4123 3.3692
2012.4959 3.2367
2012.5808 2.8439
2012.6644 1.2108
2012.7479 1.2294
2012.8315 1.1902
2012.9151 1.2004
2013.0000 2.1549
2013.0808 2.7695
2013.1616 3.1477
2013.2452 2.9163
2013.3288 1.0479
2013.4123 0.5561
2013.4959 -0.2135
2013.5808 -0.2516
2013.6644 -0.4527
2013.7479 -1.2520
2013.8315 -2.1373
2013.9151 -2.5906
2014.0000 -1.9444
2014.0808 -1.2551
2014.1616 -1.0774
2014.2452 -1.7485
2014.3288 -1.7012
2014.4123 -1.8938
2014.4959 -2.1852
2014.5808 -3.2001
2014.6644 -2.8254
2014.7479 -2.5215
2014.8315 -3.2512
2014.9151 -3.1373
2015.0000 -2.3935
2015.0808 -1.9472
2015.1616 -1.9219
2015.2452 -2.1366
2015.3288 -2.4787
2015.4123 -1.8460
2015.4959 -1.7969
2015.5808 -1.9294
2015.6644 -2.4104
2015.7479 -1.9361
2015.8315 -1.7685
2015.9151 -1.8514
2016.0000 -1.8300
2016.0808 -1.4391
2016.1616 -0.8609
2016.2452 -1.6367
2016.3288 -1.4658
2016.4123 -0.5989
2016.4959 -1.1041
2016.5808 -0.7512
2016.6644 -0.6769
2016.7479 -3.4566
2016.8315 -3.3505
2016.9151 -3.1157
2017.0000 -2.1826
2017.0808 -1.8017
2017.1616 -1.1349
2017.2452 -0.7542
2017.3288 0.1140
2017.4123 0.1606
2017.4959 0.5760
2017.5808 0.2227
2017.6644 0.7156
2017.7479 -0.9410
2017.8315 -1.0008
2017.9151 -0.4125
2018.0000 -0.1178
2018.0808 0.3927
2018.1616 0.5365
2018.2452 -0.9262
2018.3288 -1.2937
2018.4123 -1.2392
2018.4959 -0.8385
2018.5808 -1.5063
2018.6644 -2.2179
2018.7479 -3.7863
2018.8315 -3.4865
2018.9151 -4.3971
2019.0000 -4.7523
2019.0808 -3.9655
2019.1616 -3.0601
2019.2452 -3.0464
2019.3288 -3.8822
2019.4123 -4.1867
2019.4959 -3.5230
2019.5808 -3.0880
2019.6644 -2.1338
2019.7479 -1.9400
2019.8315 -2.9897
2019.9151 -2.7367
2020.0000 -1.8003
2020.0808 -0.9914
2020.1616 -0.2216
2020.2452 -0.2329
2020.3288 -1.1919
2020.4123 -0.5242
2020.4959 -0.2110
2020.5808 0.8418
2020.6644 1.0280
2020.7479 1.1768
2020.8315 1.5872
2020.9151 0.8956
2021.0000 0.8305
2021.0808 1.1525
2021.1616 0.5368
2021.2452 -0.0261
2021.3288 -0.3192
2021.4123 -1.1291
2021.4959 -1.2175
2021.5808 -1.2986
2021.6644 -1.5060
2021.7479 -3.9551
2021.8315 -5.9539
2021.9151 -7.0597
2022.0000 -8.0743
2022.0808 -7.9815
2022.1616 -7.7607
2022.2452 -8.2421
2022.3288 -8.5627
2022.4123 -8.9106
2022.4959 -10.0525
2022.5808 -10.0271
2022.6644 -11.1866
2022.7479 -13.0646
2022.8315 -14.0622
2022.9151 -16.6228
2023.0000 -16.7880
