1998.0808 5.3016
1998.1616 5.0800
1998.2452 4.5841
1998.3288 3.7844
1998.4123 3.1351
1998.4959 2.5938
1998.5808 3.0626
1998.6644 3.0032
1998.7479 2.6524
1998.8315 2.8690
1998.9151 2.6866
1999.0000 3.0198
1999.0808 3.0779
1999.1616 3.3196
1999.2452 2.7083
1999.3288 2.3088
1999.4123 1.4456
1999.4959 1.9022
1999.5808 2.0352
1999.6644 2.4664
1999.7479 2.6170
1999.8315 1.6645
1999.9151 1.4398
2000.0000 1.3070
2000.0808 1.7807
2000.1616 1.3488
2000.2452 0.5788
2000.3288 0.7039
2000.4123 0.2958
2000.4959 0.1080
2000.5808 -0.9383
2000.6644 -0.5050
2000.7479 -0.2869
2000.8315 -0.0418
2000.9151 -0.1607
2001.0000 0.2723
2001.0808 0.8941
2001.1616 1.4702
2001.2452 1.9773
2001.3288 2.4956
2001.4123 1.4233
2001.4959 1.9489
2001.5808 2.1853
2001.6644 1.7829
2001.7479 0.8730
2001.8315 0.6487
2001.9151 0.9451
2002.0000 0.9011
2002.0808 1.2943
2002.1616 0.9414
2002.2452 1.4040
2002.3288 1.1578
2002.4123 1.3314
2002.4959 1.8173
2002.5808 1.3796
2002.6644 0.5521
2002.7479 0.1166
2002.8315 0.6663
2002.9151 1.1335
2003.0000 1.0230
2003.0808 1.1161
2003.1616 0.8723
2003.2452 0.7233
2003.3288 0.2421
2003.4123 0.2738
2003.4959 0.6512
2003.5808 0.6774
2003.6644 0.6584
2003.7479 0.2827
2003.8315 0.1565
2003.9151 0.8069
2004.0000 1.5536
2004.0808 2.0799
2004.1616 1.8433
2004.2452 1.7450
2004.3288 1.2704
2004.4123 0.1660
2004.4959 0.3541
2004.5808 -0.2771
2004.6644 -0.2147
2004.7479 -0.8258
2004.8315 -0.8124
2004.9151 -1.3011
2005.0000 -0.8102
2005.0808 -0.1241
2005.1616 -0.8514
2005.2452 -0.9922
2005.3288 -0.9894
2005.4123 -1.0414
2005.4959 -0.7679
2005.5808 -0.7695
2005.6644 -1.1645
2005.7479 -1.6641
2005.8315 -2.2707
2005.9151 -2.6337
2006.0000 -2.3231
2006.0808 -2.3982
2006.1616 -2.6376
2006.2452 -2.5569
2006.3288 -2.5471
2006.4123 -3.4916
2006.4959 -4.2872
2006.5808 -4.4281
2006.6644 -3.8788
2006.7479 -3.5171
2006.8315 -4.1799
2006.9151 -3.7471
2007.0000 -3.3504
2007.0808 -2.9209
2007.1616 -2.6152
2007.2452 -2.3573
2007.3288 -1.8877
2007.4123 -2.1262
2007.4959 -1.7472
2007.5808 -1.3107
2007.6644 -0.9730
2007.7479 -1.6498
2007.8315 -1.2562
2007.9151 -0.5738
2008.0000 -0.5371
2008.0808 -0.2881
2008.1616 -0.6014
2008.2452 -0.1268
2008.3288 0.1452
2008.4123 -0.2252
2008.4959 -0.1504
2008.5808 -0.9213
2008.6644 -1.3662
2008.7479 -2.6085
2008.8315 -2.6043
2008.9151 -2.2290
2009.0000 -2.2598
2009.0808 -1.8291
2009.1616 -1.4594
2009.2452 -1.5612
2009.3288 -1.5156
2009.4123 -1.4378
2009.4959 -0.7047
2009.5808 -0.4282
2009.6644 -0.9089
2009.7479 -0.8646
2009.8315 -0.7388
2009.9151 -0.2051
2010.0000 0.2861
2010.0808 0.9965
2010.1616 1.2360
2010.2452 1.5484
2010.3288 1.7238
2010.4123 1.5672
2010.4959 0.9940
2010.5808 -0.2301
2010.6644 -0.4631
2010.7479 -1.0535
2010.8315 -1.5632
2010.9151 -1.7768
2011.0000 -1.2161
2011.0808 -0.4944
2011.1616 -0.2956
2011.2452 0.0202
2011.3288 0.5758
2011.4123 0.3711
2011.4959 0.5881
2011.5808 0.6593
2011.6644 0.2425
2011.7479 0.5815
2011.8315 0.7238
2011.9151 0.9506
2012.0000 1.2261
2012.0808 1.8103
2012.1616 2.3540
2012.2452 1.6620
2012.3288 1.3328
2012.4123 0.8858
2012.4959 1.0897
2012.5808 1.0067
2012.6644 1.1056
2012.7479 0.8782
2012.8315 1.3743
2012.9151 2.1523
2013.0000 2.9449
2013.0808 3.6843
2013.1616 3.3439
2013.2452 2.6965
2013.3288 2.2868
2013.4123 2.6194
2013.4959 2.8746
2013.5808 2.8608
2013.6644 2.7682
2013.7479 2.5592
2013.8315 2.8692
2013.9151 3.2378
2014.0000 4.1005
2014.0808 4.4825
2014.1616 4.5192
2014.2452 4.4746
2014.3288 3.4900
2014.4123 3.0409
2014.4959 2.8137
2014.5808 2.6438
2014.6644 2.8424
2014.7479 2.5359
2014.8315 2.2337
2014.9151 2.7433
2015.0000 3.4226
2015.0808 3.6695
2015.1616 4.2453
2015.2452 3.7275
2015.3288 2.6434
2015.4123 2.1182
2015.4959 2.6910
2015.5808 2.8157
2015.6644 2.9526
2015.7479 2.9521
2015.8315 2.6488
2015.9151 2.9012
2016.0000 2.9734
2016.0808 3.2529
2016.1616 2.8364
2016.2452 2.4382
2016.3288 2.3455
2016.4123 1.0265
2016.4959 0.4303
2016.5808 -0.2033
2016.6644 0.0661
2016.7479 -1.1816
2016.8315 -2.1078
2016.9151 -1.9882
2017.0000 -1.3300
2017.0808 -0.6280
2017.1616 0.1269
2017.2452 -1.0230
2017.3288 -0.7214
2017.4123 -1.3584
2017.4959 -1.1505
2017.5808 -1.0074
2017.6644 -1.1973
2017.7479 -1.3229
2017.8315 -0.9740
2017.9151 -1.2199
2018.0000 -0.5321
2018.0808 0.0494
2018.1616 0.6521
2018.2452 0.6571
2018.3288 0.6423
2018.4123 0.4528
2018.4959 0.3880
2018.5808 -0.0672
2018.6644 -0.2129
2018.7479 -0.0817
2018.8315 -0.4886
2018.9151 -0.2300
2019.0000 0.1092
2019.0808 0.9924
2019.1616 1.3879
2019.2452 0.8863
2019.3288 0.5120
2019.4123 0.5166
2019.4959 0.4288
2019.5808 0.0450
2019.6644 -0.2412
2019.7479 -0.5290
2019.8315 -0.8964
2019.9151 -1.0256
2020.0000 -0.0413
2020.0808 0.0601
2020.1616 -0.0846
2020.2452 -1.0828
2020.3288 -1.0915
2020.4123 -1.5057
2020.4959 -2.1558
2020.5808 -2.4391
2020.6644 -2.0026
2020.7479 -2.1033
2020.8315 -2.2437
2020.9151 -2.9003
2021.0000 -3.0636
2021.0808 -2.6950
2021.1616 -3.0978
2021.2452 -3.3492
2021.3288 -3.6235
2021.4123 -4.3120
2021.4959 -4.3499
2021.5808 -4.4356
2021.6644 -4.7301
2021.7479 -4.9574
2021.8315 -4.9022
2021.9151 -5.0106
2022.0000 -5.5061
2022.0808 -5.6152
2022.1616 -6.1036
2022.2452 -6.4915
2022.3288 -6.1076
2022.4123 -7.0516
2022.4959 -7.3122
2022.5808 -7.6672
2022.6644 -8.0063
2022.7479 -8.6527
2022.8315 -8.5033
2022.9151 -8.5555
2023.0000 -8.0519
