1998.0808 7.8148
1998.1616 7.3454
1998.2452 6.9850
1998.3288 3.1733
1998.4123 2.7198
1998.4959 2.0916
1998.5808 2.9412
1998.6644 2.8977
1998.7479 2.3427
1998.8315 2.8679
1998.9151 2.8306
1999.0000 3.5867
1999.0808 3.6678
1999.1616 4.2822
1999.2452 3.3076
1999.3288 1.3856
1999.4123 0.2602
1999.4959 0.2280
1999.5808 0.1270
1999.6644 0.5245
1999.7479 0.6958
1999.8315 -0.3985
1999.9151 -0.3598
2000.0000 -0.7204
2000.0808 -0.1035
2000.1616 -0.9510
2000.2452 -1.0020
2000.3288 -1.1975
2000.4123 -2.3530
2000.4959 -2.3399
2000.5808 -3.1623
2000.6644 -2.8115
2000.7479 -2.5758
2000.8315 -2.0417
2000.9151 -1.5862
2001.0000 -0.9736
2001.0808 0.0909
2001.1616 1.1716
2001.2452 1.8482
2001.3288 2.5363
2001.4123 1.5064
2001.4959 1.8489
2001.5808 1.9600
2001.6644 1.0333
2001.7479 -0.7826
2001.8315 -2.2294
2001.9151 -1.8495
2002.0000 -2.5756
2002.0808 -1.8454
2002.1616 -2.8426
2002.2452 -2.3227
2002.3288 -1.9039
2002.4123 -1.3985
2002.4959 -0.9402
2002.5808 -0.8797
2002.6644 -1.2721
2002.7479 -0.9444
2002.8315 -0.3970
2002.9151 0.0846
2003.0000 0.4338
2003.0808 1.4139
2003.1616 1.6642
2003.2452 0.8329
2003.3288 0.6234
2003.4123 0.8788
2003.4959 1.5659
2003.5808 1.6781
2003.6644 1.0102
2003.7479 0.8522
2003.8315 0.7831
2003.9151 1.5356
2004.0000 2.7574
2004.0808 3.5565
2004.1616 2.9435
2004.2452 3.1762
2004.3288 3.3109
2004.4123 2.1944
2004.4959 2.8708
2004.5808 0.4558
2004.6644 -0.6312
2004.7479 -0.8505
2004.8315 -1.2450
2004.9151 -1.6583
2005.0000 -0.8846
2005.0808 -0.1147
2005.1616 -1.1032
2005.2452 -1.2014
2005.3288 -0.8954
2005.4123 -1.3827
2005.4959 -0.8736
2005.5808 -0.7008
2005.6644 -1.7179
2005.7479 -1.7810
2005.8315 -3.0828
2005.9151 -3.3814
2006.0000 -2.9875
2006.0808 -3.3842
2006.1616 -3.4027
2006.2452 -3.4219
2006.3288 -3.6855
2006.4123 -5.1773
2006.4959 -7.2536
2006.5808 -8.4290
2006.6644 -7.4643
2006.7479 -7.5162
2006.8315 -9.0049
2006.9151 -8.4326
2007.0000 -7.7801
2007.0808 -7.1514
2007.1616 -6.5929
2007.2452 -5.9846
2007.3288 -5.0747
2007.4123 -4.9485
2007.4959 -4.0665
2007.5808 -3.3797
2007.6644 -3.0857
2007.7479 -4.1110
2007.8315 -4.1858
2007.9151 -3.1386
2008.0000 -2.9407
2008.0808 -2.9389
2008.1616 -2.8282
2008.2452 -2.8294
2008.3288 -2.1003
2008.4123 -3.0678
2008.4959 -2.9538
2008.5808 -2.8759
2008.6644 -2.9070
2008.7479 -4.7080
2008.8315 -4.6317
2008.9151 -4.7514
2009.0000 -4.7011
2009.0808 -3.8594
2009.1616 -3.1050
2009.2452 -3.5387
2009.3288 -2.9024
2009.4123 -2.5035
2009.4959 -2.2638
2009.5808 -1.9731
2009.6644 -2.1377
2009.7479 -2.0643
2009.8315 -1.9125
2009.9151 -1.2016
2010.0000 -0.5446
2010.0808 0.6840
2010.1616 1.1683
2010.2452 1.3409
2010.3288 1.6125
2010.4123 1.1173
2010.4959 0.4121
2010.5808 -0.9465
2010.6644 -0.3881
2010.7479 -1.3252
2010.8315 -2.2253
2010.9151 -3.2318
2011.0000 -2.1621
2011.0808 -1.2567
2011.1616 -1.0270
2011.2452 -0.4925
2011.3288 0.4627
2011.4123 0.5220
2011.4959 1.4331
2011.5808 2.1609
2011.6644 2.2543
2011.7479 2.0837
2011.8315 2.3082
2011.9151 2.8316
2012.0000 2.9213
2012.0808 3.5119
2012.1616 4.1208
2012.2452 4.2749
2012.3288 4.3266
2012.4123 4.4868
2012.4959 4.8044
2012.5808 4.9107
2012.6644 5.2716
2012.7479 4.3411
2012.8315 4.7331
2012.9151 5.7731
2013.0000 7.0160
2013.0808 7.8576
2013.1616 8.0983
2013.2452 7.1342
2013.3288 5.9389
2013.4123 5.9840
2013.4959 6.7909
2013.5808 7.1346
2013.6644 7.5413
2013.7479 7.0939
2013.8315 7.6186
2013.9151 8.4435
2014.0000 9.6703
2014.0808 10.6143
2014.1616 10.6380
2014.2452 11.0329
2014.3288 10.3747
2014.4123 10.2292
2014.4959 10.1533
2014.5808 8.9867
2014.6644 8.9164
2014.7479 9.5309
2014.8315 8.6851
2014.9151 9.3687
2015.0000 10.1173
2015.0808 10.3689
2015.1616 11.0445
2015.2452 10.1890
2015.3288 9.0838
2015.4123 9.6743
2015.4959 10.6974
2015.5808 11.2714
2015.6644 10.8197
2015.7479 11.0342
2015.8315 9.9753
2015.9151 10.0827
2016.0000 10.4268
2016.0808 10.4335
2016.1616 9.8973
2016.2452 9.3939
2016.3288 8.9471
2016.4123 5.1228
2016.4959 4.3482
2016.5808 2.1950
2016.6644 2.4630
2016.7479 -0.2405
2016.8315 -1.9691
2016.9151 -1.6665
2017.0000 -0.7441
2017.0808 0.2743
2017.1616 1.1236
2017.2452 -0.3970
2017.3288 -0.3385
2017.4123 -0.8740
2017.4959 -0.6371
2017.5808 -0.6112
2017.6644 -0.7232
2017.7479 -1.3839
2017.8315 -1.2213
2017.9151 -1.6535
2018.0000 -0.7970
2018.0808 -0.1601
2018.1616 0.1081
2018.2452 0.0218
2018.3288 0.1038
2018.4123 0.2301
2018.4959 -0.3766
2018.5808 -1.5227
2018.6644 -1.6115
2018.7479 -1.9649
2018.8315 -2.4791
2018.9151 -2.4862
2019.0000 -1.9979
2019.0808 -0.8884
2019.1616 -0.4310
2019.2452 -0.6418
2019.3288 -0.8077
2019.4123 -0.7674
2019.4959 -0.8460
2019.5808 -0.9399
2019.6644 -0.4012
2019.7479 -0.6320
2019.8315 -1.4065
2019.9151 -1.5832
2020.0000 -0.1862
2020.0808 0.4632
2020.1616 0.2469
2020.2452 -0.1219
2020.3288 -0.5995
2020.4123 -0.4246
2020.4959 -0.5310
2020.5808 -0.4287
2020.6644 0.0718
2020.7479 0.4079
2020.8315 -0.1421
2020.9151 -1.8788
2021.0000 -2.1824
2021.0808 -1.9349
2021.1616 -2.9544
2021.2452 -3.2186
2021.3288 -4.0354
2021.4123 -6.2376
2021.4959 -6.7485
2021.5808 -6.2427
2021.6644 -6.7793
2021.7479 -7.4651
2021.8315 -7.6831
2021.9151 -8.3190
2022.0000 -10.1985
2022.0808 -9.9250
2022.1616 -10.5629
2022.2452 -10.9178
2022.3288 -10.5150
2022.4123 -11.5391
2022.4959 -11.8540
2022.5808 -12.8581
2022.6644 -13.2959
2022.7479 -14.9117
2022.8315 -14.9561
2022.9151 -16.1616
2023.0000 -15.6857
