1998.0808 2.9824
1998.1616 3.2653
1998.2452 3.3107
1998.3288 1.7571
1998.4123 2.1956
1998.4959 2.0089
1998.5808 2.2202
1998.6644 2.2359
1998.7479 2.0614
1998.8315 1.9095
1998.9151 1.9145
1999.0000 2.4437
1999.0808 2.3007
1999.1616 2.2442
1999.2452 1.3262
1999.3288 0.4076
1999.4123 -0.1369
1999.4959 -0.2119
1999.5808 -0.8568
1999.6644 -0.8145
1999.7479 -0.5450
1999.8315 -0.8287
1999.9151 -1.4237
2000.0000 -1.5479
2000.0808 -1.4706
2000.1616 -1.4633
2000.2452 -1.3116
2000.3288 -1.9492
2000.4123 -2.3293
2000.4959 -2.4561
2000.5808 -2.1691
2000.6644 -1.7501
2000.7479 -1.2831
2000.8315 -1.0576
2000.9151 -0.4437
2001.0000 0.1156
2001.0808 0.8856
2001.1616 1.3744
2001.2452 1.3065
2001.3288 1.4714
2001.4123 1.2924
2001.4959 1.7638
2001.5808 2.1880
2001.6644 0.5874
2001.7479 -0.1729
2001.8315 -1.9254
2001.9151 -2.3639
2002.0000 -2.9418
2002.0808 -2.8743
2002.1616 -3.4631
2002.2452 -3.0435
2002.3288 -2.9872
2002.4123 -2.1922
2002.4959 -1.7545
2002.5808 -1.6103
2002.6644 -1.2988
2002.7479 -0.7342
2002.8315 -0.8867
2002.9151 -0.2118
2003.0000 -0.1315
2003.0808 0.5764
2003.1616 0.6183
2003.2452 0.8445
2003.3288 0.7506
2003.4123 0.7051
2003.4959 1.1170
2003.5808 0.5009
2003.6644 -1.1884
2003.7479 -2.0123
2003.8315 -2.0647
2003.9151 -1.6158
2004.0000 -0.7036
2004.0808 -0.2356
2004.1616 -0.2629
2004.2452 -0.6756
2004.3288 -0.3345
2004.4123 -0.4119
2004.4959 0.0521
2004.5808 -0.5184
2004.6644 -1.1475
2004.7479 -1.0885
2004.8315 -1.5561
2004.9151 -2.0090
2005.0000 -1.5122
2005.0808 -1.1265
2005.1616 -2.0552
2005.2452 -2.1209
2005.3288 -1.6787
2005.4123 -1.1216
2005.4959 -0.2975
2005.5808 0.1493
2005.6644 -0.2255
2005.7479 -0.0410
2005.8315 -0.9278
2005.9151 -0.3760
2006.0000 -0.0687
2006.0808 0.4452
2006.1616 0.6032
2006.2452 -0.4692
2006.3288 -0.5142
2006.4123 -2.0042
2006.4959 -1.8845
2006.5808 -1.9049
2006.6644 -0.9808
2006.7479 -1.0005
2006.8315 -1.7565
2006.9151 -1.2144
2007.0000 -1.0030
2007.0808 -0.5133
2007.1616 0.0010
2007.2452 0.4592
2007.3288 1.1196
2007.4123 1.2640
2007.4959 1.9926
2007.5808 2.6313
2007.6644 2.5439
2007.7479 2.0170
2007.8315 2.3315
2007.9151 2.9984
2008.0000 3.1216
2008.0808 3.1511
2008.1616 2.9819
2008.2452 2.4766
2008.3288 2.4467
2008.4123 1.6322
2008.4959 1.3091
2008.5808 1.6237
2008.6644 1.6153
2008.7479 0.1029
2008.8315 -0.0793
2008.9151 -0.7921
2009.0000 -0.9663
2009.0808 -0.9029
2009.1616 -0.4722
2009.2452 -0.6734
2009.3288 -0.2564
2009.4123 0.0136
2009.4959 0.5320
2009.5808 1.2126
2009.6644 1.6298
2009.7479 1.0015
2009.8315 0.8478
2009.9151 1.4484
2010.0000 1.3607
2010.0808 1.9387
2010.1616 2.5794
2010.2452 2.3547
2010.3288 2.2783
2010.4123 1.4265
2010.4959 0.6269
2010.5808 -0.0182
2010.6644 0.1434
2010.7479 -0.0527
2010.8315 -1.8983
2010.9151 -2.8980
2011.0000 -2.2803
2011.0808 -1.6866
2011.1616 -2.4109
2011.2452 -2.2352
2011.3288 -1.5120
2011.4123 -2.0758
2011.4959 -1.7061
2011.5808 -0.9047
2011.6644 -0.3949
2011.7479 -0.3445
2011.8315 -1.1270
2011.9151 -1.6352
2012.0000 -2.1265
2012.0808 -1.6939
2012.1616 -1.3714
2012.2452 -1.4801
2012.3288 -1.0168
2012.4123 -0.7632
2012.4959 -0.5499
2012.5808 -0.3909
2012.6644 -1.0347
2012.7479 -0.9012
2012.8315 -0.6067
2012.9151 -0.3295
2013.0000 0.6131
2013.0808 1.1658
2013.1616 1.4362
2013.2452 0.9470
2013.3288 -0.3677
2013.4123 -0.3045
2013.4959 -0.2927
2013.5808 -0.1302
2013.6644 0.1720
2013.7479 -0.2227
2013.8315 -0.2680
2013.9151 -0.3646
2014.0000 0.4400
2014.0808 1.0951
2014.1616 1.1096
2014.2452 1.0278
2014.3288 0.9992
2014.4123 1.0292
2014.4959 1.0431
2014.5808 0.4051
2014.6644 0.8559
2014.7479 1.3287
2014.8315 0.8513
2014.9151 1.2023
2015.0000 1.9411
2015.0808 2.1727
2015.1616 2.3369
2015.2452 1.9597
2015.3288 1.6855
2015.4123 2.2855
2015.4959 2.7160
2015.5808 3.0049
2015.6644 2.7138
2015.7479 3.0613
2015.8315 2.9109
2015.9151 3.0389
2016.0000 2.9739
2016.0808 3.0440
2016.1616 3.3551
2016.2452 2.6888
2016.3288 2.6448
2016.4123 2.9105
2016.4959 2.3860
2016.5808 2.4935
2016.6644 2.5140
2016.7479 0.0436
2016.8315 -0.0839
2016.9151 0.1753
2017.0000 0.9178
2017.0808 1.2468
2017.1616 1.7986
2017.2452 1.4153
2017.3288 1.7995
2017.4123 1.6049
2017.4959 1.7250
2017.5808 1.5792
2017.6644 1.7908
2017.7479 0.5433
2017.8315 0.6484
2017.9151 0.8725
2018.0000 1.1568
2018.0808 1.5898
2018.1616 1.7990
2018.2452 1.0025
2018.3288 0.7206
2018.4123 0.8391
2018.4959 0.9907
2018.5808 0.3955
2018.6644 0.1480
2018.7479 -0.6743
2018.8315 -0.4287
2018.9151 -0.9570
2019.0000 -1.0224
2019.0808 -0.2901
2019.1616 0.2948
2019.2452 0.1779
2019.3288 -0.4012
2019.4123 -0.5497
2019.4959 -0.1931
2019.5808 0.2907
2019.6644 1.0355
2019.7479 0.9696
2019.8315 0.3845
2019.9151 0.5581
2020.0000 1.3771
2020.0808 1.9760
2020.1616 2.3748
2020.2452 2.3366
2020.3288 1.5042
2020.4123 1.8678
2020.4959 2.0911
2020.5808 2.5956
2020.6644 2.7785
2020.7479 3.0250
2020.8315 3.0750
2020.9151 1.9113
2021.0000 1.7168
2021.0808 1.8385
2021.1616 0.6805
2021.2452 0.1141
2021.3288 -0.4710
2021.4123 -1.5389
2021.4959 -1.8400
2021.5808 -1.5800
2021.6644 -1.6204
2021.7479 -2.9878
2021.8315 -3.8136
2021.9151 -4.6427
2022.0000 -5.6396
2022.0808 -5.4600
2022.1616 -5.3105
2022.2452 -5.6523
2022.3288 -5.5342
2022.4123 -5.7203
2022.4959 -6.1866
2022.5808 -6.1934
2022.6644 -7.0647
2022.7479 -8.2837
2022.8315 -8.7991
2022.9151 -10.6153
2023.0000 -10.4649
