1998.0808 2.2195
1998.1616 2.4430
1998.2452 2.2094
1998.3288 2.2745
1998.4123 2.3196
1998.4959 2.2045
1998.5808 2.4238
1998.6644 2.4361
1998.7479 2.6405
1998.8315 2.7436
1998.9151 2.1193
1999.0000 2.3526
1999.0808 2.3404
1999.1616 2.3721
1999.2452 2.1857
1999.3288 2.3345
1999.4123 1.8914
1999.4959 1.7790
1999.5808 1.9519
1999.6644 2.0805
1999.7479 2.1708
1999.8315 1.3215
1999.9151 1.1201
2000.0000 0.7839
2000.0808 1.1535
2000.1616 1.2258
2000.2452 1.0062
2000.3288 0.9879
2000.4123 1.1336
2000.4959 1.0218
2000.5808 0.2165
2000.6644 0.6396
2000.7479 0.6857
2000.8315 0.7364
2000.9151 0.4735
2001.0000 0.5242
2001.0808 1.0702
2001.1616 1.5059
2001.2452 1.8524
2001.3288 2.2664
2001.4123 1.7968
2001.4959 2.2322
2001.5808 2.5867
2001.6644 2.1591
2001.7479 1.3635
2001.8315 1.2052
2001.9151 1.0048
2002.0000 0.6153
2002.0808 0.8316
2002.1616 0.8548
2002.2452 0.9605
2002.3288 0.6220
2002.4123 0.7977
2002.4959 1.1634
2002.5808 0.9746
2002.6644 0.8512
2002.7479 0.7904
2002.8315 0.7865
2002.9151 1.2842
2003.0000 1.3585
2003.0808 1.4905
2003.1616 1.2670
2003.2452 1.4385
2003.3288 1.1953
2003.4123 1.2266
2003.4959 1.5402
2003.5808 1.2329
2003.6644 1.2500
2003.7479 1.1355
2003.8315 0.9893
2003.9151 1.5117
2004.0000 1.8522
2004.0808 2.3798
2004.1616 2.3217
2004.2452 2.0980
2004.3288 2.0269
2004.4123 1.4751
2004.4959 1.5624
2004.5808 1.6324
2004.6644 1.6558
2004.7479 1.4218
2004.8315 0.9426
2004.9151 0.7693
2005.0000 1.1437
2005.0808 1.6292
2005.1616 0.5423
2005.2452 0.5373
2005.3288 0.4574
2005.4123 0.5012
2005.4959 0.7424
2005.5808 0.8474
2005.6644 0.8991
2005.7479 0.7745
2005.8315 0.3291
2005.9151 0.0226
2006.0000 -0.1190
2006.0808 0.0482
2006.1616 0.2263
2006.2452 -0.0270
2006.3288 -0.6849
2006.4123 -1.3165
2006.4959 -1.4101
2006.5808 -1.3824
2006.6644 -1.0206
2006.7479 -0.6967
2006.8315 -0.9406
2006.9151 -1.0804
2007.0000 -0.6619
2007.0808 -0.4003
2007.1616 0.0050
2007.2452 0.1069
2007.3288 0.3374
2007.4123 0.0856
2007.4959 -0.0385
2007.5808 -0.1923
2007.6644 0.0340
2007.7479 -0.3435
2007.8315 -0.0440
2007.9151 0.3872
2008.0000 -0.3416
2008.0808 0.1032
2008.1616 -0.1500
2008.2452 0.2705
2008.3288 0.3643
2008.4123 -0.1162
2008.4959 0.0302
2008.5808 -0.2348
2008.6644 -0.3873
2008.7479 -1.1101
2008.8315 -0.8899
2008.9151 -0.4702
2009.0000 -0.3623
2009.0808 -0.0444
2009.1616 0.4034
2009.2452 0.5188
2009.3288 0.6650
2009.4123 0.6397
2009.4959 0.9704
2009.5808 1.1727
2009.6644 1.1545
2009.7479 0.8842
2009.8315 0.8129
2009.9151 1.2146
2010.0000 1.6273
2010.0808 2.0736
2010.1616 2.3238
2010.2452 2.2751
2010.3288 2.5761
2010.4123 2.2425
2010.4959 1.7762
2010.5808 1.3133
2010.6644 1.2615
2010.7479 1.1552
2010.8315 0.9997
2010.9151 -0.2388
2011.0000 -0.1673
2011.0808 0.3306
2011.1616 0.6036
2011.2452 0.8926
2011.3288 1.0842
2011.4123 1.0168
2011.4959 1.0519
2011.5808 1.1103
2011.6644 0.9200
2011.7479 1.1779
2011.8315 1.2386
2011.9151 0.6148
2012.0000 1.0392
2012.0808 1.5188
2012.1616 1.6957
2012.2452 1.7015
2012.3288 1.5995
2012.4123 1.3732
2012.4959 1.1092
2012.5808 0.8714
2012.6644 1.1203
2012.7479 1.0646
2012.8315 1.4015
2012.9151 1.8012
2013.0000 2.3513
2013.0808 2.9244
2013.1616 3.0779
2013.2452 3.1375
2013.3288 3.0083
2013.4123 3.3407
2013.4959 3.1451
2013.5808 3.1042
2013.6644 2.6515
2013.7479 2.1882
2013.8315 2.3054
2013.9151 1.9823
2014.0000 2.5608
2014.0808 2.8849
2014.1616 2.9571
2014.2452 3.1251
2014.3288 2.6091
2014.4123 2.1672
2014.4959 1.8853
2014.5808 1.8780
2014.6644 2.0755
2014.7479 2.0618
2014.8315 1.2976
2014.9151 1.5867
2015.0000 2.1863
2015.0808 2.4810
2015.1616 2.7979
2015.2452 2.5893
2015.3288 2.3822
2015.4123 2.1678
2015.4959 2.3637
2015.5808 2.4911
2015.6644 2.5098
2015.7479 2.4862
2015.8315 2.0512
2015.9151 1.5726
2016.0000 0.9442
2016.0808 1.3500
2016.1616 0.9890
2016.2452 1.0433
2016.3288 1.1741
2016.4123 0.8084
2016.4959 0.7336
2016.5808 0.7187
2016.6644 0.8249
2016.7479 -0.0926
2016.8315 -0.3503
2016.9151 -0.4204
2017.0000 -0.1148
2017.0808 0.0904
2017.1616 0.4558
2017.2452 0.2592
2017.3288 0.6693
2017.4123 0.5590
2017.4959 0.3483
2017.5808 0.3955
2017.6644 0.2170
2017.7479 0.0406
2017.8315 0.2517
2017.9151 -0.3216
2018.0000 0.1924
2018.0808 0.6440
2018.1616 1.1497
2018.2452 -0.1806
2018.3288 -0.3080
2018.4123 -0.5030
2018.4959 -0.8063
2018.5808 -0.8266
2018.6644 -0.8570
2018.7479 -0.6571
2018.8315 -0.9445
2018.9151 -1.0496
2019.0000 -1.7218
2019.0808 -1.2272
2019.1616 -1.1172
2019.2452 -0.9379
2019.3288 -0.9843
2019.4123 -1.7287
2019.4959 -1.8251
2019.5808 -1.8011
2019.6644 -1.9283
2019.7479 -2.0873
2019.8315 -2.2852
2019.9151 -2.5984
2020.0000 -2.0621
2020.0808 -1.8107
2020.1616 -1.5959
2020.2452 -1.8987
2020.3288 -1.9737
2020.4123 -2.2909
2020.4959 -2.3818
2020.5808 -2.4057
2020.6644 -1.9946
2020.7479 -1.8141
2020.8315 -1.8580
2020.9151 -2.0694
2021.0000 -2.6130
2021.0808 -2.1754
2021.1616 -2.1619
2021.2452 -2.4013
2021.3288 -2.2408
2021.4123 -2.3833
2021.4959 -2.1914
2021.5808 -2.3914
2021.6644 -2.4227
2021.7479 -2.6598
2021.8315 -2.7038
2021.9151 -2.8857
2022.0000 -3.5599
2022.0808 -3.8106
2022.1616 -4.6693
2022.2452 -4.4204
2022.3288 -4.2375
2022.4123 -4.5184
2022.4959 -5.6819
2022.5808 -5.9577
2022.6644 -6.3440
2022.7479 -6.6099
2022.8315 -6.7368
2022.9151 -6.3398
2023.0000 -5.9697
