1998.0808 3.0374
1998.1616 2.6767
1998.2452 2.4452
1998.3288 0.9800
1998.4123 0.8793
1998.4959 0.5771
1998.5808 1.0613
1998.6644 1.2403
1998.7479 0.9148
1998.8315 1.2001
1998.9151 0.9036
1999.0000 1.2179
1999.0808 1.0839
1999.1616 0.6347
1999.2452 0.0561
1999.3288 -0.7848
1999.4123 -1.3439
1999.4959 -1.3627
1999.5808 -1.4274
1999.6644 -1.0689
1999.7479 -0.9588
1999.8315 -1.4652
1999.9151 -1.7573
2000.0000 -2.0431
2000.0808 -2.1167
2000.1616 -2.6854
2000.2452 -2.6360
2000.3288 -2.7315
2000.4123 -3.1962
2000.4959 -3.2191
2000.5808 -3.4701
2000.6644 -3.2213
2000.7479 -2.9617
2000.8315 -2.7471
2000.9151 -2.4701
2001.0000 -2.5073
2001.0808 -2.0152
2001.1616 -1.7432
2001.2452 -1.4441
2001.3288 -1.0928
2001.4123 -1.5798
2001.4959 -1.2259
2001.5808 -0.9671
2001.6644 -1.4103
2001.7479 -2.1354
2001.8315 -2.7276
2001.9151 -2.8265
2002.0000 -3.2796
2002.0808 -2.9122
2002.1616 -3.4675
2002.2452 -3.2428
2002.3288 -3.1266
2002.4123 -2.9305
2002.4959 -2.5088
2002.5808 -2.5751
2002.6644 -2.6314
2002.7479 -2.3841
2002.8315 -2.0121
2002.9151 -1.7389
2003.0000 -1.5700
2003.0808 -1.3833
2003.1616 -1.4672
2003.2452 -1.7734
2003.3288 -1.9855
2003.4123 -1.8064
2003.4959 -1.4081
2003.5808 -1.4819
2003.6644 -1.7750
2003.7479 -1.7956
2003.8315 -1.8709
2003.9151 -1.3807
2004.0000 -0.8264
2004.0808 -0.4564
2004.1616 -0.7020
2004.2452 -0.6327
2004.3288 -0.5374
2004.4123 -1.0740
2004.4959 -0.6174
2004.5808 -1.4641
2004.6644 -1.7479
2004.7479 -1.9462
2004.8315 -2.2721
2004.9151 -2.5753
2005.0000 -2.5073
2005.0808 -2.1194
2005.1616 -2.5423
2005.2452 -2.5214
2005.3288 -2.3181
2005.4123 -2.3458
2005.4959 -1.9726
2005.5808 -1.7034
2005.6644 -1.9804
2005.7479 -1.9231
2005.8315 -2.3868
2005.9151 -2.7452
2006.0000 -2.7983
2006.0808 -3.1307
2006.1616 -3.2596
2006.2452 -3.4914
2006.3288 -3.4469
2006.4123 -4.0774
2006.4959 -4.6480
2006.5808 -4.9493
2006.6644 -4.2479
2006.7479 -4.1901
2006.8315 -4.7885
2006.9151 -4.4541
2007.0000 -4.2775
2007.0808 -4.0469
2007.1616 -3.6818
2007.2452 -3.5137
2007.3288 -3.0274
2007.4123 -2.9882
2007.4959 -2.5612
2007.5808 -2.1068
2007.6644 -1.9508
2007.7479 -2.2961
2007.8315 -2.2075
2007.9151 -1.6002
2008.0000 -1.6738
2008.0808 -1.6300
2008.1616 -1.6939
2008.2452 -1.6239
2008.3288 -1.2845
2008.4123 -1.7162
2008.4959 -1.6226
2008.5808 -1.5340
2008.6644 -1.4165
2008.7479 -2.3421
2008.8315 -2.3242
2008.9151 -2.3895
2009.0000 -2.5365
2009.0808 -2.1671
2009.1616 -1.7768
2009.2452 -1.8126
2009.3288 -1.4014
2009.4123 -1.3535
2009.4959 -1.1725
2009.5808 -0.8971
2009.6644 -0.7692
2009.7479 -0.5864
2009.8315 -0.4898
2009.9151 -0.2796
2010.0000 -0.1652
2010.0808 0.3712
2010.1616 0.5282
2010.2452 0.6173
2010.3288 0.8050
2010.4123 0.4562
2010.4959 0.1036
2010.5808 -0.4163
2010.6644 -0.0786
2010.7479 -0.3052
2010.8315 -0.8251
2010.9151 -1.2645
2011.0000 -1.2334
2011.0808 -0.6860
2011.1616 -0.8902
2011.2452 -0.7071
2011.3288 -0.2285
2011.4123 -0.0849
2011.4959 0.4375
2011.5808 0.9144
2011.6644 1.0907
2011.7479 1.3556
2011.8315 1.3629
2011.9151 1.5320
2012.0000 1.6585
2012.0808 1.9918
2012.1616 2.0980
2012.2452 1.9465
2012.3288 2.1129
2012.4123 2.1529
2012.4959 2.2037
2012.5808 2.2657
2012.6644 2.4752
2012.7479 2.3015
2012.8315 2.5603
2012.9151 3.0338
2013.0000 3.7416
2013.0808 4.0901
2013.1616 4.0578
2013.2452 3.6414
2013.3288 3.0662
2013.4123 3.2413
2013.4959 3.4869
2013.5808 3.7617
2013.6644 3.8421
2013.7479 3.8504
2013.8315 4.1712
2013.9151 4.5497
2014.0000 5.0764
2014.0808 5.3588
2014.1616 5.1854
2014.2452 5.2630
2014.3288 4.9529
2014.4123 4.7588
2014.4959 4.7606
2014.5808 4.5188
2014.6644 4.6291
2014.7479 5.0259
2014.8315 4.4004
2014.9151 4.7759
2015.0000 5.0305
2015.0808 4.9828
2015.1616 5.1467
2015.2452 4.6959
2015.3288 4.0988
2015.4123 4.3850
2015.4959 4.9863
2015.5808 5.3597
2015.6644 5.2550
2015.7479 5.4606
2015.8315 5.2185
2015.9151 5.3322
2016.0000 5.1706
2016.0808 5.0256
2016.1616 4.6469
2016.2452 4.3212
2016.3288 4.2154
2016.4123 2.7334
2016.4959 2.4339
2016.5808 1.6787
2016.6644 1.8985
2016.7479 0.7331
2016.8315 -0.0375
2016.9151 -0.0294
2017.0000 0.3960
2017.0808 0.7525
2017.1616 1.3552
2017.2452 0.5275
2017.3288 0.6731
2017.4123 0.3681
2017.4959 0.6382
2017.5808 0.8459
2017.6644 0.8450
2017.7479 0.8035
2017.8315 0.5072
2017.9151 0.4602
2018.0000 0.4459
2018.0808 0.5299
2018.1616 0.3934
2018.2452 0.1181
2018.3288 0.0881
2018.4123 0.2416
2018.4959 0.1664
2018.5808 -0.2944
2018.6644 -0.2636
2018.7479 -0.2444
2018.8315 -0.4463
2018.9151 -0.4814
2019.0000 -0.4732
2019.0808 0.1094
2019.1616 0.2348
2019.2452 0.0790
2019.3288 -0.1917
2019.4123 -0.1097
2019.4959 -0.0761
2019.5808 -0.0171
2019.6644 0.3273
2019.7479 0.3462
2019.8315 -0.0776
2019.9151 -0.5514
2020.0000 0.1898
2020.0808 0.4035
2020.1616 0.2504
2020.2452 0.0401
2020.3288 -0.1378
2020.4123 0.0297
2020.4959 -0.0285
2020.5808 0.1201
2020.6644 0.4157
2020.7479 0.6333
2020.8315 0.3689
2020.9151 -0.3259
2021.0000 -0.6520
2021.0808 -0.5757
2021.1616 -1.2894
2021.2452 -1.4828
2021.3288 -1.7086
2021.4123 -2.4258
2021.4959 -2.5911
2021.5808 -2.3890
2021.6644 -2.5720
2021.7479 -2.8258
2021.8315 -3.2302
2021.9151 -3.4228
2022.0000 -4.1170
2022.0808 -4.2229
2022.1616 -4.6797
2022.2452 -4.8115
2022.3288 -4.5522
2022.4123 -5.2414
2022.4959 -5.5480
2022.5808 -5.9598
2022.6644 -6.0978
2022.7479 -6.5908
2022.8315 -6.5096
2022.9151 -7.2783
2023.0000 -6.7948
