2010.0178 0.8681
2010.0205 0.2673
2010.0233 1.5658
2010.0260 0.8436
2010.0288 0.7009
2010.0315 2.1678
2010.0342 1.1745
2010.0370 0.7210
2010.0397 1.5076
2010.0425 0.9043
2010.0452 0.0712
2010.0479 3.4785
2010.0507 0.2364
2010.0534 1.2549
2010.0562 1.9841
2010.0589 1.0142
2010.0616 -3.3146
2010.0644 -4.5523
2010.0671 -1.7588
2010.0699 -0.7838
2010.0726 1.1827
2010.0753 0.1709
2010.0781 0.0608
2010.0808 -1.3774
2010.0836 -0.1544
2010.0863 -1.5112
2010.0890 0.8922
2010.0918 0.2458
2010.0945 -0.9304
2010.0973 -1.6165
2010.1000 -3.9024
2010.1027 -6.1682
2010.1055 -3.4338
2010.1082 -2.3293
2010.1110 -3.7248
2010.1137 -4.2801
2010.1164 -1.1054
2010.1192 -5.0307
2010.1219 -0.0159
2010.1247 -0.6711
2010.1274 -4.3363
2010.1301 -0.9116
2010.1329 -1.0168
2010.1356 -1.5022
2010.1384 -3.2775
2010.1411 -4.4230
2010.1438 -4.2986
2010.1466 -2.2342
2010.1493 2.3600
2010.1521 1.3740
2010.1548 0.4179
2010.1575 0.7617
2010.1603 -2.5148
2010.1630 -2.5114
2010.1658 -0.2681
2010.1685 -0.9748
2010.1712 1.2385
2010.1740 0.4318
2010.1767 -5.4949
2010.1795 -3.0117
2010.1822 -1.4184
2010.1849 0.5749
2010.1877 -0.3319
2010.1904 -3.2186
2010.1931 -5.8654
2010.1959 -5.3522
2010.1986 -4.0889
2010.2014 -1.8057
2010.2041 -2.1825
2010.2068 -2.1492
2010.2096 -4.6560
2010.2123 -0.7627
2010.2151 -4.5595
2010.2178 -2.0462
2010.2205 -5.3530
2010.2233 -3.3997
2010.2260 -4.2664
2010.2288 -5.7932
2010.2315 -4.1399
2010.2342 -0.6966
2010.2370 -0.8532
2010.2397 -3.1499
2010.2425 -2.4166
2010.2452 -4.7732
2010.2479 -3.3098
2010.2507 -4.0163
2010.2534 -2.0328
2010.2562 5.1908
2010.2589 0.5345
2010.2616 3.0482
2010.2644 -6.4280
2010.2671 -3.1041
2010.2699 -3.6302
2010.2726 -0.7062
2010.2753 0.6379
2010.2781 -0.4680
2010.2808 -5.0639
2010.2836 -1.8897
2010.2863 -5.3854
2010.2890 -4.6611
2010.2918 -3.9968
2010.2945 -6.2124
2010.2973 -6.8379
2010.3000 -1.3335
2010.3027 3.4711
2010.3055 0.0556
2010.3082 -1.5397
2010.3110 -0.6951
2010.3137 -0.7404
2010.3164 1.8543
2010.3192 -4.5009
2010.3219 -1.6761
2010.3247 -3.5713
2010.3274 -7.2465
2010.3301 -5.5115
2010.3329 -5.1160
2010.3356 -2.4797
2010.3384 -6.3128
2010.3411 -4.3153
2010.3438 -4.5672
2010.3466 -7.0884
2010.3493 -0.2091
2010.3521 -0.2992
2010.3548 2.5313
2010.3575 3.2723
2010.3603 3.9838
2010.3630 2.1358
2010.3658 2.9283
2010.3685 6.8813
2010.3712 6.0748
2010.3740 6.5386
2010.3767 5.4129
2010.3794 4.9776
2010.3822 4.7727
2010.3849 -1.2918
2010.3877 -2.2860
2010.3904 -4.9099
2010.3931 -3.5334
2010.3959 -5.3166
2010.3986 -3.6296
2010.4014 3.3177
2010.4041 8.3653
2010.4068 -0.2369
2010.4096 -1.3289
2010.4123 0.6894
2010.4151 3.7780
2010.4178 1.3773
2010.4205 -0.0229
2010.4233 4.0276
2010.4260 0.7086
2010.4288 0.0401
2010.4315 0.9421
2010.4342 5.1746
2010.4370 1.4076
2010.4397 1.6011
2010.4425 -0.1650
2010.4452 -0.3107
2010.4479 3.9840
2010.4507 1.3391
2010.4534 3.6445
2010.4562 2.7803
2010.4589 -0.7837
2010.4616 1.6927
2010.4644 11.4694
2010.4671 14.3363
2010.4699 6.5334
2010.4726 -0.2192
2010.4753 -2.9417
2010.4781 -2.7440
2010.4808 -2.8561
2010.4836 0.3619
2010.4863 1.0901
2010.4890 1.0183
2010.4918 1.3266
2010.4945 -1.1651
2010.4973 0.0435
2010.5000 1.4234
2010.5027 0.3247
2010.5055 1.2273
2010.5082 6.5912
2010.5110 14.2461
2010.5137 -1.1581
2010.5164 -1.5913
2010.5192 0.4662
2010.5219 -0.8856
2010.5247 0.1531
2010.5274 1.8822
2010.5301 2.7617
2010.5329 6.0814
2010.5356 2.6012
2010.5384 -1.1590
2010.5411 -7.7593
2010.5438 -3.7798
2010.5466 -5.4606
2010.5493 3.3981
2010.5521 7.0463
2010.5548 3.4738
2010.5575 -3.2794
2010.5603 -4.8735
2010.5630 3.6514
2010.5658 -0.7647
2010.5685 -4.8221
2010.5712 -8.0808
2010.6342 -6.2080
2010.6370 -8.1818
2011.0699 4.1125
2011.0726 6.0680
2011.0753 7.9053
2011.0781 8.6846
2011.0808 5.5060
2011.0836 9.0290
2011.0863 8.9628
2011.0890 8.0173
2011.0918 6.8725
2011.0945 9.0283
2011.0973 6.4846
2011.1000 8.9615
2011.1027 11.0088
2011.1055 7.4365
2011.1082 8.7045
2011.1110 7.2727
2011.1137 6.9512
2011.1164 9.7898
2011.1192 9.8286
2011.1219 5.1873
2011.1247 8.7860
2011.1274 2.1346
2011.1301 11.1031
2011.1329 13.5714
2011.1356 10.4294
2011.1384 11.9871
2011.1411 8.4344
2011.1438 13.8313
2011.1466 11.0976
2011.1493 9.9934
2011.1521 12.3286
2011.1548 7.5731
2011.1575 10.5869
2011.1603 7.0299
2011.1630 7.8221
2011.1658 9.1742
2011.1685 9.0062
2011.1712 6.9282
2011.1740 12.2300
2011.1767 8.1018
2011.1795 9.5636
2011.1822 8.1652
2011.1849 9.4768
2011.1877 6.7784
2011.1904 7.6798
2011.1931 7.8712
2011.1959 9.0726
2011.1986 5.5739
2011.2014 15.4051
2011.2041 9.6562
2011.2068 8.5973
2011.2096 6.7383
2011.2123 7.1593
2011.2151 7.1502
2011.2178 5.5611
2011.2205 7.2419
2011.2233 2.6526
2011.2260 5.4333
2011.2288 6.7539
2011.2315 5.7545
2011.2342 4.2150
2011.2370 5.9054
2011.2397 4.4258
2011.2425 4.5062
2011.2452 4.9965
2011.2479 3.6365
2011.2507 5.8858
2011.2534 5.4547
2011.2562 3.4330
2011.2589 6.4909
2011.2616 9.9484
2011.2644 11.5256
2011.2671 15.3724
2011.2699 9.0190
2011.2726 4.2853
2011.2753 9.8415
2011.2781 11.1576
2011.2808 15.5736
2011.2836 10.1995
2011.2863 12.5754
2011.2890 10.3614
2011.2918 9.8975
2011.2945 11.3237
2011.2973 10.3802
2011.3000 7.8468
2011.3027 9.8737
2011.3055 10.6010
2011.3082 7.5386
2011.3110 5.2367
2011.3137 5.2552
2011.3164 7.3542
2011.3192 9.0337
2011.3219 8.5739
2011.3247 8.9747
2011.3274 6.1062
2011.3301 7.1185
2011.3329 9.4726
2011.3356 8.5185
2011.3384 5.9060
2011.3411 5.7850
2011.3438 6.7154
2011.3466 6.5371
2011.3493 7.4300
2011.3521 7.4239
2011.3548 11.0087
2011.3575 9.1144
2011.3603 12.1107
2011.3630 10.1176
2011.3658 17.4049
2011.3685 23.7525
2011.3712 5.7504
2011.3740 6.6083
2011.3767 6.8662
2011.3794 5.5440
2011.3822 9.6614
2011.3849 10.4185
2011.3877 7.9550
2011.3904 11.9109
2011.3931 10.8460
2011.3959 7.5403
2011.3986 11.5135
2011.4014 10.1157
2011.4041 12.8965
2011.4068 7.5861
2011.4096 8.0741
2011.4123 7.5206
2011.4151 8.6861
2011.4178 11.6317
2011.4205 12.5871
2011.4233 9.2125
2011.4260 10.0779
2011.4288 8.3632
2011.4315 13.0284
2011.4342 15.5336
2011.4370 12.8087
2011.4397 15.6238
2011.4425 13.8488
2011.4452 7.9138
2011.4479 9.0787
2011.4507 5.7836
2011.4534 8.7584
2011.4562 9.4232
2011.4589 11.2479
2011.4616 9.7426
2011.4644 13.3973
2011.4671 19.3719
2011.4945 4.6859
2011.4973 13.6901
2011.5055 20.4717
2011.5219 15.1310
2011.5247 10.6138
2011.5438 3.9430
2011.5466 13.8858
2011.5904 10.3474
2011.5931 27.0700
2011.6068 16.7549
2011.6479 9.6106
2011.6507 8.1164
2011.6534 18.2407
2011.6753 11.7744
2011.6781 6.9958
2011.6808 11.9965
2011.6836 6.1365
2011.6863 11.3059
2011.6890 10.5448
2011.6918 7.7532
2011.6945 6.5713
2011.6973 5.6390
2011.7000 6.6765
2011.7027 6.3339
2011.7055 4.0811
2011.7082 4.4983
2011.7110 3.9656
2011.7137 5.2829
2011.7164 3.5705
2011.7192 13.3183
2011.7219 16.7165
2011.7247 13.2550
2011.7274 14.9041
2011.7301 7.5237
2011.7329 4.4939
2011.7356 1.6748
2011.7384 4.1064
2011.7411 6.2389
2011.7438 5.4723
2011.7466 5.7867
2011.7493 6.6519
2011.7521 8.0974
2011.7548 6.1429
2011.7575 5.9485
2011.7603 15.1342
2011.7630 14.9499
2011.7658 9.0257
2011.7685 6.9716
2011.7712 9.7476
2011.7740 7.8436
2011.7767 7.6998
2011.7794 5.9361
2011.7822 6.9624
2011.7849 7.0189
2011.7877 6.5354
2011.7904 7.9421
2011.7931 9.8189
2011.7959 7.8658
2011.7986 9.2729
2011.8014 9.3700
2011.8041 8.4373
2011.8068 8.4848
2011.8096 7.1723
2011.8123 12.0600
2011.8151 11.9479
2011.8178 9.3359
2011.8205 8.7840
2011.8233 4.7923
2011.8260 6.3008
2011.8288 10.3694
2011.8315 12.6282
2011.8342 8.1873
2011.8370 6.7669
2011.8397 8.9970
2011.8425 12.4274
2011.8452 8.4182
2011.8479 6.2094
2011.8507 9.4108
2011.8534 8.6026
2011.8562 11.9545
2011.8589 10.2067
2011.8616 13.4491
2011.8644 9.7315
2011.8671 14.4441
2011.8699 12.7567
2011.8726 13.5194
2011.8753 8.6621
2011.8781 5.4647
2011.8808 9.0073
2011.8836 10.5097
2011.8863 11.5221
2011.8890 5.6042
2011.8918 8.8462
2011.8945 8.0279
2011.8973 9.1893
2011.9000 5.5504
2011.9027 9.4412
2011.9055 10.3416
2011.9082 13.8416
2011.9110 10.9312
2011.9137 6.6203
2011.9164 14.0889
2011.9192 10.8971
2011.9219 6.8151
2011.9247 8.8028
2011.9274 8.3202
2011.9301 6.8972
2011.9329 13.5939
2011.9356 15.0303
2011.9384 14.5363
2011.9411 4.8820
2011.9438 9.8074
2011.9466 9.9723
2011.9493 13.4269
2011.9521 14.0012
2011.9548 14.2450
2011.9575 15.8684
2011.9603 12.3915
2011.9630 10.4241
2011.9658 12.6463
2011.9685 15.2281
2011.9712 14.1695
2011.9740 12.1304
2011.9767 13.9209
2011.9795 17.0409
2011.9822 13.9705
2011.9849 15.5996
2011.9877 12.6482
2011.9904 14.3663
2011.9931 14.7140
2011.9959 13.3311
2011.9986 12.1678
2012.0014 11.6540
2012.0041 14.2898
2012.0068 13.1553
2012.0096 11.6505
2012.0150 15.8101
2012.0178 12.9546
2012.0205 10.6588
2012.0232 13.4028
2012.0260 13.0066
2012.0287 16.3303
2012.0314 11.9239
2012.0342 14.0373
2012.0369 12.9006
2012.0396 15.7338
2013.8726 19.4223
2013.8753 22.4436
2013.8781 21.5149
2013.8808 21.6862
2013.8836 22.8574
2013.8863 21.5786
2013.8890 27.6998
2013.8918 24.4209
2013.8945 21.8420
2013.8973 22.6130
2013.9000 21.3039
2013.9027 22.8348
2013.9055 19.1856
2013.9082 19.1463
2013.9110 21.5569
2013.9137 16.1574
2013.9164 18.6376
2013.9192 19.5365
2013.9219 22.2339
2013.9247 22.2299
2013.9274 21.5246
2013.9301 19.0581
2013.9329 16.4006
2013.9356 19.7720
2013.9384 22.5026
2013.9411 20.7823
2013.9438 21.1414
2013.9466 22.3199
2013.9493 19.6179
2013.9521 20.3054
2013.9548 24.9327
2013.9575 21.3297
2013.9603 21.9667
2013.9630 20.6936
2013.9658 19.1306
2013.9685 25.2078
2013.9712 22.6353
2013.9740 23.6631
2013.9767 22.1215
2013.9795 23.4404
2013.9822 25.2400
2013.9849 22.1703
2013.9877 26.2215
2013.9904 21.9137
2013.9931 23.5069
2013.9959 19.5413
2013.9986 21.7670
2014.0014 25.3938
2014.0041 21.7911
2014.0068 16.3585
2014.0096 22.6362
2014.0123 22.8041
2014.0151 23.0322
2014.0178 20.3806
2014.0205 19.4992
2014.0233 23.1180
2014.0260 20.7970
2014.0288 20.9863
2014.0315 22.8458
2014.0342 27.8655
2014.0370 20.8454
2014.0397 23.4556
2014.0425 24.0460
2014.0452 22.0167
2014.0479 24.1976
2014.0507 19.2987
2014.0534 25.2400
2014.0562 23.6516
2014.0589 18.0334
2014.0616 19.5155
2014.0644 23.7878
2014.0671 26.3903
2014.0699 21.7231
2014.0726 23.3561
2014.0753 22.9593
2014.0781 26.9828
2014.0808 26.1966
2014.0836 25.4205
2014.0863 24.6147
2014.0890 22.7790
2014.0918 25.7135
2014.0945 26.2082
2014.0973 27.2531
2014.1000 22.1682
2014.1027 23.0934
2014.1055 24.1688
2014.1082 25.0543
2014.1110 26.7400
2014.1137 28.6258
2014.1164 23.9817
2014.1192 28.0878
2014.1219 33.4440
2014.1247 27.1603
2014.1274 28.7567
2014.1301 26.4932
2014.1329 25.9198
2014.1356 25.3765
2014.1384 21.9933
2014.1411 23.9602
2014.1438 27.4071
2014.1466 28.6041
2014.1493 30.0012
2014.1521 26.2383
2014.1548 29.1955
2014.1575 31.2927
2014.1603 30.1299
2014.1630 27.4772
2014.1658 29.4747
2014.1685 29.2223
2014.1712 28.5901
2014.1740 27.0381
2014.1767 31.5663
2014.1795 30.0148
2014.1822 28.2235
2014.1849 27.6025
2014.1877 25.2118
2014.1904 27.7914
2014.1931 24.6512
2014.1959 22.6814
2014.1986 27.1319
2014.2014 24.1128
2014.2041 23.8641
2014.2068 21.1657
2014.2096 22.7877
2014.2123 27.0901
2014.2151 24.0930
2014.2178 23.7763
2014.2205 18.2200
2014.2233 22.4942
2014.2260 22.0089
2014.2288 23.1941
2014.2315 21.0498
2014.2342 23.4961
2014.2370 20.7628
2014.2397 23.3401
2014.2425 20.9680
2014.2452 20.1565
2014.2479 18.7064
2014.2507 20.7886
2014.2534 22.0827
2014.2562 20.9788
2014.2589 28.8167
2014.2616 24.1361
2014.2644 22.2571
2014.2671 25.5894
2014.2699 27.5229
2014.2726 24.8474
2014.2753 20.9529
2014.2781 23.2391
2014.2808 25.5859
2014.2836 23.6632
2014.2863 23.5308
2014.2890 24.1086
2014.2918 24.5465
2014.2945 34.2443
2014.2973 27.3818
2014.3000 26.6689
2014.3027 33.2355
2014.3055 26.1114
2014.3082 18.6965
2014.3110 25.9406
2014.3137 23.2237
2014.3164 25.4454
2014.3192 23.2658
2014.3219 15.2647
2014.3247 23.0119
2014.3274 24.5572
2014.3301 24.6308
2014.3521 20.7260
2014.3685 26.0993
2014.3712 31.1508
2014.3740 35.7919
2014.3877 27.0731
2014.3904 29.0422
2014.3931 27.2110
2014.4151 18.4750
2014.4178 20.7701
2014.4205 20.8852
2014.4260 27.4652
2014.4288 20.9002
2014.4315 22.6951
2014.4342 33.2799
2014.4370 22.0147
2014.4397 24.6894
2014.4425 23.0941
2014.4452 26.8988
2014.4479 25.9634
2014.4507 27.0280
2014.4534 31.4025
2014.4562 30.6570
2014.4589 27.3715
2014.4616 27.7359
2014.4644 29.7103
2014.4671 31.2046
2014.4699 35.5989
2014.4781 24.8016
2014.5164 34.3272
2014.5192 36.3308
2014.5219 26.7144
2014.5247 32.9079
2014.5274 27.9214
2014.5301 18.4248
2014.5329 26.1081
2014.5356 21.8514
2014.5384 22.7046
2014.5411 23.7877
2014.5438 20.2208
2014.5493 21.0267
2014.5521 22.1395
2014.5603 30.5975
2014.5630 26.0100
2014.5658 31.8524
2014.5685 32.1447
2014.5712 22.1069
2014.5740 18.7190
2014.5767 21.0911
2014.5794 25.5130
2014.5822 22.8246
2014.5849 19.1248
2014.5877 26.7334
2014.5904 31.5606
2014.5931 29.8064
2014.5959 26.6211
2014.5986 24.3246
2014.6014 26.6771
2014.6041 23.3686
2014.6068 23.2894
2014.6096 24.6695
2014.6288 33.0594
2014.6397 23.0544
2014.6425 20.3244
2014.6452 25.0650
2014.8945 22.4439
2014.8973 23.2211
2014.9000 22.3284
2014.9027 16.1656
2014.9055 25.5129
2014.9082 25.1401
2014.9110 23.4475
2014.9137 23.2249
2014.9164 24.9124
2014.9192 28.8798
2014.9219 25.2871
2014.9247 25.7444
2014.9274 26.6116
2014.9301 26.8787
2014.9329 28.0557
2014.9356 30.6127
2014.9384 26.3697
2014.9411 31.0166
2014.9438 32.0435
2014.9466 28.6003
2014.9493 26.3272
2014.9521 30.3040
2014.9548 30.6809
2014.9575 28.5777
2014.9603 23.2846
2014.9630 32.0315
2014.9658 28.1784
2014.9685 31.3654
2014.9712 26.0024
2014.9740 32.5195
2014.9767 27.9366
2014.9795 30.5838
2014.9822 29.5711
2014.9849 28.6484
2014.9877 30.0459
2014.9904 27.2534
2014.9931 25.8711
2014.9959 25.1688
2014.9986 26.3767
2015.0014 21.3048
2015.0041 27.3236
2015.0068 27.4030
2015.0096 30.9331
2015.0123 25.9138
2015.0151 26.3651
2015.0178 28.3969
2015.0205 28.3191
2015.0233 28.0018
2015.0260 29.0149
2015.0288 27.3383
2015.0315 29.5721
2015.0342 28.3560
2015.0370 25.3402
2015.0397 26.0045
2015.0425 27.3590
2015.0452 27.7535
2015.0479 28.8781
2015.0507 30.3826
2015.0534 29.9271
2015.0562 29.4115
2015.0589 27.1557
2015.0616 27.2897
2015.0644 26.2035
2015.0671 30.6670
2015.0699 32.5201
2015.0753 29.6753
2015.0781 40.4372
2015.0808 33.6686
2015.0863 34.1075
2015.0890 23.2746
2015.0918 30.3203
2015.0945 33.0747
2015.0973 32.6180
2015.1000 29.4903
2015.1027 30.0817
2015.1055 30.7723
2015.1082 29.6123
2015.1110 27.9718
2015.1137 28.9309
2015.1164 30.7598
2015.1192 29.1586
2015.1219 31.6474
2015.1247 34.4863
2015.1274 32.4455
2015.1301 32.3251
2015.1329 33.2352
2015.1356 28.6659
2015.1384 31.3575
2015.1411 29.4199
2015.1438 28.9334
2015.1466 27.4380
2015.1493 24.7639
2015.1521 25.5012
2015.1548 30.7101
2015.1575 29.0207
2015.1603 30.5230
2015.1630 28.5472
2015.1658 30.8429
2015.1685 32.2800
2015.1712 31.6984
2015.1740 30.0480
2015.1767 35.2190
2015.1795 29.9411
2015.1822 31.7044
2015.1849 29.6988
2015.1877 27.6642
2015.1904 28.3608
2015.1931 29.2482
2015.1959 28.9667
2015.1986 29.7660
2015.2014 29.7762
2015.2041 27.8272
2015.2068 30.4990
2015.2096 25.9415
2015.2123 29.3146
2015.2151 31.5385
2015.2178 27.3329
2015.2205 32.3978
2015.2233 37.0433
2015.2260 30.0792
2015.2288 30.0156
2015.2315 38.5324
2015.2342 24.9994
2015.2370 25.5768
2015.2397 23.3644
2015.2425 25.7022
2015.2452 28.3602
2015.2479 24.6987
2015.2507 22.8982
2015.2534 30.0284
2015.2562 28.8094
2015.2589 27.6111
2015.2616 28.6335
2015.2644 30.6264
2015.2671 29.5698
2015.2699 27.4137
2015.2726 29.2479
2015.2753 29.7825
2015.2781 33.1473
2015.2808 32.7024
2015.2836 28.7075
2015.2863 30.8227
2015.2890 30.6080
2015.2918 27.2931
2015.2945 28.9782
2015.2973 34.1630
2015.3000 43.6976
2015.3055 21.2257
2015.3082 28.3492
2015.3110 30.2021
2015.3137 28.0045
2015.3164 29.1962
2015.3192 29.1373
2015.3219 29.6875
2015.3247 25.6870
2015.3493 29.9964
2015.3521 29.2608
2015.3548 21.5046
2015.6397 37.9291
2015.6425 42.4338
2015.6562 32.7078
2015.6589 30.7728
2015.6616 31.7577
2015.6644 30.0227
2015.6726 27.5004
2015.6890 29.6296
2015.6945 32.7993
2015.7000 33.2503
2015.7027 32.3213
2015.7082 32.9539
2015.7137 34.2873
2015.7164 34.1092
2015.7384 30.7870
2015.7438 38.3111
2015.7466 32.9930
2015.7493 30.2248
2015.7521 26.0871
2015.7575 33.7636
2015.7603 33.0376
2015.7740 30.9038
2015.7767 39.3699
2015.7794 28.2362
2015.7822 29.3526
2015.7849 28.0891
2015.7877 34.1857
2015.7904 32.0022
2015.7931 34.2187
2015.7959 33.0952
2015.7986 36.2514
2015.8014 41.4175
2015.8041 30.8334
2015.8068 30.2390
2015.8096 32.2742
2015.8123 31.7391
2015.8151 30.4636
2015.8178 32.4276
2015.8205 30.1511
2015.8233 31.8041
2015.8260 29.6164
2015.8288 29.0681
2015.8315 29.7391
2015.8479 31.8782
2015.8507 30.8807
2015.8534 31.0223
2015.8562 29.1531
2015.8589 26.1432
2015.8616 31.0627
2015.8644 27.5417
2015.8671 28.3503
2015.8699 27.5886
2015.8726 27.0866
2015.8753 28.3346
2015.8781 26.8925
2015.8808 28.1905
2015.8836 34.9086
2015.8863 31.5270
2015.8890 31.2758
2015.8918 33.5350
2015.9000 30.6964
2015.9027 32.1485
2015.9055 28.7114
2015.9082 26.4754
2015.9137 31.2569
2015.9219 34.3016
2015.9247 30.3510
2015.9274 30.7510
2015.9301 33.1913
2015.9329 33.5322
2015.9356 23.0933
2015.9384 37.6349
2015.9411 38.1467
2015.9466 32.1811
2015.9493 26.7336
2015.9521 31.5863
2015.9548 30.2490
2015.9575 35.4519
2015.9603 34.5847
2015.9630 32.6275
2015.9658 33.8403
2015.9685 31.7330
2015.9712 29.1855
2015.9740 31.3979
2015.9767 29.2900
2015.9795 24.9219
2015.9822 29.0735
2015.9849 39.8847
2015.9877 42.9156
2015.9904 36.5460
2015.9931 34.1161
2015.9959 32.7456
2015.9986 34.8545
2016.0014 27.4128
2016.0041 29.8099
2016.0068 34.3856
2016.0096 34.7602
2016.0123 28.3138
2016.0150 31.3265
2016.0178 27.1883
2016.0205 25.1294
2016.0232 28.1599
2016.0260 30.5700
2016.0287 28.4997
2016.0314 31.2491
2016.0342 27.4883
2016.0369 32.3676
2016.0396 33.9869
2016.0423 28.5264
2016.0451 31.8562
2016.0478 30.8564
2016.0505 29.8171
2016.0533 29.7384
2016.0560 29.1505
2016.0587 28.9735
2016.0615 27.7274
2016.0642 27.0024
2016.0669 27.2686
2016.0697 25.1661
2016.0724 28.3750
2016.0751 28.1754
2016.0779 31.4874
2016.0806 29.6712
2016.0833 32.3265
2016.0861 31.0225
2016.0888 33.0793
2016.0915 32.5569
2016.0943 32.4251
2016.0970 32.1039
2016.0997 32.8033
2016.1025 35.9132
2016.1052 32.5735
2016.1079 33.7543
2016.1107 34.7653
2016.1134 33.6767
2016.1161 35.3183
2016.1189 33.0601
2016.1216 31.4720
2016.1243 36.6639
2016.1270 37.2259
2016.1298 35.0979
2016.1325 34.5798
2016.1352 34.2215
2016.1380 35.9030
2016.1407 39.5043
2016.1434 36.9153
2016.1462 34.1659
2016.1489 36.3561
2016.1516 32.2758
2016.1544 35.0250
2016.1571 34.8437
2016.1598 37.1217
2016.1626 31.7891
2016.1653 31.1062
2016.1680 31.4733
2016.1708 33.9904
2016.1735 30.5374
2016.1762 35.9244
2016.1790 37.8112
2016.1817 36.9081
2016.1844 33.1349
2016.1872 35.7716
2016.1899 39.2283
2016.1926 37.2550
2016.1954 38.0116
2016.1981 39.9381
2016.2008 38.2246
2016.2035 34.0611
2016.2063 33.1975
2016.2090 31.9539
2016.2117 25.6902
2016.2145 36.1465
2016.2172 31.9928
2016.2199 31.8790
2016.2227 33.0152
2016.2254 34.5313
2016.2281 35.2675
2016.2309 33.5636
2016.2336 34.3496
2016.2363 37.8856
2016.2391 35.7916
2016.2418 31.2576
2016.2445 34.7836
2016.2473 35.3292
2016.2500 34.3041
2016.2527 32.7783
2016.2555 34.2118
2016.2582 34.6946
2016.2609 39.3369
2016.2637 34.0086
2016.2664 34.7799
2016.2691 35.1508
2016.2719 48.7014
2016.2746 42.3017
2016.2773 35.7318
2016.2801 35.7317
2016.2828 36.3515
2016.2855 32.5712
2016.2882 36.1310
2016.2910 37.7209
2016.2937 40.8609
2016.2964 40.6611
2016.2992 36.7515
2016.3019 33.2823
2016.3046 33.5134
2016.3074 32.5449
2016.3101 32.6569
2016.3128 32.9895
2016.3156 37.0627
2016.3183 45.3765
2016.3210 35.2311
2016.3238 30.0664
2016.3265 33.9926
2016.3292 34.4697
2016.3320 35.4292
2016.3347 39.4916
2016.3374 37.3069
2016.3402 38.3247
2016.3429 38.0949
2016.3456 45.4773
2016.3484 41.5217
2016.3538 39.6858
2016.3566 31.1550
2016.3593 36.4855
2016.3620 38.6070
2016.3648 37.7493
2016.3675 29.5422
2016.3702 29.7656
2016.3729 36.0192
2016.3757 37.5628
2016.3784 39.5262
2016.4249 37.0669
2016.4331 32.4996
2016.5041 34.3941
2016.5068 35.5794
2016.5096 33.1252
2016.5123 27.5914
2016.5178 41.9752
2016.5205 34.3127
2016.5232 25.8804
2016.6708 34.6938
2016.6735 43.4874
2016.6762 41.4224
2016.6790 38.4685
2016.6817 37.2458
2016.6844 37.7541
2017.0781 39.4603
2017.0808 39.2678
2017.0836 42.5248
2017.0863 40.7908
2017.0890 42.1060
2017.0918 38.4504
2017.0945 36.9640
2017.0973 36.9470
2017.1000 43.3494
2017.1027 43.8013
2017.1055 39.2227
2017.1082 41.8938
2017.1110 40.3945
2017.1137 38.2851
2017.1164 42.4554
2017.1192 38.8956
2017.1219 39.1459
2017.1247 44.1661
2017.1274 38.6665
2017.1301 38.9670
2017.1329 38.5478
2017.1356 34.6089
2017.1384 37.2704
2017.1411 38.9524
2017.1438 38.0949
2017.1466 39.8979
2017.1493 37.3417
2017.1521 36.2462
2017.1548 35.8515
2017.1575 37.1577
2017.1603 39.1548
2017.1630 34.3237
2017.1658 31.7283
2017.1685 36.6491
2017.1712 38.8456
2017.1740 40.5073
2017.1767 35.1138
2017.1795 36.2349
2017.1822 41.9899
2017.1849 39.8887
2017.1877 49.6506
2017.1904 42.2254
2017.1931 40.6227
2017.1959 40.9119
2017.1986 41.3828
2017.2014 37.3349
2017.2041 42.9378
2017.2068 45.7411
2017.2096 41.3344
2017.2123 41.7974
2017.2151 43.1894
2017.2178 44.3803
2017.2205 42.1796
2017.2233 37.9668
2017.2260 38.0216
2017.2288 38.5135
2017.2315 36.7922
2017.2342 38.1373
2017.2370 37.5083
2017.2397 37.8848
2017.2425 38.4965
2017.2452 40.9929
2017.2479 38.2354
2017.2507 38.2855
2017.2534 36.3536
2017.2562 44.5197
2017.2589 40.7741
2017.2616 44.3469
2017.2644 41.8782
2017.2671 40.8882
2017.2699 41.4372
2017.2726 42.9152
2017.2753 41.9125
2017.2781 39.4091
2017.2808 39.8753
2017.2836 38.4913
2017.2863 38.9271
2017.2890 45.7930
2017.2918 41.4592
2017.2945 41.3657
2017.2973 42.3628
2017.3000 45.9407
2017.3027 39.9294
2017.3055 49.9292
2017.3082 49.8303
2017.3110 46.1228
2017.3137 42.4368
2017.3164 44.9325
2017.3192 41.9102
2017.3219 40.4299
2017.3247 38.5119
2017.3274 40.0763
2017.3301 40.3931
2017.3329 41.9118
2017.3411 40.3068
2017.3438 40.2711
2017.3466 43.7863
2017.3493 37.3126
2017.3521 39.0496
2017.3548 39.9773
2017.3575 41.1855
2017.3603 39.0841
2017.3630 38.5529
2017.3658 49.9819
2017.4178 36.0630
2017.4205 40.3622
2017.4507 42.8562
2017.4534 51.0540
2017.4562 44.4917
2017.4589 38.4893
2017.4616 36.0168
2017.4644 38.8341
2017.4671 41.0513
2017.4699 37.1384
2017.4726 37.5054
2017.5986 56.3187
2017.6014 50.0912
2017.6096 48.5498
2017.6425 42.9764
2017.6452 42.5107
2017.6534 42.2335
2017.6562 46.2977
2017.6589 43.4019
2017.6616 40.3760
2017.6644 42.4200
2017.6671 41.9540
2017.6699 41.0982
2017.6726 43.3926
2017.6753 40.9070
2017.6781 41.3917
2017.6808 40.8064
2017.6836 35.6612
2017.6863 36.8361
2017.6890 40.3711
2017.6918 41.7262
2017.6945 44.2213
2017.6973 40.9764
2017.7000 39.5816
2017.7027 42.5867
2017.7055 41.3719
2017.7082 49.9071
2017.7110 41.8622
2017.7137 40.8273
2017.7164 42.5023
2017.7192 39.6373
2017.7219 42.3822
2017.7247 42.7370
2017.7274 44.1017
2017.7301 54.7963
2017.8178 40.1357
2017.8205 43.7707
2017.8233 44.3264
2017.8260 43.8729
2017.8288 42.3103
2017.8315 41.6485
2017.8342 40.6280
2017.8370 40.8589
2017.8397 39.1712
2017.8425 36.7946
2017.8452 41.4192
2017.8479 39.4347
2017.8507 46.8611
2017.8534 55.1983
2017.8562 49.0060
2017.8589 39.0843
2017.8616 45.4229
2017.8644 42.0419
2017.8671 44.6310
2017.8699 43.1101
2017.8726 41.6792
2017.8753 43.2480
2017.8781 43.2165
2017.8808 43.8346
2017.8836 41.0122
2017.8863 42.6591
2017.8890 40.0252
2017.8918 42.8504
2017.8945 46.1846
2017.8973 43.9277
2017.9000 42.5795
2017.9027 39.4199
2017.9055 42.3489
2017.9082 42.2462
2017.9110 44.1418
2017.9137 41.9056
2017.9164 48.5877
2017.9192 45.0793
2017.9219 45.0906
2017.9247 46.8917
2017.9274 45.0326
2017.9301 43.3033
2017.9329 43.1937
2017.9356 46.7740
2017.9384 45.8741
2017.9411 43.8439
2017.9438 41.9136
2017.9466 41.1131
2017.9493 41.1924
2017.9521 41.0915
2017.9548 43.2004
2017.9575 39.9692
2017.9603 44.4878
2017.9630 43.5163
2017.9658 42.4446
2017.9685 43.0728
2017.9712 42.5208
2017.9740 42.3387
2017.9767 45.0565
2017.9795 40.2241
2017.9822 39.6716
2017.9849 39.6490
2017.9877 38.4363
2017.9904 40.7935
2017.9931 41.8106
2017.9959 43.7176
2017.9986 42.7345
2018.0014 42.3513
2018.0041 43.0681
2018.0068 44.6149
2018.0096 41.9717
2018.0123 41.6786
2018.0151 44.2154
2018.0178 44.2622
2018.0205 44.5790
2018.0233 45.2958
2018.0260 43.8526
2018.0288 43.8094
2018.0315 42.6662
2018.0342 44.7230
2018.0370 46.3998
2018.0397 37.5966
2018.0425 39.5534
2018.0452 45.2302
2018.0479 45.2970
2018.0507 46.9338
2018.0534 46.1106
2018.0562 46.5574
2018.0589 46.9842
2018.0616 47.0810
2018.0644 45.9878
2018.0671 44.8846
2018.0699 44.1414
2018.0726 47.6882
2018.0753 48.1950
2018.0781 46.3018
2018.0808 53.7586
2018.0836 54.9954
2018.0863 55.9622
2018.0890 52.6789
2018.0918 45.7956
2018.0945 45.6822
2018.0973 40.7489
2018.1000 43.2455
2018.1027 46.1121
2018.1055 45.7588
2018.1082 41.9454
2018.1110 44.9920
2018.1137 47.4187
2018.1164 48.2453
2018.1192 46.6920
2018.1219 43.8687
2018.1247 43.8054
2018.1274 41.4322
2018.1301 44.6190
2018.1329 47.1259
2018.1356 44.8128
2018.1384 48.9097
2018.1411 44.0667
2018.1438 45.2038
2018.1466 44.1210
2018.1493 47.6082
2018.1521 43.6355
2018.1548 41.4529
2018.1575 44.5804
2018.1603 45.2280
2018.1630 46.7059
2018.1658 44.7358
2018.1685 47.4777
2018.1712 46.7216
2018.1740 47.0073
2018.1767 46.0847
2018.1795 45.3637
2018.1822 44.6341
2018.1849 46.3760
2018.1877 42.8590
2018.1904 44.3133
2018.1931 45.3385
2018.1959 45.9846
2018.1986 45.5016
2018.2014 44.1692
2018.2041 43.9174
2018.2068 45.1160
2018.2096 44.7150
2018.2123 45.7742
2018.2151 48.3635
2018.2178 47.7927
2018.2205 47.0719
2018.2233 40.3508
2018.2260 45.8294
2018.2288 47.3075
2018.2315 42.2550
2018.2342 46.1818
2018.2370 44.4979
2018.2397 42.3530
2018.2425 47.0670
2018.2452 44.5399
2018.2479 44.3522
2018.2507 47.0946
2018.2534 49.5970
2018.2562 43.9094
2018.2589 46.2219
2018.2616 42.8244
2018.2644 46.8370
2018.2671 45.1195
2018.2699 43.5920
2018.2726 43.8746
2018.2753 46.5471
2018.2781 46.0096
2018.2808 46.3921
2018.2836 46.8745
2018.2863 46.7370
2018.2890 45.3893
2018.2918 45.8517
2018.2945 43.3139
2018.2973 53.1261
2018.3548 47.6604
2018.3575 48.2608
2018.3685 50.2619
2018.3740 56.1323
2018.3767 53.4425
2018.3794 45.4327
2018.5164 51.7652
2018.5192 51.8773
2018.5219 47.9702
2018.6370 40.7381
2018.6397 48.8516
2018.6452 47.9478
2018.6479 44.4806
2018.6507 41.0431
2018.6534 36.5354
2018.6562 43.5673
2018.6589 46.9491
2018.6616 46.9105
2018.6644 55.1817
2018.6671 50.7623
2018.6699 46.6119
2018.6726 48.0608
2018.6753 51.6488
2018.6781 52.4861
2018.6808 59.4228
2018.6836 47.2788
2018.6863 45.2844
2018.6890 45.8594
2018.6918 41.3841
2018.6945 42.6884
2018.6973 43.3324
2018.7000 42.2162
2018.7027 43.6198
2018.7055 43.2934
2018.7082 44.7369
2018.7110 42.7705
2018.7137 44.3841
2018.7164 46.7679
2018.7192 46.6820
2018.7219 48.1863
2018.7247 43.9909
2018.7274 44.1360
2018.7301 43.5216
2018.7329 39.7876
2018.7356 38.7343
2018.7384 40.7116
2018.7411 43.4697
2018.7466 48.9982
2018.7493 47.5089
2018.7521 45.6807
2018.7548 42.1138
2018.7575 41.8179
2018.7603 41.7830
2018.7630 45.0990
2018.7658 46.0758
2018.7685 46.7033
2018.7712 43.9814
2018.7740 45.8901
2018.7767 45.5292
2018.7794 45.2086
2018.7822 47.0483
2018.7849 50.0482
2018.7877 47.7681
2018.7904 44.0781
2018.7931 42.4979
2018.7959 47.8074
2018.7986 50.1267
2018.8014 46.5156
2018.8041 44.2441
2018.8068 47.2519
2018.8096 47.3191
2018.8123 48.1356
2018.8151 48.2412
2018.8178 46.0058
2018.8205 48.7094
2018.8233 51.0119
2018.8260 49.4532
2018.8288 48.7832
2018.8315 48.9218
2018.8342 46.6695
2018.8370 45.3068
2018.8397 46.9437
2018.8425 50.0003
2018.8452 49.2266
2018.8479 50.7927
2018.8507 48.2984
2018.8534 48.1540
2018.8562 48.6193
2018.8589 46.9345
2018.8616 51.6694
2018.8644 48.6742
2018.8671 50.0989
2018.8699 50.7935
2018.8726 48.4181
2018.8753 47.1325
2018.8781 50.8970
2018.8808 49.8814
2018.8836 47.0459
2018.8863 49.4003
2018.8890 48.4149
2018.8918 47.0895
2018.8945 48.3042
2018.8973 45.3791
2018.9000 46.7741
2018.9027 43.8692
2018.9055 48.6446
2018.9082 47.0102
2018.9110 47.9860
2018.9137 41.0321
2018.9164 46.2185
2018.9192 45.5854
2018.9219 44.1427
2018.9247 43.2804
2018.9274 41.0185
2018.9301 45.2970
2018.9329 46.2558
2018.9356 44.3048
2018.9384 45.2841
2018.9411 46.7336
2018.9438 46.0732
2018.9466 49.6030
2018.9493 47.8329
2018.9521 47.1528
2018.9548 44.3027
2018.9575 45.6626
2018.9603 46.4925
2018.9630 44.6922
2018.9658 46.8919
2018.9685 47.0613
2018.9712 46.6406
2018.9740 47.2596
2018.9767 51.6684
2018.9795 48.8368
2018.9822 51.4949
2018.9849 48.3526
2018.9877 49.4998
2018.9904 48.3866
2018.9931 50.0329
2018.9959 49.2587
2018.9986 50.4539
2019.0014 51.2182
2019.0041 49.0599
2019.0068 44.2488
2019.0096 51.9652
2019.0123 50.1491
2019.0151 55.2608
2019.0178 51.8605
2019.0205 49.8384
2019.0233 50.7746
2019.0260 48.3893
2019.0288 48.6327
2019.0315 47.4050
2019.0342 52.3363
2019.0370 51.4169
2019.0397 48.4769
2019.0425 49.9265
2019.0452 50.5059
2019.0479 51.2353
2019.0507 54.0049
2019.0534 49.4147
2019.0562 51.2951
2019.0589 51.0262
2019.0616 49.8982
2019.0644 52.7412
2019.0671 53.8055
2019.0699 48.9512
2019.0726 52.4985
2019.0753 51.2877
2019.0781 50.8387
2019.0808 53.1920
2019.0836 48.6363
2019.0863 45.5505
2019.0890 49.5446
2019.0918 49.8488
2019.0945 49.4030
2019.0973 51.3474
2019.1000 54.4620
2019.1027 51.3969
2019.1055 47.9321
2019.1082 48.1677
2019.1110 50.0037
2019.1137 50.5203
2019.1164 49.8875
2019.1192 51.3453
2019.1219 52.1538
2019.1247 52.1131
2019.1274 52.5932
2019.1301 49.4643
2019.1329 49.2462
2019.1356 46.9792
2019.1384 49.9833
2019.1411 46.5386
2019.1438 49.0550
2019.1466 52.7828
2019.1493 54.4318
2019.1521 49.6523
2019.1548 49.9642
2019.1575 50.9676
2019.1603 48.5327
2019.1630 53.9592
2019.1658 55.8663
2019.1685 49.2237
2019.1712 50.9815
2019.1740 47.6697
2019.1767 47.3282
2019.1795 44.0769
2019.1822 53.8860
2019.1849 48.2152
2019.1877 53.5847
2019.1904 49.4643
2019.1931 54.6841
2019.1959 55.0540
2019.1986 50.2040
2019.2014 49.1340
2019.2041 49.2841
2019.2068 46.0643
2019.2096 45.4244
2019.2123 51.5745
2019.2151 49.1645
2019.2178 51.0144
2019.2205 51.5042
2019.2233 47.5539
2019.2260 55.7734
2019.2288 49.8727
2019.2315 51.2718
2019.2342 49.9406
2019.2370 49.5992
2019.2397 50.6774
2019.2425 51.4253
2019.2452 50.2229
2019.2479 47.2704
2019.2507 50.4580
2019.2534 51.0557
2019.2562 50.4435
2019.2589 50.1714
2019.2616 52.3094
2019.2644 51.9875
2019.2671 52.5355
2019.2699 50.6636
2019.2726 51.7116
2019.2753 51.1596
2019.2781 46.2476
2019.2808 48.8555
2019.2836 45.3932
2019.2863 44.5009
2019.2890 48.2385
2019.2918 49.3159
2019.2945 50.4231
2019.2973 50.1701
2019.3000 49.0169
2019.3027 43.1935
2019.3055 47.9598
2019.3082 40.5959
2019.6616 47.6695
2019.6644 50.2768
2019.6699 60.5803
2019.6781 47.7375
2019.6808 50.0026
2019.6836 56.0373
2019.6863 50.8218
2019.6890 53.5461
2019.6918 53.9502
2019.6945 51.6040
2019.6973 46.1578
2019.7000 46.7514
2019.7027 52.4450
2019.7055 56.2585
2019.7082 60.3220
2019.7110 53.0356
2019.7137 52.3591
2019.7164 50.7028
2019.7192 52.0766
2019.7219 52.1405
2019.7247 53.3346
2019.7274 51.2189
2019.7301 49.0434
2019.7329 47.5183
2019.7356 49.4434
2019.7384 50.0988
2019.7411 51.5947
2019.7438 54.7709
2019.7466 63.8675
2019.7493 56.7246
2019.7521 59.2019
2019.7548 54.5593
2019.7575 53.9369
2019.7603 55.0646
2019.7630 54.1525
2019.7658 50.2504
2019.7685 54.5885
2019.7712 55.4067
2019.7740 54.2550
2019.7767 50.8734
2019.7794 49.0719
2019.7822 61.1004
2019.7849 53.6390
2019.7877 51.7376
2019.7904 57.0563
2019.7931 56.2751
2019.7959 57.5438
2019.7986 55.5225
2019.8014 51.4413
2019.8041 50.6701
2019.8068 53.9088
2019.8096 46.2175
2019.8123 51.0762
2019.8151 50.6549
2019.8178 47.7435
2019.8205 52.8720
2019.8233 52.0805
2019.8260 53.0589
2019.8288 53.6172
2019.8315 53.3854
2019.8342 52.4735
2019.8370 55.0916
2019.8397 54.0496
2019.8425 56.1275
2019.8452 54.6753
2019.8479 52.1630
2019.8507 50.8607
2019.8534 58.3082
2019.8562 51.0657
2019.8589 55.4730
2019.8616 51.5403
2019.8644 55.2875
2019.8671 54.8545
2019.8699 54.6115
2019.8726 53.2883
2019.8753 51.5750
2019.8781 51.9217
2019.8808 47.0981
2019.8836 55.7545
2019.8863 60.2408
2019.8890 65.7969
2019.8918 58.2629
2019.8945 51.5388
2019.8973 48.2345
2019.9000 57.9301
2019.9027 56.8756
2019.9055 54.8709
2019.9082 53.9261
2019.9110 58.8011
2019.9137 57.6660
2019.9164 47.6901
2019.9192 52.3997
2019.9219 54.0745
2019.9247 52.1248
2019.9274 50.1610
2019.9301 49.8233
2019.9329 51.6421
2019.9356 49.8077
2019.9384 48.3705
2019.9411 48.8908
2019.9438 52.2089
2019.9466 53.7352
2019.9493 52.1799
2019.9521 49.5435
2019.9548 49.5963
2019.9575 50.2785
2019.9603 49.3706
2019.9630 49.7228
2019.9658 47.0255
2019.9685 48.9890
2019.9712 51.1537
2019.9740 49.6199
2019.9767 52.2879
2019.9795 52.7580
2019.9822 53.2306
2019.9849 54.6161
2019.9877 53.1747
2019.9904 55.5867
2019.9931 54.0926
2019.9959 56.5727
2019.9986 50.8872
2020.0041 44.7055
2020.0068 55.0354
2020.0096 51.9156
2020.0123 52.6760
2020.0150 50.2166
2020.0178 54.5875
2020.0205 52.0785
2020.0232 53.0397
2020.0260 58.0510
2020.0287 52.2624
2020.0314 52.9140
2020.0342 51.1456
2020.0369 53.7973
2020.0396 51.4091
2020.0423 51.0409
2020.0451 52.5326
2020.0478 48.2944
2020.0505 48.6761
2020.0533 49.4377
2020.0560 50.2093
2020.0587 50.5808
2020.0615 51.5522
2020.0642 53.4734
2020.0669 55.2544
2020.0697 51.0553
2020.0724 56.1860
2020.0751 51.8364
2020.0779 50.3167
2020.0806 55.4666
2020.0833 53.8463
2020.0861 56.2057
2020.0888 55.8249
2020.0915 55.7238
2020.0943 57.9026
2020.0970 52.5912
2020.0997 54.7696
2020.1025 56.5279
2020.1052 59.1661
2020.1079 50.6842
2020.1107 52.7522
2020.1134 53.2502
2020.1161 52.7282
2020.1189 52.5062
2020.1216 54.4341
2020.1243 53.4522
2020.1270 53.5402
2020.1298 50.3884
2020.1325 52.1967
2020.1352 48.7551
2020.1380 53.0536
2020.1407 54.3924
2020.1434 54.0413
2020.1462 53.8404
2020.1489 52.1098
2020.1516 54.8194
2020.1544 54.4093
2020.1571 53.0095
2020.1598 49.9301
2020.1626 55.6611
2020.1653 52.3449
2020.1680 49.5418
2020.1708 52.2815
2020.1735 51.1940
2020.1762 51.7889
2020.1790 50.8561
2020.1817 56.4154
2020.1844 62.6565
2020.1872 53.1692
2020.1899 57.6933
2020.1926 61.1487
2020.1954 62.0850
2020.1981 54.5021
2020.2008 56.1298
2020.2035 56.7879
2020.2063 56.6361
2020.2090 52.0042
2020.2117 52.8620
2020.2145 52.2694
2020.6653 61.8254
2020.6680 53.5977
2020.6708 56.4402
2020.6762 63.5457
2020.6790 59.7187
2020.6844 62.2652
2020.6872 59.9887
2020.6899 53.8522
2020.6926 53.3259
2020.6954 53.6896
2020.6981 56.6934
2020.7008 58.2873
2020.7035 51.5412
2020.7063 49.2651
2020.7090 53.1391
2020.7117 50.8131
2020.7145 50.6570
2020.7172 54.5409
2020.7199 54.6648
2020.7227 54.9986
2020.7254 49.7424
2020.7281 50.3061
2020.7309 49.6797
2020.7336 51.4332
2020.7363 52.2665
2020.7391 54.2597
2020.7418 53.7928
2020.7445 54.8457
2020.7473 55.6685
2020.7500 56.6610
2020.7527 58.7933
2020.7555 57.9654
2020.7582 55.3572
2020.7609 57.6089
2020.7637 59.0204
2020.7664 56.7817
2020.7691 57.1129
2020.7719 56.8341
2020.7746 57.0751
2020.7773 53.1860
2020.7801 55.8270
2020.7828 54.6979
2020.7855 58.2088
2020.7882 59.0897
2020.7910 55.8806
2020.7937 49.9616
2020.7964 53.3627
2020.7992 54.0339
2020.8019 55.4452
2020.8046 58.7267
2020.8074 59.4383
2020.8101 53.6601
2020.8128 54.9921
2020.8156 57.1243
2020.8183 51.1868
2020.8210 52.3696
2020.8238 48.9726
2020.8265 47.5359
2020.8292 54.0496
2020.8374 54.9967
2020.8402 67.2761
2020.8429 44.4072
2020.8456 52.9000
2020.8484 46.5843
2020.8511 48.0699
2020.8538 48.3269
2020.8566 45.8950
2020.8593 51.8141
2020.8620 51.0342
2020.8648 55.0550
2020.8675 54.1865
2020.8702 55.0486
2020.8729 51.4311
2020.8757 53.1439
2020.8784 51.8569
2020.8811 52.4100
2020.8839 47.6731
2020.8866 46.3460
2020.8893 45.6686
2020.8921 50.7408
2020.8948 51.3625
2020.8975 53.6035
2020.9003 52.5638
2020.9030 52.7432
2020.9057 50.7616
2020.9085 50.4589
2020.9112 52.8150
2020.9139 56.1097
2020.9167 49.3131
2020.9194 54.4061
2020.9221 51.5989
2020.9249 53.1114
2020.9276 55.7836
2020.9303 56.8356
2020.9331 47.8072
2020.9358 55.9286
2020.9385 55.3896
2020.9413 53.6503
2020.9440 52.6807
2020.9467 55.8108
2020.9495 53.9406
2020.9522 56.8800
2020.9549 58.7891
2020.9576 59.8478
2020.9604 58.8862
2020.9631 57.0142
2020.9658 57.5019
2020.9686 55.7992
2020.9713 58.2861
2020.9740 55.4827
2020.9768 57.0188
2020.9795 58.0446
2020.9822 54.0199
2020.9850 60.3549
2020.9877 55.0695
2020.9904 53.4936
2020.9932 59.4073
2020.9959 58.7706
2020.9986 58.4034
2021.0014 59.0156
2021.0041 59.9854
2021.0068 62.6527
2021.0096 64.1178
2021.0123 59.7108
2021.0151 59.0721
2021.0178 61.3516
2021.0205 60.2798
2021.0233 60.2867
2021.0260 60.6826
2021.0288 62.6076
2021.0315 58.7120
2021.0342 58.2960
2021.0370 58.5697
2021.0397 57.8934
2021.0425 54.4773
2021.0452 55.6816
2021.0479 56.1364
2021.0507 57.9220
2021.0534 53.9686
2021.0562 55.8064
2021.0589 53.5955
2021.0616 60.0463
2021.0644 62.3088
2021.0671 58.4433
2021.0699 61.6400
2021.0726 59.0490
2021.0753 56.3707
2021.0781 56.9351
2021.0808 56.5026
2021.0836 63.3916
2021.0863 59.6006
2021.0890 60.1997
2021.0918 62.3989
2021.0945 59.0281
2021.0973 58.2074
2021.1000 54.3967
2021.1027 55.6160
2021.1055 54.8555
2021.1082 58.8349
2021.1110 57.2144
2021.1137 58.2039
2021.1164 60.3935
2021.1192 59.9532
2021.1219 59.4228
2021.1247 59.6125
2021.1274 57.5123
2021.1301 58.0221
2021.1329 54.3719
2021.1356 56.8718
2021.1384 50.9717
2021.1411 56.2416
2021.1438 60.4116
2021.1466 62.1216
2021.1493 60.8916
2021.1521 60.0816
2021.1548 62.3617
2021.1575 62.0518
2021.1603 61.8920
2021.1630 60.6521
2021.1658 58.3923
2021.1685 55.6926
2021.1712 60.2628
2021.1740 60.5631
2021.1767 58.0534
2021.1795 57.4838
2021.1822 59.0941
2021.1849 57.6645
2021.6397 57.5560
2021.6534 64.6837
2021.6562 72.7520
2021.6616 56.3873
2021.6699 60.8271
2021.6726 60.8435
2021.6753 56.1399
2021.6890 62.1709
2021.6918 61.1070
2021.6945 60.1830
2021.6973 62.0589
2021.7000 59.5147
2021.7027 64.1505
2021.7055 59.5262
2021.7082 61.6418
2021.7110 60.4273
2021.7137 59.0728
2021.7164 58.7881
2021.7192 62.0534
2021.7219 59.5685
2021.7247 63.0036
2021.7274 61.3486
2021.7301 66.0435
2021.7329 64.2682
2021.7356 62.8629
2021.7384 63.7075
2021.7411 63.5619
2021.7438 60.4062
2021.7466 60.9604
2021.7493 59.8345
2021.7521 58.8983
2021.7548 59.3218
2021.7575 62.0051
2021.7603 64.5981
2021.7630 65.0109
2021.7658 63.9036
2021.7685 62.6260
2021.7712 63.1883
2021.7740 58.9404
2021.7767 63.7824
2021.7794 63.2243
2021.7822 64.5560
2021.7849 63.5877
2021.7877 62.0193
2021.7904 62.8309
2021.7931 64.9124
2021.7959 65.1139
2021.7986 62.4254
2021.8014 60.9170
2021.8041 65.7685
2021.8068 64.4401
2021.8096 66.6417
2021.8123 61.5935
2021.8151 66.6853
2021.8178 60.8573
2021.8205 56.1493
2021.8233 58.4415
2021.8260 56.7039
2021.8288 54.2465
2021.8315 52.9392
2021.8342 54.4422
2021.8397 54.4989
2021.8425 57.4427
2021.8479 61.6810
2021.8507 60.1455
2021.8534 59.3803
2021.8562 58.0353
2021.8589 59.8905
2021.8616 55.9661
2021.8644 56.8718
2021.8671 56.5678
2021.8699 58.8440
2021.8726 59.8805
2021.8753 61.4372
2021.8781 58.6141
2021.8808 60.3013
2021.8836 60.7687
2021.8863 62.7163
2021.8918 57.6222
2021.8945 65.6604
2021.8973 63.9389
2021.9000 60.7276
2021.9027 62.4865
2021.9055 65.0057
2021.9082 62.8850
2021.9110 66.8546
2021.9137 68.7443
2021.9164 64.5946
2021.9192 69.9273
2021.9219 69.2926
2021.9247 65.9204
2021.9274 68.9504
2021.9301 67.0225
2021.9329 60.9665
2021.9356 60.0321
2021.9384 65.3393
2021.9411 70.7178
2021.9438 66.0575
2021.9466 62.3481
2021.9493 64.8595
2021.9521 64.9415
2021.9575 62.4565
2021.9603 67.0392
2021.9630 68.9818
2021.9658 67.9440
2021.9685 68.0958
2021.9712 60.8868
2021.9740 58.6970
2021.9767 70.8061
2021.9795 66.8840
2021.9822 71.3405
2021.9849 75.6853
2021.9877 74.7884
2021.9904 67.0995
2021.9931 67.5385
2021.9959 67.1851
2021.9986 65.3691
2022.0014 70.2507
2022.0041 67.4910
2022.0068 71.5901
2022.0096 70.5582
2022.0123 63.3354
2022.0151 61.6117
2022.0178 62.8173
2022.0205 72.0222
2022.0233 66.1965
2022.0260 69.0003
2022.0288 70.3336
2022.0315 65.8467
2022.0342 66.2295
2022.0370 66.4821
2022.0397 66.6246
2022.0425 70.4971
2022.0452 69.0897
2022.0479 68.2025
2022.0507 69.2055
2022.0534 69.5088
2022.0562 66.9326
2022.0589 66.5468
2022.0616 64.3417
2022.0644 65.3472
2022.0671 68.7534
2022.0699 70.2305
2022.0726 70.1586
2022.0753 66.3976
2022.0781 70.1077
2022.0808 65.2790
2022.0836 72.2410
2022.0863 67.4733
2022.0890 69.3159
2022.0918 69.5788
2022.0945 68.4318
2022.0973 68.2351
2022.1000 62.6485
2022.1027 66.3521
2022.1055 66.8158
2022.1082 63.2797
2022.1110 71.9036
2022.1137 67.4677
2022.1164 66.2517
2022.1192 67.0659
2022.1219 69.4200
2022.1247 67.4642
2022.1274 63.7783
2022.1301 65.4223
2022.1329 67.1264
2022.1356 68.4803
2022.1384 64.3841
2022.1411 73.7678
2022.1438 68.1914
2022.1466 69.2547
2022.1493 66.1979
2022.1521 65.4109
2022.1548 67.7937
2022.1575 68.9462
2022.1603 68.4285
2022.1630 67.4704
2022.1658 69.0921
2022.1685 69.6735
2022.1712 69.6147
2022.1740 67.5256
2022.1767 75.4162
2022.1795 75.8266
2022.1822 68.7968
2022.1849 73.5367
2022.1877 73.3164
2022.1904 73.0959
2022.1931 70.8852
2022.1959 72.4342
2022.1986 73.0331
2022.2014 71.4518
2022.2041 68.9902
2022.2068 71.2985
2022.2096 73.4466
2022.2123 75.2146
2022.2151 76.5123
2022.2178 74.9200
2022.2205 66.3474
2022.3548 65.0002
2022.3575 65.5553
2022.3603 66.3410
2022.3630 81.3074
2022.3658 70.4042
2022.3685 67.2112
2022.3712 64.7985
2022.3740 64.1258
2022.3767 73.1829
2022.3794 70.1699
2022.3822 66.1464
2022.3849 63.7625
2022.3877 66.2279
2022.3904 66.8326
2022.3931 62.0563
2022.3959 63.8690
2022.3986 65.7505
2022.4014 66.0707
2022.4041 68.6595
2022.4068 68.1667
2022.4096 70.4721
2022.4123 71.7357
2022.4151 62.8384
2022.4178 63.7111
2022.4205 62.8038
2022.4233 63.3866
2022.4260 64.8593
2022.4288 66.2321
2022.4315 66.3048
2022.4342 71.8575
2022.4370 72.4302
2022.4397 71.8428
2022.4425 70.8354
2022.4452 71.4879
2022.4479 67.9003
2022.4507 66.1727
2022.4534 65.9949
2022.4562 65.4671
2022.4589 65.9991
2022.4616 61.9710
2022.4644 65.6728
2022.4671 68.9544
2022.4699 70.0358
2022.4726 72.7171
2022.4753 66.7882
2022.4781 68.6092
2022.4808 70.0999
2022.4836 70.8204
2022.4863 69.5607
2022.4890 66.8308
2022.4918 68.6107
2022.4945 70.4503
2022.4973 68.2096
2022.5000 68.5189
2022.5027 65.6080
2022.5055 65.9671
2022.5082 68.8860
2022.5110 69.9449
2022.5137 76.1138
2022.5164 69.5425
2022.5192 71.3512
2022.5219 71.7299
2022.5247 71.3586
2022.5274 66.8072
2022.5301 60.2758
2022.5329 53.7543
2022.5356 77.2729
2022.5384 69.0014
2022.5411 69.1400
2022.5438 68.3386
2022.5466 68.0672
2022.5493 67.4458
2022.5521 67.1445
2022.5548 68.5732
2022.6671 71.8844
2022.6699 79.5079
2022.6726 73.9325
2022.6753 71.1981
2022.6781 69.8948
2022.6808 73.6323
2022.6836 75.5506
2022.6863 78.0795
2022.6890 75.7090
2022.6918 71.3990
2022.6945 75.3893
2022.6973 72.5400
2022.7000 74.7908
2022.7027 72.9716
2022.7055 72.0125
2022.7082 71.6532
2022.7110 71.7737
2022.7137 74.3539
2022.7164 73.2536
2022.7192 70.7428
2022.7219 73.0615
2022.7247 72.5894
2022.7274 70.5764
2022.7301 68.8326
2022.7329 72.2778
2022.7356 71.6818
2022.7384 75.2246
2022.7411 77.1661
2022.7438 71.9362
2022.7466 73.2148
2022.7493 70.9518
2022.7521 69.4676
2022.7548 67.2722
2022.7575 70.4958
2022.7603 68.7883
2022.7630 69.4099
2022.7658 72.0606
2022.7685 70.1505
2022.7712 74.9198
2022.7740 74.7583
2022.7767 73.0463
2022.7794 73.4338
2022.7822 70.3108
2022.7849 69.4475
2022.7877 73.5039
2022.7904 72.4101
2022.7931 74.0562
2022.7959 68.4222
2022.7986 73.0581
2022.8014 69.8442
2022.8041 69.7704
2022.8068 67.7368
2022.8096 67.5735
2022.8123 68.1006
2022.8151 70.0281
2022.8178 68.5061
2022.8205 68.4447
2022.8233 68.1639
2022.8260 66.6339
2022.8288 65.7247
2022.8315 71.7063
2022.8342 67.5386
2022.8370 70.0113
2022.8397 71.0144
2022.8425 72.2279
2022.8452 72.3116
2022.8479 67.9157
2022.8507 67.6500
2022.8534 73.9545
2022.8562 72.8892
2022.8589 67.5340
2022.8616 66.5290
2022.8644 70.7041
2022.8671 68.6492
2022.8699 73.2443
2022.8726 72.1395
2022.8753 72.9545
2022.8781 68.7796
2022.8808 76.9245
2022.8836 71.0792
2022.8863 73.8538
2022.8890 72.5482
2022.8918 72.8524
2022.8945 76.6862
2022.8973 73.3998
2022.9000 71.6631
2022.9027 68.8360
2022.9055 67.5584
2022.9082 66.9405
2022.9110 75.0121
2022.9137 70.0031
2022.9164 71.7237
2022.9192 71.7837
2022.9219 70.0232
2022.9247 70.6822
2022.9274 69.1406
2022.9301 69.9486
2022.9329 72.6660
2022.9356 70.4430
2022.9384 71.5496
2022.9411 76.4856
2022.9438 73.8612
2022.9466 71.7464
2022.9493 72.6112
2022.9521 73.1055
2022.9548 70.6795
2022.9575 72.9831
2022.9603 71.4662
2022.9630 72.2490
2022.9658 71.1415
2022.9685 74.5536
2022.9712 71.9254
2022.9740 72.6368
2022.9767 74.5079
2022.9795 73.2188
2022.9822 72.8493
2022.9849 71.8395
2022.9877 68.9195
2022.9904 71.3692
2022.9931 71.9487
2022.9959 71.7279
2022.9986 69.8469
