2006.9931 9.0795
2006.9959 9.0560
2006.9986 11.9924
2007.0014 14.6388
2007.0041 12.8052
2007.0068 9.5315
2007.0096 12.1078
2007.0123 17.7840
2007.0151 12.0402
2007.0178 12.3463
2007.0205 14.6524
2007.0233 16.0684
2007.0260 13.2743
2007.0288 18.0901
2007.0315 14.6259
2007.0342 16.9316
2007.0370 18.0971
2007.0397 17.2626
2007.0425 17.7780
2007.0452 15.5633
2007.0479 16.2984
2007.0507 16.3535
2007.0534 15.9184
2007.0562 13.2633
2007.0589 20.2880
2007.0616 20.7725
2007.0644 22.1670
2007.0671 16.8213
2007.0699 18.1954
2007.0726 15.6194
2007.0753 20.5633
2007.0781 21.5770
2007.0808 19.2806
2007.0836 18.2336
2007.0863 18.9459
2007.0890 17.5874
2007.0918 18.0982
2007.0945 16.7783
2007.0973 18.6779
2007.1000 14.7069
2007.1027 14.9153
2007.1055 18.2933
2007.1082 16.3009
2007.1110 20.9982
2007.1137 18.8951
2007.1164 15.0017
2007.1192 17.8881
2007.1219 19.2143
2007.1247 18.5204
2007.1274 19.9464
2007.1301 19.1223
2007.1329 16.4183
2007.1356 16.6343
2007.1384 17.4904
2007.1411 12.5467
2007.1438 11.7332
2007.1466 18.5199
2007.1493 16.6069
2007.1521 14.0842
2007.1548 15.7219
2007.1575 15.3501
2007.1603 17.1087
2007.1630 14.7979
2007.1658 12.7676
2007.1685 14.7877
2007.1712 12.9183
2007.1740 14.9693
2007.1767 12.7407
2007.1795 10.4425
2007.1822 13.0545
2007.1849 12.0768
2007.1877 14.5393
2007.1904 20.2920
2007.1931 12.2349
2007.1959 5.6079
2007.1986 10.8809
2007.2014 5.5040
2007.2041 16.7872
2007.2068 21.3703
2007.2096 18.8333
2007.2123 13.9762
2007.2151 19.5190
2007.2178 16.8917
2007.2205 16.4341
2007.2233 13.6963
2007.2260 12.1582
2007.2288 14.8498
2007.2315 16.7510
2007.2342 14.2518
2007.2370 19.2423
2007.2397 19.2822
2007.2425 18.3517
2007.2452 20.7306
2007.2479 14.9982
2007.2507 21.1640
2007.2534 16.1080
2007.2562 16.3403
2007.2589 21.7810
2007.2616 19.1804
2007.2644 19.8785
2007.2671 21.6654
2007.2699 19.2013
2007.2726 17.5562
2007.2753 21.3604
2007.2781 23.0039
2007.2808 14.1768
2007.2836 18.4893
2007.2863 20.5214
2007.2890 18.5534
2007.2918 22.0554
2007.2945 12.1373
2007.2973 10.0695
2007.3000 16.5220
2007.3027 14.0349
2007.3055 22.1183
2007.3082 17.9424
2007.3110 15.9973
2007.3137 14.9431
2007.3164 14.1800
2007.3192 11.9980
2007.3219 9.1273
2007.3247 12.9880
2007.3274 2.9502
2007.3301 9.9841
2007.3329 14.9899
2007.3356 15.4076
2007.3384 14.7569
2007.3411 13.9777
2007.3438 16.2899
2007.3466 11.1633
2007.3493 13.7177
2007.3521 17.3931
2007.3548 19.3392
2007.3575 21.8559
2007.3603 18.8831
2007.3630 17.8706
2007.3658 20.8882
2007.3685 20.0059
2007.3712 16.8834
2007.3740 15.0205
2007.3767 14.6273
2007.3794 12.4834
2007.3822 13.2687
2007.3849 10.9332
2007.3877 13.9166
2007.3904 14.8087
2007.3931 13.8996
2007.3959 10.5488
2007.3986 7.8765
2007.4014 16.7723
2007.4041 17.0061
2007.4068 18.6678
2007.4096 27.6973
2007.4123 28.4443
2007.4151 26.2200
2007.4178 19.2757
2007.4205 12.0613
2007.4233 18.1169
2007.4260 19.3225
2007.4288 12.7480
2007.4315 12.4135
2007.4342 15.7789
2007.4370 16.6643
2007.4397 13.2797
2007.4425 16.6251
2007.4452 15.9704
2007.4479 16.3958
2007.4507 12.5911
2007.4534 16.8864
2007.4562 16.6317
2007.4589 19.3571
2007.4616 13.0624
2009.0151 14.4751
2009.0178 20.1887
2009.0205 17.1519
2009.0233 19.1347
2009.0260 14.9470
2009.0288 17.8290
2009.0315 15.9506
2009.0342 16.8219
2009.0370 19.8128
2009.0397 19.8834
2009.0425 15.2637
2009.0452 18.1537
2009.0479 18.1734
2009.0507 18.6128
2009.0534 16.8020
2009.0562 16.3009
2009.0589 14.8796
2009.0616 16.5481
2009.0644 22.0164
2009.0671 16.1245
2009.0699 15.5424
2009.0726 16.4802
2009.0753 19.0978
2009.0781 16.8953
2009.0863 17.2364
2009.0890 16.7926
2009.0918 13.3583
2009.0945 12.0438
2009.0973 10.8389
2009.1000 15.2838
2009.1027 23.1985
2009.1055 23.4529
2009.1082 20.6173
2009.1110 19.2115
2009.1137 23.4157
2009.1164 22.9599
2009.1192 19.5741
2009.1219 22.5784
2009.1247 17.8028
2009.1274 20.9774
2009.1301 13.5921
2009.1329 17.2471
2009.1356 17.2124
2009.1384 18.6580
2009.1411 19.3940
2009.1438 20.4203
2009.1466 20.8772
2009.1493 19.5945
2009.1521 20.0223
2009.1548 20.4407
2009.1575 18.1598
2009.1603 19.7094
2009.1630 17.1300
2009.1658 18.6522
2009.1685 18.7861
2009.1712 21.2617
2009.1740 20.4786
2009.1767 18.3070
2009.1795 20.3966
2009.1822 20.4172
2009.1849 23.1089
2009.1904 26.4348
2009.1931 23.0887
2009.1959 31.1432
2009.1986 18.0681
2009.2014 19.1133
2009.2041 24.1586
2009.2068 26.2040
2009.2096 20.2494
2009.2123 22.1145
2009.2151 16.7893
2009.2178 18.9438
2009.2205 22.7876
2009.2233 20.7208
2009.2260 19.2433
2009.2288 24.0048
2009.2315 23.4454
2009.2342 22.3748
2009.2370 21.0229
2009.2397 14.7997
2009.2425 11.9150
2009.2452 13.5487
2009.2479 11.7612
2009.2507 6.7231
2009.2534 12.6344
2009.2562 13.3951
2009.2589 13.9553
2009.2616 12.2050
2009.2644 8.6944
2009.2671 16.4133
2009.2699 16.8919
2009.2726 16.3203
2009.2781 17.2562
2009.2808 26.1940
2009.2836 20.8416
2009.2863 18.9391
2009.2918 14.9342
2009.2945 9.8518
2009.2973 13.3396
2009.3000 14.0775
2009.3027 14.0856
2009.3055 13.8739
2009.3082 15.6425
2009.3110 15.4015
2009.3137 15.3808
2009.3164 15.6106
2009.3192 13.9608
2009.3219 14.6315
2009.3247 15.7128
2009.3274 13.0147
2009.3301 10.9873
2009.4123 11.5503
2009.4836 18.5713
2009.4863 7.2254
2009.5027 12.8106
2009.5055 14.1872
2009.5411 11.0341
2009.5438 12.0927
2009.5466 13.9615
2009.5493 17.2606
2009.5521 20.1799
2009.5548 8.6095
2009.5575 21.5593
2009.5603 18.6394
2009.5630 17.3298
2009.5658 18.1405
2009.5685 13.9215
2009.5712 11.6228
2009.5740 6.4044
2009.6041 15.9088
2009.6068 21.2991
2009.6178 5.8643
2009.6205 13.4261
2009.6233 12.1480
2009.6260 16.8697
2009.6288 19.1714
2009.6315 17.2329
2009.6342 25.3640
2009.6370 19.5648
2009.6397 27.7652
2009.6425 23.6650
2009.6452 25.3941
2009.6699 21.1878
2009.6726 16.7693
2009.6753 21.4307
2009.6781 16.0220
2009.6890 21.4060
2009.6918 19.6968
2009.7164 17.4329
2009.7192 12.6536
2009.7219 12.1945
2009.7384 11.2612
2009.7411 14.0228
2009.7438 22.3445
2009.7603 2.9568
2009.7658 15.7111
2009.7685 17.1033
2009.7904 19.1816
2009.7931 17.3040
2009.8452 1.9361
2010.0890 14.8066
2010.0918 17.1510
2010.0945 16.5754
2010.0973 15.5400
2010.1000 13.5546
2010.1027 12.7394
2010.1055 12.5042
2010.1082 13.5891
2010.1110 13.5142
2010.1137 14.0193
2010.1164 16.9545
2010.1192 18.2998
2010.1219 13.1352
2010.1247 11.8307
2010.1274 12.6862
2010.1301 18.5319
2010.1329 15.2976
2010.1356 14.7134
2010.1384 11.2792
2010.1411 12.9252
2010.1438 11.9012
2010.1466 15.4173
2010.1493 19.1835
2010.1521 18.8797
2010.1548 18.4660
2010.1575 18.4423
2010.1603 15.3188
2010.1630 15.2552
2010.1658 11.7818
2010.1685 16.7184
2010.1712 21.0650
2010.1740 18.3116
2010.1767 16.6284
2010.1795 16.5451
2010.1822 15.9119
2010.1849 19.2687
2010.1877 14.9555
2010.1904 15.6923
2010.1931 11.9892
2010.1959 12.5360
2010.1986 13.3829
2010.2014 14.7598
2010.2041 12.2567
2010.2068 11.7036
2010.2096 10.4005
2010.2123 13.8574
2010.2151 11.8142
2010.2178 17.5111
2010.2205 12.2379
2010.2233 14.0548
2010.2260 14.4116
2010.2288 12.6983
2010.2315 15.1151
2010.2342 17.2118
2010.2370 16.8985
2010.2397 16.0651
2010.2425 15.3817
2010.2452 15.1783
2010.2479 17.6345
2010.2507 15.6803
2010.2534 17.1255
2010.2562 21.7703
2010.2589 16.1547
2010.2616 19.4087
2010.2644 12.8223
2010.2671 16.6957
2010.2699 14.0788
2010.2726 21.4817
2010.2753 19.5245
2010.2781 17.4271
2010.2808 15.0295
2010.2836 18.6420
2010.2863 14.1544
2010.2890 14.1268
2010.2918 16.1092
2010.2945 14.2918
2010.2973 13.6844
2010.3000 13.7573
2010.3027 19.8203
2010.3055 16.7036
2010.3082 15.3972
2010.3110 19.3911
2010.3137 17.4254
2010.3164 15.1300
2010.3192 14.3551
2010.3219 15.0807
2010.3247 13.2968
2010.3274 11.8234
2010.3301 13.8507
2010.3329 12.3192
2010.3356 14.3788
2010.3384 13.5397
2010.3411 13.2616
2010.3438 11.9446
2010.3466 8.7986
2010.3493 12.4336
2010.3521 10.2795
2010.3548 16.2463
2010.3575 18.0140
2010.3603 18.5825
2010.3630 12.0017
2010.3658 13.7817
2010.3685 18.4523
2010.3712 16.3936
2010.3740 18.3554
2010.3767 19.0878
2010.3794 18.2407
2010.3822 19.8140
2010.3849 17.6778
2010.3877 18.3719
2010.3904 15.7064
2010.3931 20.0411
2010.3959 15.5961
2010.3986 20.4612
2010.4014 23.0166
2010.4041 21.9420
2010.4068 17.7375
2010.4096 15.7530
2010.4123 19.9785
2010.4151 22.2841
2010.4178 23.7502
2010.4205 25.2567
2010.4233 23.5136
2010.4260 23.1908
2010.4288 17.4184
2010.4315 18.5064
2010.4342 17.5548
2010.4370 17.4835
2010.4397 18.6125
2010.4425 20.1119
2010.4452 22.4316
2010.4479 20.4316
2010.4507 17.9919
2010.4534 18.6125
2010.4562 19.8533
2010.4589 18.0445
2010.4616 20.0459
2010.4644 17.1976
2010.4671 26.6095
2010.4699 17.1317
2010.4726 20.3240
2010.4753 16.3466
2010.4781 18.4195
2010.4808 15.8925
2010.4836 17.4957
2010.4863 23.6191
2010.4890 19.6726
2010.4918 22.3864
2010.4945 19.2002
2010.4973 18.9145
2010.5000 23.4705
2010.5027 19.4584
2010.5055 16.6181
2010.5082 22.4593
2010.5110 19.8220
2010.5137 20.8360
2010.5164 18.1712
2010.5192 20.5175
2010.5219 18.9746
2010.5247 21.2726
2010.5274 22.3811
2010.5301 28.2602
2010.5329 15.5196
2012.0396 41.2880
2012.0423 40.5477
2012.0451 40.9674
2012.0478 40.5471
2012.0505 40.6268
2012.0533 42.7467
2012.0560 39.2567
2012.0587 43.6569
2012.0615 39.9674
2012.0642 40.8282
2012.0669 43.0094
2012.0697 41.7010
2012.0724 43.6332
2012.0751 41.8558
2012.0779 39.6191
2012.0806 39.3930
2012.0833 38.7473
2012.0861 40.9718
2012.0888 44.0165
2012.0915 41.8913
2012.0943 42.6963
2012.0970 39.8616
2012.0997 42.5070
2012.1025 40.5227
2012.1052 46.1786
2012.1079 41.9148
2012.1107 44.4513
2012.1134 42.0981
2012.1161 43.1952
2012.1189 42.1826
2012.1216 43.2904
2012.1243 39.7785
2012.1270 39.4570
2012.1298 38.6359
2012.1325 41.6552
2012.1352 39.8049
2012.1380 40.0751
2012.1407 43.6357
2012.1434 42.6367
2012.1462 39.1383
2012.1489 39.3603
2012.1516 36.9328
2012.1544 39.7959
2012.1571 42.0395
2012.1598 42.3837
2012.1626 41.9384
2012.1653 42.3741
2012.1680 41.2806
2012.1708 43.8080
2012.1735 44.0561
2012.1762 39.8149
2012.1790 41.9144
2012.1817 41.0545
2012.1844 43.9551
2012.1872 38.1761
2012.1899 41.9276
2012.1926 43.3693
2012.1954 40.1213
2012.1981 41.3836
2012.2008 42.6560
2012.2035 42.8284
2012.2063 40.3009
2012.2090 40.7633
2012.2117 36.7256
2012.2145 37.9677
2012.2172 37.7996
2012.2199 39.3712
2012.2227 41.4624
2012.2254 41.7532
2012.2281 35.2335
2012.2309 38.2533
2012.2336 43.3724
2012.2363 41.4509
2012.2391 43.8586
2012.2418 39.4555
2012.2445 38.3715
2012.2473 37.8168
2012.2500 40.8719
2012.2527 39.2568
2012.2555 40.0515
2012.2582 40.9161
2012.2609 35.5606
2012.2637 38.3049
2012.2664 40.2891
2012.2691 43.5532
2012.2719 41.3572
2012.2746 42.7912
2012.2773 43.8751
2012.2801 40.3990
2012.2828 43.0129
2012.2855 40.8268
2012.2882 40.4307
2012.2910 42.3647
2012.2937 42.0987
2012.2964 44.3928
2012.2992 39.3469
2012.3019 44.2912
2012.3046 45.2255
2012.3074 46.1601
2012.3101 50.4447
2012.3128 51.3195
2012.3156 43.3145
2012.3183 42.9797
2012.3210 46.4251
2012.3238 39.1208
2012.3265 39.4767
2012.3292 41.9628
2012.6598 48.0485
2012.6762 44.2306
2012.6790 36.6917
2012.6899 44.7852
2012.6926 41.4803
2012.6954 47.4559
2012.6981 42.4319
2012.7008 29.2482
2012.7117 42.9245
2012.7145 44.7509
2012.7172 37.4869
2012.7199 39.9126
2012.7227 40.5678
2012.7254 34.4825
2012.7281 40.1564
2012.7309 35.8096
2012.7336 38.8720
2012.7391 38.6036
2012.7418 37.2927
2012.7445 37.6906
2012.7473 41.2571
2012.7500 41.4024
2012.7527 41.5172
2012.7555 40.6414
2012.7582 38.8852
2012.7609 39.2783
2012.7637 39.1510
2012.7664 39.9332
2012.7691 42.6350
2012.7719 38.2762
2012.7746 40.9770
2012.7773 42.2274
2012.7801 42.2873
2012.7828 41.1368
2012.7855 41.6559
2012.7882 39.9146
2012.7910 43.9629
2012.7937 39.8108
2012.7964 41.0583
2012.7992 37.2355
2012.8019 38.8624
2012.8046 41.6589
2012.8074 44.6450
2012.8101 50.2009
2012.8128 45.9365
2012.8156 47.0817
2012.8183 45.7967
2012.8210 44.5914
2012.8238 40.4859
2012.8265 40.3501
2012.8292 41.5141
2012.8320 42.3478
2012.8347 45.7114
2012.8374 45.6648
2012.8402 41.8580
2012.8429 41.2310
2012.8456 44.8138
2012.8484 42.7463
2012.8511 41.4987
2012.8538 45.3308
2012.8566 42.7626
2012.8593 40.4041
2012.8620 42.8954
2012.8648 43.7264
2012.8675 39.8371
2012.8702 44.3175
2012.8729 41.1675
2012.8757 41.7172
2012.8784 42.5565
2012.8811 41.7155
2012.8839 45.7841
2012.8866 44.5923
2012.8893 45.8801
2012.8921 44.8575
2012.8948 46.9445
2012.8975 44.4410
2012.9003 45.3871
2012.9030 42.5927
2012.9057 41.4578
2012.9085 43.0825
2012.9112 44.0267
2012.9139 47.1603
2012.9167 44.4834
2012.9194 45.3156
2012.9221 41.7869
2012.9249 42.7274
2012.9276 45.8771
2012.9303 39.4162
2012.9331 44.8346
2012.9358 43.4524
2012.9385 45.1797
2012.9413 42.3565
2012.9440 41.6929
2012.9467 40.4389
2012.9495 38.8646
2012.9522 38.9800
2012.9549 43.6753
2012.9576 42.4003
2012.9604 41.7053
2012.9631 43.4203
2012.9658 44.7953
2012.9686 41.0303
2012.9713 39.3755
2012.9740 40.3708
2012.9768 41.2364
2012.9795 43.6523
2012.9822 40.5785
2012.9850 41.4552
2012.9877 42.8322
2012.9904 43.0899
2012.9932 43.2280
2012.9959 45.7168
2012.9986 42.5863
2013.0014 43.5564
2013.0041 42.3366
2013.0068 40.1269
2013.0096 41.6974
2013.0123 41.0880
2013.0151 40.9789
2013.0178 41.8500
2013.0205 40.6614
2013.0233 41.5631
2013.0260 45.5052
2013.0288 41.7176
2013.0315 43.3205
2013.0342 40.3139
2013.0370 44.4078
2014.1384 34.3496
2014.1411 23.0463
2014.1438 27.6628
2014.1466 20.6892
2014.1493 31.1956
2014.1521 30.3418
2014.1548 33.2979
2014.1575 29.1938
2014.1603 31.4395
2014.1630 27.9750
2014.1658 31.2299
2014.1685 27.5841
2014.1712 31.0278
2014.1740 27.3709
2014.1767 31.5736
2014.1795 32.3259
2014.1822 29.6778
2014.1849 26.8094
2014.1877 30.4908
2014.1904 29.5520
2014.1931 24.5031
2014.1959 22.0441
2014.1986 22.3851
2014.2014 21.3162
2014.2041 21.5973
2014.2068 19.2387
2014.2096 23.0902
2014.2123 26.5220
2014.2151 21.7742
2014.2178 23.8067
2014.2205 19.4697
2014.2233 22.6732
2014.2260 22.9073
2014.2288 25.4119
2014.2315 22.9473
2014.2342 25.6333
2014.2370 21.8602
2014.2397 30.5179
2014.2425 23.4865
2014.2452 26.3561
2014.2479 20.3372
2014.2507 23.0103
2014.2534 25.3652
2014.2562 25.4919
2014.2589 32.6402
2014.2616 22.1900
2016.9331 21.9553
2016.9358 18.2851
2016.9385 20.3147
2016.9413 20.4340
2016.9440 21.5932
2016.9467 24.2122
2016.9495 25.2310
2016.9522 20.6297
2016.9549 19.8481
2016.9576 20.2263
2016.9604 22.3744
2016.9631 19.3122
2016.9658 15.0598
2016.9686 19.3573
2016.9713 19.8146
2016.9740 17.8816
2016.9768 18.7385
2016.9795 17.7751
2016.9822 19.4716
2016.9850 22.7479
2016.9877 19.5340
2016.9904 18.9898
2016.9932 20.0155
2016.9959 16.5910
2016.9986 19.2562
2017.0014 19.4213
2017.0041 16.6262
2017.0068 16.3210
2017.0096 21.2055
2017.0123 19.9600
2017.0151 17.7343
2017.0178 19.3885
2017.0205 17.5925
2017.0233 21.6165
2017.0260 21.9503
2017.0288 19.1340
2017.0315 18.3775
2017.0342 19.3310
2017.0370 20.3844
2017.0397 21.0677
2017.0425 16.1608
2017.0452 18.1739
2017.0479 17.8770
2017.0507 18.4099
2017.0534 22.5528
2017.0562 21.9956
2017.0589 21.1984
2018.0452 31.7830
2018.0479 29.7747
2018.0507 32.5466
2018.0534 31.8388
2018.0562 31.9812
2018.0589 30.4440
2018.0616 30.3272
2018.0644 27.9808
2018.0671 30.0149
2018.0699 28.2096
2018.0726 31.9648
2018.0753 30.5306
2018.0781 30.5671
2018.0808 29.5543
2018.0836 32.2020
2018.0863 30.6999
2018.0890 27.6182
2018.0918 28.5066
2018.0945 28.6753
2018.0973 24.5842
2018.1000 28.0634
2018.1027 28.7127
2018.1055 29.5523
2018.1082 26.5621
2018.1110 30.7920
2018.1137 34.2422
2018.1164 34.7625
2018.1192 31.4429
2018.1219 33.2136
2018.1247 26.5944
2018.1274 31.2853
2018.1301 29.9364
2018.1329 34.6176
2018.1356 29.3289
2018.1384 29.3304
2018.1411 33.0419
2018.1438 31.0936
2018.1466 30.5153
2018.1493 32.5071
2018.1521 28.1590
2018.1548 29.6510
2018.1575 22.7430
2018.1603 27.3951
2018.1630 31.8472
2018.1658 30.4594
2018.1685 33.4716
2018.1712 31.0239
2022.0589 35.5070
2022.0616 32.2731
2022.0644 31.0898
2022.0671 37.2773
2022.0699 36.8755
2022.0726 34.8946
2022.0753 34.0947
2022.0781 34.7358
2022.0808 38.4780
2022.0836 40.1810
2022.0863 34.0945
2022.0890 34.6984
2022.0918 35.5627
2022.0945 34.3874
2022.0973 38.2823
2022.1000 35.1776
2022.1027 34.3031
2022.1055 37.4788
2022.1082 32.1947
2022.1110 30.1708
2022.1137 34.1470
2022.1164 36.4733
2022.1192 37.3796
2022.1219 37.7760
2022.1247 33.7624
2022.1274 31.3487
2022.1301 34.0150
2022.1329 33.7012
2022.1356 35.6473
2022.1384 31.2032
2022.1411 40.8489
2022.1438 35.8343
2022.1466 33.9795
2022.1493 32.2045
2022.1521 31.1791
2022.1548 34.6233
2022.1575 36.9372
2022.1603 35.1606
2022.1630 33.1336
2022.1658 33.9862
2022.1685 35.8784
2022.1712 32.0302
2022.1740 27.2217
2022.1767 34.2728
2022.1795 40.6435
2022.1822 35.3439
2022.1849 39.2939
2022.1877 42.7836
2022.3548 30.8389
2022.3575 30.3456
2022.3603 32.1929
2022.3630 33.5008
2022.3658 32.6590
2022.3685 34.9075
2022.3712 35.4862
2022.3740 41.5350
2022.3767 35.5538
2022.3794 36.4725
2022.3822 33.1409
2022.3849 33.8691
2022.3877 37.7568
2022.3904 39.2340
2022.3931 34.9105
2022.3959 31.9163
2022.3986 31.5213
2022.4014 28.7953
2022.4041 27.7683
2022.4068 27.5701
2022.4096 27.3407
2022.4123 38.6599
2022.4151 34.5885
2022.4178 31.5572
2022.4205 33.1261
2022.4233 33.6751
2022.4260 35.4341
2022.4288 35.4933
2022.4315 30.5324
2022.4342 37.5316
2022.4370 37.1108
2022.4397 38.4199
2022.4425 36.0790
2022.4452 36.6880
2022.4479 34.0369
2022.4507 34.2457
2022.4534 34.8044
2022.4562 32.2228
2022.4589 35.2611
2022.4616 29.7392
2022.4644 30.2270
2022.4671 32.4646
2022.4699 30.8719
2022.4726 32.5189
2022.4781 33.5020
2022.4808 38.8479
2022.4836 36.9035
2022.4863 34.7286
2022.4890 37.8933
2022.4918 40.4276
2022.4945 42.4714
2022.4973 39.2547
2022.5000 37.6379
2022.5027 30.9411
2022.5055 36.1943
2022.5082 37.4675
2022.5110 36.4206
2022.5137 36.0138
2022.5164 36.6069
2022.5192 37.3700
2022.5219 32.1530
2022.5247 37.2861
2022.5274 33.4091
2022.5301 26.2421
2022.5329 35.4451
2022.5356 42.7781
2022.5384 40.9211
2022.5411 41.4841
2022.5438 36.9270
2022.5466 38.0800
2022.5493 35.9229
2022.5521 32.9858
2022.5548 36.2187
2022.5575 34.7216
2022.5603 33.5745
2022.5630 37.2473
2022.5658 38.3602
2022.5685 31.4930
2022.5712 34.2159
2022.5740 29.7487
2022.5767 33.5216
2022.5794 33.5244
2022.5822 29.3272
2022.5849 31.9600
2022.5877 35.0427
2022.5904 39.2054
2022.5931 33.8681
2022.5959 37.0107
2022.5986 35.5534
2022.6014 38.6859
2022.6041 38.5185
2022.6068 34.0911
2022.6096 34.8436
2022.6123 36.5261
2022.6151 34.4886
2022.6178 34.7611
2022.6205 37.1236
2022.6233 35.3560
2022.6260 36.6285
2022.6288 35.3410
2022.6315 37.9534
2022.6342 33.5259
2022.6370 39.7984
2022.6397 39.4009
2022.6425 39.6334
2022.6452 36.1659
2022.6479 32.6184
2022.6507 34.8709
2022.6534 37.6035
2022.6562 37.4161
2022.6589 39.9087
2022.6616 41.8913
2022.6644 39.5640
2022.6671 39.2173
2022.6699 42.4917
2022.6726 40.7571
2022.6753 37.5936
2022.6781 37.6709
2022.6808 39.8290
2022.6836 41.5479
2022.6863 46.3275
2022.6890 40.2677
2022.6918 35.4084
2022.6945 39.7796
2022.6973 38.4212
2022.7000 43.2030
2022.7027 38.0651
2022.7055 38.6174
2022.7082 40.7697
2022.7110 38.1120
2022.7137 37.2243
2022.7164 38.2664
2022.7192 36.7083
2022.7219 36.1799
2022.7247 38.0211
2022.7274 36.8819
2022.7301 35.5622
2022.7329 38.3618
2022.7356 35.9709
2022.7384 38.3191
2022.7411 42.2766
2022.7438 37.2231
2022.7466 39.1087
2022.7493 35.7230
2022.7521 35.5145
2022.7548 36.1230
2022.7575 31.2089
2022.7603 35.4023
2022.7630 32.0133
2022.7658 36.8523
2022.7685 36.1693
2022.7712 38.9146
2022.7740 38.7584
2022.7767 35.8208
2022.7794 37.9520
2022.7822 37.8322
2022.7849 34.4117
2022.7877 41.1006
2022.7904 37.6091
2022.7931 37.8674
2022.7959 35.5557
2022.7986 37.0742
2022.8014 35.0730
2022.8041 34.6424
2022.8068 32.0325
2022.8096 30.7836
2022.8123 33.0658
2022.8151 34.4894
2022.8178 31.2644
2022.8205 30.7512
2022.8233 32.1599
2022.8260 29.4406
2022.8288 29.9537
2022.8315 35.5092
2022.8342 31.8375
2022.8370 33.1586
2022.8397 34.7923
2022.8425 36.6884
2022.8452 39.3967
2022.8479 32.8171
2022.8507 33.3492
2022.8534 39.7431
2022.8562 36.9683
2022.8589 36.1448
2022.8616 33.0023
2022.8644 37.4607
2022.8671 34.5798
2022.8699 42.1793
2022.8726 41.2091
2022.8753 37.3589
2022.8781 33.6387
2022.8808 41.3281
2022.8836 35.0570
2022.8863 38.5852
2022.8890 39.9225
2022.8918 38.0087
2022.8945 43.3637
2022.8973 39.7971
2022.9000 37.1389
2022.9027 35.3987
2022.9055 38.3366
2022.9082 36.3321
2022.9110 42.2752
2022.9137 32.5956
2022.9164 39.0634
2022.9192 35.7997
2022.9219 36.7147
2022.9247 36.8783
2022.9274 33.4707
2022.9301 36.4119
2022.9329 35.9417
2022.9356 36.3903
2022.9384 37.4977
2022.9411 39.5939
2022.9438 37.8289
2022.9466 34.7727
2022.9493 36.8153
2022.9521 38.9967
2022.9548 37.4569
2022.9575 38.8160
2022.9603 35.2740
2022.9630 34.1309
2022.9658 33.9866
2022.9685 39.1712
2022.9712 37.2348
2022.9740 37.9973
2022.9767 35.0487
2022.9795 37.6690
2022.9822 34.0683
2022.9849 34.4466
2022.9877 33.8939
2022.9904 38.4901
2022.9931 36.3654
2022.9959 37.2897
2022.9986 33.8730
