2012.1038 -0.9227
2012.1066 1.0660
2012.1093 7.3446
2012.1120 1.4732
2012.1148 6.1619
2012.1175 4.3105
2012.1202 4.9491
2012.1230 0.9978
2012.1257 2.4264
2012.1284 1.0451
2012.1311 -0.1863
2012.1339 3.5524
2012.1366 -1.8589
2012.1393 6.5398
2012.1421 5.3485
2012.1448 1.3172
2012.1475 -0.5241
2012.1503 2.5547
2012.1530 0.5335
2012.1557 7.7622
2012.1585 -0.8489
2012.1612 5.6799
2012.1639 3.8094
2012.1667 3.2005
2012.1694 1.5232
2012.1721 0.1073
2012.1749 0.7427
2012.1776 -2.4006
2012.1803 0.3972
2012.1831 3.6861
2012.1858 -1.3142
2012.1885 1.1064
2012.1913 -1.0623
2012.1940 -5.6203
2012.1967 0.2121
2012.1995 2.8450
2012.2022 1.4282
2012.2049 1.1416
2012.2077 2.9851
2012.2104 0.4686
2012.2131 0.8020
2012.2158 -0.7048
2012.2186 2.5281
2012.2213 -0.3394
2012.2240 -2.4274
2012.2268 -1.9761
2012.2295 -4.0754
2012.2322 7.4144
2012.2350 1.0933
2012.2377 0.4612
2012.2404 -3.1420
2012.2432 -4.9164
2012.2459 -4.5022
2012.2486 -2.0192
2012.2514 -4.2174
2012.2541 -6.8266
2012.2568 -1.5868
2012.2596 -3.8078
2012.2623 -2.9796
2012.2650 -0.3221
2012.2678 0.3147
2012.2705 2.2311
2012.2732 1.5570
2012.2760 3.5125
2012.2787 3.6978
2012.2814 5.1629
2012.2842 3.3579
2012.2869 2.9428
2012.2896 2.5179
2012.2923 1.8831
2012.2951 2.3086
2012.2978 0.7544
2012.3005 4.1606
2012.3033 4.6773
2012.3060 10.4747
2012.3087 4.2727
2012.3115 11.2614
2012.3142 9.6910
2012.3169 10.2016
2012.3197 6.7332
2012.3224 16.8359
2012.3251 6.9598
2012.3279 3.5749
2012.3306 0.6213
2012.3333 4.4883
2012.3361 10.0058
2012.3525 2.9899
2012.3552 4.6000
2012.3579 9.2103
2012.4481 11.0933
2012.5027 -0.3419
2012.6612 -0.3968
2012.6639 7.4596
2012.6667 5.7959
2012.6694 -6.5470
2012.6721 0.9306
2012.6749 6.7189
2012.6776 2.3776
2012.6803 -1.7932
2012.6831 2.5564
2012.6858 0.1163
2012.6885 -1.4835
2012.6913 -0.3932
2012.6940 6.5273
2015.1808 21.9191
2015.1836 12.8267
2015.1863 13.4948
2015.1890 13.8834
2015.1918 10.9524
2015.1945 11.1418
2015.1973 17.4415
2015.2000 16.8315
2015.2027 11.8317
2015.2055 13.6521
2015.2082 19.9926
2015.2110 17.4132
2015.2137 17.2839
2015.2164 14.0946
2015.2192 15.0152
2015.2219 21.6257
2015.2247 14.9361
2015.2274 27.8663
2015.2301 14.8563
2015.2329 9.2261
2015.2356 8.5955
2015.2384 10.7245
2015.2411 12.5032
2015.2438 15.0313
2015.2466 14.1691
2015.2493 12.8374
2015.2521 15.1161
2015.2548 15.1052
2015.2575 14.3447
2015.2603 21.4445
2015.2630 16.5445
2015.2658 13.6947
2015.2685 26.7550
2015.2712 16.3153
2015.2740 14.8156
2015.2767 12.0559
2015.2795 10.8859
2015.2822 12.7258
2015.2849 15.1553
2015.2877 15.3045
2015.2904 12.6933
2015.2932 13.6716
2015.2959 14.3994
2015.2986 16.4966
2015.3014 10.8131
2015.3041 13.7089
2015.3068 12.9039
2015.3123 11.1813
2015.3370 20.8636
2015.3397 16.1511
2015.3425 11.7465
2015.5781 12.3529
2015.5836 15.7207
2015.6493 21.8270
2015.6521 13.0351
2015.6548 14.5520
2015.6575 14.9875
2015.6603 21.4216
2015.6630 7.1540
2015.6658 20.4747
2015.6685 16.4538
2015.6712 13.4813
2015.6740 18.5275
2015.6767 12.5223
2015.6795 9.6159
2015.6822 11.9984
2015.6849 13.8200
2015.6877 16.3808
2015.6904 12.0408
2015.6932 16.1703
2015.6959 13.5892
2015.6986 16.0378
2015.7014 18.1261
2015.7041 17.8543
2015.7068 15.4125
2015.7096 16.4407
2015.7123 17.8492
2015.7151 16.5180
2015.7178 20.0873
2015.7205 21.1871
2015.7233 18.8576
2015.7260 13.4689
2015.7288 15.5011
2015.7315 11.4943
2015.7342 14.1587
2015.7370 12.9743
2015.7397 13.8113
2015.7425 10.8998
2015.7452 16.6900
2015.7479 17.5218
2015.7507 7.6961
2015.7534 12.0330
2015.7562 11.3224
2015.7589 14.4042
2015.7616 16.2281
2015.7644 13.8540
2015.7671 15.1715
2015.7699 14.9206
2015.7726 2.5010
2015.7753 19.2825
2015.7781 8.7150
2015.7808 8.8782
2015.7836 7.8419
2015.7863 16.5459
2015.7890 13.3501
2015.7918 14.8243
2015.7945 10.4881
2015.7973 14.1015
2015.8000 18.0042
2015.8027 14.5261
2015.8055 13.2569
2015.8082 12.7464
2015.8110 13.7345
2015.8137 15.6809
2015.8164 16.3355
2015.8192 11.7380
2015.8219 16.5982
2015.8247 15.4160
2015.8274 11.8911
2015.8301 15.4734
2015.8329 13.7929
2015.8356 15.7915
2015.8384 16.7396
2015.8411 13.5871
2015.8438 14.5041
2015.8466 12.2106
2015.8521 26.3625
2015.8548 28.7980
2015.8575 19.2932
2015.8603 17.8682
2015.8630 14.9530
2015.8658 11.5976
2015.8685 8.0922
2015.8712 11.0767
2015.8740 11.6113
2015.8767 10.9758
2015.8795 10.2605
2015.8822 15.3753
2015.8849 13.5002
2015.8877 16.6254
2015.8904 17.6709
2015.8932 15.9866
2015.8959 18.1927
2015.8986 15.1293
2015.9014 15.7462
2015.9041 13.8337
2015.9068 13.2917
2015.9096 18.5602
2015.9123 15.2694
2015.9151 12.7993
2015.9178 16.4095
2015.9205 14.3197
2015.9233 12.9099
2015.9260 11.7600
2015.9288 9.0102
2015.9315 16.2104
2015.9342 11.0805
2015.9370 11.2106
2015.9397 8.2808
2015.9425 14.5710
2015.9452 8.0011
2015.9479 4.9513
2015.9507 9.5915
2015.9534 8.0517
2015.9562 6.7519
2015.9589 4.2122
2015.9616 7.2724
2015.9644 12.1128
2015.9671 10.3831
2015.9699 7.0235
2015.9726 7.5339
2015.9753 8.1443
2015.9781 2.1148
2015.9808 8.9354
2015.9836 11.2460
2015.9863 13.5966
2015.9890 8.9573
2015.9918 9.5081
2015.9945 10.1889
2015.9973 15.4798
2016.0000 12.6607
2016.0027 8.5317
2016.0055 11.2827
2016.0082 9.6137
2016.0109 10.0547
2016.0137 9.2058
2016.0164 6.1068
2016.0191 5.5479
2016.0219 3.8789
2016.0246 7.5500
2016.0273 6.1811
2016.0301 7.3522
2016.0328 6.2333
2016.0355 8.9344
2016.0383 6.0456
2016.0410 8.7067
2016.0437 9.9778
2016.0464 7.7690
2016.0492 7.7801
2016.0519 7.0413
2016.0546 6.8824
2016.0574 7.8736
2016.0601 7.5148
2016.0628 5.9160
2016.0656 6.3271
2016.0683 6.2483
2016.0710 9.3695
2016.0738 8.0407
2016.0765 8.3118
2016.0792 11.6430
2016.0820 13.6542
2016.0847 11.7153
2016.0874 14.6862
2016.0902 28.2570
2016.0929 15.5878
2016.0956 7.2286
2016.0984 9.1092
2016.1011 7.7399
2016.1038 8.8806
2016.1066 9.9113
2016.1093 10.8321
2016.1120 12.1029
2016.1148 11.7938
2016.1175 10.1449
2016.1202 8.8360
2016.1230 12.1273
2016.1257 11.8888
2016.1284 11.6605
2016.1311 14.3624
2016.1339 18.4845
2016.1366 15.9668
2016.1393 18.5094
2016.1421 15.2724
2016.1448 11.8756
2016.1475 16.4091
2016.1503 13.3430
2016.1530 13.7373
2016.1557 18.0520
2016.1585 12.4671
2016.1612 9.9626
2016.1639 10.9586
2016.1667 18.3555
2016.1694 12.9630
2016.1721 14.1612
2016.1749 14.6300
2016.1776 17.8394
2016.1803 19.2294
2016.1831 15.5498
2016.1858 17.4408
2016.1885 17.2321
2016.1913 20.0039
2016.1940 18.6860
2016.1967 18.1684
2016.1995 17.9311
2016.2022 16.0941
2016.2049 13.6272
2016.2077 17.7505
2016.2104 10.0539
2016.2131 14.8773
2016.2158 18.4108
2016.2186 16.9943
2016.2213 14.7078
2016.2240 12.5411
2016.2268 18.4144
2016.2295 10.4074
2016.2322 14.3403
2016.2350 14.8529
2016.2377 17.3853
2016.2404 8.7473
2016.2432 10.6690
2016.2459 13.0603
2016.2486 10.4913
2016.2514 11.3320
2016.2541 9.2626
2016.2568 9.2731
2016.2596 12.7533
2016.2623 16.6234
2016.2650 14.5334
2016.2678 19.0133
2016.2705 19.4631
2016.2732 20.9228
2016.2760 19.8025
2016.2842 13.2212
2016.2869 11.2108
2016.2896 11.7003
2016.2923 14.1899
2016.2951 12.9196
2016.2978 16.0893
2016.3005 8.0391
2016.3033 11.4690
2016.3060 9.4690
2016.3087 9.8092
2016.3115 10.2295
2016.3142 16.7699
2016.3169 24.3206
2016.3197 13.0414
2016.3224 21.3324
2016.3415 19.9715
2016.6585 20.3683
2016.6612 19.5000
2016.6639 19.4757
2016.6667 15.3767
2016.6694 14.4645
2016.6721 25.6387
2016.6749 19.4389
2016.6776 10.4647
2016.7596 14.3487
2016.7623 19.6094
2016.7650 11.0396
2016.7678 5.9892
2016.7705 11.7581
2016.7732 9.5564
2016.7760 11.6439
2016.7787 8.8805
2016.7814 8.4063
2016.7842 9.6111
2016.7869 9.3349
2016.7896 7.0376
2016.7923 6.9192
2016.7951 11.3395
2016.7978 14.2785
2016.8005 19.5662
2016.8033 14.3025
2016.8060 14.4473
2016.8087 14.9406
2016.8115 8.8623
2016.8142 12.3523
2016.8169 11.1905
2016.8197 8.2570
2016.8224 10.6915
2016.8251 12.3442
2016.8279 8.3948
2016.8306 15.3934
2016.8333 10.3403
2016.8361 16.9369
2016.8388 13.1533
2016.8415 11.4994
2016.8443 12.7352
2016.8470 9.7907
2016.8497 8.2059
2016.8525 5.4708
2016.8552 1.6753
2016.8579 5.5594
2016.8607 7.7531
2016.8634 6.8964
2016.8661 4.6592
2016.8689 3.7716
2016.8716 6.6934
2016.8743 6.7448
2016.8770 5.0156
2016.8798 7.8358
2016.8825 7.4155
2016.8852 2.9745
2016.8880 9.2330
2016.8907 10.4408
2016.8962 8.4343
2016.8989 8.0101
2016.9016 5.5251
2016.9044 7.6793
2016.9071 6.6628
2016.9098 7.3954
2016.9126 6.9773
2016.9153 9.8583
2016.9180 5.3487
2016.9208 4.0386
2016.9235 8.5382
2016.9262 6.2375
2016.9290 6.2564
2016.9317 5.9151
2016.9344 5.3635
2016.9372 5.3817
2016.9399 7.0997
2016.9426 7.0676
2016.9454 6.5554
2016.9481 7.8830
2016.9508 5.6207
2016.9536 5.8483
2016.9563 5.0559
2016.9590 8.2236
2016.9617 5.4514
2016.9645 1.7593
2016.9672 3.1574
2016.9699 6.2456
2016.9727 4.3641
2016.9754 4.1928
2016.9781 3.6818
2016.9809 4.1311
2016.9836 7.7508
2016.9863 5.2609
2016.9891 5.3514
2016.9918 4.6923
2016.9945 3.2037
2016.9973 5.7557
2017.0000 6.9782
2017.0027 2.5710
2017.0055 2.3440
2017.0082 6.6071
2017.0110 6.3603
2017.0137 6.9137
2017.0164 5.3072
2017.0192 4.1508
2017.0219 6.1144
2017.0247 11.8382
2017.0274 5.1820
2017.0301 2.9560
2017.0329 4.0699
2017.0356 4.9739
2017.0384 3.9780
2017.0411 0.5621
2017.0438 1.2962
2017.0466 1.1103
2017.0493 3.1644
2017.0521 4.4086
2017.0548 3.6827
2017.0575 4.9768
2017.0603 7.2608
2017.0630 4.7848
2017.0658 6.1888
2017.0685 6.5627
2017.0712 4.2565
2017.0740 9.2703
2017.0767 13.2639
2017.0795 9.7275
2017.0822 13.4909
2017.0849 10.9638
2019.0575 16.1836
2019.0603 14.9557
2019.0630 15.2387
2019.0658 15.6027
2019.0685 15.2978
2019.0712 16.5342
2019.0740 17.6021
2019.0767 16.2417
2019.0795 18.3929
2019.0822 14.2058
2019.0849 11.4187
2019.0877 13.3414
2019.0904 15.9940
2019.0932 21.4765
2019.0959 15.7890
2019.0986 16.4515
2019.1014 15.5142
2019.1041 14.3671
2019.1068 11.8003
2019.1096 15.8338
2019.1123 13.6777
2019.1151 16.0521
2019.1178 16.4270
2019.1205 14.8425
2019.1233 15.6286
2019.1260 14.6155
2019.1288 11.8732
2019.1315 9.2418
2019.1342 8.2613
2019.1370 10.7818
2019.1397 11.0134
2019.1425 10.1861
2019.1452 12.0399
2019.1479 11.9351
2019.1507 10.9616
2019.1534 14.5195
2019.1562 13.0988
2019.1589 10.3797
2019.1616 9.4422
2019.1644 11.8855
2019.1671 10.7389
2019.1699 13.8925
2019.1726 12.7161
2019.1753 11.4299
2019.1781 8.6138
2019.1808 15.4277
2019.1836 15.0218
2019.1863 14.7859
2019.1890 16.6802
2019.1918 16.4745
2019.1945 14.7789
2019.1973 28.2034
2019.2000 23.9580
2019.2027 18.0526
2019.2055 14.4173
2019.2082 13.5021
2019.2110 18.3369
2019.2137 12.6418
2019.2164 16.4968
2019.2192 19.9218
2019.2219 20.8469
2019.2247 19.8720
2019.2274 19.0271
2019.2301 21.7723
2019.2329 15.4775
2019.2356 17.3728
2019.2384 24.1881
2019.2411 19.0834
2019.2438 18.3187
2019.2466 18.5141
2019.2493 19.9096
2019.2521 19.1851
2019.2548 17.3208
2019.2575 12.0565
2019.2603 17.5122
2019.2630 17.7181
2019.2658 19.4139
2019.2685 19.5299
2019.2740 19.3218
2019.2767 17.7678
2019.2795 16.9638
2019.2822 13.9798
2019.2849 10.1358
2019.2877 16.7518
2019.2904 16.7578
2019.2932 18.5637
2019.2959 16.4796
2019.2986 16.8455
2019.3014 15.4413
2019.3041 19.4270
2019.3068 18.5026
2019.3096 17.4782
2019.3123 17.8937
2019.3151 19.4891
2019.3178 9.7544
2019.3205 16.3696
2019.3233 18.3146
2019.3260 17.2496
2019.3288 16.3543
2019.3315 13.4388
2019.3342 11.3429
2019.3370 21.4066
2019.3397 18.3098
2019.3425 22.0726
2019.3452 21.3651
2019.3479 16.8971
2019.3507 17.8188
2019.3562 19.7010
2019.3589 16.3416
2019.3616 21.8419
2019.3644 22.2818
2019.3671 17.6714
2019.3699 18.0507
2019.3726 21.7597
2019.3753 17.9785
2019.3781 16.3469
2019.3808 13.7150
2019.3836 12.4729
2019.3863 11.4606
2019.3890 12.0180
2019.3918 12.3451
2019.3945 12.2220
2019.3973 12.2888
2019.4000 10.1853
2019.4027 13.9416
2019.4055 12.6477
2019.4082 8.1537
2019.4110 13.0194
2019.4137 12.3650
2019.4164 13.3805
2019.4192 13.5458
2019.4219 20.2809
2019.4247 15.8959
2019.4274 12.9307
2019.4301 13.4453
2019.4329 9.7198
2019.4356 12.0941
2019.4384 10.7683
2019.4411 11.4423
2019.4438 14.8662
2019.4466 13.4399
2019.4493 15.5535
2019.4521 12.5769
2019.4548 18.7402
2019.4575 13.7333
2019.4603 12.3163
2019.4630 15.3992
2019.4658 14.2519
2019.4685 16.8645
2019.4712 16.8169
2019.4740 14.7792
2019.4767 19.0414
2019.4795 14.7234
2019.4822 18.2653
2019.4849 20.7471
2019.4877 19.8087
2019.4904 20.3603
2019.4932 20.6717
2019.4959 18.1529
2019.4986 19.8641
2019.5014 22.0650
2019.5041 14.2358
2019.5068 16.6765
2019.5096 18.9270
2019.5123 16.2274
2019.5151 15.6876
2019.5178 19.1878
2019.5205 26.2578
2019.5233 24.9976
2019.5260 26.0974
2019.5288 20.9771
2019.5315 22.7066
2019.5342 20.6461
2019.5370 18.7055
2019.5397 16.7348
2019.5753 25.6107
2019.5781 23.5995
2019.5808 20.3982
2019.5918 19.0465
2019.5945 21.7517
2019.5973 21.5763
2019.6000 23.8804
2019.6027 21.4341
2019.6055 25.3073
2019.6082 23.4201
2019.6110 24.5527
2019.6137 25.1151
2019.6192 20.4594
2019.6219 15.9915
2019.6247 18.5736
2019.6274 30.6858
2019.6493 29.6147
2019.6521 26.6006
2019.6548 23.6573
2019.6575 19.0648
2019.6603 17.8032
2019.6630 13.0825
2019.6658 18.3028
2019.6685 20.0944
2019.6712 26.6975
2019.6740 25.1819
2019.6959 15.5486
2019.6986 16.4527
2019.7014 16.7776
2019.7041 17.6533
2019.7068 18.8998
2019.7096 27.5469
2019.7123 27.1947
2019.7151 21.2131
2019.7178 23.8420
2019.7205 23.1015
2019.7233 27.5714
2019.7260 20.0116
2019.7288 19.8323
2019.7315 17.9332
2019.7342 18.8944
2019.7370 20.2658
2019.7397 16.6274
2019.7425 19.1591
2019.7452 19.7908
2019.7479 23.9526
2019.7507 26.5749
2019.7534 24.9882
2019.7562 23.1423
2019.7589 21.1974
2019.7616 20.7732
2019.7644 17.9598
2019.7671 23.2969
2019.7699 22.5547
2019.7726 20.3330
2019.7753 17.8817
2019.7781 15.8108
2019.7808 19.0402
2019.7836 17.4699
2019.7863 22.8497
2019.7890 25.9297
2019.7918 14.2896
2019.7945 22.8496
2019.7973 21.1494
2019.8000 14.3391
2019.8055 18.5677
2019.8082 14.5165
2019.8110 10.6749
2019.8137 10.1827
2019.8164 13.2500
2019.8192 17.5266
2019.8219 17.7126
2019.8247 13.6877
2019.8274 12.3521
2019.8301 15.4455
2019.8329 18.1480
2019.8356 15.4400
2019.8384 18.3415
2019.8411 13.8625
2019.8438 17.5629
2019.8466 16.4427
2019.8493 14.4120
2019.8521 15.1106
2019.8548 16.3486
2019.8575 16.7758
2019.8603 16.8624
2019.8630 20.3582
2019.8658 18.9532
2019.8685 22.1374
2019.8712 21.7808
2019.8740 18.2634
2019.8767 15.7450
2019.8795 14.9457
2019.8822 15.5355
2019.8849 11.6843
2019.8877 12.3121
2019.8904 9.5589
2019.8932 14.2546
2019.8959 18.7492
2019.8986 13.8327
2019.9014 17.7650
2019.9041 11.3362
2019.9068 14.6862
2019.9096 13.6249
2019.9123 13.3424
2019.9151 12.9986
2019.9178 13.2930
2019.9205 16.9352
2019.9233 15.4153
2019.9260 10.4536
2019.9288 10.4301
2019.9315 12.2150
2019.9342 10.1885
2019.9370 9.4506
2019.9397 10.4515
2019.9425 12.9814
2019.9452 14.2904
2019.9479 11.6986
2019.9507 9.6562
2019.9534 8.9433
2019.9562 10.8701
2019.9589 9.0467
2019.9616 12.1833
2019.9644 9.5800
2019.9671 10.8769
2019.9699 13.6742
2019.9726 11.3320
2019.9753 15.3705
2019.9781 17.6498
2019.9808 15.6401
2019.9836 15.4015
2019.9863 15.5341
2019.9890 15.7680
2019.9918 15.9536
2019.9945 20.2707
2019.9973 15.0797
2020.0000 14.9307
2020.0027 15.7528
2020.0055 18.6049
2020.0082 16.8870
2020.0109 23.0093
2020.0137 15.7618
2020.0164 19.4744
2020.0191 19.0871
2020.0219 18.5301
2020.0246 19.0832
2020.0273 15.4867
2020.0301 15.7304
2020.0328 14.5143
2020.0355 17.1786
2020.0383 14.7133
2020.0410 14.9083
2020.0437 15.7936
2020.0464 12.9394
2020.0492 16.0556
2020.0519 13.2423
2020.0546 15.3994
2020.0574 12.6071
2020.0601 12.5252
2020.0628 17.0339
2020.0656 13.6632
2020.0683 18.0931
2020.0710 12.3536
2020.0738 14.2047
2020.0765 14.7264
2020.0792 15.9289
2020.0820 13.6020
2020.0847 16.3656
2020.0874 14.0195
2020.0902 19.1138
2020.0929 19.8884
2020.0956 16.0133
2020.0984 11.1686
2020.1011 15.9642
2020.1038 15.5001
2020.1066 9.0264
2020.1093 13.8729
2020.1120 26.7497
2020.1148 16.7268
2020.1175 17.9842
2020.1202 15.7719
2020.1230 18.7599
2020.1257 16.4181
2020.1284 12.4665
2020.1311 11.5352
2020.1339 11.4741
2020.1366 12.8333
2020.1393 13.4727
2020.1421 16.4323
2020.1448 14.3221
2020.1475 14.6421
2020.1503 13.2324
2020.1530 16.6428
2020.1557 17.7434
2020.1585 14.5341
2020.1612 21.2351
2020.1639 20.4762
2020.1667 16.2377
2020.1694 15.0895
2020.1721 17.7417
2020.1749 21.2542
2020.1776 15.9771
2020.1803 21.5602
2020.1831 21.4737
2020.1858 17.3475
2020.1885 18.5017
2020.1913 19.8161
2020.1940 20.8009
2020.1967 24.9360
2020.1995 24.9913
2020.2022 23.0270
2020.2049 24.0030
2020.2077 18.0093
2020.2104 17.2659
2020.2131 18.0628
2020.2158 18.1200
2020.2186 17.4575
2020.2213 20.1353
2020.2240 22.6133
2020.2268 24.9117
2020.2295 19.6303
2020.2322 26.3692
2020.2350 24.4184
2020.2377 22.9778
2020.2404 22.2275
2020.2432 25.0375
2020.2459 15.8778
2020.2486 14.6303
2020.2514 15.9855
2020.2541 14.0532
2020.2568 10.0632
2020.2596 17.8452
2020.2623 18.1091
2020.2650 11.2046
2020.2678 22.6016
2020.2705 25.3697
2020.2732 19.9289
2020.2760 23.9388
2020.2787 15.1194
2020.2814 17.2903
2020.2842 18.0613
2020.2869 13.8323
2020.2896 14.9930
2020.2923 20.8933
2020.2951 19.4228
2020.2978 21.3214
2020.3005 23.1289
2020.3033 21.9051
2020.3060 17.1497
2020.3087 18.2025
2020.3115 17.7834
2020.3142 20.3621
2020.3169 23.7684
2020.3197 21.2821
2020.3224 16.0530
2020.3279 15.6254
2020.3306 14.3173
2020.3333 12.6488
2020.3361 20.3002
2020.3388 22.9614
2020.3415 23.0825
2020.3443 24.6234
2020.3470 24.4242
2020.3497 20.8749
2020.3525 21.0254
2020.3552 20.3558
2020.3579 23.2961
2020.3607 21.1862
2020.3634 20.2963
2020.3661 19.2362
2020.3689 18.0260
2020.3716 16.2657
2020.3743 13.0853
2020.3770 20.5348
2020.3798 16.0341
2020.3825 18.4034
2020.3852 18.7726
2020.3880 20.6317
2020.3907 20.0907
2020.3934 16.6196
2020.3962 15.2385
2020.3989 16.0672
2020.4016 12.3959
2020.4044 12.5045
2020.4071 18.8231
2020.4098 18.4315
2020.4126 14.3399
2020.4153 21.5683
2020.4180 23.7667
2020.4208 23.7451
2020.4235 23.7035
2020.4262 18.9319
2020.4290 18.8004
2020.4317 25.8188
2020.4344 29.7372
2020.4372 26.1756
2020.4399 21.6340
2020.4426 22.2824
2020.4454 19.0008
2020.4481 21.2692
2020.4508 34.7775
2020.4536 32.1559
2020.4563 23.6242
2020.4590 32.4125
2020.4617 34.7808
2020.4645 25.7591
2020.4672 23.0774
2020.4699 21.9256
2020.4727 19.4839
2020.4754 19.6621
2020.4781 21.1502
2020.4809 21.6884
2020.4836 20.9765
2020.4863 20.3445
2020.4891 19.1626
2020.4918 17.9406
2020.4945 22.3685
2020.4973 23.3465
2020.5000 23.5344
2020.5027 22.4724
2020.5055 23.8804
2020.5082 22.4084
2020.5109 24.1864
2020.5710 26.3351
2020.5738 25.3596
2020.6011 20.8090
2020.6038 19.1907
2020.6066 22.9323
2020.6093 18.0237
2020.6120 18.6949
2020.6148 23.3661
2020.6175 15.7671
2020.6202 12.6880
2020.6339 18.9315
2020.6366 18.4320
2020.6393 18.1926
2020.6421 14.3631
2020.6448 23.4336
2020.6475 25.7142
2020.6503 20.7848
2020.6530 16.8954
2020.6557 16.2661
2020.6585 19.2569
2020.6612 19.8378
2020.6639 23.1487
2020.6694 25.0505
2020.6721 23.9712
2020.6749 23.9117
2020.6776 26.4121
2020.6803 23.1724
2020.6831 27.7225
2020.6858 28.8726
2020.6885 26.1526
2020.6913 27.8425
2020.6940 27.0324
2020.6967 28.0722
2020.6995 27.1220
2020.7022 26.5717
2020.7049 25.5514
2020.7077 25.8912
2020.7104 23.1809
2020.7131 19.3606
2020.7158 24.0304
2020.7186 23.3802
2020.7213 22.9801
2020.7240 21.5900
2020.7268 17.4600
2020.7295 15.6300
2020.7322 15.6402
2020.7350 17.2005
2020.7377 19.6209
2020.7404 17.4414
2020.7432 17.7520
2020.7459 17.4928
2020.7486 21.6038
2020.7514 24.9561
2020.7541 23.7001
2020.7568 24.0656
2020.7596 22.6527
2020.7623 29.9912
2020.7650 21.3612
2020.7678 24.1225
2020.7705 23.6351
2020.7732 24.8790
2020.7760 20.6641
2020.7787 26.0704
2020.7814 21.4677
2020.7842 24.4961
2020.7869 25.3155
2020.7896 26.6458
2020.7923 20.7070
2020.7951 21.6090
2020.7978 22.2617
2020.8005 19.6952
2020.8033 23.6493
2020.8060 25.2641
2020.8087 20.0294
2020.8115 21.1452
2020.8142 31.0314
2020.8169 14.4080
2020.8197 20.9749
2020.8224 19.8521
2020.8251 21.6796
2020.8279 18.9672
2020.8306 19.5149
2020.8333 26.7234
2020.8361 13.2150
2020.8388 26.6597
2020.8415 11.5072
2020.8443 18.7073
2020.8470 20.2097
2020.8497 17.7242
2020.8525 21.5304
2020.8552 18.4883
2020.8579 17.7774
2020.8607 7.9177
2020.8634 22.3188
2020.8661 19.3304
2020.8689 18.2724
2020.8716 17.8644
2020.8743 15.9863
2020.8770 17.3578
2020.8798 14.6186
2020.8825 17.0886
2020.8852 13.1273
2020.8880 9.9847
2020.8907 11.1004
2020.8934 18.9342
2020.8962 17.0358
2020.8989 15.8951
2020.9016 17.0817
2020.9044 13.1854
2020.9071 13.6360
2020.9098 17.1632
2020.9126 18.7668
2020.9153 15.3865
2020.9180 17.0742
2020.9208 12.4014
2020.9235 14.3681
2020.9262 23.3944
2020.9290 22.3003
2020.9317 16.5957
2020.9344 17.1508
2020.9372 17.9654
2020.9399 14.5898
2020.9426 17.1037
2020.9454 20.2574
2020.9481 18.6807
2020.9508 23.0837
2020.9536 23.6365
2020.9563 24.6989
2020.9590 22.7612
2020.9617 20.3632
2020.9645 20.4850
2020.9672 18.0565
2020.9699 26.8079
2020.9727 22.0592
2020.9754 21.6803
2020.9781 22.0212
2020.9809 22.4221
2020.9836 22.9928
2020.9863 22.2835
2020.9891 20.9741
2020.9918 25.3646
2020.9945 24.4751
2020.9973 22.7356
2021.0000 23.5961
2021.0027 24.1462
2021.0055 27.6555
2021.0082 27.5341
2021.0110 19.1020
2021.0137 25.2394
2021.0164 26.4862
2021.0192 24.5026
2021.0219 23.3587
2021.0247 19.8245
2021.0274 21.7100
2021.0301 19.8154
2021.0329 18.8507
2021.0356 22.4259
2021.0384 20.0012
2021.0411 18.8467
2021.0438 18.4323
2021.0466 18.6282
2021.0493 23.5344
2021.0521 16.3810
2021.0548 19.3880
2021.0575 19.6256
2021.0603 19.9438
2021.0630 22.1427
2021.0658 17.9423
2021.0685 21.5828
2021.0712 18.9241
2021.0740 15.6064
2021.0767 18.6496
2021.0795 18.2640
2021.0822 28.8099
2021.0849 23.8294
2021.0877 21.9227
2021.0904 23.2493
2021.0932 20.6792
2021.0959 20.4920
2021.0986 14.4675
2021.1014 15.5754
2021.1041 17.9354
2021.1068 16.2274
2021.1096 7.6110
2021.1123 19.8860
2021.1151 25.7421
2021.1178 21.1990
2021.1205 28.4166
2021.1233 13.8646
2021.1260 17.1426
2021.1288 20.5905
2021.1315 17.0880
2021.1342 20.1148
2021.1370 12.4406
2021.1397 18.6653
2021.1425 23.4885
2021.1452 27.1900
2021.1479 24.8096
2021.1507 23.2469
2021.1534 22.8117
2021.1562 26.0638
2021.1589 32.2229
2021.1616 24.3087
2021.1644 24.3128
2021.1671 23.2568
2021.1699 31.7007
2021.1726 25.1345
2021.1753 19.8582
2021.1781 19.3018
2021.1808 20.5254
2021.1836 17.5388
2021.1863 18.9022
2021.1890 24.9956
2021.1918 24.1289
2021.1945 24.9022
2021.1973 26.2954
2021.2000 25.6986
2021.2027 24.9618
2021.2055 25.8150
2021.2082 28.1882
2021.2110 24.2214
2021.2137 23.6947
2021.2164 22.1979
2021.2192 23.3712
2021.2219 19.6045
2021.2247 22.1079
2021.2274 22.9414
2021.2301 22.8649
2021.2329 25.0185
2021.2356 25.1921
2021.2384 25.4759
2021.2411 22.2997
2021.2438 23.3537
2021.2466 21.4178
2021.2493 22.9619
2021.2521 26.6060
2021.2548 20.3302
2021.2575 22.5145
2021.2603 26.3987
2021.2630 17.3031
2021.2658 23.7274
2021.2685 25.4319
2021.2712 24.7664
2021.2740 22.4409
2021.2767 25.2655
2021.2795 22.2601
2021.2822 21.7848
2021.2849 26.1996
2021.2877 28.0645
2021.2904 22.1394
2021.2932 13.1743
2021.2959 22.1494
2021.2986 19.2445
2021.3014 26.6497
2021.3041 26.8750
2021.3068 20.8703
2021.3096 24.9158
2021.3123 21.6313
2021.3151 25.1769
2021.3178 22.8626
2021.3205 20.9383
2021.3233 18.6142
2021.3260 22.9602
2021.3288 22.7962
2021.3315 18.0441
2021.3342 18.1555
2021.3370 21.6601
2021.3397 19.6478
2021.3425 23.6683
2021.3452 26.4413
2021.3479 19.4668
2021.3507 22.6643
2021.3534 21.7938
2021.3562 22.8450
2021.3616 28.0314
2021.3671 5.0719
2021.3699 8.9481
2021.3726 20.4646
2021.3753 14.4413
2021.3781 26.4178
2021.3808 20.2139
2021.3836 22.9395
2021.3863 20.1742
2021.3890 19.3680
2021.3918 22.3104
2021.3945 18.0315
2021.3973 18.3507
2021.4000 18.6881
2021.4027 17.1233
2021.4055 17.9261
2021.4082 16.6763
2021.4110 23.3437
2021.4137 21.4183
2021.4164 20.2919
2021.4712 29.8064
2021.4740 29.2219
2021.4767 32.7664
2021.4795 23.3300
2021.4822 26.9327
2021.4849 29.4444
2021.4877 20.2352
2021.4904 28.9050
2021.4932 27.6238
2021.4959 22.2217
2021.4986 32.7483
2021.5589 22.9235
2021.5644 14.9415
2021.5863 27.1722
2021.5890 25.6312
2021.5973 25.9201
2021.6192 26.4035
2021.6219 20.3772
2021.6247 21.9214
2021.6274 17.1561
2021.6301 15.9413
2021.6329 24.2772
2021.6356 19.9536
2021.6384 22.2606
2021.6411 20.9282
2021.6438 24.1765
2021.6466 23.6854
2021.6630 22.7538
2021.6658 23.9779
2021.6685 14.9032
2021.6712 23.7396
2021.6740 21.6171
2021.6767 17.4856
2021.6795 23.3350
2021.6822 16.8551
2021.6849 21.5960
2021.6877 23.6575
2021.6904 28.1096
2021.7068 20.4581
2021.7096 26.4015
2021.7123 24.0246
2021.7151 23.9575
2021.7178 24.0901
2021.7205 15.6422
2021.7233 20.1538
2021.7260 20.8648
2021.7288 27.7752
2021.7315 25.6447
2021.7342 9.5133
2021.7370 19.3010
2021.7397 30.5677
2021.7425 17.3332
2021.7452 23.4775
2021.7479 21.4205
2021.7507 22.3626
2021.7534 19.4343
2021.7562 23.9956
2021.7589 26.5166
2021.7616 30.1973
2021.7644 27.5976
2021.7671 25.4877
2021.7699 28.3976
2021.7726 19.0672
2021.7753 24.3167
2021.7781 23.7860
2021.7808 19.5152
2021.7836 25.3742
2021.7863 23.2332
2021.7890 23.4022
2021.7918 23.0011
2021.7945 27.5200
2021.7973 24.2890
2021.8000 23.1580
2021.8027 23.1671
2021.8055 23.8963
2021.8082 25.6957
2021.8110 26.5752
2021.8137 23.2850
2021.8164 21.5649
2021.8192 17.3551
2021.8219 20.3956
2021.8247 22.4364
2021.8274 12.5175
2021.8301 6.8790
2021.8329 14.9009
2021.8384 18.5854
2021.8411 22.2079
2021.8438 22.6807
2021.8466 22.0737
2021.8493 18.3869
2021.8521 17.8603
2021.8548 19.7439
2021.8575 7.7177
2021.8630 16.4558
2021.8658 16.2401
2021.8685 18.3946
2021.8712 19.9093
2021.8740 23.4041
2021.8767 21.1290
2021.8795 19.0341
2021.8822 18.4994
2021.8849 20.3748
2021.8904 21.3459
2021.8932 22.0316
2021.8959 24.7975
2021.8986 19.0434
2021.9014 22.7495
2021.9041 24.3757
2021.9068 25.4919
2021.9096 25.1782
2021.9123 33.4346
2021.9151 28.2111
2021.9178 27.1589
2021.9205 31.8092
2021.9233 26.2517
2021.9260 28.0565
2021.9288 30.8531
2021.9315 13.7016
2021.9342 12.2316
2021.9370 18.9030
2021.9397 29.1257
2021.9425 25.3294
2021.9452 20.8541
2021.9479 24.7794
2021.9507 24.2652
2021.9534 22.5014
2021.9562 22.7777
2021.9589 30.3741
2021.9616 24.1002
2021.9644 27.2460
2021.9671 28.2912
2021.9699 24.9357
2021.9726 21.4792
2021.9753 26.4317
2021.9781 29.1029
2021.9808 27.6027
2021.9836 29.6708
2021.9863 30.8272
2021.9890 24.5815
2021.9918 28.9937
2021.9945 24.5936
2021.9973 21.8310
2022.0000 26.1956
2022.0027 25.4674
2022.0055 25.8065
2022.0082 22.6330
2022.0110 17.9472
2022.0137 18.6493
2022.0164 23.9694
2022.0192 27.1077
2022.0219 24.1844
2022.0247 25.7497
2022.0274 25.6039
2022.0301 21.5270
2022.0329 22.7493
2022.0356 19.6010
2022.0384 19.5922
2022.0411 21.2132
2022.0438 23.2142
2022.0466 21.5752
2022.0493 17.8066
2022.0521 25.9186
2022.0548 24.1812
2022.0575 21.9347
2022.0603 23.5293
2022.0630 20.0353
2022.0658 24.0526
2022.0685 23.9817
2022.0712 25.0726
2022.0740 19.7255
2022.0767 25.7807
2022.0795 30.3683
2022.0822 31.2982
2022.0849 22.3188
2022.0877 26.6397
2022.0904 25.6809
2022.0932 24.0624
2022.0959 25.1442
2022.0986 21.9862
2022.1014 17.5684
2022.1041 15.5108
2022.1068 20.9034
2022.1096 20.9460
2022.1123 21.1888
2022.1151 26.0016
2022.1178 28.0845
2022.1205 25.4674
2022.1233 23.1603
2022.1260 22.9631
2022.1288 21.8859
2022.1315 24.2986
2022.1342 26.6711
2022.1370 23.6135
2022.1397 27.0658
2022.1425 23.4278
2022.1452 27.8696
2022.1479 22.1112
2022.1507 22.5424
2022.1534 24.6434
2022.1562 26.3040
2022.1589 25.3442
2022.1616 21.4041
2022.1644 22.1037
2022.1671 21.3732
2022.1699 22.0425
2022.1726 22.9718
2022.1753 23.9610
2022.1781 27.4901
2022.1808 22.2290
2022.1836 26.3278
2022.1863 28.4565
2022.1890 22.2851
2022.1918 22.9735
2022.1945 27.3618
2022.1973 24.1099
2022.2000 20.9179
2022.2027 21.4058
2022.2055 24.6834
2022.2082 26.0610
2022.2110 25.3083
2022.2137 38.0555
2022.2164 31.5126
2022.3534 19.6323
2022.3562 17.9535
2022.3589 17.5647
2022.3644 23.9872
2022.3671 22.1084
2022.3699 21.9196
2022.3726 28.1808
2022.3753 23.1121
2022.3781 22.6633
2022.3808 20.3845
2022.3863 33.0470
2022.3945 36.2106
2022.3973 32.1518
2022.4000 26.5429
2022.4027 32.9741
2022.4055 33.9652
2022.4082 29.5664
2022.4110 35.5075
2022.4137 31.5186
2022.4164 18.0496
2022.4192 22.7307
2022.4219 24.3118
2022.4247 25.8329
2022.4274 22.5340
2022.4301 21.8051
2022.4329 19.5761
2022.4356 27.0172
2022.4384 17.0883
2022.4411 27.9994
2022.4438 22.8605
2022.4466 25.3615
2022.4493 23.9126
2022.4521 18.8537
2022.4548 20.6048
2022.4575 17.7458
2022.4603 14.4269
2022.4630 20.7080
2022.4658 20.6591
2022.4685 20.3002
2022.4712 22.0412
2022.4740 22.9023
2022.4767 27.7734
2022.4795 28.7245
2022.4822 23.9256
2022.4849 24.6067
2022.4877 26.1678
2022.4904 27.2589
2022.4932 25.7000
2022.5726 24.1869
2022.5753 21.6601
2022.5836 19.2002
2022.5863 21.7044
2022.5890 13.8193
2022.6055 26.2199
2022.6164 23.2363
2022.6192 22.6463
2022.6301 22.2593
2022.6329 17.8806
2022.6356 22.1222
2022.6384 29.2839
2022.6493 17.7321
2022.6521 25.3144
2022.6548 26.1366
2022.6575 32.7289
2022.6603 25.2511
2022.6932 27.5020
2022.6959 31.9749
2022.7014 31.3720
2022.7041 27.2058
2022.7068 28.2098
2022.7096 26.6037
2022.7123 27.9976
2022.7151 21.6212
2022.7233 22.7999
2022.7260 18.5918
2022.7288 25.8929
2022.7315 27.6332
2022.7342 24.7927
2022.7370 27.0411
2022.7397 32.1684
2022.7425 17.7046
2022.7452 23.9694
2022.7479 24.1529
2022.7507 23.8443
2022.7534 21.7734
2022.7562 19.4302
2022.7589 28.0249
2022.7616 23.5076
2022.7644 28.9386
2022.7671 24.9779
2022.7699 30.0857
2022.7726 29.6922
2022.7753 25.1275
2022.7781 29.0018
2022.7808 26.1352
2022.7836 21.4478
2022.7863 27.8299
2022.7890 26.5716
2022.7945 23.6142
2022.7973 25.2355
2022.8000 21.6870
2022.8027 19.3388
2022.8055 21.0311
2022.8082 21.1741
2022.8110 20.7378
2022.8137 22.4925
2022.8164 17.0183
2022.8192 21.0053
2022.8219 15.7737
2022.8247 16.7537
2022.8274 18.1654
2022.8301 20.2489
2022.8329 18.0545
2022.8356 16.8227
2022.8384 15.4633
2022.8411 23.0762
2022.8438 25.5312
2022.8466 24.3581
2022.8493 23.7167
2022.8521 28.3169
2022.8548 21.4185
2022.8575 19.8412
2022.8603 17.5350
2022.8630 23.1597
2022.8658 23.9350
2022.8685 26.2907
2022.8712 27.9968
2022.8740 21.1931
2022.8767 21.9792
2022.8795 28.5752
2022.8822 16.2307
2022.8849 26.6157
2022.8877 24.4698
2022.8904 32.0331
2022.8932 28.2152
2022.8959 24.6960
2022.8986 22.6753
2022.9014 20.9030
2022.9041 22.2489
2022.9068 23.2027
2022.9096 29.5443
2022.9123 24.2236
2022.9151 27.8503
2022.9178 22.9947
2022.9205 24.9373
2022.9233 26.1780
2022.9260 18.7169
2022.9288 22.8441
2022.9315 22.2195
2022.9342 21.8132
2022.9370 23.5952
2022.9397 24.1456
2022.9425 23.7043
2022.9452 23.1515
2022.9479 23.6872
2022.9507 23.4413
2022.9534 22.6239
2022.9562 28.3351
2022.9589 21.6649
2022.9616 26.1433
2022.9644 23.2304
2022.9671 21.3861
2022.9699 22.4205
2022.9726 25.8737
2022.9753 23.7156
2022.9781 23.2964
2022.9808 24.9860
2022.9836 22.5345
2022.9863 22.0719
2022.9890 22.0982
2022.9918 20.4235
2022.9945 20.0578
2022.9973 18.2511
2023.0000 22.0535
