2010.1315 -7.8010
2010.1342 -9.0447
2010.1370 -9.3182
2010.1397 -6.2017
2010.1425 -7.3849
2010.1452 -8.8280
2010.1479 -3.8008
2010.1507 -1.5235
2010.1534 -1.8359
2010.1562 -3.1481
2010.1589 -4.3101
2010.1616 -3.1517
2010.1644 -9.0729
2010.1671 -4.1935
2010.1699 -5.1336
2010.1726 -4.9331
2010.1753 -6.1722
2010.1781 -8.7807
2010.1808 -3.1089
2010.1836 -3.8366
2010.1863 -6.6340
2010.1890 -7.0011
2010.1918 -11.0479
2010.1945 -12.7344
2010.1973 -12.9706
2010.2000 -11.2967
2010.2027 -11.1426
2010.2055 -11.5684
2010.2082 -13.1941
2010.2110 -7.7197
2010.2137 -11.4652
2010.2164 -7.7808
2010.2192 -11.2064
2010.2219 -9.7020
2010.2247 -10.9577
2010.2274 -9.5036
2010.2301 -8.0796
2010.2329 -6.3958
2010.2356 -7.2323
2010.2384 -9.5089
2010.2411 -10.0259
2010.2438 -10.0932
2010.2466 -8.0509
2010.2493 -9.2390
2010.2521 -7.7975
2010.2548 -1.3164
2010.2575 -9.3156
2010.2603 -6.8152
2010.2630 -10.7049
2010.2658 -8.5749
2010.2685 -7.5651
2010.2712 -6.5753
2010.2740 -5.7757
2010.2767 -5.5161
2010.2795 -10.7665
2010.2822 -6.1168
2010.2849 -11.9371
2010.2877 -9.7472
2010.2904 -7.1772
2010.2932 -9.0769
2010.2959 -13.6264
2010.2986 -10.6056
2010.3014 -8.9445
2010.3041 -8.9730
2010.3068 -7.4711
2010.3096 -9.3887
2010.3123 -8.6058
2010.3151 -7.9923
2010.3178 -9.6683
2010.3205 -13.1537
2010.3233 -13.1683
2010.3260 -14.2623
2010.3288 -12.6455
2010.3315 -14.8481
2010.3342 -10.7303
2010.3370 -10.6022
2010.3397 -11.7337
2010.3425 -12.7749
2010.3452 -14.2657
2010.3479 -13.9663
2010.3507 -17.1966
2010.3534 -10.6266
2010.3562 -9.7764
2010.3589 -11.6060
2010.3616 -11.4754
2010.3644 -14.9445
2010.3671 -7.5435
2010.3699 -10.5924
2010.3726 -8.4611
2010.3753 -6.6697
2010.3781 -7.2982
2010.3808 -9.0766
2010.3836 -6.9849
2010.3863 -9.3732
2010.3890 -9.4514
2010.3918 -6.6396
2010.3945 -8.0479
2010.3973 -8.3461
2010.4000 -5.8344
2010.4055 -7.3812
2010.4082 -9.4497
2010.4110 -9.1583
2010.4137 -3.1470
2010.4164 -2.7958
2010.4192 -9.6144
2010.4219 -0.5331
2010.4247 -0.8317
2010.4274 -6.0703
2010.4301 -7.4788
2010.4329 -9.8674
2010.4356 -15.3459
2010.4384 -13.1344
2010.4411 -13.2529
2010.4438 -11.2414
2010.4466 -7.3099
2010.4493 -12.6384
2010.4521 -9.8568
2010.4548 -5.2153
2010.4575 -8.3638
2010.4603 -3.2823
2010.4630 -5.1907
2010.4658 -4.9792
2010.4685 -6.7678
2010.4712 -5.1363
2010.4740 -7.2548
2010.4767 -7.3134
2010.4795 -6.4120
2010.4822 -4.3706
2010.4849 -3.8892
2010.4877 -1.8579
2010.4904 2.2334
2010.4932 -3.2254
2010.4959 -3.8741
2010.4986 -4.0630
2010.5014 -4.4519
2010.5041 -5.4309
2010.5068 -3.0300
2010.5096 -4.4393
2010.5123 -7.3486
2010.5151 -7.7880
2010.5178 -5.7776
2010.5205 -11.4972
2010.5233 -7.1170
2010.5260 -8.5470
2010.5288 -6.0970
2010.5342 -3.2676
2010.5370 -4.1181
2010.5397 -9.8387
2010.5425 -7.8095
2010.5452 -2.6705
2010.5507 -10.0130
2010.5534 -3.1945
2010.5562 -4.7662
2010.5589 -4.2181
2010.5616 -0.0801
2010.5644 -5.9624
2010.5671 -0.5749
2010.5699 -7.1576
2010.5726 -6.5105
2010.5753 -9.0736
2010.5781 -8.6370
2010.5808 -6.7805
2010.5836 -6.5146
2010.5863 -4.3993
2010.5890 -4.7746
2010.5918 -7.5305
2010.5945 -3.2170
2010.5973 -8.6340
2010.6000 -7.2114
2010.6027 -9.1393
2010.6055 -4.3576
2010.6082 -3.3062
2010.6110 -3.6051
2010.6137 -3.6843
2010.6164 -4.5938
2010.6192 -12.5934
2010.6219 -12.8833
2010.6247 -11.7032
2010.6274 -8.1033
2010.6301 -9.7833
2010.6329 -5.0934
2010.6356 -8.3335
2010.6384 -4.8535
2010.6411 -5.8134
2010.6438 -2.5432
2010.6466 -7.4828
2010.6493 -5.5021
2010.6521 -15.4112
2010.6548 -8.0000
2010.6575 -6.8285
2010.6603 -8.3966
2010.6630 -6.0543
2010.6658 -6.5117
2010.6685 -2.7793
2010.6712 -5.3272
2010.6740 -7.5954
2010.6767 -10.5037
2010.6795 -8.9323
2010.6822 -8.4909
2010.6849 -3.5695
2010.6877 -2.8281
2010.6904 3.7134
2010.6932 -6.5350
2010.6959 -13.2832
2010.6986 -19.7412
2010.7014 -11.6888
2010.7041 -3.8161
2010.7068 -5.3730
2010.7096 -3.1394
2010.7123 -3.4653
2010.7151 -6.1206
2010.7178 -5.2353
2010.7205 -4.7193
2010.7233 -7.1926
2010.7260 -7.8750
2010.7288 -6.3666
2010.7315 -10.5273
2010.7342 -8.5371
2010.7370 -10.7358
2010.7397 -8.9034
2010.7425 -6.8999
2010.7452 -8.9153
2010.7479 -8.6493
2010.7507 -7.0024
2010.7534 -10.2547
2010.7562 -10.7564
2010.7589 -7.0574
2010.7616 -10.5977
2010.7644 -7.0675
2010.7671 -7.5568
2010.7699 -6.5156
2010.7726 -9.1839
2010.7753 -7.4019
2010.7781 -11.4295
2010.7808 -7.2067
2010.7836 -8.2737
2010.7863 -7.5604
2010.7890 -15.7969
2010.7918 -10.7133
2010.7945 -10.5595
2010.7973 -10.1057
2010.8000 -11.6119
2010.8027 -9.5980
2010.8055 -5.1942
2010.8082 -13.1005
2010.8110 -11.5469
2010.8137 -8.0034
2010.8164 -7.1702
2010.8192 -9.5173
2010.8219 -8.1346
2010.8247 -5.4323
2010.8274 -18.7003
2010.8301 -9.5288
2010.8329 -11.1176
2010.8356 -5.4063
2010.8384 -11.2248
2010.8411 -15.9932
2010.8438 -18.3315
2010.8466 -9.2796
2010.8493 -7.3477
2010.8521 -5.0858
2010.8548 -2.8239
2010.8603 -1.3900
2010.8630 -12.5982
2010.8658 -5.6865
2010.8685 -10.3049
2010.8712 -6.5935
2010.8740 -5.8122
2010.8767 0.0288
2010.8795 -2.8204
2010.8822 -2.0698
2010.8849 -3.3196
2010.8877 -0.8196
2011.8603 2.2817
2011.8630 8.4730
2011.8658 8.0444
2011.8685 6.6457
2011.8712 5.2770
2011.8740 4.0983
2011.8767 3.2996
2011.8795 4.8209
2011.8822 6.2822
2011.8849 8.3235
2011.8877 3.1448
2011.8904 6.0860
2011.8932 5.4973
2011.8959 2.9885
2011.8986 0.4097
2011.9014 4.3110
2011.9041 6.0322
2011.9068 8.5334
2011.9096 9.2246
2011.9123 2.7658
2011.9151 9.1170
2011.9178 8.3781
2011.9205 6.4092
2011.9233 4.6401
2011.9260 -5.4391
2011.9288 2.7916
2011.9315 7.2022
2011.9342 9.8127
2011.9370 2.6730
2011.9397 8.0132
2011.9425 7.2932
2011.9452 6.2230
2011.9479 10.9827
2011.9534 12.1014
2011.9562 7.4705
2011.9589 3.9594
2011.9616 6.0480
2011.9644 7.7164
2011.9671 9.3746
2011.9699 10.2826
2011.9726 7.2202
2011.9753 6.7877
2011.9781 7.7848
2011.9808 8.7017
2011.9836 7.9483
2011.9863 7.9845
2011.9890 11.1205
2011.9918 11.0862
2011.9945 9.2015
2011.9973 8.1265
2012.0000 4.7912
2012.0027 7.0652
2012.0055 5.3783
2012.0082 6.6506
2012.0109 6.1021
2012.0137 13.4129
2012.0164 4.6830
2012.0191 4.6225
2012.0219 7.1815
2012.0246 7.3299
2012.0273 6.7579
2012.0301 4.0455
2012.0328 6.8128
2012.0355 9.0398
2012.0383 10.0566
2012.0410 6.9832
2012.0437 3.0197
2012.0464 7.7661
2012.0492 7.6726
2012.0519 7.7391
2012.0546 3.3858
2012.0574 8.5426
2012.0601 7.9196
2012.0628 8.2270
2012.0656 10.5647
2012.0683 10.4827
2012.0710 9.8713
2012.0738 8.7503
2012.0765 7.8999
2012.0792 8.1502
2012.0820 9.1310
2012.0847 10.0020
2012.0874 9.7831
2012.0902 8.9543
2012.0929 10.4656
2012.0956 9.0369
2012.0984 10.7183
2012.1011 7.9099
2012.1038 10.4215
2012.1066 7.0333
2012.1093 11.5551
2012.1120 7.9471
2012.1148 9.3192
2012.1175 7.0214
2012.1202 3.0838
2012.1230 13.1663
2012.1257 12.7590
2012.1284 4.9118
2012.1311 4.1048
2012.1339 4.8179
2012.1366 5.8612
2012.1393 8.7747
2012.1421 8.2183
2012.1448 5.1621
2012.1475 4.8662
2012.1503 9.0904
2012.1530 8.4548
2012.1557 10.9994
2012.1585 9.6943
2012.1612 10.3393
2012.1639 9.8649
2012.1667 10.7014
2012.1694 7.2587
2012.1721 8.9468
2012.1749 12.3457
2012.1776 10.7052
2012.1803 8.7353
2012.1831 8.8659
2012.1858 -0.0029
2012.1885 6.3086
2012.1913 5.4704
2012.1940 7.4525
2012.1967 11.4048
2012.1995 8.8273
2012.2022 1.8798
2012.2049 6.0523
2012.2077 9.2248
2012.2104 7.7871
2012.2131 6.6893
2012.2158 6.7512
2012.2186 7.9027
2012.2213 2.9839
2012.2240 5.8246
2012.2268 2.9248
2012.2295 3.2244
2012.2322 0.3634
2012.2350 4.5716
2012.2377 8.9090
2012.2404 2.5556
2012.2432 1.5913
2012.2459 2.1160
2012.2486 3.3601
2012.2514 3.8938
2012.2541 4.4271
2012.2568 2.8701
2012.2596 2.1527
2012.2623 -0.1349
2012.2650 1.9771
2012.2678 6.0390
2012.2705 6.6206
2012.2732 5.5721
2012.2760 12.3934
2012.2787 8.3646
2012.2814 10.2657
2012.2842 7.3968
2012.2869 8.0279
2012.2896 8.6690
2012.2923 6.5301
2012.2951 7.1613
2012.2978 3.5026
2012.3005 8.8640
2012.3033 10.8557
2012.3060 15.4575
2012.3087 14.6895
2012.3115 15.7418
2012.3142 13.5244
2012.3169 16.6673
2012.3197 11.2706
2012.3224 9.7542
2012.3251 11.3883
2012.3279 10.1328
2012.3306 13.0076
2012.3333 11.3426
2012.3361 10.4177
2012.3388 9.0628
2012.3415 14.1679
2012.3443 9.2931
2012.3470 9.6184
2012.3497 10.7836
2012.3525 10.6189
2012.3552 12.1943
2012.3579 14.4896
2012.3607 11.5950
2012.3634 15.8404
2012.3661 11.3057
2012.3689 11.7211
2012.3716 13.0265
2012.3743 9.4418
2012.3770 9.6471
2012.3798 7.0824
2012.3825 11.6377
2012.3852 10.8530
2012.3880 12.1682
2012.3907 11.9733
2012.3934 11.9984
2012.3962 16.8134
2012.3989 10.4684
2012.4016 10.5633
2012.4044 9.6382
2012.4071 8.1429
2012.4098 10.0076
2012.4126 6.7021
2012.4153 15.7867
2012.4180 12.5612
2012.4208 12.6157
2012.4235 11.6901
2012.4262 16.6046
2012.4290 14.2191
2012.4317 17.6935
2012.4344 21.0679
2012.4372 13.9023
2012.4399 11.2867
2012.4426 -0.1189
2012.4454 6.3255
2012.4481 12.0599
2012.4508 9.8843
2012.4536 14.8687
2012.4563 13.4031
2012.4590 11.1674
2012.4617 14.1318
2012.4645 11.6062
2012.4672 15.4506
2012.4699 16.1150
2012.4727 14.1193
2012.4754 14.2537
2012.9044 11.7132
2012.9071 10.7346
2012.9098 12.7555
2012.9126 15.5159
2012.9153 10.8757
2012.9180 9.1245
2012.9208 7.0923
2012.9235 10.0191
2012.9290 13.6499
2012.9317 13.6741
2012.9344 10.9675
2012.9372 12.7603
2012.9399 11.1426
2012.9426 12.5643
2012.9454 8.6156
2012.9481 8.7165
2012.9508 10.0871
2012.9536 14.7375
2012.9563 12.9477
2012.9590 10.4778
2012.9617 12.6279
2012.9645 12.4281
2012.9672 12.3984
2012.9699 8.3589
2012.9727 8.0796
2012.9754 10.2007
2012.9781 19.0322
2012.9809 10.6941
2012.9836 10.6566
2012.9863 10.1697
2012.9891 12.5035
2012.9918 13.4581
2012.9945 13.2035
2012.9973 12.3798
2013.0000 12.4870
2013.0027 12.1948
2013.0055 10.6626
2013.0082 12.2904
2013.0110 11.9183
2013.0137 11.7462
2013.0164 10.4042
2013.0192 12.7822
2013.0219 13.4603
2013.0247 15.4084
2013.0274 12.0465
2013.0301 15.5847
2013.0329 10.7029
2013.0356 13.9211
2013.0384 13.2494
2013.0411 9.7877
2013.0438 13.8061
2013.0466 13.4245
2013.0493 13.7929
2013.0521 9.3914
2013.0548 10.2599
2013.0575 10.3284
2013.0603 12.2970
2013.0630 9.6056
2013.0658 12.5342
2013.0685 15.7729
2013.0712 15.1316
2013.0740 11.1703
2013.0767 20.3491
2013.0795 9.9879
2013.0822 14.9067
2013.0849 13.9056
2013.0877 14.7345
2013.0904 15.7335
2013.0932 13.6825
2013.0959 16.2516
2013.0986 17.0607
2013.1014 14.5498
2013.1041 17.6691
2013.1068 16.1183
2013.1096 18.9176
2013.1123 15.1770
2013.1151 15.0764
2013.1178 13.1158
2013.1205 15.9753
2013.1233 15.3949
2013.1260 14.6645
2013.1288 14.6841
2013.1315 11.4138
2013.1342 5.3136
2013.1370 8.7334
2013.1397 11.3932
2013.1425 10.5931
2013.1452 8.0930
2013.1479 13.9930
2013.1507 12.7231
2013.1534 17.4131
2013.1562 11.5133
2013.1589 10.1735
2013.1616 12.2237
2013.1644 12.3343
2013.1671 15.8754
2013.1699 20.1472
2013.1726 9.1794
2013.1753 11.4523
2013.1781 13.4056
2013.1808 10.7595
2013.1836 11.8939
2013.1863 14.2487
2013.1890 13.0140
2013.1918 11.5697
2013.1945 12.6659
2013.1973 17.2025
2013.2000 14.9694
2013.2027 14.5268
2013.2055 17.8945
2013.2082 16.7226
2013.2110 15.9010
2013.2137 12.3197
2013.2164 14.4287
2013.2192 10.2881
2013.2219 7.6676
2013.2247 11.5175
2013.2274 16.4075
2013.2301 17.0778
2013.2329 13.1683
2013.2356 15.5290
2013.2384 14.5098
2013.2411 14.3208
2013.2438 18.3620
2013.2466 16.8935
2013.2493 18.6664
2013.2521 18.0309
2013.2548 14.6869
2013.2575 14.7841
2013.2603 13.9225
2013.2630 16.5820
2013.2658 13.9823
2013.2685 11.2135
2013.2712 14.1654
2013.2740 17.8479
2013.2767 7.6207
2013.2795 11.8339
2013.2849 9.5007
2013.2877 14.9740
2013.2904 23.0771
2013.2932 19.1400
2013.2959 16.8424
2013.3014 10.3753
2013.3041 14.4757
2013.3068 17.5450
2013.3096 13.7134
2013.3123 16.3505
2013.3151 15.6263
2013.3178 17.8607
2013.3205 19.0835
2013.3233 18.9747
2013.3260 17.4740
2013.3288 17.7614
2013.3315 17.1678
2013.3342 17.3341
2013.3370 13.7204
2013.3397 16.5266
2013.3425 13.9028
2013.3452 10.8090
2013.3479 15.0251
2013.3507 15.8812
2013.3534 13.5673
2013.3562 16.9133
2013.3589 13.7193
2013.3616 12.0553
2013.3644 14.0612
2013.3671 15.4071
2013.3699 13.4330
2013.3726 10.2288
2013.3753 9.3446
2013.3781 9.7204
2013.3808 15.0762
2013.3836 14.2619
2013.3863 13.9576
2013.3890 15.5432
2013.3918 14.1789
2013.3945 13.7545
2013.3973 14.9601
2013.4000 17.9656
2013.4027 17.8012
2013.4082 18.1122
2013.4110 17.0276
2013.4137 15.4331
2013.4192 13.7340
2013.4219 14.5294
2013.4247 14.5849
2013.4274 17.6204
2013.4301 20.0959
2013.4329 18.4014
2013.4356 16.8768
2013.4384 17.6823
2013.4411 16.5078
2013.4438 14.0733
2013.4466 13.2187
2013.4493 12.9942
2013.4521 11.3597
2013.4548 8.2351
2013.4575 6.4405
2013.4603 9.1960
2013.4630 11.8214
2013.4658 12.4068
2013.4685 16.1722
2013.4712 16.8875
2013.4740 17.4929
2013.4767 16.1382
2013.4795 15.0835
2013.4822 17.0888
2013.4849 11.3441
2013.4877 10.6393
2013.4904 7.1845
2013.4932 5.0497
2013.4959 11.8949
2013.4986 6.7600
2013.5014 10.5550
2013.5041 11.0598
2013.5068 11.1446
2013.5096 10.2193
2013.5123 15.1539
2013.5151 15.7784
2013.5178 16.4729
2013.5205 11.3473
2013.5233 11.8616
2013.5260 12.1358
2013.5288 11.8400
2013.5315 11.7941
2013.5342 11.6581
2013.5370 10.2421
2013.5397 15.5261
2013.5425 11.7900
2013.5452 9.1739
2013.5479 14.2877
2013.5507 11.9815
2013.5534 16.2553
2013.5562 19.6591
2013.5589 16.0728
2013.5616 10.8066
2013.5644 3.8603
2013.5671 7.5740
2013.5699 10.6678
2013.5726 8.4915
2013.5753 7.5052
2013.5781 10.2890
2013.5808 12.1627
2013.5836 12.5763
2013.5863 20.1995
2013.5890 19.8423
2013.5918 12.1349
2013.5945 15.2271
2013.5973 10.4491
2013.6000 7.3709
2013.6027 10.3324
2013.6055 11.1838
2013.6082 9.0651
2013.6110 7.5662
2013.6137 7.0373
2013.6164 7.8583
2013.6192 11.4894
2013.6219 8.1204
2013.6247 11.3315
2013.6274 10.5526
2013.6301 12.5239
2013.6329 12.6053
2013.6356 15.7168
2013.6384 11.9685
2013.6411 11.9805
2013.6438 11.9927
2013.6466 8.0752
2013.6493 5.2681
2013.6521 12.6512
2013.6548 10.9148
2013.6575 8.6987
2013.6603 6.7631
2013.6630 10.1180
2013.6658 9.5433
2013.6685 12.6990
2013.6712 5.8751
2013.6740 8.0315
2013.6767 7.8782
2013.6795 4.3853
2013.6822 9.7626
2013.6849 10.5101
2013.6877 5.5378
2013.6904 5.8558
2013.6932 10.7339
2013.6959 11.6422
2013.6986 8.3206
2013.7014 7.9592
2013.7041 10.8878
2013.7068 12.4565
2013.7096 9.3952
2013.7123 6.3939
2013.7151 13.4726
2013.7178 13.1713
2013.7205 13.9900
2013.7233 9.0686
2013.7260 12.9870
2013.7288 8.3654
2013.7315 10.2636
2013.7342 9.3817
2013.7370 9.3796
2013.7397 9.9372
2013.7425 12.3946
2013.7452 14.4418
2013.7479 15.2087
2013.7507 11.1554
2013.7534 15.4122
2013.7562 12.8388
2013.7589 14.0555
2013.7616 10.9521
2013.7644 10.1087
2013.7671 12.7552
2013.7699 13.1317
2013.7726 17.2182
2013.7753 15.5847
2013.7781 19.2511
2013.7808 19.1276
2013.7836 13.9939
2013.7863 15.1203
2013.7890 13.2566
2013.7918 17.8729
2013.7945 14.4592
2013.7973 17.6054
2013.8000 17.4716
2013.8027 14.5778
2013.8055 16.4139
2013.8082 14.4001
2013.8110 17.9962
2013.8137 17.8523
2013.8164 22.0183
2013.8192 16.8443
2013.8219 14.9503
2013.8247 20.2363
2013.8274 22.0022
2013.8301 21.3182
2013.8329 8.8141
2013.8356 13.2100
2013.8384 18.9759
2013.8411 20.0019
2013.8438 22.8678
2013.8466 23.8636
2013.8493 19.5195
2013.8521 22.3152
2013.8548 20.2909
2013.8575 25.3565
2013.8603 19.8219
2013.8630 20.7472
2013.8658 21.1924
2013.8685 14.2374
2013.8712 12.5222
2013.8740 18.4369
2013.8767 17.1913
2013.8795 17.4455
2013.8822 20.6094
2013.8849 19.8531
2013.8877 21.8465
2013.8904 19.1196
2013.8932 15.4824
2013.8959 19.6949
2013.8986 16.9470
2013.9014 19.4788
2013.9041 15.2202
2013.9068 9.8512
2013.9096 12.2018
2013.9123 14.3020
2013.9151 14.6818
2013.9178 11.5912
2013.9205 6.9503
2013.9233 13.0192
2013.9260 14.5877
2013.9288 11.6261
2013.9315 13.1042
2013.9342 17.4921
2013.9370 16.6298
2013.9397 12.5673
2013.9425 14.2446
2013.9452 13.8817
2013.9479 13.3087
2013.9507 12.4255
2013.9534 14.1021
2013.9562 9.9387
2013.9589 5.4051
2013.9616 10.3614
2013.9644 13.2776
2013.9671 15.9538
2013.9699 16.2998
2013.9726 15.9758
2013.9753 12.9518
2013.9781 14.6177
2013.9808 16.2435
2013.9836 15.6394
2013.9863 17.3253
2013.9890 14.0611
2013.9918 16.1570
2013.9945 13.3529
2013.9973 15.9089
2014.0000 19.2449
2014.0027 16.1709
2014.0055 14.5267
2014.0082 17.9325
2014.0110 16.9581
2014.0137 16.5336
2014.0164 14.3790
2014.0192 14.4244
2014.0219 13.5697
2014.0247 13.3650
2014.0274 15.2301
2014.0301 16.3553
2014.0329 19.0904
2014.0356 16.9055
2014.0384 16.2607
2014.0411 14.7058
2014.0438 15.5909
2014.0466 17.6960
2014.0493 18.8412
2014.0521 15.2264
2014.0548 15.7316
2014.0575 11.7170
2014.0603 12.5823
2014.0630 15.7178
2014.0658 20.3534
2014.0685 15.1690
2014.0712 14.2748
2014.0740 14.8007
2014.0767 16.8767
2014.0795 16.7428
2014.0822 16.1292
2014.0849 17.2257
2014.0877 14.9425
2014.0904 17.2996
2014.0932 18.2970
2014.0959 17.5246
2014.0986 14.0325
2014.1014 12.9707
2014.1041 15.5092
2014.1068 16.9779
2014.1096 15.9269
2014.1123 16.6261
2014.1151 15.0357
2014.1178 18.0755
2014.1205 19.3956
2014.1233 20.1660
2014.1260 15.0567
2014.1288 18.6277
2014.1315 20.1089
2014.1342 16.5205
2014.1370 15.1023
2014.1397 15.6344
2014.1425 17.3568
2014.1452 17.6995
2014.1479 20.1525
2014.1507 20.1458
2014.1534 22.8094
2014.1562 17.3633
2014.1589 24.4675
2014.1616 18.6120
2014.1644 21.3168
2014.1671 21.9421
2014.1699 20.5079
2014.1726 19.1739
2014.1753 22.5404
2014.1781 26.6171
2014.1808 19.1541
2014.1836 17.6015
2014.1863 17.8590
2014.1890 20.3867
2014.1918 15.8646
2014.1945 13.3827
2014.1973 14.0709
2014.2000 15.2991
2014.2027 13.3575
2014.2055 11.7458
2014.2082 16.9142
2014.2110 24.4225
2014.2137 19.0108
2014.2164 20.6290
2014.2192 14.2771
2014.2219 18.1051
2014.2247 19.2329
2014.2274 19.9104
2014.2301 17.7978
2014.2329 20.8349
2014.2356 19.6817
2014.2384 17.1683
2014.2411 16.8944
2014.2438 19.4503
2014.2466 18.7857
2014.2493 22.7708
2014.2521 17.7658
2014.2548 19.4405
2014.2575 24.1350
2014.2603 19.8293
2014.2630 21.0634
2014.2658 23.5174
2014.2685 13.4613
2014.2712 19.1251
2014.2740 23.9388
2014.2767 20.0224
2014.2795 24.8660
2014.2822 22.2995
2014.2849 21.6730
2014.2877 20.1065
2014.2904 24.9501
2014.2932 26.7136
2014.2959 28.6173
2014.2986 28.9410
2014.3014 24.5948
2014.3041 20.8087
2014.3068 16.8128
2014.3096 16.3370
2014.3123 7.7914
2014.3151 19.7460
2014.3178 18.7107
2014.3205 12.9158
2014.3233 16.7410
2014.3260 17.9065
2014.3288 19.0723
2014.3315 16.7485
2014.3342 10.2951
2014.3370 15.6121
2014.3397 15.5996
2014.3425 15.4273
2014.3452 14.3254
2014.3479 14.9538
2014.3507 15.7724
2014.3534 14.1013
2014.3562 16.2804
2014.3589 17.6397
2014.3616 20.8492
2014.3644 19.8487
2014.3671 23.3484
2014.3699 27.4981
2014.3726 24.0879
2014.3753 18.3077
2014.3781 23.2874
2014.3808 20.4571
2014.3836 19.3368
2014.3863 20.2463
2014.3890 18.5657
2014.3918 19.3849
2014.3945 17.4940
2014.3973 16.8028
2014.4000 20.3713
2014.4027 17.9196
2014.4055 23.4476
2014.4082 17.7553
2014.4110 19.6326
2014.4137 16.9495
2014.4164 19.6558
2014.4192 16.3317
2014.4219 17.9772
2014.4247 21.2522
2014.4274 19.2569
2014.4301 17.7512
2014.4329 19.0952
2014.4356 17.0789
2014.4384 17.4623
2014.4411 18.9655
2014.4438 21.6486
2014.4466 20.0615
2014.4493 21.3142
2014.4521 25.7869
2014.4548 25.1595
2014.4575 20.1122
2014.4603 17.8048
2014.4630 15.2675
2014.4658 13.2902
2014.4685 14.5031
2014.4712 19.4161
2014.4740 19.1193
2014.4767 17.6127
2014.4795 16.3263
2014.4822 16.1402
2014.4849 21.9945
2014.4877 20.7490
2014.4904 19.8340
2014.4932 18.5794
2014.4959 20.1452
2014.4986 19.0019
2014.5014 21.3698
2014.5041 16.2789
2014.5068 22.3790
2014.5096 18.6601
2014.5123 16.5620
2014.5151 20.1348
2014.5178 24.9281
2014.5205 26.7521
2014.5233 21.9865
2014.5260 14.9013
2014.5288 7.6564
2014.5315 22.0717
2014.5342 11.6671
2014.5370 16.7625
2014.5397 12.6078
2014.5425 16.2429
2014.5452 12.2177
2014.5479 19.0422
2014.5507 17.1461
2014.5534 17.5895
2014.5562 15.1422
2014.5589 19.8842
2014.5616 19.5753
2014.5644 18.8955
2014.5671 21.7946
2014.5699 19.6825
2014.5726 15.7292
2014.5753 18.1946
2014.5781 18.5386
2014.5808 14.9610
2014.5836 16.2125
2014.5863 18.0438
2014.5890 21.6249
2014.5918 23.9758
2014.5945 24.5465
2014.5973 21.5770
2014.6000 21.7573
2014.6027 21.6775
2014.6055 20.3274
2014.6082 21.4873
2014.6110 19.8769
2014.6137 19.5265
2014.6164 12.6859
2014.6192 17.8851
2014.6219 20.7243
2014.6247 20.0134
2014.6274 17.7723
2014.6301 17.3512
2014.6329 18.2300
2014.6356 17.3787
2014.6384 16.7674
2014.6411 13.7460
2014.6438 14.5745
2014.6466 14.0231
2014.6493 7.1816
2014.6521 9.8400
2014.6548 11.9385
2014.6575 16.2969
2014.6603 16.2154
2014.6630 19.4539
2014.6658 20.6723
2014.6685 20.6406
2014.6712 20.6787
2014.6740 23.8366
2014.6767 20.6344
2014.6795 24.7620
2014.6822 21.2895
2014.6849 21.4669
2014.6877 23.7041
2014.6904 22.2813
2014.6932 23.7385
2014.6959 24.9556
2014.6986 20.6726
2014.7014 18.2697
2014.7041 19.9167
2014.7068 19.4338
2014.7096 20.1109
2014.7123 20.6780
2014.7151 21.1353
2014.7178 17.9725
2014.7205 19.7199
2014.7233 20.4174
2014.7260 17.5151
2014.7288 14.5829
2014.7315 20.8408
2014.7342 16.8389
2014.7370 11.8973
2014.7397 15.3158
2014.7425 21.8345
2014.7452 20.4335
2014.7479 20.9328
2014.7507 18.3230
2014.7534 20.4746
2014.7562 19.9376
2014.7589 21.2218
2014.7616 19.7872
2014.7644 19.4437
2014.7671 20.2912
2014.7699 17.8995
2014.7726 20.4686
2014.7753 17.0684
2014.7781 18.3988
2014.7808 16.8197
2014.7836 21.1210
2014.7863 19.9726
2014.7890 19.4944
2014.7918 20.8763
2014.7945 19.0182
2014.7973 21.6700
2014.8000 21.1816
2014.8027 23.0830
2014.8055 19.0440
2014.8082 18.5445
2014.8110 18.6345
2014.8137 23.0938
2014.8164 21.2723
2014.8192 20.4500
2014.8219 16.9667
2016.1148 24.7301
2016.1175 23.7380
2016.1202 22.4459
2016.1230 24.6239
2016.1257 26.8918
2016.1284 24.6598
2016.1311 24.5479
2016.1339 25.0760
2016.1366 25.6341
2016.1393 27.6623
2016.1421 27.2405
2016.1448 25.2987
2016.1475 26.3171
2016.1503 25.5154
2016.1530 22.9939
2016.1557 26.1123
2016.1585 24.0909
2016.1612 22.7695
2016.1639 25.5886
2016.1667 28.6391
2016.1694 30.3507
2016.1721 27.8435
2016.1749 29.4273
2016.1776 30.0321
2016.1803 29.1378
2016.1831 29.8042
2016.1858 29.4313
2016.1885 32.3191
2016.1913 30.0373
2016.1940 30.4560
2016.1967 33.2350
2016.1995 31.9743
2016.2022 27.1738
2016.2049 26.8233
2016.2077 26.3329
2016.2104 17.6923
2016.2131 25.8216
2016.2158 23.2606
2016.2186 24.8492
2016.2213 28.9374
2016.2240 29.2551
2016.2268 24.8022
2016.2295 26.8485
2016.2322 24.6441
2016.2350 28.8988
2016.2377 24.7125
2016.2404 24.5752
2016.2432 26.1367
2016.2459 23.2571
2016.2486 22.7671
2016.2514 22.9070
2016.2541 20.9169
2016.2568 21.7568
2016.2596 29.6167
2016.2623 22.6265
2016.2650 24.2263
2016.2678 31.5760
2016.2705 29.6558
2016.2732 30.0754
2016.2760 25.6051
2016.2787 26.9647
2016.2814 27.3944
2016.2842 25.5439
2016.2869 27.1735
2016.2896 26.7930
2016.2923 27.3325
2016.2951 26.1920
2016.2978 25.7815
2016.3005 20.5209
2016.3033 20.3203
2016.3060 21.3297
2016.3087 23.4991
2016.3115 21.5285
2016.3142 25.1578
2016.3169 28.7171
2016.3197 29.2164
2016.3224 21.4257
2016.3251 19.7450
2016.3279 23.4043
2016.3306 22.2335
2016.3333 27.6327
2016.3361 25.2218
2016.3388 25.4709
2016.3415 24.0699
2016.3443 37.2089
2016.3470 30.2278
2016.3497 29.9768
2016.3525 24.3257
2016.3552 19.8445
2016.3579 21.9934
2016.3607 23.5222
2016.3634 25.7010
2016.3661 20.7799
2016.3689 24.8287
2016.3716 25.9675
2016.3743 19.4363
2016.3770 25.3752
2016.3798 23.2040
2016.3825 26.3529
2016.3852 27.6918
2016.3880 31.7608
2016.3907 29.6197
2016.3934 27.4987
2016.3962 20.3978
2016.3989 24.5169
2016.4016 20.6960
2016.4044 21.8052
2016.4071 24.2044
2016.4098 24.9338
2016.4126 22.9731
2016.4153 26.3531
2016.4180 29.0039
2016.4208 26.0455
2016.4235 29.5177
2016.4262 25.5207
2016.4290 26.8343
2016.4317 25.3584
2016.4344 26.4330
2016.4372 28.2280
2016.4399 27.8734
2016.4426 29.4491
2016.4454 26.4351
2016.4481 28.5212
2016.4508 28.0074
2016.4536 31.2338
2016.4563 26.7701
2016.4590 29.0164
2016.4617 24.3725
2016.4645 27.2685
2016.4672 26.3343
2016.4699 29.8997
2016.4727 24.4648
2016.4754 25.7195
2016.4781 23.8837
2016.4809 21.1074
2016.4836 19.8205
2016.4863 19.8230
2016.4891 17.2547
2016.4918 20.1356
2016.4945 27.4658
2016.4973 26.4851
2016.5000 21.5141
2016.5027 21.4730
2016.5055 25.9917
2016.5082 23.1103
2016.5109 20.6187
2016.5137 23.5570
2016.5164 25.6352
2016.5191 21.8732
2016.5219 21.2411
2016.5246 25.3289
2016.5273 25.6566
2016.5301 27.3242
2016.5328 25.8217
2016.5355 25.4592
2016.5383 24.4865
2016.5410 14.5338
2016.5437 25.1411
2016.5464 13.7283
2016.5492 23.5455
2016.5519 24.3826
2016.5546 22.0498
2016.5574 20.9369
2016.5601 21.6840
2016.5628 20.3111
2016.5656 20.0182
2016.5683 19.6154
2016.5710 19.4925
2016.5738 25.1097
2016.5765 24.2669
2016.5792 27.1142
2016.5820 22.5515
2016.5847 21.1586
2016.5874 26.9954
2016.5902 26.2420
2016.5929 19.8483
2016.5956 23.4644
2016.5984 27.2303
2016.6011 21.9960
2016.6038 24.4816
2016.6066 24.8671
2016.6093 22.8925
2016.6120 22.0078
2016.6148 20.3530
2016.6175 15.5882
2016.6202 20.3834
2016.6230 22.8085
2016.6257 26.3437
2016.6284 25.4190
2016.6311 24.3443
2016.6339 24.6997
2016.6366 28.8452
2016.6393 25.0508
2016.6421 28.7966
2016.6448 28.5025
2016.6475 29.0587
2016.6503 29.7250
2016.6530 31.9716
2016.6557 29.4085
2016.6585 24.4856
2016.6612 28.3830
2016.6639 27.2608
2016.6667 24.9502
2016.6694 25.4939
2016.6721 25.4016
2016.6749 24.8729
2016.6776 18.9477
2016.6803 24.7256
2016.6831 25.4064
2016.6858 29.1798
2016.6885 23.7755
2016.6913 29.0532
2016.6940 28.7426
2016.6967 30.1836
2016.6995 31.4757
2016.7022 20.5488
2016.7049 29.5925
2016.7077 27.2965
2016.7104 26.1307
2016.7131 26.9246
2016.7158 21.5081
2016.7186 22.5109
2016.7213 22.6926
2016.7240 16.7930
2016.7268 22.1718
2016.7295 21.0487
2016.7322 23.9236
2016.7350 26.1760
2016.7377 27.7557
2016.7404 25.6924
2016.7432 18.8159
2016.7459 21.6158
2016.7486 22.4121
2016.7514 21.4572
2016.7541 25.8921
2016.7568 24.3469
2016.7596 22.5714
2016.7623 28.7858
2016.7650 29.9999
2016.7678 27.4239
2016.7705 26.4577
2016.7732 24.7613
2016.7760 24.7246
2016.7787 25.0078
2016.7814 22.2407
2016.7842 23.0334
2016.7869 21.7459
2016.7896 23.5582
2016.7923 20.5502
2016.7951 24.0620
2016.7978 25.9335
2016.8005 21.0648
2016.8033 26.4259
2016.8060 27.2867
2016.8087 28.8673
2016.8115 25.1376
2016.8142 18.1976
2016.8169 20.2774
2016.8197 18.6469
2016.8224 23.5861
2016.8251 21.7650
2016.8279 19.6437
2016.8306 24.2821
2016.8333 24.4603
2016.8361 22.7484
2016.8388 27.3365
2016.8415 21.2846
2016.8443 23.6427
2016.8470 20.6908
2016.8497 19.8988
2016.8525 12.6468
2016.8552 15.9147
2016.8579 21.1326
2016.8607 21.8204
2016.8634 21.5181
2016.8661 18.5458
2016.8689 16.7534
2016.8716 17.8708
2016.8743 17.3682
2016.8770 15.8055
2016.8798 22.7126
2016.8825 25.6996
2016.8852 23.5465
2016.8880 25.9233
2016.8907 26.3599
2016.8934 25.7364
2016.8962 20.7527
2016.8989 21.2088
2016.9016 17.6548
2016.9044 22.4405
2016.9071 21.2961
2016.9098 22.4915
2016.9126 22.8067
2016.9153 24.3717
2016.9180 20.6562
2016.9208 19.4401
2016.9235 20.9633
2016.9262 23.6160
2016.9290 23.7082
2016.9317 21.4099
2016.9344 20.4611
2016.9372 19.9220
2016.9399 20.5926
2016.9426 20.9628
2016.9454 20.3828
2016.9481 21.3626
2016.9508 21.7322
2016.9536 19.3617
2016.9563 23.8812
2016.9590 23.2306
2016.9617 18.6800
2016.9645 14.4195
2016.9672 17.8391
2016.9699 19.1988
2016.9727 17.5487
2016.9754 17.9189
2016.9781 16.4494
2016.9809 18.5101
2016.9836 22.4413
2016.9863 18.6629
2016.9891 18.1949
2016.9918 19.3075
2016.9945 19.5606
2016.9973 19.7843
2017.0000 19.1286
2017.0027 17.3037
2017.0055 18.5897
2017.0082 22.3964
2017.0110 19.7940
2017.0137 20.8021
2017.0164 20.5010
2017.0192 20.9303
2017.0219 23.3902
2017.0247 22.3205
2017.0274 16.2712
2017.0301 16.4422
2017.0329 13.2335
2017.0356 14.4350
2017.0384 17.1466
2017.0411 14.4183
2017.0438 15.7700
2017.0466 15.7817
2017.0493 14.1333
2017.0521 19.9147
2017.0548 19.8060
2017.0575 18.6769
2017.0603 20.9275
2017.0630 21.0977
2017.0658 24.2574
2017.0685 21.3467
2017.0712 23.4953
2017.0740 24.9633
2017.0767 24.0406
2017.0795 24.9972
2017.0822 28.3929
2017.0849 22.1478
2017.0877 23.9518
2017.0904 24.1751
2017.0932 21.5078
2017.0959 19.5497
2017.0986 23.2511
2017.1014 22.7520
2017.1041 21.8025
2017.1068 27.9526
2017.1096 24.6923
2017.1123 25.6218
2017.1151 29.9411
2017.1178 27.5002
2017.1205 28.5493
2017.1233 26.0783
2017.1260 26.0374
2017.1288 29.5366
2017.1315 25.1560
2017.1342 24.2256
2017.1370 24.8855
2017.1397 26.9057
2017.1425 26.0363
2017.1452 28.8575
2017.1479 23.9091
2017.1507 20.6614
2017.1534 30.2543
2017.1562 30.2479
2017.1589 29.4423
2017.1616 25.9875
2017.1644 21.9137
2017.1671 21.2909
2017.1699 24.7190
2017.1726 24.1380
2017.1753 22.7877
2017.1781 24.4082
2017.1808 29.4492
2017.1836 26.3909
2017.1863 28.8731
2017.1890 26.7057
2017.1918 28.0087
2017.1945 26.2719
2017.1973 28.2254
2017.2000 24.1691
2017.2027 25.0529
2017.2055 28.7867
2017.2082 24.1204
2017.2110 26.2741
2017.2137 25.1876
2017.2164 27.0508
2017.2192 28.6837
2017.2219 25.5362
2017.2247 24.1683
2017.2274 18.8899
2017.2301 15.4208
2017.2329 18.1411
2017.2356 21.5307
2017.2384 21.9295
2017.2411 21.7675
2017.2438 21.6545
2017.2466 20.5805
2017.2493 23.7054
2017.2521 23.4494
2017.2548 28.7226
2017.2575 24.0249
2017.2603 22.6664
2017.2630 28.0373
2017.2658 29.9676
2017.2685 27.1473
2017.2712 30.0966
2017.2740 30.8155
2017.2767 29.9040
2017.2795 30.2824
2017.2822 30.4906
2017.2849 26.7486
2017.2877 36.3967
2017.2904 33.8948
2017.2932 31.6630
2017.2959 29.0114
2017.2986 29.2701
2017.3014 26.6791
2017.3041 29.2485
2017.3068 34.3284
2017.3096 32.3689
2017.3123 32.9200
2017.3151 32.3118
2017.3178 31.4843
2017.3205 30.7977
2017.3233 28.0021
2017.3260 29.3674
2017.3288 27.0437
2017.3315 30.4811
2017.3342 31.8391
2017.3370 28.0279
2017.3397 27.4073
2017.3425 29.6373
2017.3452 31.5778
2017.3479 26.4587
2017.3507 29.6601
2017.3534 33.4219
2017.3562 32.4640
2017.3589 33.2664
2017.3616 33.4489
2017.3644 39.1116
2017.3671 35.5244
2017.3699 34.5073
2017.3726 34.8501
2017.3753 35.8429
2017.3781 34.6356
2017.3808 33.7581
2017.3836 27.4003
2017.3863 30.5523
2017.3890 25.9640
2017.3918 28.7953
2017.3945 28.5661
2017.3973 25.5065
2017.4000 26.9363
2017.4027 30.0455
2017.4055 28.4140
2017.4082 31.7518
2017.4110 26.9989
2017.4137 28.3852
2017.4164 23.4311
2017.4192 27.3564
2017.4219 27.6314
2017.4247 28.6361
2017.4274 28.8104
2017.4301 28.2244
2017.4329 30.6782
2017.4356 31.0917
2017.4384 29.7451
2017.4411 29.8583
2017.4438 28.3614
2017.4466 27.6344
2017.4493 24.6574
2017.4521 29.3703
2017.4548 29.8933
2017.4575 21.3163
2017.4603 24.6594
2017.4630 26.8226
2017.4658 28.7460
2017.4685 26.8596
2017.4712 27.9634
2017.4740 32.9774
2017.4767 34.1117
2017.4795 26.7664
2017.4822 25.5814
2017.4849 25.3268
2017.4877 29.7126
2017.4904 27.1789
2017.4932 25.3257
2017.4959 20.9830
2017.4986 24.6707
2017.5014 26.0685
2017.5041 28.6165
2017.5068 22.0147
2017.5096 30.9729
2017.5123 28.7713
2017.5151 30.1598
2017.5178 27.1584
2017.5205 29.3171
2017.5233 26.4059
2017.5260 23.8548
2017.5288 22.7037
2017.5315 26.5627
2017.5342 24.3417
2017.5370 23.7307
2017.5397 27.9698
2017.5425 27.9689
2017.5452 20.9980
2017.5479 28.1871
2017.5507 25.2661
2017.5534 27.5751
2017.5562 26.3441
2017.5589 25.8531
2017.5616 22.5020
2017.5644 25.2808
2017.5671 24.1195
2017.5699 23.8281
2017.5726 29.6267
2017.5753 30.9751
2017.5781 33.5634
2017.5808 30.5216
2017.5836 26.1295
2017.5863 27.9571
2017.5890 28.3145
2017.5918 20.6715
2017.5945 26.9383
2017.5973 30.5349
2017.6000 28.4512
2017.6027 28.0674
2017.6055 21.2434
2017.6082 28.5593
2017.6110 24.3651
2017.6137 29.3008
2017.6164 26.2865
2017.6192 30.0921
2017.6219 25.8377
2017.6247 29.7733
2017.6274 30.5490
2017.6301 26.9347
2017.6329 25.6606
2017.6356 27.5065
2017.6384 30.7425
2017.6411 26.3387
2017.6438 31.0151
2017.6466 29.6918
2017.6493 32.3986
2017.6521 24.3157
2017.6548 31.7531
2017.6575 28.7507
2017.6603 27.2087
2017.6630 35.5471
2017.6658 31.2160
2017.6685 29.3864
2017.6712 31.0685
2017.6740 26.6221
2017.6767 22.0972
2017.6795 15.7335
2017.6822 25.5110
2017.6849 18.0595
2017.6877 23.4590
2017.6904 27.2894
2017.6932 22.2705
2017.6959 27.1623
2017.6986 26.0745
2017.7014 27.8872
2017.7041 24.0901
2017.7068 32.7332
2017.7096 23.6564
2017.7123 17.5696
2017.7151 25.9825
2017.7178 19.7553
2017.7205 24.1776
2017.7233 26.9595
2017.7260 28.3807
2017.7288 25.6412
2017.7315 31.2110
2017.7342 21.2197
2017.7370 20.7674
2017.7397 26.4840
2017.7425 20.1093
2017.7452 27.4532
2017.7479 25.1856
2017.7507 21.6772
2017.7534 23.1886
2017.7562 25.2798
2017.7589 23.8509
2017.7616 27.4918
2017.7644 24.5425
2017.7671 29.3930
2017.7699 25.4834
2017.7726 26.7636
2017.7753 28.7436
2017.7781 29.1035
2017.7808 27.1432
2017.7836 18.0127
2017.7863 25.5820
2017.7890 22.4412
2017.7918 24.0702
2017.7945 24.3490
2017.7973 25.8577
2017.8000 27.3061
2017.8027 24.8045
2017.8055 27.7926
2017.8082 25.2806
2017.8110 31.6784
2017.8137 23.9360
2017.8164 27.4534
2017.8192 29.3407
2017.8219 29.4778
2017.8247 32.0847
2017.8274 27.1715
2017.8301 26.9881
2017.8329 28.8244
2017.8356 27.9304
2017.8384 22.7561
2017.8411 24.7413
2017.8438 28.4763
2017.8466 26.3909
2017.8493 32.9553
2017.8521 31.5094
2017.8548 25.0934
2017.8575 23.1872
2017.8603 30.4608
2017.8630 28.7044
2017.8658 29.3978
2017.8685 27.9512
2017.8712 26.7146
2017.8740 29.1680
2017.8767 27.8214
2017.8795 25.1249
2017.8822 25.4885
2017.8849 24.4122
2017.8877 22.2161
2017.8904 23.6802
2017.8932 27.7745
2017.8959 26.0391
2017.8986 26.8439
2017.9014 22.2191
2017.9041 25.9245
2017.9068 26.1204
2017.9096 22.4967
2017.9123 21.2734
2017.9151 27.4105
2017.9178 23.1984
2017.9205 23.8570
2017.9233 26.7464
2017.9260 27.3364
2017.9288 25.9872
2017.9315 24.5484
2017.9342 27.4702
2017.9370 29.1325
2017.9397 24.6051
2017.9425 23.3881
2017.9452 21.3214
2017.9479 20.3749
2017.9507 20.0386
2017.9534 23.0623
2017.9562 19.9461
2017.9589 23.7799
2017.9616 25.6736
2017.9644 23.6872
2017.9671 27.0206
2017.9699 24.6837
2017.9726 27.2266
2017.9753 24.6790
2017.9781 25.3711
2017.9808 20.6426
2017.9836 17.6836
2017.9863 18.6640
2017.9890 23.1437
2017.9918 21.6527
2017.9945 21.3109
2017.9973 21.3383
2018.0000 23.3448
2018.0027 26.3907
2018.0055 25.5665
2018.0082 22.8822
2018.0110 23.7977
2018.0137 24.3732
2018.0164 25.1585
2018.0192 23.9237
2018.0219 26.1789
2018.0247 24.8839
2018.0274 24.8389
2018.0301 23.0838
2018.0329 24.5787
2018.0356 27.2035
2018.0384 26.0583
2018.0411 24.0331
2018.0438 27.0779
2018.0466 27.5226
2018.0493 30.0874
2018.0521 30.4421
2018.0548 29.3169
2018.0575 26.4917
2018.0603 27.4866
2018.0630 28.2015
2018.0658 29.4064
2018.0685 29.2814
2018.0712 31.0765
2018.0740 30.0816
2018.0767 30.3469
2018.0795 30.6822
2018.0822 32.1977
2018.0849 30.6831
2018.0877 31.3584
2018.0904 27.2337
2018.0932 28.8889
2018.0959 27.8542
2018.0986 25.9494
2018.1014 31.6846
2018.1041 30.8599
2018.1068 27.2152
2018.1096 30.0205
2018.1123 32.0459
2018.1151 32.8914
2018.1178 30.4870
2018.1205 31.0927
2018.1233 30.9485
2018.1260 29.0644
2018.1288 29.2805
2018.1315 28.0967
2018.1342 25.1031
2018.1370 27.4497
2018.1397 28.6665
2018.1425 25.4535
2018.1452 26.1207
2018.1479 30.7282
2018.1507 27.6059
2018.1534 26.2639
2018.1562 25.5722
2018.1589 28.1107
2018.1616 28.1496
2018.1644 28.0494
2018.1671 28.9509
2018.1699 26.0038
2018.1726 27.2081
2018.1753 27.5337
2018.1781 26.0806
2018.1808 24.0985
2018.1836 26.6075
2018.1863 21.5774
2018.1890 26.4781
2018.1918 27.1196
2018.1945 26.4817
2018.1973 25.7744
2018.2000 22.9475
2018.2027 22.8010
2018.2055 18.1848
2018.2082 23.7388
2018.2110 27.7229
2018.2137 29.9970
2018.2164 30.9310
2018.2192 32.2548
2018.2219 24.6384
2018.2247 25.1015
2018.2274 21.5442
2018.2301 23.2364
2018.2329 23.5679
2018.2356 26.0387
2018.2384 24.8086
2018.2411 29.9376
2018.2438 30.3156
2018.2466 31.3627
2018.2493 31.0497
2018.2521 33.0769
2018.2548 27.5541
2018.2575 28.1415
2018.2603 26.4888
2018.2630 28.6462
2018.2658 27.5636
2018.2685 27.5810
2018.2712 28.1783
2018.2740 34.3055
2018.2767 34.1427
2018.2795 29.6497
2018.2822 30.8665
2018.2849 33.0832
2018.2877 35.4096
2018.2904 31.0259
2018.2932 31.8418
2018.2959 31.7575
2018.2986 30.2729
2018.3014 27.3180
2018.3041 31.3227
2018.3068 27.3570
2018.3096 30.5410
2018.3123 28.7244
2018.3151 28.3075
2018.3178 28.7600
2018.3205 29.1821
2018.3233 29.0336
2018.3260 30.0546
2018.3288 33.6850
2018.3315 32.9950
2018.3342 30.5450
2018.3370 28.2249
2018.3397 30.8047
2018.3425 31.2644
2018.3452 26.1440
2018.3479 31.6036
2018.3507 29.0330
2018.3534 29.9525
2018.3562 27.6918
2018.3589 31.4811
2018.3616 27.7904
2018.3644 30.5296
2018.3671 29.7187
2018.3699 28.0478
2018.3726 37.6469
2018.3753 33.3959
2018.3781 32.7649
2018.3808 31.9639
2018.3836 27.9028
2018.3863 28.2617
2018.3890 24.9305
2018.3918 23.1594
2018.3945 26.3282
2018.3973 28.8871
2018.4000 31.5559
2018.4027 33.6947
2018.4055 30.1335
2018.4082 30.5223
2018.4110 30.1811
2018.4137 28.7199
2018.4164 28.7284
2018.4192 27.6367
2018.4219 26.9147
2018.4247 31.4326
2018.4274 24.1803
2018.4301 21.3478
2018.4329 29.4653
2018.4356 34.3026
2018.4384 31.0499
2018.4411 30.3771
2018.4438 32.0943
2018.4466 29.9715
2018.4493 29.4187
2018.4521 30.4560
2018.4548 30.2034
2018.4575 23.2709
2018.4603 21.7885
2018.4630 20.3363
2018.4658 20.8743
2018.4685 20.8925
2018.4712 23.8610
2018.4740 21.3797
2018.4767 24.4587
2018.4795 26.9680
2018.4822 25.5276
2018.4849 23.8177
2018.4877 21.7981
2018.4904 26.1489
2018.4932 25.3802
2018.4959 23.3620
2018.4986 20.2042
2018.5014 24.7468
2018.5041 24.5297
2018.5068 28.5930
2018.5096 25.2966
2018.5123 26.4905
2018.5151 32.8747
2018.5178 35.0091
2018.5205 33.3438
2018.5233 31.0186
2018.5260 28.6237
2018.5288 24.4990
2018.5315 29.8444
2018.5342 27.2799
2018.5370 29.8055
2018.5397 33.3713
2018.5425 32.0371
2018.5452 29.7630
2018.5479 31.7789
2018.5507 29.5348
2018.5534 32.2407
2018.5562 34.5666
2018.5589 35.9124
2018.5616 33.2882
2018.5644 35.0238
2018.5671 22.4994
2018.5699 21.9648
2018.5726 25.6601
2018.5753 26.4251
2018.5781 26.4500
2018.5808 26.0247
2018.5836 27.5493
2018.5863 31.7338
2018.5890 30.9082
2018.5918 28.6926
2018.5945 31.1170
2018.5973 30.6213
2018.6000 30.4356
2018.6027 29.5998
2018.6055 31.7841
2018.6082 28.5383
2018.6110 28.0725
2018.6137 28.3766
2018.6164 32.7708
2018.6192 29.9649
2018.6219 26.0791
2018.6247 28.2632
2018.6274 27.7174
2018.6301 27.3815
2018.6329 28.8657
2018.6356 29.6899
2018.6384 27.7241
2018.6411 29.0883
2018.6438 25.5425
2018.6466 26.5868
2018.6493 25.2711
2018.6521 24.2155
2018.6548 26.6798
2018.6575 26.1543
2018.6603 32.6188
2018.6630 26.3533
2018.6658 29.3980
2018.6685 34.3735
2018.6712 31.0798
2018.6740 31.5369
2018.6767 34.6347
2018.6795 35.8132
2018.6822 23.9723
2018.6849 17.8720
2018.6877 24.6521
2018.6904 16.1627
2018.6932 31.4337
2018.6959 28.4849
2018.6986 29.4064
2018.7014 29.6881
2018.7041 26.8999
2018.7068 28.8018
2018.7096 29.3837
2018.7123 27.8556
2018.7151 27.7574
2018.7178 30.4690
2018.7205 28.7103
2018.7233 26.3314
2018.7260 24.7322
2018.7288 26.2525
2018.7315 26.0024
2018.7342 27.6918
2018.7370 23.2006
2018.7397 25.9287
2018.7452 32.3229
2018.7479 31.1488
2018.7507 32.6436
2018.7534 30.2272
2018.7562 29.0597
2018.7589 29.1811
2018.7616 29.1315
2018.7644 28.4311
2018.7671 31.3899
2018.7699 29.3179
2018.7726 31.1154
2018.7753 31.5123
2018.7781 31.6088
2018.7808 32.1850
2018.7836 33.5208
2018.7863 31.5565
2018.7890 28.2921
2018.7918 27.9777
2018.7945 34.1033
2018.7973 30.6391
2018.8000 24.2852
2018.8027 28.3315
2018.8055 32.9583
2018.8082 31.0657
2018.8110 32.6336
2018.8137 33.4321
2018.8164 31.1315
2018.8192 32.1317
2018.8219 36.2128
2018.8247 26.3150
2018.8274 25.6282
2018.8301 29.3627
2018.8329 25.0683
2018.8356 18.9743
2018.8384 20.5506
2018.8411 28.5771
2018.8438 31.1439
2018.8466 30.5308
2018.8493 28.0879
2018.8521 25.1452
2018.8548 26.1527
2018.8575 25.5303
2018.8603 27.3780
2018.8630 27.0158
2018.8658 26.6937
2018.8685 29.0216
2018.8712 27.4896
2018.8740 19.9477
2018.8767 22.6757
2018.8795 27.9137
2018.8822 27.0117
2018.8849 27.9697
2018.8877 26.7376
2018.8904 26.8055
2018.8932 28.7132
2018.8959 26.1708
2018.8986 27.5283
2018.9014 24.8557
2018.9041 27.9629
2018.9068 22.4899
2018.9096 23.6967
2018.9123 18.6433
2018.9151 27.1396
2018.9178 19.5460
2018.9205 21.4625
2018.9233 19.8092
2018.9260 22.4261
2018.9288 23.7130
2018.9315 23.4400
2018.9342 25.6271
2018.9370 24.2942
2018.9397 24.5713
2018.9425 25.0683
2018.9452 26.5752
2018.9479 25.3821
2018.9507 26.4088
2018.9534 22.3953
2018.9562 23.4316
2018.9589 20.4677
2018.9616 18.6235
2018.9644 22.1190
2018.9671 23.5542
2018.9699 26.2590
2018.9726 23.7234
2018.9753 27.3174
2018.9781 27.3710
2018.9808 27.8841
2018.9836 25.0966
2018.9863 25.8286
2018.9890 26.6401
2018.9918 26.8209
2018.9945 28.3611
2018.9973 26.7006
2019.0000 28.5394
2019.0027 28.3475
2019.0055 28.5451
2019.0082 29.9020
2019.0110 32.6485
2019.0137 35.1644
2019.0164 28.4699
2019.0192 27.5950
2019.0219 27.1197
2019.0247 24.3940
2019.0274 28.8281
2019.0301 28.3218
2019.0329 29.1453
2019.0356 28.8286
2019.0384 25.3718
2019.0411 27.1548
2019.0438 30.6577
2019.0466 33.3405
2019.0493 30.6033
2019.0521 30.7862
2019.0548 32.0991
2019.0575 29.6320
2019.0603 29.6351
2019.0630 32.8283
2019.0658 30.6618
2019.0685 30.0454
2019.0712 31.1894
2019.0740 33.1536
2019.0767 31.3881
2019.0795 29.7131
2019.0822 29.0983
2019.0849 28.1937
2019.0877 30.2590
2019.0904 30.6544
2019.0932 30.3698
2019.0959 33.6652
2019.0986 35.6607
2019.1014 29.3962
2019.1041 28.7417
2019.1068 28.5772
2019.1096 30.9628
2019.1123 29.0185
2019.1151 29.6042
2019.1178 31.7399
2019.1205 31.5357
2019.1233 30.8915
2019.1260 27.1274
2019.1288 21.2033
2019.1315 23.3194
2019.1342 17.7454
2019.1370 23.8016
2019.1397 24.1778
2019.1425 21.8941
2019.1452 23.8605
2019.1479 24.8969
2019.1507 23.6034
2019.1534 24.7301
2019.1562 26.4568
2019.1589 22.7036
2019.1616 25.2305
2019.1644 26.5576
2019.1671 23.1652
2019.1699 28.3031
2019.1726 28.4315
2019.1753 26.1302
2019.1781 24.7393
2019.1808 28.8688
2019.1836 28.6486
2019.1863 29.7288
2019.1890 29.3993
2019.1918 31.5001
2019.1945 30.4013
2019.1973 30.9628
2019.2000 31.6545
2019.2027 31.7766
2019.2055 32.4590
2019.2082 29.5216
2019.2110 33.6145
2019.2137 31.8877
2019.2164 33.6811
2019.2192 35.9748
2019.2219 33.7987
2019.2247 38.5628
2019.2274 36.5471
2019.2301 37.7417
2019.2329 38.6264
2019.2356 34.4914
2019.2384 38.8965
2019.2411 34.9118
2019.2438 33.5072
2019.2466 31.7529
2019.2493 36.1794
2019.2521 35.0366
2019.2548 34.1246
2019.2575 32.4533
2019.2603 36.9626
2019.2630 37.6525
2019.2658 39.3928
2019.2685 34.3037
2019.2712 35.9549
2019.2740 38.4964
2019.2767 30.7282
2019.2795 36.5203
2019.2822 30.1425
2019.2849 26.8148
2019.2877 31.7371
2019.2904 33.1094
2019.2932 35.1117
2019.2959 33.3638
2019.2986 37.3658
2019.3014 30.3975
2019.3041 32.4189
2019.3068 36.0699
2019.3096 33.7505
2019.3123 32.7907
2019.3151 36.6603
2019.3178 35.2894
2019.3205 31.4877
2019.3233 35.6454
2019.3260 35.4923
2019.3288 31.2584
2019.3315 29.8440
2019.3342 35.1795
2019.3370 39.4249
2019.3397 40.8602
2019.3425 38.4453
2019.3452 37.1203
2019.3479 31.8651
2019.3507 33.4798
2019.3534 26.8542
2019.3562 31.8385
2019.3589 33.3626
2019.3616 36.3866
2019.3644 34.2403
2019.3671 33.0637
2019.3699 38.1170
2019.3726 38.6500
2019.3753 37.1727
2019.3781 34.8852
2019.3808 32.3775
2019.3836 30.3994
2019.3863 28.9411
2019.3890 29.8825
2019.3918 26.5036
2019.3945 27.9343
2019.3973 23.0148
2019.4000 23.1049
2019.4027 27.3446
2019.4055 26.7940
2019.4082 24.8231
2019.4110 29.2918
2019.4137 31.1801
2019.4164 30.8384
2019.4192 27.1665
2019.4219 35.5447
2019.4247 30.0927
2019.4274 29.4007
2019.4301 28.6986
2019.4329 24.4864
2019.4356 26.3442
2019.4384 25.2319
2019.4411 28.4796
2019.4438 26.9572
2019.4466 27.7547
2019.4493 32.8521
2019.4521 29.4695
2019.4548 33.5668
2019.4575 31.6841
2019.4603 27.9813
2019.4630 30.5584
2019.4658 30.3355
2019.4685 32.0424
2019.4712 33.5994
2019.4740 31.6062
2019.4767 32.7030
2019.4795 27.9297
2019.4822 33.5064
2019.4849 36.1629
2019.4877 37.1895
2019.4904 36.7759
2019.4932 37.9923
2019.4959 36.1886
2019.4986 35.9949
2019.5014 35.4411
2019.5041 28.6873
2019.5068 33.6835
2019.5096 35.6496
2019.5123 29.9857
2019.5151 31.4417
2019.5178 31.1978
2019.5205 36.9437
2019.5233 34.7097
2019.5260 34.9655
2019.5288 36.9314
2019.5315 38.2172
2019.5342 36.3129
2019.5370 33.7686
2019.5397 31.1343
2019.5425 34.3399
2019.5452 31.9954
2019.5479 33.3709
2019.5507 32.6864
2019.5534 32.9918
2019.5562 30.3671
2019.5589 33.6824
2019.5616 36.2676
2019.5644 39.9327
2019.5671 37.0178
2019.5699 37.0829
2019.5726 37.8278
2019.5753 36.9727
2019.5781 33.9176
2019.5808 36.9024
2019.5836 35.7669
2019.5863 38.1510
2019.5890 33.4747
2019.5918 37.5180
2019.5945 34.9910
2019.5973 29.4036
2019.6000 29.3960
2019.6027 34.0381
2019.6055 39.4200
2019.6082 37.4017
2019.6110 40.2632
2019.6137 38.3345
2019.6164 34.7757
2019.6192 34.5168
2019.6219 31.7678
2019.6247 37.8288
2019.6274 37.8997
2019.6301 37.1107
2019.6329 34.7617
2019.6356 36.3327
2019.6384 36.6038
2019.6411 36.7551
2019.6438 36.7465
2019.6466 39.9480
2019.6493 35.9598
2019.6521 38.7017
2019.6548 37.7239
2019.6575 32.2064
2019.6603 30.8992
2019.6630 28.7223
2019.6658 31.7757
2019.6685 32.3694
2019.6712 37.7033
2019.6740 37.5574
2019.6767 33.7818
2019.6795 32.9364
2019.6822 25.7512
2019.6849 30.3463
2019.6877 27.1316
2019.6904 34.6672
2019.6932 31.7430
2019.6959 29.1991
2019.6986 31.8655
2019.7014 32.1021
2019.7041 34.6990
2019.7068 37.2261
2019.7096 39.6536
2019.7123 38.3113
2019.7151 33.7293
2019.7178 35.3175
2019.7205 37.9061
2019.7233 37.6749
2019.7260 28.9741
2019.7288 35.6635
2019.7315 36.0533
2019.7342 35.5633
2019.7370 32.3737
2019.7397 31.8844
2019.7425 33.9354
2019.7452 37.6967
2019.7479 40.8483
2019.7507 40.7706
2019.7534 39.2437
2019.7562 36.3676
2019.7589 36.3223
2019.7616 34.9177
2019.7644 33.6337
2019.7671 34.5903
2019.7699 35.9874
2019.7726 32.8950
2019.7753 32.5830
2019.7781 29.7313
2019.7808 34.3100
2019.7836 30.8789
2019.7863 30.7680
2019.7890 36.2972
2019.7918 31.6365
2019.7945 33.6559
2019.7973 37.0351
2019.8000 32.5443
2019.8027 29.2534
2019.8055 22.7022
2019.8082 24.3708
2019.8110 27.1491
2019.8137 25.6670
2019.8164 27.4644
2019.8192 30.9714
2019.8219 27.8179
2019.8247 26.2237
2019.8274 29.8389
2019.8301 28.0634
2019.8329 30.7672
2019.8356 28.9110
2019.8384 30.5648
2019.8411 28.2487
2019.8438 24.7726
2019.8466 26.9764
2019.8493 26.8702
2019.8521 27.9339
2019.8548 31.4974
2019.8575 33.2408
2019.8603 31.6341
2019.8630 33.9171
2019.8658 33.2799
2019.8685 38.3824
2019.8712 35.3547
2019.8740 29.6266
2019.8767 30.6082
2019.8795 27.5994
2019.8822 31.1701
2019.8849 21.4905
2019.8877 26.6904
2019.8904 27.4497
2019.8932 26.2986
2019.8959 27.9669
2019.8986 27.2246
2019.9014 28.0218
2019.9041 29.3682
2019.9068 31.1240
2019.9096 31.7092
2019.9123 29.1335
2019.9151 27.6172
2019.9178 30.8204
2019.9205 29.2835
2019.9233 29.8465
2019.9260 24.3694
2019.9288 19.3522
2019.9315 24.6649
2019.9342 22.0975
2019.9370 24.3801
2019.9397 25.3125
2019.9425 28.4249
2019.9452 27.5173
2019.9479 27.0895
2019.9507 25.3217
2019.9534 24.8738
2019.9562 28.6658
2019.9589 25.2478
2019.9616 25.5298
2019.9644 24.0516
2019.9671 25.0035
2019.9699 31.1952
2019.9726 29.8269
2019.9753 31.9486
2019.9781 26.9003
2019.9808 25.0119
2019.9836 32.0634
2019.9863 34.5950
2019.9890 34.7265
2019.9918 34.2379
2019.9945 35.4394
2019.9973 30.7808
2020.0000 29.0922
2020.0027 30.0436
2020.0055 33.5249
2020.0082 33.3161
2020.0109 34.2873
2020.0137 31.2684
2020.0164 34.6094
2020.0191 35.0605
2020.0219 35.5114
2020.0246 33.3324
2020.0273 32.3933
2020.0301 30.9442
2020.0328 31.1551
2020.0355 34.0760
2020.0383 31.8569
2020.0410 31.9078
2020.0437 33.3987
2020.0464 30.7297
2020.0492 32.3706
2020.0519 32.0016
2020.0546 30.8827
2020.0574 30.8238
2020.0601 29.7749
2020.0628 30.7261
2020.0656 33.5274
2020.0683 29.5187
2020.0710 34.1102
2020.0738 28.7717
2020.0765 30.7933
2020.0792 32.9050
2020.0820 30.2968
2020.0847 31.0289
2020.0874 32.3313
2020.0902 27.7239
2020.0929 37.5068
2020.0956 33.4299
2020.0984 32.5132
2020.1011 31.0168
2020.1038 31.8105
2020.1066 26.7145
2020.1093 28.3486
2020.1120 33.2230
2020.1148 32.6774
2020.1175 31.9021
2020.1202 33.8769
2020.1230 32.3118
2020.1257 32.0968
2020.1284 28.2819
2020.1311 28.6372
2020.1339 28.4225
2020.1366 29.9779
2020.1393 28.7834
2020.1421 32.2889
2020.1448 32.8545
2020.1475 30.0901
2020.1503 29.4957
2020.1530 32.9914
2020.1557 32.6170
2020.1585 32.3426
2020.1612 36.5982
2020.1639 34.9039
2020.1667 32.8098
2020.1694 33.6660
2020.1721 35.4823
2020.1749 30.3089
2020.1776 29.6157
2020.1803 32.6627
2020.1831 34.7899
2020.1858 34.0072
2020.1885 35.7248
2020.1913 37.0325
2020.1940 35.6105
2020.1967 40.1986
2020.1995 38.6768
2020.2022 37.9252
2020.2049 41.1238
2020.2077 35.4325
2020.2104 37.2813
2020.2131 36.6303
2020.2158 38.4094
2020.2186 36.2286
2020.2213 35.0480
2020.2240 38.4974
2020.2268 42.3270
2020.2295 39.5367
2020.2322 40.6564
2020.2350 39.0062
2020.2377 38.3662
2020.2404 40.2262
2020.2432 38.8662
2020.2459 36.7564
2020.2486 33.7376
2020.2514 33.4303
2020.2541 36.1242
2020.2568 32.2592
2020.2596 36.7953
2020.2623 34.2824
2020.2650 36.5403
2020.2678 40.8390
2020.2705 35.1583
2020.2732 41.5781
2020.2760 42.5183
2020.2787 30.4789
2020.2814 34.2996
2020.2842 35.6605
2020.2869 31.8714
2020.2896 34.3721
2020.2923 32.7227
2020.2951 38.4029
2020.2978 39.1227
2020.3005 34.9019
2020.3033 35.3106
2020.3060 31.8384
2020.3087 35.6855
2020.3115 36.0915
2020.3142 38.4865
2020.3169 40.7404
2020.3197 35.7029
2020.3224 34.4641
2020.3251 33.3238
2020.3306 26.1886
2020.3333 29.7545
2020.3361 28.7899
2020.3388 33.9648
2020.3415 33.9092
2020.3443 32.9530
2020.3470 36.0865
2020.3497 33.7096
2020.3525 36.0024
2020.3552 34.6748
2020.3579 36.1670
2020.3607 32.1989
2020.3634 31.5107
2020.3661 31.5822
2020.3689 31.7637
2020.3716 33.4151
2020.3743 31.4065
2020.3770 33.4879
2020.3798 33.6593
2020.3825 35.6208
2020.3852 35.0024
2020.3880 41.0742
2020.3907 34.1062
2020.3934 32.8683
2020.3962 32.6608
2020.3989 34.5136
2020.4016 31.4967
2020.4044 31.8003
2020.4071 31.2642
2020.4098 34.9186
2020.4126 38.9235
2020.4153 37.5188
2020.4180 36.7444
2020.4208 34.3102
2020.4235 39.1162
2020.4262 38.2325
2020.4290 39.5489
2020.4317 37.6354
2020.4344 41.3021
2020.4372 43.0889
2020.4399 36.5258
2020.4426 36.5928
2020.4454 33.3398
2020.4481 38.4768
2020.4508 36.0538
2020.4536 37.9308
2020.4563 41.1377
2020.4590 42.8746
2020.4617 41.8014
2020.4645 41.7480
2020.4672 38.5345
2020.4699 35.8709
2020.4727 33.9570
2020.4754 34.5030
2020.4781 32.7187
2020.4809 26.6741
2020.4836 31.0293
2020.4863 30.7742
2020.4891 36.6788
2020.4918 30.8830
2020.4945 36.8168
2020.4973 35.4202
2020.5000 34.5231
2020.5027 36.9253
2020.5055 34.4970
2020.5082 36.1882
2020.5109 36.2990
2020.5137 35.2693
2020.5164 35.2493
2020.5191 34.6789
2020.5219 34.5082
2020.5246 37.6973
2020.5273 35.2562
2020.5301 37.6150
2020.5328 38.7036
2020.5355 37.3222
2020.5383 41.7407
2020.5410 33.2893
2020.5437 37.5779
2020.5464 40.5566
2020.5492 31.0854
2020.5519 32.9644
2020.5546 33.6537
2020.5574 35.9332
2020.5601 36.6030
2020.5628 39.8332
2020.5656 40.4338
2020.5683 41.8748
2020.5710 38.0863
2020.5738 38.8584
2020.5765 39.7210
2020.5792 44.2042
2020.5820 40.9180
2020.5847 39.8220
2020.5874 38.4560
2020.5902 40.3100
2020.5929 39.8840
2020.5956 37.0481
2020.5984 34.7723
2020.6011 33.9664
2020.6038 34.1006
2020.6066 33.9347
2020.6093 35.0189
2020.6120 34.8031
2020.6148 34.7374
2020.6175 29.5816
2020.6202 31.0258
2020.6230 29.5701
2020.6257 29.7643
2020.6284 25.6785
2020.6311 30.3528
2020.6339 34.0470
2020.6366 33.6212
2020.6393 33.4854
2020.6421 34.6896
2020.6448 39.0237
2020.6475 40.4579
2020.6503 35.5720
2020.6530 33.1560
2020.6557 31.8601
2020.6585 35.4641
2020.6612 34.2981
2020.6639 38.4620
2020.6667 36.9259
2020.6694 36.4098
2020.6721 36.2237
2020.6749 33.8976
2020.6776 39.1614
2020.6803 40.9852
2020.6831 40.2590
2020.6858 42.6428
2020.6885 41.9166
2020.6913 39.6204
2020.6940 42.5042
2020.6967 42.5579
2020.6995 42.6417
2020.7022 32.9455
2020.7049 35.5192
2020.7077 40.6130
2020.7104 39.2467
2020.7131 32.0904
2020.7158 39.6942
2020.7186 40.5479
2020.7213 39.0917
2020.7240 36.8154
2020.7268 37.7792
2020.7295 34.9430
2020.7322 34.6268
2020.7350 32.1105
2020.7377 37.2243
2020.7404 30.4481
2020.7432 32.6220
2020.7459 34.1258
2020.7486 36.0697
2020.7514 37.1536
2020.7541 40.3076
2020.7568 38.0518
2020.7596 37.1761
2020.7623 39.3204
2020.7650 36.5150
2020.7678 37.0296
2020.7705 36.1144
2020.7732 36.3893
2020.7760 32.9543
2020.7787 35.6995
2020.7814 34.5448
2020.7842 36.9802
2020.7869 36.9558
2020.7896 37.8916
2020.7923 34.2975
2020.7951 35.2636
2020.7978 34.8698
2020.8005 31.1462
2020.8033 35.8627
2020.8060 35.3494
2020.8087 31.2063
2020.8115 38.4834
2020.8142 34.9007
2020.8169 24.8081
2020.8197 32.1757
2020.8224 28.2436
2020.8251 30.6416
2020.8279 30.9898
2020.8306 31.7282
2020.8333 35.7871
2020.8361 29.8274
2020.8388 34.0092
2020.8415 30.4623
2020.8443 26.9967
2020.8470 26.9821
2020.8497 19.4487
2020.8525 24.6161
2020.8552 26.7444
2020.8579 32.1735
2020.8607 18.9233
2020.8634 31.0536
2020.8661 29.8543
2020.8689 28.8055
2020.8716 31.3969
2020.8743 31.7486
2020.8770 27.9603
2020.8798 24.0120
2020.8825 25.3336
2020.8852 21.9450
2020.8880 20.7062
2020.8907 25.1469
2020.8934 24.4072
2020.8962 26.2769
2020.8989 28.3560
2020.9016 28.0942
2020.9044 26.5717
2020.9071 28.7781
2020.9098 29.7336
2020.9126 32.0778
2020.9153 21.8209
2020.9180 27.6033
2020.9208 25.4355
2020.9235 28.8175
2020.9262 30.6794
2020.9290 31.1211
2020.9317 28.9926
2020.9344 33.5340
2020.9372 32.9252
2020.9399 28.7262
2020.9426 27.1171
2020.9454 31.1978
2020.9481 31.6584
2020.9508 35.3589
2020.9536 35.8292
2020.9563 37.5894
2020.9590 34.1294
2020.9617 32.4993
2020.9645 34.0691
2020.9672 32.7287
2020.9699 32.8782
2020.9727 34.2876
2020.9754 34.5069
2020.9781 38.5561
2020.9809 36.9652
2020.9836 37.4641
2020.9863 38.4330
2020.9891 38.8917
2020.9918 35.9903
2020.9945 37.7689
2020.9973 36.3673
2021.0000 39.0157
2021.0027 41.0334
2021.0055 39.9801
2021.0082 41.9457
2021.0110 37.5305
2021.0137 33.9945
2021.0164 36.4378
2021.0192 36.4605
2021.0219 36.0926
2021.0247 35.2144
2021.0274 38.7259
2021.0301 37.8172
2021.0329 36.6383
2021.0356 35.4995
2021.0384 34.9407
2021.0411 33.8022
2021.0438 32.3239
2021.0466 34.0060
2021.0493 35.0686
2021.0521 30.0317
2021.0548 31.0155
2021.0575 31.4601
2021.0603 34.9556
2021.0630 38.3620
2021.0658 34.8895
2021.0685 38.1782
2021.0712 35.8081
2021.0740 31.2894
2021.0767 30.0822
2021.0795 31.8865
2021.0822 40.6823
2021.0849 37.8887
2021.0877 37.2055
2021.0904 36.5228
2021.0932 36.5605
2021.0959 34.1485
2021.0986 33.2668
2021.1014 28.7854
2021.1041 31.8243
2021.1068 35.9934
2021.1096 27.5127
2021.1123 27.3022
2021.1151 23.6619
2021.1178 22.0217
2021.1205 35.6616
2021.1233 33.0115
2021.1260 28.7215
2021.1288 33.9215
2021.1315 27.6914
2021.1342 36.6913
2021.1370 26.6312
2021.1397 32.1009
2021.1425 37.0805
2021.1452 39.9499
2021.1479 36.7891
2021.1507 36.9981
2021.1534 37.1468
2021.1562 40.3853
2021.1589 44.1734
2021.1616 36.8412
2021.1644 35.0388
2021.1671 29.6865
2021.1699 33.4041
2021.1726 41.4117
2021.1753 35.6593
2021.1781 37.0569
2021.1808 39.4245
2021.1836 36.4721
2021.1863 36.9797
2021.1890 41.0173
2021.1918 39.7449
2021.1945 38.2824
2021.1973 41.6100
2021.2000 40.1875
2021.2027 41.6651
2021.2055 45.0526
2021.2082 42.1401
2021.2110 38.5076
2021.2137 39.4651
2021.2164 37.6725
2021.2192 37.5800
2021.2219 32.3274
2021.2247 37.7648
2021.2274 38.3322
2021.2301 38.4396
2021.2329 42.7670
2021.2356 42.5843
2021.2384 39.2817
2021.2411 40.4490
2021.2438 36.1063
2021.2466 38.2835
2021.2493 36.6906
2021.2521 36.6474
2021.2548 36.1641
2021.2575 41.4106
2021.2603 38.2969
2021.2630 36.4831
2021.2658 39.0591
2021.2685 38.4851
2021.2712 41.4709
2021.2740 40.5067
2021.2767 39.9723
2021.2795 36.4680
2021.2822 38.7535
2021.2849 42.9791
2021.2877 43.5546
2021.2904 39.4801
2021.2932 32.2656
2021.2959 28.2312
2021.2986 38.7268
2021.3014 35.4725
2021.3041 36.9982
2021.3068 37.2340
2021.3096 41.5199
2021.3123 37.3059
2021.3151 37.0020
2021.3178 40.0783
2021.3205 36.2947
2021.3233 34.0613
2021.3260 35.4681
2021.3288 36.1751
2021.3315 28.0228
2021.3342 29.8815
2021.3370 35.6813
2021.3397 32.0520
2021.3425 35.6836
2021.3452 33.6260
2021.3479 30.3691
2021.3507 38.9528
2021.3534 38.3071
2021.3562 42.9719
2021.3589 36.9772
2021.3616 36.4028
2021.3644 28.0286
2021.3671 34.9546
2021.3699 32.5108
2021.3726 34.5670
2021.3753 34.1232
2021.3781 29.3292
2021.3808 32.9751
2021.3836 27.4308
2021.3863 34.6461
2021.3890 32.1209
2021.3918 36.2753
2021.3945 33.4392
2021.3973 35.0924
2021.4000 32.8049
2021.4027 28.3666
2021.4055 28.1375
2021.4082 36.0574
2021.4110 38.5763
2021.4137 36.0043
2021.4164 36.3819
2021.4192 35.7693
2021.4219 38.4166
2021.4247 39.2236
2021.4274 35.3004
2021.4301 38.6370
2021.4329 40.4334
2021.4356 41.6196
2021.4384 44.7055
2021.4411 46.9513
2021.4438 41.0768
2021.4466 40.0821
2021.4493 37.4172
2021.4521 39.6121
2021.4548 41.4468
2021.4575 35.6113
2021.4603 41.8855
2021.4630 43.5295
2021.4658 43.5933
2021.4685 46.3869
2021.4712 40.6202
2021.4740 43.0333
2021.4767 43.0662
2021.4795 36.3489
2021.4822 36.3613
2021.4849 41.4235
2021.4877 39.7155
2021.4904 36.7473
2021.4932 38.0088
2021.4959 41.2201
2021.4986 45.0312
2021.5014 44.2322
2021.5041 43.3030
2021.5068 39.7337
2021.5096 40.6242
2021.5123 36.9747
2021.5151 39.8951
2021.5178 38.1954
2021.5205 39.3056
2021.5233 39.3557
2021.5260 37.4457
2021.5288 34.4958
2021.5315 36.4957
2021.5342 36.6057
2021.5370 40.3156
2021.5397 38.1855
2021.5425 40.5353
2021.5452 39.1152
2021.5479 29.7051
2021.5507 34.4750
2021.5534 33.0250
2021.5562 32.6750
2021.5589 33.1950
2021.5616 29.6251
2021.5644 27.6452
2021.5671 29.3354
2021.5699 32.3858
2021.5726 36.3762
2021.5753 37.1267
2021.5781 34.3573
2021.5808 40.1980
2021.5836 39.3687
2021.5863 36.3691
2021.5890 37.1293
2021.5918 40.4193
2021.5945 35.9192
2021.5973 31.7590
2021.6000 33.7588
2021.6027 34.4585
2021.6356 31.6995
2021.6384 35.0528
2021.6411 38.0867
2021.6438 33.4111
2021.6466 37.5662
2021.6493 31.0520
2021.6521 33.5984
2021.6548 33.0356
2021.6575 35.2337
2021.6603 35.1725
2021.6630 37.9822
2021.6658 38.6229
2021.6685 33.2844
2021.6712 37.4769
2021.6740 35.2101
2021.6767 32.5541
2021.6795 35.6588
2021.6822 35.0942
2021.6849 33.3502
2021.6877 37.0467
2021.6904 30.1338
2021.6932 37.9013
2021.6959 41.1292
2021.6986 38.8675
2021.7014 39.8360
2021.7041 37.7949
2021.7068 36.3439
2021.7096 36.5231
2021.7123 34.7923
2021.7151 31.7816
2021.7178 35.2309
2021.7205 31.1402
2021.7233 35.9993
2021.7260 34.1882
2021.7288 38.5170
2021.7315 37.7255
2021.7342 31.4237
2021.7370 32.5815
2021.7397 37.2188
2021.7425 34.9958
2021.7452 34.7521
2021.7479 31.0580
2021.7507 33.4635
2021.7534 32.3092
2021.7562 34.8649
2021.7589 37.9207
2021.7616 36.6866
2021.7644 40.6325
2021.7671 39.3384
2021.7699 37.8644
2021.7726 34.7704
2021.7753 36.7963
2021.7781 35.8322
2021.7808 34.1481
2021.7836 35.4940
2021.7863 34.3398
2021.7890 34.6655
2021.7918 38.9611
2021.7945 40.4967
2021.7973 34.9621
2021.8000 33.8775
2021.8027 34.9627
2021.8055 39.2977
2021.8082 38.5326
2021.8110 35.1273
2021.8137 39.2819
2021.8164 36.3862
2021.8192 31.8504
2021.8219 30.2743
2021.8247 34.6880
2021.8274 29.8915
2021.8301 31.4347
2021.8329 29.5877
2021.8356 28.8605
2021.8384 31.9532
2021.8411 31.1458
2021.8438 34.8083
2021.8466 36.2907
2021.8493 33.4730
2021.8521 31.8252
2021.8548 25.9473
2021.8575 26.3694
2021.8603 24.6614
2021.8630 30.2134
2021.8685 29.2371
2021.8712 30.8990
2021.8740 30.4608
2021.8767 30.4426
2021.8795 28.9343
2021.8822 34.0561
2021.8849 34.2279
2021.8904 34.1615
2021.8932 38.4033
2021.8959 39.1452
2021.8986 36.2771
2021.9014 37.9290
2021.9041 38.2611
2021.9068 41.7831
2021.9096 40.7553
2021.9123 40.1975
2021.9151 33.9198
2021.9178 38.3622
2021.9205 35.4948
2021.9233 36.7776
2021.9260 39.8305
2021.9288 42.0035
2021.9315 37.9266
2021.9342 38.1499
2021.9370 37.1832
2021.9397 31.3666
2021.9425 38.1101
2021.9452 34.9835
2021.9479 36.1171
2021.9507 33.2506
2021.9534 36.6241
2021.9562 37.1875
2021.9589 39.2310
2021.9616 41.5143
2021.9644 38.5476
2021.9671 39.1308
2021.9699 38.9039
2021.9726 33.2269
2021.9753 39.0398
2021.9781 38.5725
2021.9808 40.9550
2021.9836 45.6974
2021.9863 44.0495
2021.9890 39.0115
2021.9918 43.4732
2021.9945 42.6247
2021.9973 41.1559
2022.0000 44.2068
2022.0027 41.2274
2022.0055 41.2575
2022.0082 41.3073
2022.0110 36.7966
2022.0137 39.9056
2022.0164 41.0642
2022.0192 42.5925
2022.0219 42.9905
2022.0247 42.0382
2022.0274 38.1956
2022.0301 35.1128
2022.0329 34.9797
2022.0356 35.6465
2022.0384 36.4530
2022.0411 38.6794
2022.0438 40.7157
2022.0466 37.5318
2022.0493 40.0878
2022.0521 40.1137
2022.0548 35.2195
2022.0575 38.3453
2022.0603 34.8911
2022.0630 35.2769
2022.0658 39.5827
2022.0685 42.1085
2022.0712 36.4843
2022.0740 34.6903
2022.0767 35.8963
2022.0795 42.2724
2022.0822 46.4187
2022.0849 36.3648
2022.0877 37.8808
2022.0904 40.5367
2022.0932 40.5125
2022.0959 44.8383
2022.0986 43.2739
2022.1014 35.8695
2022.1041 36.8150
2022.1068 35.2304
2022.1096 40.7258
2022.1123 45.4712
2022.1151 43.1266
2022.1178 40.9419
2022.1205 40.6573
2022.1233 40.4727
2022.1260 39.1381
2022.1288 48.6735
2022.1315 46.1390
2022.1342 42.0245
2022.1370 43.2601
2022.1397 48.7457
2022.1425 39.5215
2022.1452 37.8673
2022.1479 41.3532
2022.1507 37.7593
2022.1534 43.3054
2022.1562 43.2517
2022.1589 39.8282
2022.1616 39.5248
2022.1644 39.4018
2022.1671 40.9492
2022.1699 42.7171
2022.1726 42.9954
2022.1753 42.1141
2022.1781 45.5431
2022.1808 41.8925
2022.1836 44.6022
2022.1863 42.2421
2022.1890 42.5122
2022.1918 37.9826
2022.1945 43.5731
2022.1973 40.4637
2022.2000 40.7044
2022.2027 37.8152
2022.2055 40.6660
2022.2082 41.4268
2022.2110 44.9476
2022.2137 43.7283
2022.2164 43.6089
2022.2192 39.2694
2022.2219 42.9797
2022.2247 34.4198
2022.2274 37.0997
2022.2301 36.6894
2022.2329 39.4687
2022.2356 40.6177
2022.2384 39.1663
2022.2411 42.5646
2022.2438 43.5224
2022.2466 46.3998
2022.2493 42.2368
2022.2521 44.1735
2022.2548 42.1800
2022.2575 38.9161
2022.2603 31.3821
2022.2630 40.6278
2022.2658 39.2933
2022.2685 38.3387
2022.2712 36.9338
2022.2740 37.0789
2022.2767 41.5438
2022.2795 43.5987
2022.2822 41.6234
2022.2849 40.6481
2022.2877 41.0428
2022.2904 41.6375
2022.2932 38.0522
2022.2959 40.1269
2022.2986 40.7116
2022.3014 39.7465
2022.3041 32.9214
2022.3068 30.7365
2022.3096 32.2616
2022.3123 33.3470
2022.3151 35.3825
2022.3178 37.7483
2022.3205 39.1442
2022.3233 41.9504
2022.3260 44.3569
2022.3288 41.7036
2022.3315 39.1006
2022.3342 39.7177
2022.3370 32.6049
2022.3534 34.8211
2022.3562 39.2692
2022.3589 39.1375
2022.3616 42.5859
2022.3644 37.7244
2022.3671 37.3730
2022.3699 32.5017
2022.3726 39.4006
2022.3753 42.6595
2022.3781 46.3186
2022.3808 40.8778
2022.3836 41.6670
2022.3863 38.5364
2022.3890 45.2359
2022.3918 39.9055
2022.3945 39.6352
2022.3973 38.0750
2022.4000 37.5349
2022.4027 38.5549
2022.4055 47.8049
2022.4082 36.6051
2022.4110 45.8753
2022.4137 37.5858
2022.4164 40.1668
2022.4192 38.8484
2022.4219 39.9307
2022.4247 40.6334
2022.4274 42.9667
2022.4301 34.9704
2022.4329 39.4345
2022.4356 42.6589
2022.4384 34.9637
2022.4411 44.9488
2022.4438 42.6241
2022.4466 44.6695
2022.4493 30.6451
2022.4521 36.8109
2022.4548 34.3066
2022.4575 31.5324
2022.4603 35.3582
2022.4630 40.4238
2022.4658 41.5394
2022.4685 39.6748
2022.4712 41.8499
2022.4740 44.6649
2022.4767 50.9895
2022.4795 46.1138
2022.4822 49.4777
2022.4849 44.5412
2022.4877 43.9742
2022.4904 47.4867
2022.4932 46.3686
2022.4959 39.9200
2022.4986 41.7806
2022.5014 41.9503
2022.5041 43.8493
2022.5068 45.0476
2022.5096 43.6052
2022.5123 42.5222
2022.5151 44.8487
2022.5178 45.4847
2022.5205 43.8703
2022.5233 43.2855
2022.5260 41.6404
2022.5288 44.3250
2022.5315 44.8494
2022.5342 49.3337
2022.5370 41.9979
2022.5397 39.2921
2022.5425 46.3663
2022.5452 46.3806
2022.5479 41.6650
2022.5507 41.8396
2022.5534 39.7245
2022.5562 39.6797
2022.5589 34.2752
2022.5616 36.6012
2022.5644 41.2377
2022.5671 42.7747
2022.5699 41.1423
2022.5726 40.0805
2022.5753 37.3695
2022.5781 38.2992
2022.5808 36.7098
2022.5836 39.8109
2022.5863 38.7822
2022.5890 41.4937
2022.5918 40.1454
2022.5945 41.6174
2022.5973 38.8096
2022.6000 42.9720
2022.6027 45.6746
2022.6055 44.3674
2022.6082 37.8205
2022.6110 35.3038
2022.6137 41.6673
2022.6164 41.5410
2022.6192 40.3550
2022.6219 40.2992
2022.6247 41.1436
2022.6274 41.8782
2022.6301 44.7431
2022.6329 36.7383
2022.6356 39.6036
2022.6384 42.4792
2022.6411 43.0951
2022.6438 38.4911
2022.6466 39.1474
2022.6493 37.0540
2022.6521 40.2008
2022.6548 43.2678
2022.6575 45.0551
2022.6603 47.2226
2022.6630 38.4804
2022.6658 42.8384
2022.6685 47.1369
2022.6712 45.3856
2022.6740 40.4648
2022.6767 43.2042
2022.6795 45.6539
2022.6822 49.4239
2022.6849 49.1441
2022.6877 45.9945
2022.6904 43.3151
2022.6932 46.8859
2022.6959 45.6268
2022.6986 46.8378
2022.7014 38.3989
2022.7041 45.7401
2022.7068 43.8612
2022.7096 43.4124
2022.7123 43.6636
2022.7151 40.0247
2022.7178 38.9257
2022.7205 41.4667
2022.7233 35.6975
2022.7260 37.1782
2022.7288 37.6887
2022.7315 45.5790
2022.7342 41.9691
2022.7370 46.1689
2022.7397 53.4784
2022.7425 44.4376
2022.7452 41.3565
2022.7479 42.2651
2022.7507 43.3532
2022.7534 42.3209
2022.7562 39.5280
2022.7589 44.6348
2022.7616 42.7412
2022.7644 46.9872
2022.7671 44.8529
2022.7699 49.4583
2022.7726 48.6235
2022.7753 44.3384
2022.7781 48.2131
2022.7808 42.4377
2022.7836 41.1821
2022.7863 51.1064
2022.7890 44.5407
2022.7918 36.6149
2022.7945 40.7591
2022.7973 41.7433
2022.8000 40.7075
2022.8027 43.2819
2022.8055 41.8363
2022.8082 38.3309
2022.8110 39.7757
2022.8137 40.1007
2022.8164 39.6359
2022.8192 43.7313
2022.8219 37.0571
2022.8247 33.6632
2022.8274 37.4497
2022.8301 43.1866
2022.8329 37.6740
2022.8356 33.5926
2022.8384 38.5025
2022.8411 40.4236
2022.8438 44.1158
2022.8466 42.0490
2022.8493 35.1631
2022.8521 45.4180
2022.8548 42.1436
2022.8575 42.2099
2022.8603 35.5267
2022.8630 40.9041
2022.8658 44.7417
2022.8685 42.0197
2022.8712 36.5779
2022.8740 41.5161
2022.8767 41.7444
2022.8795 49.7027
2022.8822 42.2307
2022.8849 45.8785
2022.8877 48.3160
2022.8904 45.3130
2022.8932 49.0896
2022.8959 46.4055
2022.8986 46.5207
2022.9014 42.5151
2022.9041 43.4087
2022.9068 39.5613
2022.9096 44.3828
2022.9123 40.0332
2022.9151 43.1824
2022.9178 43.5604
2022.9205 45.3674
2022.9233 46.2033
2022.9260 42.3783
2022.9288 41.8923
2022.9315 45.3254
2022.9342 42.9775
2022.9370 43.0887
2022.9397 45.7491
2022.9425 47.8186
2022.9452 44.8972
2022.9479 46.5151
2022.9507 47.4521
2022.9534 46.0684
2022.9562 44.3439
2022.9589 45.3086
2022.9616 43.5527
2022.9644 41.8360
2022.9671 40.9487
2022.9699 43.8707
2022.9726 33.1020
2022.9753 40.3328
2022.9781 44.8830
2022.9808 41.2526
2022.9836 41.2416
2022.9863 43.8801
2022.9890 43.9581
2022.9918 44.4056
2022.9945 41.7627
2022.9973 41.8792
2023.0000 45.0654
