2009.2521 -7.4771
2009.2548 -8.7056
2009.2575 -6.2850
2009.2603 -8.6552
2009.2630 -5.9463
2009.2658 -3.7281
2009.2685 -2.9406
2009.2712 -4.5237
2009.2740 -5.4172
2009.2767 -8.5912
2009.2795 -1.2955
2009.2822 0.3900
2009.2849 -9.8648
2009.2877 -1.7096
2009.2904 -2.8445
2009.2932 -5.4193
2009.2959 -10.6840
2009.2986 -3.9084
2009.3014 -3.3826
2009.3041 -5.9464
2009.3068 -2.6698
2009.3096 -4.5727
2009.3123 -7.6049
2009.3151 -4.9165
2009.3178 -6.6873
2009.3205 -8.7073
2009.3233 -6.7863
2009.3260 -9.7444
2009.3288 -6.6614
2009.3315 -3.6275
2009.3342 0.3770
2009.3370 2.2422
2009.3397 -12.0422
2009.3425 -11.4060
2009.3452 -7.5894
2009.3479 -7.5124
2009.3507 -9.4750
2009.3534 -7.0874
2009.3562 -4.6995
2009.3589 -6.6715
2009.3616 -4.7633
2009.3644 2.5950
2009.3671 -7.9366
2009.3699 1.2317
2009.3726 -9.2000
2009.3753 -2.8419
2009.3781 -12.2739
2009.3808 -9.3961
2009.3836 -7.5186
2009.3863 -4.6414
2009.3890 -7.9346
2009.3918 -6.1382
2009.3945 -2.4922
2009.3973 -7.4468
2009.4000 -2.7019
2009.4027 -2.5376
2009.4055 -2.6640
2009.4082 -1.9912
2009.4110 -4.6090
2009.4137 -3.4677
2009.4164 -2.5269
2009.4192 -4.8367
2009.4219 -7.8070
2009.4247 -8.1778
2009.4274 -9.7091
2009.4301 -3.4609
2009.4329 -4.7532
2009.4356 -10.0659
2009.4384 -5.8692
2009.4411 2.1372
2009.4438 2.2930
2009.4466 -1.5315
2009.4493 -4.9866
2009.4521 -0.5820
2009.4548 -9.2778
2009.4575 -4.9941
2009.4603 -1.3507
2009.4630 1.0722
2009.4658 -0.7152
2009.4685 -3.1730
2009.4712 -7.7211
2009.4740 -9.2596
2009.4767 -7.9684
2009.4795 -7.2676
2009.4822 -9.5071
2009.4849 -9.7369
2009.4877 -3.6270
2009.4904 -3.0874
2009.4932 -2.8281
2009.4959 -2.3191
2009.4986 -4.4607
2009.5014 -6.1131
2009.5041 -2.2464
2009.5068 1.1696
2009.5096 -1.5751
2009.5123 -0.3204
2009.5151 -0.1164
2009.5178 0.7471
2009.5205 2.3601
2009.5233 4.6627
2009.5260 -0.6152
2009.5288 -4.4333
2009.5315 -4.0117
2009.5342 -1.1304
2009.5370 -1.9992
2009.5397 -6.3482
2009.5425 0.8028
2009.5479 2.7248
2009.5507 -1.4441
2009.5534 -4.8328
2009.5562 2.6187
2009.5589 -1.0996
2009.5616 -0.8476
2009.5644 -3.2852
2009.5671 -9.4024
2009.5699 -4.6492
2009.5726 -5.9554
2009.5753 -1.9110
2009.5781 5.6939
2009.5808 5.7396
2009.5836 -2.5442
2009.5863 8.3623
2009.5890 2.5191
2009.5918 2.8663
2009.5945 2.7439
2009.5973 3.0820
2009.6000 10.1206
2009.6027 3.1197
2009.6055 2.3293
2009.6082 3.3695
2009.6110 3.9304
2009.6137 -2.5582
2009.6164 -5.4460
2009.6192 -2.4631
2009.6219 -1.4795
2009.6247 -1.3251
2009.6274 3.0301
2009.6301 -1.1038
2009.6329 7.6931
2009.6356 6.3910
2009.6384 9.9398
2009.6411 16.9596
2009.6438 7.7104
2009.6466 1.4522
2009.6493 9.0351
2009.6521 3.6791
2010.0000 2.7365
2010.0027 5.6735
2010.0055 3.3500
2010.0082 13.6460
2010.0110 3.6415
2010.0137 5.1266
2010.0164 1.9411
2010.0192 3.1352
2010.0219 3.7689
2010.0247 -0.4279
2010.0274 6.5450
2010.0301 3.8475
2010.0329 2.1395
2010.0356 6.5013
2010.0384 6.8527
2010.0411 1.0537
2010.0438 7.3945
2010.0466 5.5549
2010.0493 3.6851
2010.0521 4.9150
2010.0548 1.7146
2010.0575 5.9741
2010.0603 1.9833
2010.0630 0.8222
2010.0658 5.5210
2010.0685 5.2497
2010.0712 3.7381
2010.0740 5.5165
2010.0767 4.5346
2010.0795 3.2827
2010.0822 7.0405
2010.0849 4.2766
2010.0877 6.7311
2010.0904 7.4942
2010.0932 -0.6941
2010.0959 -5.3236
2010.0986 0.6060
2010.1014 2.3947
2010.1041 4.2327
2010.1068 1.0003
2010.1096 4.0775
2010.1123 7.1246
2010.1151 8.1516
2010.1178 6.8088
2010.1205 6.1763
2010.1233 8.0543
2010.1260 6.9330
2010.1288 15.2424
2010.1315 4.5529
2010.1342 5.5445
2010.1370 5.5574
2010.1397 5.0517
2010.1425 5.4277
2010.1452 4.8555
2010.1479 11.4953
2010.1507 10.1171
2010.1534 10.6913
2010.1562 11.5679
2010.1589 11.1772
2010.1616 11.2392
2010.1644 4.4033
2010.1671 11.8188
2010.1699 3.9255
2010.1726 8.7234
2010.1753 8.8924
2010.1781 9.5725
2010.1808 9.9535
2010.1836 11.7254
2010.1863 5.1580
2010.1890 7.7414
2010.1918 6.2555
2010.1945 2.8301
2010.1973 3.5552
2010.2000 3.1208
2010.2027 5.7867
2010.2055 6.3829
2010.2082 4.1292
2010.2110 8.7057
2010.2137 9.2123
2010.2164 12.7288
2010.2192 5.8152
2010.2219 9.7014
2010.2247 6.8474
2010.2274 4.8030
2010.2301 6.2783
2010.2329 11.1230
2010.2356 6.0772
2010.2384 3.6008
2010.2411 8.4936
2010.2438 6.4957
2010.2466 5.1268
2010.2493 11.1062
2010.2521 9.4639
2010.2548 12.3602
2010.2575 13.6552
2010.2603 12.9190
2010.2630 5.1819
2010.2658 9.0341
2010.2685 6.8156
2010.2712 11.2467
2010.2740 22.8076
2010.2767 3.2485
2010.2795 5.7194
2010.2822 10.8006
2010.2849 8.2123
2010.2877 9.2347
2010.2904 11.8178
2010.2932 8.6019
2010.2959 5.3772
2010.2986 8.9539
2010.3014 9.4921
2010.3041 12.1519
2010.3068 9.5936
2010.3096 12.0974
2010.3123 11.7034
2010.3151 9.9018
2010.3178 8.1928
2010.3205 5.1665
2010.3233 7.3231
2010.3260 5.4029
2010.3288 6.4859
2010.3315 7.1408
2010.3342 9.5161
2010.3370 8.6016
2010.3397 5.5675
2010.3425 7.2936
2010.3452 3.3000
2010.3479 6.2167
2010.3507 7.4235
2010.3534 2.2606
2010.3562 2.4078
2010.3589 7.7252
2010.3616 5.6327
2010.3644 7.8204
2010.3671 15.2782
2010.3699 10.5761
2010.3726 16.2341
2010.3753 13.8621
2010.3781 14.2902
2010.3808 12.4083
2010.3836 18.8263
2010.3863 14.5544
2010.3890 15.2725
2010.3918 13.1205
2010.3945 13.2284
2010.3973 15.0762
2010.4000 26.6240
2010.4027 16.0316
2010.4055 17.9691
2010.4082 8.2464
2010.4110 13.4236
2010.4137 15.4706
2010.4164 21.0775
2010.4192 27.7445
2010.4219 20.4714
2010.4247 17.9284
2010.4274 12.7354
2010.4301 9.7823
2010.4329 8.9193
2010.4356 8.8762
2010.4384 14.1231
2010.4411 16.3101
2010.4438 19.1270
2010.4466 16.5839
2010.4493 12.9808
2010.4521 13.1477
2010.4548 10.3746
2010.4575 8.6415
2010.4603 11.0984
2010.4630 9.6653
2010.4658 8.0721
2010.4685 10.4590
2010.4712 16.4658
2010.4740 20.7527
2010.4767 14.7195
2010.4795 13.4363
2010.4822 17.9931
2010.4849 15.5799
2010.4877 18.2266
2010.4904 16.7634
2010.4932 14.6501
2010.4959 13.5768
2010.4986 12.0032
2010.5014 13.8190
2010.5041 12.9543
2010.5068 12.9889
2010.5096 12.6430
2010.5123 9.5865
2010.5151 14.3194
2010.5178 15.9418
2010.5205 7.9937
2010.5233 10.0650
2010.5260 9.5558
2010.5288 13.9261
2010.5315 7.1159
2010.5342 15.0352
2010.5370 17.6040
2010.5397 14.8023
2010.5425 22.5301
2010.5452 16.1474
2010.5479 14.7243
2010.5507 13.9907
2010.5534 14.3967
2010.5562 13.6722
2010.5589 15.3073
2010.5616 25.0820
2010.5644 24.5663
2010.5671 22.8801
2010.5699 14.4436
2010.5726 5.7267
2010.5753 18.0094
2010.5781 12.6117
2010.5808 13.6336
2010.5836 11.3145
2010.5863 12.0638
2010.5890 9.9116
2010.5918 11.3979
2010.5945 10.2529
2010.5973 6.2367
2010.6000 11.3893
2010.6027 14.5609
2010.6055 13.7616
2010.6082 14.3713
2010.6110 15.7004
2010.6137 17.5187
2010.6164 13.0265
2010.6192 7.3438
2010.6219 12.1307
2010.6247 7.3074
2010.6274 9.3238
2010.6301 9.7001
2010.6329 19.1665
2010.6356 13.4629
2010.6384 18.6495
2010.6411 15.7564
2010.6438 15.6937
2010.6466 14.3114
2010.6493 10.3697
2010.6521 12.8987
2010.6548 13.8184
2010.6575 12.6789
2010.6603 7.6904
2010.6630 15.4830
2010.6658 12.8265
2010.6685 18.6304
2010.6712 17.2646
2010.6740 15.1790
2010.6767 9.0639
2010.6795 15.5491
2010.6822 20.0048
2010.6849 11.6510
2010.6877 20.2177
2010.6904 16.3651
2010.6932 16.6731
2010.6959 15.4218
2010.6986 19.6713
2010.7014 16.3315
2010.7041 24.0326
2010.7068 18.3746
2010.7096 17.8976
2010.7123 21.5115
2010.7151 17.0465
2010.7178 16.5826
2010.7205 13.6398
2010.7233 12.2282
2010.7260 10.1978
2010.7288 13.0688
2010.7315 7.5710
2010.7342 10.8347
2010.7370 9.1797
2010.7397 14.8463
2010.7425 8.5244
2010.7452 11.2040
2010.7479 7.7153
2010.7507 9.2306
2010.7534 8.1618
2010.7562 9.5685
2010.7589 11.4204
2010.7616 15.5471
2010.7644 16.2283
2010.7671 13.8236
2010.7699 12.7826
2010.7726 9.7650
2010.7753 7.4504
2010.7781 10.1185
2010.7808 6.6988
2010.7836 5.5411
2010.7863 11.0349
2010.7890 3.3500
2010.7918 18.3658
2010.7945 20.1422
2010.7973 12.7086
2010.8000 11.7549
2010.8027 9.2805
2010.8055 14.2351
2010.8082 12.9184
2010.8110 15.0700
2010.8137 11.0696
2010.8164 12.5667
2010.8192 16.9511
2010.8219 9.2523
2010.8247 16.9700
2010.8274 14.2538
2010.8301 9.5434
2010.8329 19.3592
2010.8356 12.8352
2010.8384 14.0020
2010.8411 0.3694
2010.8438 8.7272
2010.8466 10.8952
2010.8493 9.2533
2010.8521 11.4811
2010.8548 15.3386
2010.8575 30.5754
2010.8603 18.3916
2010.8630 18.2668
2010.8658 14.3608
2010.8685 13.8234
2010.8712 12.1946
2010.8740 14.7740
2010.8767 17.3914
2010.8795 16.1468
2010.8822 21.2798
2010.8849 12.8504
2010.8877 19.5282
2010.8904 17.2731
2010.8932 18.2349
2010.8959 16.5435
2010.8986 16.4385
2010.9014 12.3299
2010.9041 15.5274
2010.9068 15.9809
2010.9096 15.4801
2010.9123 18.3348
2010.9151 17.6849
2010.9178 15.6624
2010.9205 14.8395
2010.9233 10.7063
2010.9260 13.7828
2010.9288 8.3590
2010.9315 12.8248
2010.9342 13.6904
2010.9370 10.7557
2010.9397 12.1308
2010.9425 13.1656
2010.9452 13.6402
2010.9479 11.1245
2010.9507 10.5987
2010.9534 9.3527
2010.9562 12.0265
2010.9589 16.7901
2010.9616 12.2536
2010.9644 13.0770
2010.9671 10.4202
2010.9699 11.6834
2010.9726 10.2564
2010.9753 12.0494
2010.9781 14.0523
2010.9808 11.7852
2010.9836 14.7380
2010.9863 14.9208
2010.9890 11.6836
2010.9918 18.5064
2010.9945 12.9692
2010.9973 17.1020
2011.0000 13.9049
2011.0027 8.4776
2011.0055 17.1899
2011.0082 14.5219
2011.0110 18.5536
2011.0137 17.5650
2011.0164 16.7761
2011.0192 20.2371
2011.0219 18.1979
2011.0247 14.5585
2011.0274 18.0690
2011.0301 13.3995
2011.0329 13.0099
2011.0356 16.5303
2011.0384 15.9708
2011.0411 13.9513
2011.0438 16.2419
2011.0466 15.0727
2011.0493 18.1536
2011.0521 20.0748
2011.0548 22.6061
2011.0575 20.3678
2011.0603 18.1298
2011.0630 22.6321
2011.0658 20.0348
2011.0685 15.2279
2011.0712 13.6414
2011.0740 21.7754
2011.0767 16.7900
2011.0795 19.5451
2011.0822 16.5415
2011.0849 17.8731
2011.0877 24.3402
2011.0904 18.4425
2011.0932 20.0997
2011.0959 18.0712
2011.0986 21.3669
2011.1014 19.4063
2011.1041 18.5691
2011.1068 19.4949
2011.1096 13.1933
2011.1123 21.7141
2011.1151 18.6067
2011.1178 23.9710
2011.1205 21.6164
2011.1233 23.8427
2011.1260 20.7295
2011.1288 23.3564
2011.1315 24.0231
2011.1342 16.5992
2011.1370 20.5044
2011.1397 20.6782
2011.1425 23.6904
2011.1452 22.4506
2011.1479 22.3183
2011.1507 22.2833
2011.1534 18.8253
2011.1562 30.5537
2011.1589 23.6183
2011.1616 21.5887
2011.1644 28.0167
2011.1671 29.1140
2011.1699 24.2508
2011.1726 23.1670
2011.1753 22.4426
2011.1781 24.1677
2011.1808 21.1122
2011.1836 26.7661
2011.1863 22.0895
2011.1890 19.0223
2011.1918 21.5746
2011.1945 19.5264
2011.1973 18.2176
2011.2000 21.1583
2011.2027 21.0085
2011.2055 24.8381
2011.2082 19.1673
2011.2110 22.5360
2011.2137 23.7541
2011.2164 19.2618
2011.2192 23.4989
2011.2219 18.3056
2011.2247 20.1019
2011.2274 23.4176
2011.2301 24.0329
2011.2329 19.8577
2011.2356 24.6421
2011.2384 18.9260
2011.2411 15.4295
2011.2438 18.0225
2011.2466 19.3148
2011.2493 20.0743
2011.2521 19.5908
2011.2548 20.6146
2011.2575 18.7059
2011.2603 19.4949
2011.2630 24.9419
2011.2658 25.7470
2011.2685 26.2605
2011.2712 19.9027
2011.2740 24.1736
2011.2767 21.0936
2011.2795 24.7729
2011.2822 22.8317
2011.2849 26.8602
2011.2877 24.3186
2011.2904 26.1671
2011.2932 24.5961
2011.2959 22.4056
2011.2986 20.3760
2011.3014 22.3873
2011.3041 22.6000
2011.3068 21.4241
2011.3096 23.3799
2011.3123 22.3177
2011.3151 23.1776
2011.3178 22.0098
2011.3205 24.4446
2011.3233 23.6023
2011.3260 26.0029
2011.3288 23.9468
2011.3315 27.8952
2011.3342 32.3490
2011.3370 23.5577
2011.3397 25.2811
2011.3425 25.2987
2011.3452 25.9902
2011.3479 28.2352
2011.3507 28.5334
2011.3534 29.5443
2011.3562 26.4676
2011.3589 29.0330
2011.3616 26.1501
2011.3644 29.1584
2011.3671 42.8377
2011.3699 28.2775
2011.3726 29.1876
2011.3753 31.1974
2011.3781 25.9367
2011.3808 26.0051
2011.3836 28.1622
2011.3863 34.6276
2011.3890 37.8910
2011.3918 33.4920
2011.3945 35.3202
2011.3973 31.0453
2011.4000 35.2069
2011.4027 32.4246
2011.4055 30.0481
2011.4082 33.8969
2011.4110 29.5907
2011.4137 31.8599
2011.4164 27.6582
2011.4192 30.7661
2011.4219 28.3136
2011.4247 30.4406
2011.4274 24.8672
2011.4301 32.7934
2011.4329 34.4289
2011.4356 33.5040
2011.4384 33.2084
2011.4411 31.7522
2011.4438 27.9453
2011.4466 24.9377
2011.4493 24.3094
2011.4521 28.2904
2011.4548 28.1005
2011.4575 28.0298
2011.4603 25.5782
2011.4630 31.1357
2011.4658 37.1123
2011.4685 28.4679
2011.4712 34.1525
2011.4740 34.4160
2011.4767 32.4885
2011.4795 34.0298
2011.4822 35.3301
2011.4849 33.6991
2011.4877 31.1469
2011.4904 25.0535
2011.4932 24.3788
2011.4959 25.6728
2011.4986 29.3658
2011.5014 32.9183
2011.5041 32.9404
2011.5068 37.9221
2011.5096 29.6133
2011.5123 40.1942
2011.5151 29.6648
2011.5178 26.6551
2011.5205 27.0451
2011.5233 22.3249
2011.5260 26.6645
2011.5288 28.6440
2011.5315 27.9434
2011.5342 28.6527
2011.5370 31.4120
2011.5397 29.0312
2011.5425 31.2505
2011.5452 27.1499
2011.5479 28.5894
2011.5507 24.6790
2011.5534 27.6788
2011.5562 26.8488
2011.5589 28.2990
2011.5616 27.3595
2011.5644 29.8004
2011.5671 26.3116
2011.5699 26.5031
2011.5726 24.7251
2011.5753 26.1976
2011.5781 28.3906
2011.5808 28.6641
2011.5836 27.9079
2011.5863 25.4420
2011.5890 26.4463
2011.5918 26.9908
2011.5973 24.4105
2011.6000 19.3156
2011.6027 30.2610
2011.6055 32.8166
2011.6082 33.2224
2011.6110 29.5984
2011.6137 29.4846
2011.6164 25.8310
2011.6192 24.3876
2011.6219 26.3345
2011.6247 31.2816
2011.6274 30.2589
2011.6301 30.7464
2011.6329 30.5941
2011.6356 33.4420
2011.6384 39.8502
2011.6411 43.5086
2011.6438 35.5672
2011.6466 39.1360
2011.6493 32.7050
2011.6521 31.6542
2011.6548 31.4937
2011.6575 29.2834
2011.6603 27.2833
2011.6630 34.4634
2011.6658 38.4838
2011.6685 33.6245
2011.6712 32.5457
2011.6740 29.7774
2011.6767 31.7697
2011.6795 32.7126
2011.6822 28.5963
2011.6849 34.2508
2011.6877 33.0561
2011.6904 33.9323
2011.6932 31.8795
2011.6959 32.7777
2011.6986 25.9171
2011.7014 29.2277
2011.7041 33.0095
2011.7068 32.0926
2011.7096 29.1771
2011.7123 29.8631
2011.7151 28.6605
2011.7178 26.6696
2011.7205 28.3003
2011.7233 28.1027
2011.7260 36.5069
2011.7288 40.3429
2011.7315 27.0709
2011.7342 28.0308
2011.7370 25.0828
2011.7397 28.8869
2011.7425 26.2332
2011.7452 28.5217
2011.7479 26.3725
2011.7507 22.8648
2011.7534 23.5578
2011.7562 13.8613
2011.7589 31.1854
2011.7616 27.3601
2011.7644 30.3752
2011.7671 31.6907
2011.7699 36.3666
2011.7726 27.7429
2011.7753 30.1695
2011.7781 27.9564
2011.7808 34.0635
2011.7836 31.3708
2011.7863 30.1082
2011.7890 34.1858
2011.7918 32.3434
2011.7945 39.2611
2011.7973 36.0888
2011.8000 35.4564
2011.8027 31.9539
2011.8055 32.7113
2011.8082 31.3985
2011.8110 29.4155
2011.8137 37.5323
2011.8164 37.3987
2011.8192 34.5349
2011.8219 35.5206
2011.8247 37.7060
2011.8274 37.0509
2011.8301 35.5453
2011.8329 33.8092
2011.8356 32.4030
2011.8384 32.0268
2011.8411 31.9706
2011.8438 33.8443
2011.8466 29.1479
2011.8493 37.1016
2011.8521 38.0151
2011.8548 37.2986
2011.8575 39.1421
2011.8603 41.9255
2011.8630 38.6789
2011.8658 37.8622
2011.8685 36.4254
2011.8712 32.6886
2011.8740 32.2918
2011.8767 32.6649
2011.8795 31.8979
2011.8822 25.4908
2011.8849 34.0837
2011.8877 30.0265
2011.8904 33.4593
2011.8932 36.5120
2011.8959 33.8346
2011.8986 28.6971
2011.9014 34.4896
2011.9041 35.8520
2011.9068 37.5643
2011.9096 37.8365
2011.9123 45.9787
2011.9151 35.8307
2011.9178 33.6827
2011.9205 28.3844
2011.9233 34.5960
2011.9260 34.8472
2011.9288 31.2881
2011.9315 39.3886
2011.9342 39.2487
2011.9370 37.5783
2011.9397 36.3274
2011.9425 32.8758
2011.9452 36.0737
2011.9479 27.4509
2011.9507 31.1873
2011.9534 34.0530
2011.9562 33.3379
2011.9589 32.5018
2011.9616 28.8149
2011.9644 32.4270
2011.9671 33.6181
2011.9699 35.0281
2011.9726 31.8970
2011.9753 34.0447
2011.9781 33.4413
2011.9808 31.9865
2011.9836 32.3805
2011.9863 35.7531
2011.9890 40.1043
2011.9918 39.1540
2011.9945 39.5722
2011.9973 37.6389
2012.0000 31.8940
2012.0027 36.3374
2012.0055 33.7991
2012.0082 35.0092
2012.0109 35.6978
2012.0137 40.1750
2012.0164 34.9810
2012.0191 38.6958
2012.0219 35.3596
2012.0246 34.2124
2012.0273 34.4943
2012.0301 31.8556
2012.0328 32.7061
2012.0355 33.7762
2012.0383 37.8258
2012.0410 33.6051
2012.0437 35.9742
2012.0464 37.9132
2012.0492 34.6722
2012.0519 39.8313
2012.0546 30.3506
2012.0574 37.9502
2012.0601 33.7502
2012.0628 35.1007
2012.0656 39.4719
2012.0683 40.0138
2012.0710 39.2266
2012.0738 38.5102
2012.0765 36.9150
2012.0792 35.8609
2012.0820 39.4679
2012.0847 40.0553
2012.0874 41.1827
2012.0902 38.5302
2012.0929 37.8579
2012.0956 39.7757
2012.0984 42.3736
2012.1011 39.0717
2012.1038 43.8399
2012.1066 38.4483
2012.1093 39.5869
2012.1120 41.6157
2012.1148 39.0147
2012.1175 38.6539
2012.1202 40.8433
2012.1230 37.5629
2012.1257 37.2928
2012.1284 37.9830
2012.1311 33.0134
2012.1339 39.1641
2012.1366 38.5651
2012.1393 43.2664
2012.1421 41.0180
2012.1448 38.1299
2012.1475 38.6822
2012.1503 38.7748
2012.1530 37.5077
2012.1557 44.4010
2012.1585 46.6747
2012.1612 35.8488
2012.1639 42.2342
2012.1667 38.7824
2012.1694 40.0433
2012.1721 41.2566
2012.1749 43.5822
2012.1776 41.8098
2012.1803 43.0893
2012.1831 39.4404
2012.1858 35.6429
2012.1885 38.3167
2012.1913 35.1116
2012.1940 35.9472
2012.1967 40.5435
2012.1995 39.0202
2012.2022 39.7572
2012.2049 36.6741
2012.2077 39.1209
2012.2104 40.0173
2012.2131 34.6732
2012.2158 37.2282
2012.2186 34.4822
2012.2213 32.6251
2012.2240 33.4966
2012.2268 33.2965
2012.2295 35.1445
2012.2322 37.7006
2012.2350 31.9145
2012.2377 44.6260
2012.2404 34.2649
2012.2432 33.9609
2012.2459 33.6740
2012.2486 35.7753
2012.2514 38.1953
2012.2541 38.9340
2012.2568 38.6617
2012.2596 32.9583
2012.2623 32.7940
2012.2650 36.5389
2012.2678 38.5430
2012.2705 39.6765
2012.2732 38.5095
2012.2760 47.7420
2012.2787 42.5141
2012.2814 45.2660
2012.2842 43.4877
2012.2869 42.9193
2012.2896 40.8210
2012.2923 39.3027
2012.2951 39.3447
2012.2978 37.5470
2012.3005 41.0896
2012.3033 43.0528
2012.3060 45.8065
2012.3087 46.4809
2012.3115 51.4261
2012.3142 44.7121
2012.3169 47.5691
2012.3197 46.3972
2012.3224 41.1464
2012.3251 42.3468
2012.3279 43.3786
2012.3306 49.5015
2012.3333 43.6445
2012.3361 42.7876
2012.3388 41.0408
2012.3415 41.6940
2012.3443 43.9773
2012.3470 44.3306
2012.3497 45.7640
2012.3525 47.1474
2012.3552 48.3008
2012.3579 49.3543
2012.3607 48.1278
2012.3634 51.2412
2012.3661 50.6647
2012.3689 47.2182
2012.3716 43.2817
2012.3743 42.4151
2012.3770 47.1986
2012.3798 47.5620
2012.3825 46.3954
2012.3852 49.2588
2012.3880 46.6921
2012.3907 45.6054
2012.3934 48.3286
2012.3962 51.4818
2012.3989 43.5749
2012.4016 45.4380
2012.4044 43.7309
2012.4071 43.8238
2012.4098 45.6266
2012.4126 44.0494
2012.4153 50.2120
2012.4180 48.9146
2012.4208 43.1172
2012.4235 48.6897
2012.4262 49.3622
2012.4290 51.1846
2012.4317 50.2070
2012.4344 53.7693
2012.4372 49.4517
2012.4399 52.2140
2012.4426 45.1163
2012.4454 45.5585
2012.4481 47.0908
2012.4508 44.2230
2012.4536 49.6952
2012.4563 45.9775
2012.4590 46.5797
2012.4617 48.4819
2012.4645 51.2741
2012.4672 51.8663
2012.4699 51.8085
2012.4727 46.0008
2012.4754 56.4030
2012.4781 54.5853
2012.4809 49.5676
2012.4836 44.1999
2012.4863 43.4123
2012.4891 47.9846
2012.4918 46.7170
2012.4945 46.3095
2012.4973 47.9620
2012.5000 45.3048
2012.5027 41.3280
2012.5055 47.8716
2012.5082 50.3355
2012.5109 49.8898
2012.5137 49.6443
2012.5164 52.9092
2012.5191 45.5145
2012.5219 42.0300
2012.5246 44.9258
2012.5273 46.3120
2012.5301 42.3784
2012.5328 44.2151
2012.5355 43.2221
2012.5383 45.6093
2012.5410 51.9768
2012.5437 52.3546
2012.5464 49.8326
2012.5492 55.2009
2012.5519 50.0094
2012.5546 45.5181
2012.5574 47.6270
2012.5601 46.2862
2012.5628 48.6956
2012.5656 44.0351
2012.5683 46.6349
2012.5710 44.1148
2012.5738 45.3149
2012.5765 46.1652
2012.5792 41.2556
2012.5820 45.8268
2012.5847 45.7926
2012.5874 44.9037
2012.5902 42.4097
2012.5929 41.3402
2012.5956 45.2247
2012.5984 43.2330
2012.6011 46.2345
2012.6038 42.0988
2012.6066 46.1757
2012.6093 44.2947
2012.6120 46.3653
2012.6148 46.8673
2012.6175 45.7201
2012.6202 47.8934
2012.6230 52.5268
2012.6257 53.5999
2012.6284 56.3623
2012.6311 54.4636
2012.6339 46.7634
2012.6366 48.5013
2012.6393 45.7169
2012.6421 41.5898
2012.6475 46.0160
2012.6503 42.0884
2012.6530 42.9466
2012.6557 48.6700
2012.6585 49.0784
2012.6612 47.5613
2012.6639 48.2583
2012.6667 50.0212
2012.6694 44.4239
2012.6721 46.4264
2012.6749 47.3887
2012.6776 45.1910
2012.6803 47.6130
2012.6831 47.6149
2012.6858 45.5867
2012.6885 46.5683
2012.6913 50.5198
2012.6940 55.5912
2012.6967 48.6024
2012.6995 45.5835
2012.7022 48.7145
2012.7049 49.7853
2012.7077 53.3460
2012.7104 53.0466
2012.7131 53.1571
2012.7158 43.1474
2012.7186 41.7076
2012.7213 44.4477
2012.7240 40.9077
2012.7268 43.3375
2012.7295 53.4373
2012.7322 50.1369
2012.7350 51.6264
2012.7377 44.6959
2012.7404 56.5852
2012.7432 52.6744
2012.7459 49.1035
2012.7486 49.5325
2012.7514 50.3515
2012.7541 50.3605
2012.7568 44.9995
2012.7596 48.2985
2012.7623 44.4075
2012.7650 46.7664
2012.7678 47.9754
2012.7705 52.4544
2012.7760 48.5523
2012.7787 54.5213
2012.7814 48.6303
2012.7842 47.2592
2012.7869 52.2682
2012.7896 53.7972
2012.7923 47.5061
2012.7951 49.6751
2012.7978 47.3340
2012.8005 48.8730
2012.8033 47.8119
2012.8060 49.6908
2012.8087 53.8898
2012.8115 53.2387
2012.8142 54.3277
2012.8169 58.9166
2012.8197 55.4855
2012.8224 53.2644
2012.8251 48.7933
2012.8279 49.8723
2012.8306 49.9912
2012.8333 55.4701
2012.8361 54.5790
2012.8388 52.7780
2012.8415 46.6369
2012.8443 51.3559
2012.8470 49.2549
2012.8497 51.6938
2012.8525 58.6128
2012.8552 47.2117
2012.8579 50.1506
2012.8607 51.9594
2012.8634 58.7982
2012.8661 46.1370
2012.8689 46.3457
2012.8716 47.9943
2012.8743 49.8928
2012.8770 46.9213
2012.8798 51.2597
2012.8825 52.0179
2012.8852 55.7961
2012.8880 54.6341
2012.8907 55.4121
2012.8934 56.6899
2012.8962 45.8375
2012.8989 50.1650
2012.9016 48.1124
2012.9044 49.5396
2012.9071 49.5967
2012.9098 50.8735
2012.9126 50.3602
2012.9153 52.4667
2012.9180 52.3313
2012.9208 50.0026
2012.9235 49.3809
2012.9262 56.8265
2012.9290 46.8994
2012.9317 50.8599
2012.9344 50.8881
2012.9372 53.2242
2012.9399 53.1084
2012.9426 50.7010
2012.9454 49.5720
2012.9481 47.1217
2012.9508 47.8702
2012.9536 51.2878
2012.9563 49.5346
2012.9590 47.6908
2012.9617 50.6266
2012.9645 51.5421
2012.9672 47.9176
2012.9699 43.7233
2012.9727 47.4693
2012.9754 49.1657
2012.9781 52.6329
2012.9809 49.4010
2012.9836 49.9301
2012.9863 50.3805
2012.9891 50.2423
2012.9918 52.2557
2012.9945 49.2509
2012.9973 52.2881
2013.0000 50.6175
2013.0027 52.7780
2013.0055 52.0287
2013.0082 48.9795
2013.0110 50.8504
2013.0137 49.9015
2013.0164 46.3427
2013.0192 48.6540
2013.0219 49.0054
2013.0247 54.3070
2013.0274 54.7288
2013.0301 52.3006
2013.0356 54.9448
2013.0384 51.5671
2013.0411 51.2795
2013.0438 54.5921
2013.0466 51.7148
2013.0493 52.2577
2013.0521 45.8907
2013.0548 48.9239
2013.0575 50.3072
2013.0603 50.2607
2013.0630 50.5743
2013.0658 51.6681
2013.0685 55.4620
2013.0712 56.0761
2013.0740 50.8004
2013.0767 60.3548
2013.0795 56.9893
2013.0822 56.3641
2013.0849 54.3693
2013.0877 54.1649
2013.0904 55.8710
2013.0932 49.0275
2013.0959 58.7945
2013.0986 55.0218
2013.1014 55.8695
2013.1041 56.9576
2013.1068 57.9561
2013.1096 56.3249
2013.1123 56.1540
2013.1151 57.1335
2013.1178 54.5232
2013.1205 59.2733
2013.1233 65.3636
2013.1260 56.4643
2013.1288 52.2451
2013.1315 54.2463
2013.1342 57.8976
2013.1370 51.8192
2013.1397 51.3109
2013.1425 49.5729
2013.1452 50.2350
2013.1479 52.1974
2013.1507 47.4698
2013.1534 59.5624
2013.1562 50.0151
2013.1589 48.8580
2013.1616 49.4909
2013.1644 53.4046
2013.1671 58.0597
2013.1699 59.3161
2013.1726 47.3139
2013.1753 50.4131
2013.1781 52.8734
2013.1808 49.6951
2013.1836 48.5780
2013.1863 55.7520
2013.1890 54.3873
2013.1918 50.3837
2013.1945 51.9512
2013.1973 55.0498
2013.2000 50.6895
2013.2027 53.9202
2013.2055 51.2719
2013.2082 57.2746
2013.2110 54.8583
2013.2137 57.9129
2013.2164 58.6384
2013.2192 53.3348
2013.2219 52.4420
2013.2247 55.1700
2013.2274 62.2789
2013.2301 56.7685
2013.2329 57.0688
2013.2356 58.1099
2013.2384 58.2916
2013.2411 57.9840
2013.2438 60.5770
2013.2466 59.1813
2013.2493 54.2807
2013.2521 63.2254
2013.2548 56.7550
2013.2575 59.4892
2013.2603 57.1575
2013.2630 59.4094
2013.2658 57.8146
2013.2685 61.2927
2013.2712 58.8933
2013.2740 61.5258
2013.2767 61.9600
2013.2795 56.2154
2013.2822 68.0816
2013.2849 62.5382
2013.2877 58.5447
2013.2904 63.1508
2013.2932 60.1160
2013.2959 55.7299
2013.2986 55.6622
2013.3014 54.6024
2013.3041 59.5400
2013.3068 62.0847
2013.3096 59.0161
2013.3123 59.2137
2013.3151 60.9872
2013.3178 57.2661
2013.3205 67.2699
2013.3233 65.2184
2013.3260 64.0510
2013.3288 62.6874
2013.3315 66.5501
2013.3342 62.5820
2013.3370 59.2332
2013.3397 61.2637
2013.3425 63.4736
2013.3452 61.0630
2013.3479 62.9218
2013.3507 62.8501
2013.3534 62.4281
2013.3562 67.2557
2013.3589 64.4030
2013.3616 56.2401
2013.3644 59.3569
2013.3671 59.1837
2013.3699 59.5903
2013.3726 54.2869
2013.3753 55.7235
2013.3781 62.5001
2013.3808 61.5169
2013.3836 58.8338
2013.3863 56.5110
2013.3890 56.5285
2013.3918 55.1062
2013.3945 57.3544
2013.3973 55.9530
2013.4000 56.8620
2013.4027 63.1816
2013.4055 63.2418
2013.4082 61.0227
2013.4110 59.6042
2013.4137 55.9165
2013.4164 61.4295
2013.4192 68.1532
2013.4219 61.5575
2013.4247 60.4923
2013.4274 66.8276
2013.4301 65.1734
2013.4329 64.2194
2013.4356 60.7657
2013.4384 59.6822
2013.4411 61.8788
2013.4438 61.1155
2013.4466 58.7121
2013.4493 58.7187
2013.4521 60.3851
2013.4548 54.6512
2013.4575 54.4671
2013.4603 51.4626
2013.4630 58.6777
2013.4658 57.6922
2013.4685 61.0662
2013.4712 60.1595
2013.4740 64.2421
2013.4767 65.6339
2013.4795 63.1049
2013.4822 63.9349
2013.4849 64.1839
2013.4877 61.0018
2013.4904 53.1887
2013.4932 57.3143
2013.4959 55.2186
2013.4986 56.6821
2013.5014 55.7252
2013.5041 56.8980
2013.5068 56.1604
2013.5096 54.6726
2013.5123 61.8845
2013.5151 56.0961
2013.5178 49.5674
2013.5205 60.3985
2013.5233 63.7994
2013.5260 58.3600
2013.5288 56.2905
2013.5315 56.8508
2013.5342 56.4509
2013.5370 56.5609
2013.5397 58.0607
2013.5425 58.3605
2013.5452 55.6301
2013.5479 57.3396
2013.5507 61.3691
2013.5534 63.7086
2013.5562 63.8580
2013.5589 66.4374
2013.5616 57.1567
2013.5644 57.6461
2013.5671 58.5456
2013.5699 56.4450
2013.5726 55.2946
2013.5753 51.5542
2013.5781 56.4939
2013.5808 57.8737
2013.5836 60.8033
2013.5863 64.2425
2013.5890 62.4013
2013.5918 59.3897
2013.5945 60.9378
2013.5973 62.6956
2013.6000 58.1032
2013.6027 55.0205
2013.6055 59.2978
2013.6082 54.7549
2013.6110 55.2319
2013.6137 54.4589
2013.6164 55.7160
2013.6192 56.4531
2013.6219 55.5003
2013.6247 59.2176
2013.6274 57.8251
2013.6301 56.3529
2013.6329 51.7609
2013.6356 58.8692
2013.6384 55.6279
2013.6411 54.1470
2013.6438 55.5465
2013.6466 64.1665
2013.6493 65.7770
2013.6521 58.0681
2013.6548 55.2198
2013.6575 55.5621
2013.6603 52.0451
2013.6630 52.5289
2013.6658 55.3436
2013.6685 54.4602
2013.6712 55.5087
2013.6740 52.2990
2013.6767 60.3711
2013.6795 60.2547
2013.6822 54.4898
2013.6849 62.1363
2013.6877 52.6240
2013.6932 56.9426
2013.6959 58.2833
2013.6986 52.0048
2013.7014 55.2570
2013.7041 53.4197
2013.7068 61.1728
2013.7096 56.8663
2013.7123 64.9799
2013.7151 66.5336
2013.7178 58.7373
2013.7205 59.6708
2013.7233 54.2841
2013.7260 59.1770
2013.7288 59.5493
2013.7315 53.6711
2013.7342 55.0721
2013.7370 52.9823
2013.7397 54.3815
2013.7425 56.4596
2013.7452 58.9965
2013.7479 64.3921
2013.7507 57.3271
2013.7534 61.5120
2013.7562 57.8069
2013.7589 58.1018
2013.7616 63.0167
2013.7644 54.2215
2013.7671 62.6664
2013.7699 64.5813
2013.7726 67.8061
2013.7753 62.9909
2013.7781 65.9457
2013.7808 68.8606
2013.7836 65.3554
2013.7863 60.7501
2013.7890 65.2149
2013.7918 63.9697
2013.7945 63.0445
2013.7973 67.4092
2013.8000 64.4240
2013.8027 61.7488
2013.8055 63.1035
2013.8082 60.4083
2013.8110 62.6930
2013.8137 65.0177
2013.8164 66.8825
2013.8192 67.8672
2013.8219 65.3219
2013.8247 64.9166
2013.8274 67.4114
2013.8301 67.9361
2013.8329 68.5009
2013.8356 81.5660
2013.8384 71.7116
2013.8411 68.0975
2013.8438 70.0837
2013.8466 66.6001
2013.8493 66.3667
2013.8521 71.6435
2013.8548 68.8704
2013.8575 72.5072
2013.8603 70.4341
2013.8630 69.3110
2013.8658 71.7977
2013.8685 65.1342
2013.8712 62.1606
2013.8740 64.6167
2013.8767 66.0125
2013.8795 68.5379
2013.8822 65.8729
2013.8849 65.0374
2013.8877 68.6014
2013.8904 63.1449
2013.8932 58.0377
2013.8959 61.9099
2013.8986 56.3813
2013.9014 61.5020
2013.9041 59.3719
2013.9068 58.9109
2013.9096 61.5890
2013.9123 62.2361
2013.9151 61.6022
2013.9178 57.1662
2013.9205 57.9870
2013.9233 60.5647
2013.9260 60.5096
2013.9288 58.2418
2013.9315 60.4215
2013.9342 61.1889
2013.9370 63.1441
2013.9397 57.2072
2013.9425 61.7885
2013.9452 61.3381
2013.9479 60.9962
2013.9507 61.0130
2013.9534 63.1886
2013.9562 58.0631
2013.9589 58.1868
2013.9616 58.1898
2013.9644 59.0924
2013.9671 62.9545
2013.9699 62.7865
2013.9726 62.4385
2013.9753 63.2606
2013.9781 61.3030
2013.9808 63.4260
2013.9836 63.7795
2013.9863 65.0039
2013.9890 61.5993
2013.9918 64.8059
2013.9945 63.2337
2013.9973 62.3231
2014.0000 68.6841
2014.0027 64.0760
2014.0055 62.5478
2014.0082 65.0096
2014.0110 65.7914
2014.0137 65.7732
2014.0164 61.4749
2014.0192 60.1867
2014.0219 60.7985
2014.0247 60.8903
2014.0274 62.4322
2014.0301 64.5641
2014.0329 72.1761
2014.0356 66.7381
2014.0384 60.7403
2014.0411 63.6925
2014.0438 62.1147
2014.0466 70.5572
2014.0493 65.0797
2014.0521 62.9623
2014.0548 66.3951
2014.0575 64.0980
2014.0603 65.8411
2014.0630 63.0243
2014.0658 67.6677
2014.0685 65.9313
2014.0712 63.3551
2014.0740 63.4891
2014.0767 66.6233
2014.0795 63.4477
2014.0822 65.0724
2014.0849 65.1282
2014.0877 61.2352
2014.0904 63.7432
2014.0932 66.9622
2014.0959 66.4223
2014.0986 65.2535
2014.1014 62.5155
2014.1041 65.2886
2014.1068 63.9325
2014.1096 64.8174
2014.1123 66.6531
2014.1151 64.5297
2014.1178 70.4370
2014.1205 68.5751
2014.1233 60.8440
2014.1260 70.1036
2014.1288 70.2539
2014.1315 70.7049
2014.1342 65.4565
2014.1370 62.0987
2014.1397 65.3415
2014.1425 66.1049
2014.1452 68.5787
2014.1479 68.2631
2014.1507 64.3379
2014.1534 66.3432
2014.1562 65.8588
2014.1589 66.7449
2014.1616 63.9813
2014.1644 71.0985
2014.1671 73.9967
2014.1699 68.2260
2014.1726 70.6662
2014.1753 72.8172
2014.1781 71.6590
2014.1808 69.2014
2014.1836 70.1445
2014.1863 70.1380
2014.1890 67.1920
2014.1918 66.0763
2014.1945 66.9409
2014.1973 66.5056
2014.2000 65.3404
2014.2027 64.7152
2014.2055 62.4700
2014.2082 66.1645
2014.2110 75.3088
2014.2137 65.9128
2014.2164 68.9964
2014.2192 64.9494
2014.2219 69.8819
2014.2247 71.1637
2014.2274 70.5447
2014.2301 67.8549
2014.2329 72.8241
2014.2356 68.4524
2014.2384 69.6895
2014.2411 70.1155
2014.2438 71.7502
2014.2466 71.7138
2014.2493 64.0871
2014.2521 72.2704
2014.2548 72.6036
2014.2575 74.7868
2014.2603 73.6500
2014.2630 74.8431
2014.2658 76.5362
2014.2685 72.0493
2014.2712 72.6623
2014.2740 79.2154
2014.2767 66.4584
2014.2795 76.7214
2014.2822 75.4744
2014.2849 72.6374
2014.2877 69.9204
2014.2904 76.3934
2014.2932 79.6564
2014.2959 80.2294
2014.2986 74.7225
2014.3014 75.3555
2014.3041 70.4486
2014.3068 71.4717
2014.3096 68.4848
2014.3123 67.1980
2014.3151 79.1312
2014.3178 74.0944
2014.3205 68.5377
2014.3233 70.0610
2014.3260 72.7344
2014.3288 72.9179
2014.3315 67.4513
2014.3342 74.5248
2014.3370 68.3783
2014.3452 66.0988
2014.3479 71.8923
2014.3507 75.1559
2014.3534 67.4894
2014.3562 76.9129
2014.3589 74.3965
2014.3616 73.1800
2014.3644 72.4035
2014.3671 75.5671
2014.3699 75.0707
2014.3726 76.4042
2014.3753 68.7378
2014.3781 75.2913
2014.3808 72.9949
2014.3836 72.5185
2014.3863 70.0521
2014.3890 69.5757
2014.3918 72.8292
2014.3945 71.7928
2014.3973 80.2864
2014.4000 68.7900
2014.4027 72.2836
2014.4055 80.2172
2014.4082 70.5308
2014.4110 71.0543
2014.4137 69.1780
2014.4164 68.3817
2014.4192 72.0357
2014.4219 69.8898
2014.4247 72.0341
2014.4274 70.8186
2014.4301 69.9232
2014.4329 70.5080
2014.4356 68.7329
2014.4384 66.4480
2014.4411 68.7032
2014.4438 72.3585
2014.4466 73.2340
2014.4493 71.9995
2014.4521 75.6052
2014.4548 81.4910
2014.4575 76.3469
2014.4603 69.5328
2014.4630 70.3689
2014.4658 73.0750
2014.4685 69.3312
2014.4712 72.6775
2014.4740 72.1439
2014.4767 72.7403
2014.4795 71.0567
2014.4822 69.6132
2014.4849 73.3698
2014.4877 75.2163
2014.4904 72.5329
2014.4932 75.8695
2014.4959 77.6662
2014.4986 70.3452
2014.5014 74.0088
2014.5041 69.9966
2014.5068 79.8283
2014.5096 71.4834
2014.5123 63.8618
2014.5151 69.7329
2014.5178 72.1265
2014.5205 80.9821
2014.5233 72.9396
2014.5260 81.1284
2014.5288 75.3982
2014.5315 73.1688
2014.5342 63.4597
2014.5370 73.4605
2014.5397 66.4110
2014.5425 70.0408
2014.5452 68.6095
2014.5479 70.2768
2014.5507 64.6323
2014.5534 69.9356
2014.5562 66.9265
2014.5589 70.6046
2014.5616 72.5694
2014.5644 78.4708
2014.5671 74.9282
2014.5699 74.5214
2014.5726 73.6400
2014.5753 69.7736
2014.5781 70.1019
2014.5808 68.9446
2014.5836 67.2043
2014.5863 72.0239
2014.5890 73.3134
2014.5918 74.7728
2014.5945 71.0820
2014.5973 68.6912
2014.6000 75.7203
2014.6027 72.7993
2014.6055 74.2882
2014.6082 75.2471
2014.6110 73.4859
2014.6137 74.1547
2014.6164 70.1434
2014.6192 78.7421
2014.6219 77.4507
2014.6247 72.2994
2014.6274 70.3280
2014.6301 68.9666
2014.6329 67.6052
2014.6356 68.9239
2014.6384 67.6425
2014.6411 64.5312
2014.6438 68.2099
2014.6466 68.3086
2014.6493 70.2774
2014.6521 62.1262
2014.6548 62.7351
2014.6575 68.2041
2014.6603 67.7031
2014.6630 72.7523
2014.6658 77.9615
2014.6685 73.1307
2014.6712 75.2199
2014.6740 74.0491
2014.6767 74.9183
2014.6795 77.9575
2014.6822 75.2467
2014.6849 75.1659
2014.6877 74.5452
2014.6904 72.6044
2014.6932 75.4836
2014.6959 81.7429
2014.6986 77.4222
2014.7014 75.2615
2014.7041 79.8308
2014.7068 75.5301
2014.7096 76.2795
2014.7123 75.7189
2014.7151 76.0083
2014.7178 72.7177
2014.7205 73.7072
2014.7233 81.4567
2014.7260 76.3262
2014.7288 73.2858
2014.7315 75.6954
2014.7342 68.3951
2014.7370 61.0648
2014.7397 94.7545
2014.7425 74.6343
2014.7452 73.1341
2014.7479 72.4840
2014.7507 71.9061
2014.7534 77.1123
2014.7562 76.5822
2014.7589 89.8256
2014.7616 72.7622
2014.7644 71.7219
2014.7671 73.1143
2014.7699 73.4591
2014.7726 74.1262
2014.7753 73.0652
2014.7781 74.6758
2014.7808 72.8879
2014.7836 74.4512
2014.7863 72.1653
2014.7890 70.8201
2014.7918 72.7252
2014.7945 69.8605
2014.7973 73.3656
2014.8000 70.2002
2014.8027 75.8042
2014.8055 78.1173
2014.8082 73.6892
2014.8110 75.4296
2014.8137 70.4882
2014.8164 75.4549
2014.8192 73.6893
2014.8219 71.0612
2014.8247 69.4104
2014.8274 75.3765
2014.8301 82.5693
2014.8329 87.5390
2014.8356 76.5977
2014.8384 73.2359
2014.8411 74.1836
2014.8438 68.9008
2014.8466 72.9674
2014.8493 71.1035
2014.8521 73.2490
2014.8548 71.9640
2014.8575 72.8284
2014.8603 74.4522
2014.8630 72.1054
2014.8658 72.3781
2014.8685 72.0802
2014.8712 69.6217
2014.8740 70.2226
2014.8767 70.7029
2014.8795 69.9026
2014.8822 68.8017
2014.8849 68.8502
2014.8877 70.2780
2014.8904 74.6352
2014.8932 69.6918
2014.8959 66.1678
2014.8986 72.0031
2014.9014 67.5177
2014.9041 75.6817
2014.9068 74.5251
2014.9096 71.5478
2014.9123 70.9898
2014.9151 75.4911
2014.9178 74.2416
2014.9205 71.5610
2014.9233 69.2395
2014.9260 72.2370
2014.9288 74.5938
2014.9315 82.9199
2014.9342 79.4353
2014.9370 75.4301
2014.9397 80.1045
2014.9425 76.6585
2014.9452 76.3021
2014.9479 72.3555
2014.9507 78.5187
2014.9534 75.1618
2014.9562 79.1249
2014.9589 77.1481
2014.9616 78.8714
2014.9644 75.3249
2014.9671 77.3988
2014.9699 74.2630
2014.9726 78.9277
2014.9753 74.0129
2014.9781 77.9887
2014.9808 78.4953
2014.9836 72.5126
2014.9863 77.5407
2014.9890 73.8998
2014.9918 71.0199
2014.9945 73.5411
2014.9973 77.0535
2015.0000 72.5771
2015.0027 76.6915
2015.0055 74.1062
2015.0082 76.4413
2015.0110 72.1366
2015.0137 71.7722
2015.0164 74.2181
2015.0192 73.6543
2015.0219 75.8808
2015.0247 72.6475
2015.0274 72.6446
2015.0301 77.0619
2015.0329 73.7794
2015.0356 72.6472
2015.0384 73.1753
2015.0411 75.9136
2015.0438 73.9822
2015.0466 76.0410
2015.0493 78.8600
2015.0521 75.7393
2015.0548 80.9888
2015.0575 75.1086
2015.0603 75.7085
2015.0630 75.6187
2015.0658 78.1291
2015.0685 78.7497
2015.0712 77.2704
2015.0740 70.7714
2015.0767 85.3826
2015.0795 78.3040
2015.0822 79.7655
2015.0849 77.4069
2015.0877 76.2482
2015.0904 77.0495
2015.0932 82.5808
2015.0959 81.5921
2015.0986 79.2834
2015.1014 75.1349
2015.1041 76.8466
2015.1068 84.6084
2015.1096 84.2405
2015.1123 79.9229
2015.1151 74.5856
2015.1178 76.7687
2015.1205 80.4021
2015.1233 86.3561
2015.1260 78.0805
2015.1288 79.0554
2015.1315 82.2810
2015.1342 79.6871
2015.1370 76.7039
2015.1397 79.1814
2015.1425 81.9497
2015.1452 76.8087
2015.1479 71.2086
2015.1507 65.2194
2015.1534 80.3310
2015.1562 79.5636
2015.1589 74.0872
2015.1616 75.2019
2015.1644 79.5173
2015.1671 78.5132
2015.1699 78.0097
2015.1726 75.8865
2015.1753 77.7138
2015.1781 77.0214
2015.1808 84.0594
2015.1836 79.3278
2015.1863 78.3764
2015.1890 78.7853
2015.1918 90.1045
2015.1945 81.8838
2015.1973 81.7134
2015.2000 78.9931
2015.2027 87.3929
2015.2055 81.1229
2015.2082 77.7028
2015.2110 79.7329
2015.2137 80.8729
2015.2164 81.3730
2015.2192 80.1429
2015.2219 76.0028
2015.2247 96.7226
2015.2274 72.9023
2015.2301 75.7118
2015.2329 76.7011
2015.2356 77.2802
2015.2384 80.3690
2015.2411 84.3576
2015.2438 82.9758
2015.2466 86.2938
2015.2493 78.8419
2015.2521 82.6603
2015.2548 78.1488
2015.2575 79.9374
2015.2603 86.3761
2015.2630 78.8549
2015.2658 80.1036
2015.2685 80.9324
2015.2712 80.9311
2015.2740 82.6697
2015.2767 75.9682
2015.2795 77.0065
2015.2822 80.2547
2015.2849 84.7326
2015.2877 73.8502
2015.2904 81.5475
2015.2932 80.6845
2015.2959 85.4311
2015.2986 83.6673
2015.3014 78.8230
2015.3041 81.7483
2015.3068 81.4231
2015.3096 78.8472
2015.3123 74.7609
2015.3151 80.4538
2015.3178 79.9862
2015.3205 87.6178
2015.3233 81.6287
2015.3260 82.7388
2015.3288 79.4581
2015.3315 76.9756
2015.3342 78.1502
2015.3370 81.0722
2015.3397 82.8617
2015.3425 89.5689
2015.3452 76.7440
2015.3479 78.3470
2015.3507 76.7683
2015.3534 79.9879
2015.3562 80.8360
2015.3589 82.4228
2015.3616 75.8084
2015.3644 83.2931
2015.3671 81.7269
2015.3699 88.7101
2015.3726 84.9128
2015.3753 80.9053
2015.3781 84.7975
2015.3836 87.1322
2015.3863 90.8651
2015.3890 89.4884
2015.3918 82.4824
2015.3945 82.7073
2015.3973 82.4932
2015.4000 83.0603
2015.4027 85.8787
2015.4055 85.3487
2015.4082 81.5703
2015.4110 80.4738
2015.4137 81.1291
2015.4164 82.5146
2015.4192 83.7102
2015.4219 80.6058
2015.4247 81.3115
2015.4274 82.8672
2015.4301 78.4530
2015.4329 82.8288
2015.4356 82.6146
2015.4384 80.8805
2015.4411 82.7365
2015.4438 78.5425
2015.4466 79.0986
2015.4493 76.5847
2015.4521 75.8109
2015.4548 78.9571
2015.4575 78.0934
2015.4603 80.5898
2015.4630 85.9962
2015.4658 80.6027
2015.4685 80.3893
2015.4712 78.6860
2015.4740 82.5127
2015.4767 79.0195
2015.4795 81.6463
2015.4822 85.6133
2015.4849 83.9303
2015.4877 78.7874
2015.4904 84.6345
2015.4932 77.3818
2015.4959 76.5691
2015.4986 75.8566
2015.5014 73.8043
2015.5041 75.5621
2015.5068 76.6201
2015.5096 75.5183
2015.5123 77.4666
2015.5151 76.2751
2015.5178 91.7438
2015.5205 81.8226
2015.5233 81.1016
2015.5260 84.7208
2015.5288 82.8301
2015.5315 83.9196
2015.5342 88.7792
2015.5370 84.7190
2015.5397 83.3589
2015.5425 78.7290
2015.5452 79.5793
2015.5479 81.5896
2015.5507 64.6002
2015.5534 83.0208
2015.5562 80.1516
2015.5589 79.5025
2015.5616 83.2536
2015.5644 81.0548
2015.5671 82.2662
2015.5699 80.0976
2015.5726 75.1892
2015.5753 80.9309
2015.5781 82.8428
2015.5808 79.0647
2015.5836 80.3581
2015.5863 79.0941
2015.5890 88.2725
2015.5918 84.9030
2015.5945 82.4357
2015.5973 81.6701
2015.6000 79.9763
2015.6027 84.2939
2015.6055 83.2929
2015.6082 85.7230
2015.6110 83.4740
2015.6137 78.9959
2015.6164 87.3783
2015.6192 84.5511
2015.6219 85.1342
2015.6247 86.5473
2015.6274 85.3404
2015.6301 83.3631
2015.6329 81.5353
2015.6356 81.7369
2015.6384 82.1876
2015.6411 80.2674
2015.6438 85.2959
2015.6466 77.8530
2015.6493 82.5786
2015.6521 81.8624
2015.6548 83.9743
2015.6575 82.4342
2015.6603 85.7617
2015.6630 86.0468
2015.6658 81.3293
2015.6685 84.4599
2015.6712 79.1188
2015.6740 82.4461
2015.6767 81.9119
2015.6795 80.2563
2015.6822 84.1696
2015.6849 83.8317
2015.6877 84.5429
2015.6904 79.8333
2015.6932 81.9530
2015.6959 83.2221
2015.6986 86.1707
2015.7014 88.2191
2015.7041 86.6173
2015.7068 83.0554
2015.7096 86.0035
2015.7123 85.1719
2015.7151 84.1006
2015.7178 91.9898
2015.7205 86.3495
2015.7233 87.4400
2015.7260 85.7913
2015.7288 81.5336
2015.7315 83.4970
2015.7342 81.9616
2015.7370 82.1876
2015.7397 82.5550
2015.7425 84.2241
2015.7452 82.1849
2015.7479 79.9976
2015.7507 80.5013
2015.7534 82.0451
2015.7562 85.1091
2015.7589 78.8331
2015.7616 82.0972
2015.7644 80.5815
2015.7671 75.8258
2015.7699 83.7401
2015.7726 80.6946
2015.7753 80.1790
2015.7781 73.4135
2015.7808 78.9681
2015.7836 78.1726
2015.7863 84.3472
2015.7890 78.7318
2015.7918 85.4463
2015.7945 81.3209
2015.7973 85.0154
2015.8000 84.4299
2015.8027 89.9543
2015.8055 81.4187
2015.8082 86.9830
2015.8110 77.9572
2015.8137 81.8513
2015.8164 85.5154
2015.8192 82.4893
2015.8219 86.6831
2015.8247 80.4568
2015.8274 84.7604
2015.8301 85.2238
2015.8329 84.7771
2015.8356 86.5403
2015.8384 85.1835
2015.8411 86.6265
2015.8438 83.0596
2015.8466 87.5125
2015.8493 84.2155
2015.8521 87.7684
2015.8548 84.5612
2015.8575 82.0840
2015.8603 91.5668
2015.8630 86.5896
2015.8658 87.3924
2015.8685 85.9852
2015.8712 82.6679
2015.8740 81.6307
2015.8767 78.5335
2015.8795 81.1662
2015.8822 86.6490
2015.8849 86.7919
2015.8877 89.6347
2015.8904 86.4576
2015.8932 88.1505
2015.8959 85.6035
2015.8986 89.3965
2015.9014 88.0496
2015.9041 82.9327
2015.9068 81.9959
2015.9096 81.4991
2015.9123 84.9025
2015.9151 78.8259
2015.9178 89.8496
2015.9205 84.4940
2015.9233 76.5989
2015.9260 80.5743
2015.9288 79.6501
2015.9315 84.1064
2015.9342 80.9131
2015.9370 79.6901
2015.9397 80.7374
2015.9425 76.6550
2015.9479 78.4608
2015.9507 83.5590
2015.9534 80.8172
2015.9562 80.4655
2015.9589 78.6738
2015.9616 82.1321
2015.9644 84.5304
2015.9671 80.9085
2015.9699 77.9965
2015.9726 82.2344
2015.9753 84.8320
2015.9781 76.7193
2015.9808 82.8064
2015.9836 83.6931
2015.9863 84.7994
2015.9890 82.6553
2015.9918 83.2607
2015.9945 82.7456
2015.9973 81.7700
2016.0000 83.6638
2016.0027 87.6570
2016.0055 85.9997
2016.0082 80.2518
2016.0109 83.8734
2016.0137 80.4145
2016.0164 76.7351
2016.0191 78.0054
2016.0219 79.7452
2016.0246 80.6446
2016.0273 76.4537
2016.0301 78.6624
2016.0328 78.3909
2016.0355 80.9190
2016.0383 90.3470
2016.0410 80.1847
2016.0437 80.7322
2016.0464 79.0795
2016.0492 78.7167
2016.0519 82.1937
2016.0546 81.8407
2016.0574 78.9076
2016.0601 81.6845
2016.0628 80.2313
2016.0656 78.1982
2016.0683 77.9451
2016.0710 79.6020
2016.0738 81.7291
2016.0765 80.9163
2016.0792 80.7936
2016.0820 84.0610
2016.0847 77.8475
2016.0874 89.8731
2016.0902 83.8078
2016.0929 82.0017
2016.0956 65.8949
2016.0984 78.0474
2016.1011 85.8793
2016.1038 83.4007
2016.1066 85.7417
2016.1093 83.5624
2016.1120 86.0128
2016.1148 85.6030
2016.1175 84.4331
2016.1202 81.6631
2016.1230 84.5432
2016.1257 84.2834
2016.1284 87.1638
2016.1311 85.0045
2016.1339 91.6355
2016.1366 87.1369
2016.1393 91.6889
2016.1421 88.6414
2016.1448 85.8745
2016.1475 90.1984
2016.1503 85.5431
2016.1530 84.5287
2016.1557 85.7352
2016.1585 88.9228
2016.1612 82.7515
2016.1639 86.6626
2016.1667 89.0482
2016.1694 94.8181
2016.1721 82.6420
2016.1749 91.4595
2016.1776 89.7203
2016.1803 96.2343
2016.1831 88.9511
2016.1858 90.4103
2016.1885 92.0918
2016.1913 93.5252
2016.1940 94.6202
2016.1967 94.4966
2016.1995 94.5841
2016.2022 89.6822
2016.2049 93.7209
2016.2077 87.0597
2016.2104 83.5484
2016.2131 91.5468
2016.2158 83.9744
2016.2186 86.9510
2016.2213 90.1164
2016.2240 87.5402
2016.2268 91.2022
2016.2295 86.7220
2016.2322 87.6694
2016.2350 84.7140
2016.2377 96.1856
2016.2404 83.3140
2016.2432 88.2887
2016.2459 85.5796
2016.2486 83.6791
2016.2514 84.4881
2016.2541 79.0966
2016.2568 83.9846
2016.2596 86.8521
2016.2623 84.1692
2016.2650 84.6158
2016.2678 90.2319
2016.2705 89.8276
2016.2732 91.6928
2016.2760 87.9376
2016.2787 90.0619
2016.2814 89.6458
2016.2842 86.5892
2016.2869 88.1923
2016.2896 86.0249
2016.2923 88.9571
2016.2951 89.3789
2016.2978 89.6003
2016.3005 82.8813
2016.3033 83.7119
2016.3060 82.7021
2016.3087 85.2019
2016.3115 84.7114
2016.3142 86.5105
2016.3169 93.5393
2016.3197 89.1076
2016.3224 85.6957
2016.3251 92.2633
2016.3279 86.6107
2016.3306 90.1774
2016.3333 91.2625
2016.3361 91.2862
2016.3388 89.3784
2016.3415 82.7993
2016.3443 91.1091
2016.3470 88.3878
2016.3497 93.2156
2016.3525 94.6726
2016.3552 90.5190
2016.3579 83.2847
2016.3607 77.2701
2016.3634 92.2951
2016.3661 85.4199
2016.3689 80.7547
2016.3716 86.2195
2016.3770 92.3197
2016.3798 90.8154
2016.3825 90.9416
2016.3852 93.6585
2016.3880 96.7262
2016.3907 94.2547
2016.3934 94.5943
2016.3962 80.8850
2016.3989 93.1370
2016.4016 90.3403
2016.4044 83.4852
2016.4071 82.7217
2016.4098 83.5699
2016.4126 74.8200
2016.4153 82.5031
2016.4180 85.7698
2016.4208 86.4198
2016.4235 90.7928
2016.4262 85.4186
2016.4290 87.0169
2016.4317 89.7175
2016.4344 87.7602
2016.4372 89.4747
2016.4399 88.4307
2016.4426 91.8080
2016.4454 85.8563
2016.4481 92.6854
2016.4508 92.7351
2016.4536 93.0650
2016.4563 88.1350
2016.4590 92.3447
2016.4617 91.4740
2016.4645 87.1925
2016.4672 85.4401
2016.4699 98.0064
2016.4727 89.4613
2016.4754 91.4244
2016.4781 92.9856
2016.4809 91.5845
2016.4836 85.5009
2016.4863 86.4046
2016.4891 83.5353
2016.4918 83.7128
2016.4945 89.8068
2016.4973 89.9975
2016.5000 91.9573
2016.5027 88.9967
2016.5055 92.0057
2016.5082 90.2143
2016.5109 88.3126
2016.5137 90.5506
2016.5164 88.5882
2016.5191 83.6856
2016.5219 85.5428
2016.5246 88.8098
2016.5273 88.6465
2016.5301 89.2731
2016.5328 90.7295
2016.5355 87.9559
2016.5383 93.7621
2016.5410 89.7283
2016.5437 94.0844
2016.5464 97.4406
2016.5492 95.6267
2016.5519 89.3429
2016.5546 88.8591
2016.5574 86.2955
2016.5601 82.5319
2016.5628 87.0985
2016.5656 85.7052
2016.5710 91.8993
2016.5738 90.5467
2016.5765 86.2744
2016.5792 92.8924
2016.5820 81.8206
2016.5847 85.8591
2016.5874 92.2376
2016.5902 90.1764
2016.5929 86.0653
2016.5956 91.5645
2016.5984 93.2738
2016.6011 91.3533
2016.6038 88.2130
2016.6066 92.8630
2016.6093 87.6732
2016.6120 81.2536
2016.6148 79.9842
2016.6202 87.6763
2016.6230 87.7078
2016.6257 90.4495
2016.6284 91.8315
2016.6311 90.6938
2016.6339 89.7665
2016.6366 92.5294
2016.6393 90.2527
2016.6421 93.5263
2016.6448 94.3902
2016.6475 94.1845
2016.6503 97.6191
2016.6530 94.6841
2016.6557 110.1695
2016.6585 97.7553
2016.6612 92.1815
2016.6639 92.8480
2016.6667 93.1094
2016.6694 89.2433
2016.6721 97.8690
2016.6749 90.1458
2016.6776 102.4627
2016.6803 92.0889
2016.6831 101.8735
2016.6858 93.3258
2016.6885 93.3348
2016.6913 95.1297
2016.6940 94.6596
2016.6967 91.9537
2016.6995 98.1112
2016.7022 93.4612
2016.7049 97.9528
2016.7077 93.8852
2016.7104 106.2375
2016.7131 92.9489
2016.7158 85.9386
2016.7186 88.0956
2016.7213 95.6192
2016.7240 87.7585
2016.7268 98.2826
2016.7295 93.0906
2016.7322 93.4218
2016.7350 85.3353
2016.7377 89.6902
2016.7404 90.7857
2016.7432 88.8509
2016.7459 88.5950
2016.7486 91.7276
2016.7514 88.4564
2016.7541 87.6448
2016.7568 93.6826
2016.7596 83.5399
2016.7623 88.3367
2016.7650 89.3430
2016.7678 86.5488
2016.7705 88.0540
2016.7732 88.9887
2016.7760 88.4829
2016.7787 81.2665
2016.7814 85.2696
2016.7842 86.7922
2016.7869 87.1742
2016.7896 91.7457
2016.7923 85.3467
2016.7951 89.0671
2016.7978 87.5470
2016.8005 89.3563
2016.8033 92.6551
2016.8060 93.7133
2016.8087 91.4909
2016.8115 95.8980
2016.8142 88.6446
2016.8169 85.6906
2016.8197 81.6460
2016.8224 87.3508
2016.8251 85.3951
2016.8279 87.2588
2016.8306 90.9320
2016.8333 94.1747
2016.8361 87.2276
2016.8388 93.2406
2016.8415 90.1437
2016.8443 88.9769
2016.8470 87.2901
2016.8497 85.7233
2016.8525 84.5665
2016.8552 82.7396
2016.8579 84.6527
2016.8607 87.6856
2016.8634 88.7184
2016.8661 84.1010
2016.8689 81.1534
2016.8716 82.3256
2016.8743 85.0475
2016.8770 84.6991
2016.8798 86.6204
2016.8825 86.8013
2016.8852 85.5418
2016.8880 90.1718
2016.8907 87.6215
2016.8934 94.7306
2016.8962 84.4192
2016.8989 85.4473
2016.9016 82.4647
2016.9044 84.7816
2016.9071 83.3978
2016.9098 85.5834
2016.9126 86.7582
2016.9153 87.6923
2016.9180 85.8451
2016.9208 83.4262
2016.9235 83.3557
2016.9262 85.9638
2016.9290 86.6705
2016.9317 84.5161
2016.9344 83.4905
2016.9372 85.4440
2016.9399 85.4866
2016.9426 86.9684
2016.9454 86.5896
2016.9481 83.0303
2016.9508 85.7305
2016.9536 82.7205
2016.9563 83.9603
2016.9590 85.7100
2016.9617 85.5698
2016.9645 82.3098
2016.9672 84.2200
2016.9699 86.1507
2016.9727 82.2118
2016.9754 81.9736
2016.9781 81.5461
2016.9809 83.5895
2016.9836 90.4339
2016.9863 85.0994
2016.9891 85.1560
2016.9918 85.4640
2016.9945 85.3035
2016.9973 82.2844
2017.0000 85.1771
2017.0027 82.0711
2017.0055 84.4359
2017.0082 83.2117
2017.0110 85.2482
2017.0137 85.0754
2017.0164 85.0533
2017.0192 84.8018
2017.0219 87.5108
2017.0247 82.5303
2017.0274 80.3902
2017.0301 81.0405
2017.0329 85.9610
2017.0384 84.8426
2017.0411 79.4136
2017.0438 82.3146
2017.0466 83.3856
2017.0493 81.0664
2017.0521 88.8871
2017.0548 89.7176
2017.0575 84.3877
2017.0603 82.8475
2017.0630 83.1769
2017.0658 90.2558
2017.0685 86.0742
2017.0712 90.6519
2017.0740 87.3289
2017.0767 88.9852
2017.0795 85.5007
2017.0822 90.4354
2017.0849 87.7689
2017.0877 88.9616
2017.0904 85.5033
2017.0932 83.7342
2017.0959 83.6243
2017.0986 87.6937
2017.1014 85.7926
2017.1041 83.3309
2017.1068 93.0488
2017.1096 89.7363
2017.1123 91.2935
2017.1151 95.5105
2017.1178 93.5273
2017.1205 94.8340
2017.1233 91.6007
2017.1260 91.8575
2017.1288 89.5945
2017.1315 90.7717
2017.1342 90.0791
2017.1370 90.9670
2017.1397 94.5853
2017.1425 92.2541
2017.1452 91.5935
2017.1479 85.1536
2017.1507 87.6844
2017.1534 89.9760
2017.1562 89.2486
2017.1589 90.9821
2017.1616 92.5967
2017.1644 89.6729
2017.1671 89.2413
2017.1699 93.9918
2017.1726 90.6041
2017.1753 90.3081
2017.1781 90.6238
2017.1808 96.8308
2017.1836 92.2992
2017.1863 91.1887
2017.1890 92.8693
2017.1918 94.1907
2017.1945 95.1428
2017.1973 97.2955
2017.2000 90.1486
2017.2027 91.9421
2017.2055 100.0857
2017.2082 91.1193
2017.2110 91.2527
2017.2137 99.7759
2017.2164 96.5987
2017.2192 91.5309
2017.2219 89.0224
2017.2247 86.6230
2017.2274 89.9526
2017.2301 90.6611
2017.2329 85.1083
2017.2356 90.9041
2017.2384 90.9083
2017.2411 75.4908
2017.2438 84.3014
2017.2466 79.7100
2017.2493 84.6762
2017.2521 90.9201
2017.2548 93.7118
2017.2575 91.0417
2017.2603 93.9198
2017.2630 90.2663
2017.2658 95.9214
2017.2685 89.8353
2017.2712 97.0881
2017.2740 97.8101
2017.2767 97.5513
2017.2795 97.4920
2017.2822 92.0823
2017.2849 99.9424
2017.2877 98.2325
2017.2904 100.5628
2017.2932 100.2234
2017.2959 97.8446
2017.2986 99.3064
2017.3014 93.0690
2017.3041 97.8727
2017.3068 97.0976
2017.3096 99.6739
2017.3123 100.4918
2017.3151 100.1213
2017.3178 98.6228
2017.3205 99.1164
2017.3233 97.2922
2017.3260 98.3604
2017.3288 99.0113
2017.3315 101.5143
2017.3342 99.4086
2017.3370 96.9043
2017.3397 97.2112
2017.3425 98.3592
2017.3452 98.8382
2017.3479 92.3882
2017.3507 96.2289
2017.3534 101.5104
2017.3562 100.7326
2017.3589 99.6353
2017.3616 99.3884
2017.3644 104.4918
2017.3671 103.3355
2017.3699 101.3594
2017.3726 99.6933
2017.3753 105.4571
2017.3781 99.9508
2017.3808 102.0043
2017.3836 97.2274
2017.3863 97.6601
2017.3890 93.6123
2017.3918 97.2538
2017.3945 95.1747
2017.3973 96.2447
2017.4000 93.9837
2017.4027 94.5018
2017.4055 95.6687
2017.4082 99.6145
2017.4110 95.8489
2017.4137 94.0020
2017.4164 90.2943
2017.4192 95.3758
2017.4219 97.9366
2017.4247 96.4868
2017.4274 98.0464
2017.4301 97.1055
2017.4329 98.6842
2017.4356 99.7424
2017.4384 99.1503
2017.4411 98.4780
2017.4438 92.1554
2017.4466 91.2326
2017.4493 92.5897
2017.4521 96.7867
2017.4548 97.9538
2017.4575 93.7909
2017.4603 82.0381
2017.4630 93.0355
2017.4658 102.2531
2017.4685 96.6710
2017.4712 95.6092
2017.4740 96.7079
2017.4767 99.3270
2017.4795 103.4966
2017.4822 92.3168
2017.4849 97.3376
2017.4877 100.1591
2017.4904 95.5113
2017.4932 97.3743
2017.4959 92.3582
2017.4986 92.6831
2017.5014 99.7991
2017.5041 99.2061
2017.5068 105.7040
2017.5096 97.8928
2017.5123 103.3525
2017.5151 96.6529
2017.5178 100.0540
2017.5205 94.4057
2017.5233 90.5280
2017.5260 97.7008
2017.5288 94.0540
2017.5315 95.4975
2017.5342 96.3014
2017.5370 97.9555
2017.5397 97.9998
2017.5425 95.5742
2017.5452 93.7086
2017.5479 97.9830
2017.5507 95.8773
2017.5534 98.0715
2017.5562 96.4554
2017.5589 94.8791
2017.5616 93.0024
2017.5644 97.1253
2017.5671 94.1077
2017.5699 95.2495
2017.5726 97.9108
2017.5753 103.0014
2017.5781 102.6212
2017.5808 105.2603
2017.5836 98.3676
2017.5863 102.6325
2017.5890 98.9352
2017.5918 94.8758
2017.5945 100.2744
2017.5973 100.5914
2017.6000 95.2368
2017.6027 96.3007
2017.6055 94.3435
2017.6082 100.1053
2017.6110 95.7162
2017.6137 104.3464
2017.6164 97.9361
2017.6192 101.2554
2017.6219 98.1146
2017.6247 100.7738
2017.6274 101.3732
2017.6301 98.8029
2017.6329 98.7032
2017.6356 98.7942
2017.6384 99.0060
2017.6411 95.8689
2017.6438 102.6130
2017.6466 100.3486
2017.6493 98.8757
2017.6521 89.6545
2017.6548 105.1353
2017.6575 102.8082
2017.6603 103.0333
2017.6630 100.7409
2017.6658 91.8717
2017.6685 101.5488
2017.6712 100.3325
2017.6740 99.2621
2017.6767 99.7874
2017.6822 103.8828
2017.6849 91.5420
2017.6877 102.4248
2017.6904 100.0909
2017.6932 97.1798
2017.6959 96.0709
2017.6986 99.2439
2017.7014 100.2583
2017.7041 96.4135
2017.7068 98.2692
2017.7096 98.1548
2017.7123 92.8799
2017.7151 99.0340
2017.7178 97.9367
2017.7205 90.6174
2017.7233 97.2758
2017.7260 98.9313
2017.7288 98.2535
2017.7315 97.6118
2017.7342 97.5360
2017.7370 95.6153
2017.7397 99.3595
2017.7425 94.9581
2017.7452 98.4305
2017.7479 104.5662
2017.7507 101.8086
2017.7534 95.6306
2017.7562 97.1124
2017.7589 94.5839
2017.7616 97.4551
2017.7644 99.0760
2017.7671 99.3666
2017.7699 96.2968
2017.7726 98.8566
2017.7753 100.4461
2017.7781 99.1851
2017.7808 97.3238
2017.7836 97.8020
2017.7863 97.1598
2017.7890 95.7272
2017.7918 95.4240
2017.7945 95.4504
2017.7973 96.8663
2017.8000 97.3717
2017.8027 92.6765
2017.8055 100.6808
2017.8082 96.8545
2017.8110 100.3576
2017.8137 96.7602
2017.8164 96.4721
2017.8192 100.2835
2017.8219 100.1241
2017.8247 100.6642
2017.8274 93.9135
2017.8301 97.1222
2017.8329 97.4602
2017.8356 100.6381
2017.8384 94.2858
2017.8411 93.1833
2017.8438 97.2908
2017.8466 98.4082
2017.8493 95.3655
2017.8521 99.2427
2017.8548 95.2399
2017.8575 94.7370
2017.8603 99.2040
2017.8630 93.7911
2017.8658 95.9681
2017.8685 93.4451
2017.8712 93.5422
2017.8740 97.0592
2017.8767 98.5763
2017.8795 97.8834
2017.8822 95.5106
2017.8849 95.8278
2017.8877 93.5352
2017.8904 95.0926
2017.8932 98.4201
2017.8959 94.7077
2017.8986 93.4455
2017.9014 92.3334
2017.9041 90.6114
2017.9068 93.6296
2017.9096 99.9579
2017.9123 94.4165
2017.9151 96.3852
2017.9178 93.4742
2017.9205 92.2933
2017.9233 94.6726
2017.9260 93.9920
2017.9288 100.3017
2017.9315 95.5214
2017.9342 97.3512
2017.9370 100.9712
2017.9397 92.6413
2017.9425 95.6614
2017.9452 92.5716
2017.9479 91.7119
2017.9507 89.6522
2017.9534 94.0025
2017.9562 90.3428
2017.9589 94.3731
2017.9616 97.3734
2017.9644 94.2337
2017.9671 95.2039
2017.9699 95.8341
2017.9726 98.5342
2017.9753 97.2143
2017.9781 92.8942
2017.9808 95.1940
2017.9836 92.2437
2017.9863 93.0033
2017.9890 95.0327
2017.9918 93.6519
2017.9945 95.5810
2017.9973 91.9798
2018.0000 95.5985
2018.0027 95.9067
2018.0055 96.9041
2018.0082 88.9609
2018.0110 93.1170
2018.0137 91.8025
2018.0164 94.0975
2018.0192 91.8520
2018.0219 96.8059
2018.0247 93.5995
2018.0274 95.5927
2018.0301 91.6355
2018.0329 95.8481
2018.0356 96.8304
2018.0384 95.8225
2018.0411 91.8845
2018.0438 95.1663
2018.0466 96.4681
2018.0493 100.4898
2018.0521 100.9515
2018.0548 101.6533
2018.0575 97.6752
2018.0603 97.6972
2018.0630 98.8895
2018.0658 97.0119
2018.0685 92.7647
2018.0877 102.3844
2018.0904 97.2800
2018.0932 99.2260
2018.0959 91.5624
2018.0986 100.2792
2018.1014 101.5665
2018.1041 103.9642
2018.1068 100.4324
2018.1096 92.0912
2018.1123 104.3506
2018.1151 101.2305
2018.1178 100.8011
2018.1205 98.9324
2018.1233 100.9843
2018.1260 99.7070
2018.1288 100.7504
2018.1315 97.4246
2018.1342 95.5796
2018.1370 97.6355
2018.1397 102.6223
2018.1425 105.0800
2018.1452 97.6086
2018.1479 98.3581
2018.1507 95.5887
2018.1534 95.6403
2018.1562 93.6830
2018.1589 100.9368
2018.1616 102.5017
2018.1644 99.6995
2018.1671 98.7515
2018.1699 94.9476
2018.1726 97.0674
2018.1753 98.8707
2018.1781 96.5572
2018.1808 95.5366
2018.1836 97.8886
2018.1863 100.6831
2018.1890 96.4697
2018.1918 95.8281
2018.1945 94.9981
2018.1973 97.7794
2018.2000 94.3217
2018.2027 94.9148
2018.2055 95.2083
2018.2082 96.0621
2018.2110 102.1558
2018.2137 101.2392
2018.2164 111.9220
2018.2192 101.1339
2018.2219 94.9047
2018.2247 103.8540
2018.2274 97.4517
2018.2301 94.4074
2018.2329 97.0808
2018.2356 100.0218
2018.2384 99.0900
2018.2411 104.6151
2018.2438 102.0670
2018.2466 100.4957
2018.2493 103.8640
2018.2521 105.8223
2018.2548 100.7206
2018.2575 109.1288
2018.2603 99.7169
2018.2630 101.9049
2018.2658 99.4626
2018.2685 105.1401
2018.2712 101.1473
2018.2740 104.8341
2018.2767 104.4405
2018.2795 102.0265
2018.2822 105.1920
2018.2849 110.7969
2018.2877 103.4913
2018.2904 111.0550
2018.2932 99.2681
2018.2959 106.1605
2018.2986 103.3221
2018.3014 101.5529
2018.3041 100.8028
2018.3068 105.1018
2018.3096 101.6299
2018.3123 99.8970
2018.3151 96.4030
2018.3178 98.2180
2018.3205 101.6318
2018.3233 95.9344
2018.3260 103.3059
2018.3315 108.7554
2018.3342 104.5445
2018.3370 101.9233
2018.3397 104.3219
2018.3425 106.6703
2018.3452 104.5985
2018.3479 103.2564
2018.3507 102.9041
2018.3534 101.8717
2018.3562 107.1690
2018.3589 105.4761
2018.3616 102.3230
2018.3644 102.9098
2018.3671 109.7264
2018.3699 103.6128
2018.3726 109.4391
2018.3753 104.4152
2018.3781 103.3012
2018.3808 103.0270
2018.3836 101.2127
2018.3863 102.6983
2018.3890 100.4738
2018.3918 103.8092
2018.3945 101.8844
2018.3973 104.9396
2018.4000 106.2147
2018.4027 108.1797
2018.4055 105.1446
2018.4082 102.8595
2018.4110 98.4143
2018.4137 97.4489
2018.4164 102.0624
2018.4192 96.9848
2018.4219 102.2362
2018.4247 102.2467
2018.4274 99.1464
2018.4301 96.6954
2018.4329 102.4838
2018.4356 103.5918
2018.4384 106.4894
2018.4411 105.0968
2018.4438 108.8840
2018.4466 104.2712
2018.4493 100.6484
2018.4521 105.8259
2018.4548 104.5236
2018.4575 98.9717
2018.4603 99.4903
2018.4630 98.2395
2018.4658 96.3794
2018.4685 94.3902
2018.4712 95.9819
2018.4740 93.8546
2018.4767 98.2985
2018.4795 99.5637
2018.4822 100.7702
2018.4849 101.2981
2018.4877 99.7077
2018.4904 101.8589
2018.4932 101.6419
2018.4959 102.6569
2018.4986 98.0635
2018.5014 101.6714
2018.5041 96.4506
2018.5068 99.8910
2018.5096 110.6225
2018.5123 99.5651
2018.5151 106.9886
2018.5178 112.8930
2018.5205 111.8182
2018.5233 107.8342
2018.5260 105.6508
2018.5288 101.5581
2018.5315 102.0558
2018.5342 108.2440
2018.5370 112.2826
2018.5425 106.7206
2018.5452 111.0598
2018.5479 122.7292
2018.5507 112.7085
2018.5534 109.0678
2018.5562 117.1169
2018.5589 114.7058
2018.5616 114.2145
2018.5644 111.6127
2018.5671 118.3006
2018.5699 102.0379
2018.5726 103.6946
2018.5753 105.0907
2018.5781 104.6861
2018.5808 103.2306
2018.5836 100.8046
2018.5863 108.2183
2018.5890 110.1517
2018.5918 102.1049
2018.5945 105.0279
2018.5973 104.4607
2018.6000 105.3033
2018.6027 112.9558
2018.6055 107.8681
2018.6082 101.1502
2018.6110 101.5023
2018.6137 103.4643
2018.6164 107.9963
2018.6192 107.2182
2018.6219 104.3700
2018.6247 106.5319
2018.6274 107.6238
2018.6301 110.5957
2018.6329 105.8677
2018.6356 104.7198
2018.6384 106.6119
2018.6411 108.3742
2018.6438 105.8266
2018.6466 105.9391
2018.6493 104.3919
2018.6521 101.6648
2018.6548 103.3779
2018.6575 105.9813
2018.6603 109.2149
2018.6630 110.2288
2018.6658 117.0133
2018.6685 111.6808
2018.6712 109.4513
2018.6740 111.3948
2018.6767 113.0709
2018.6795 114.7594
2018.6822 110.8202
2018.6849 109.9830
2018.6877 99.5475
2018.6904 105.9437
2018.6932 109.8811
2018.6959 108.5597
2018.6986 105.8892
2018.7014 106.7994
2018.7041 103.4901
2018.7068 105.0910
2018.7096 102.4220
2018.7123 102.8027
2018.7151 102.3431
2018.7178 103.4128
2018.7205 104.6617
2018.7233 104.4196
2018.7260 105.6761
2018.7288 100.5312
2018.7315 101.2945
2018.7342 103.8859
2018.7370 102.3152
2018.7397 105.2720
2018.7452 110.5277
2018.7479 108.1162
2018.7507 109.1508
2018.7534 108.6212
2018.7562 103.5078
2018.7589 106.6507
2018.7616 106.1003
2018.7644 114.0269
2018.7671 114.5607
2018.7699 106.7121
2018.7726 107.9213
2018.7753 107.2187
2018.7781 110.4044
2018.7808 108.2689
2018.7836 111.2824
2018.7863 107.6652
2018.7890 105.0375
2018.7918 108.0997
2018.7945 114.0621
2018.7973 106.7349
2018.8000 103.2685
2018.8055 106.2490
2018.8082 106.1865
2018.8110 115.9759
2018.8137 109.6875
2018.8164 104.8916
2018.8192 105.2884
2018.8219 110.3883
2018.8247 105.0816
2018.8274 106.9485
2018.8301 104.2393
2018.8329 105.1639
2018.8356 103.5705
2018.8384 107.1884
2018.8411 104.3877
2018.8438 109.9282
2018.8466 104.2399
2018.8493 103.9525
2018.8521 102.4361
2018.8548 105.5405
2018.8575 96.9756
2018.8603 100.5713
2018.8630 97.9976
2018.8658 101.2242
2018.8685 99.6411
2018.8712 99.8183
2018.8740 97.3255
2018.8767 103.7327
2018.8795 103.8599
2018.8822 104.5968
2018.8849 103.9734
2018.8877 100.8196
2018.8904 103.6354
2018.8932 102.5904
2018.8959 97.6848
2018.8986 99.1784
2018.9014 95.5810
2018.9041 101.6226
2018.9068 92.3931
2018.9096 99.2423
2018.9123 93.3602
2018.9151 104.0667
2018.9178 98.7028
2018.9205 93.0297
2018.9233 85.8772
2018.9260 92.1051
2018.9288 101.5234
2018.9315 100.9519
2018.9342 99.8705
2018.9370 99.2991
2018.9397 98.9974
2018.9425 97.4955
2018.9452 101.1231
2018.9479 98.6502
2018.9507 98.3166
2018.9534 94.5121
2018.9562 96.4967
2018.9589 98.0702
2018.9616 98.5025
2018.9644 106.1934
2018.9671 100.1029
2018.9699 98.8407
2018.9726 96.3468
2018.9753 104.3810
2018.9781 102.5633
2018.9808 101.4034
2018.9836 98.3712
2018.9863 98.0666
2018.9890 101.9596
2018.9918 102.4998
2018.9945 102.6073
2018.9973 101.8819
2019.0000 104.6534
2019.0027 103.0933
2019.0055 100.1031
2019.0082 105.2828
2019.0110 101.3224
2019.0137 105.1018
2019.0164 103.6812
2019.0192 96.9305
2019.0219 100.2698
2019.0247 97.8789
2019.0274 102.3880
2019.0301 103.2470
2019.0329 106.4559
2019.0356 101.3748
2019.0384 105.3436
2019.0411 99.3124
2019.0438 105.9912
2019.0466 108.3999
2019.0493 107.7286
2019.0521 103.5372
2019.0548 106.4758
2019.0575 103.1844
2019.0603 104.2230
2019.0630 108.9616
2019.0658 107.5702
2019.0685 106.2488
2019.0712 107.6873
2019.0740 110.1659
2019.0767 104.8246
2019.0795 102.0632
2019.0822 99.0118
2019.0849 101.4804
2019.0877 102.2490
2019.0904 107.4974
2019.0932 102.6858
2019.0959 108.6842
2019.0986 109.4225
2019.1014 106.0508
2019.1041 107.7490
2019.1068 104.8672
2019.1096 103.5054
2019.1123 107.0036
2019.1151 100.9818
2019.1178 105.0100
2019.1205 104.9082
2019.1233 104.7964
2019.1260 105.8546
2019.1288 100.6628
2019.1315 99.2411
2019.1342 95.0294
2019.1370 99.7378
2019.1397 97.9462
2019.1425 99.0946
2019.1452 101.5532
2019.1479 100.8618
2019.1507 100.6304
2019.1534 99.2492
2019.1562 98.6880
2019.1589 99.1069
2019.1616 99.7060
2019.1644 102.9462
2019.1671 103.1587
2019.1699 105.2234
2019.1726 104.7802
2019.1753 102.7990
2019.1781 99.1098
2019.1808 104.5324
2019.1836 105.8368
2019.1863 105.3130
2019.1890 108.8708
2019.1918 110.0002
2019.1945 103.0911
2019.1973 103.7035
2019.2000 103.5971
2019.2027 103.6321
2019.2055 106.7083
2019.2082 102.1056
2019.2110 105.4840
2019.2137 103.8533
2019.2164 107.3536
2019.2192 107.1147
2019.2219 107.0065
2019.2247 112.8791
2019.2274 110.8822
2019.2301 107.8259
2019.2329 114.0801
2019.2356 115.6746
2019.2384 111.2195
2019.2411 111.0746
2019.2438 107.4799
2019.2466 104.4054
2019.2493 110.1521
2019.2521 110.7100
2019.2548 108.1190
2019.2575 110.0191
2019.2603 109.3301
2019.2630 110.1020
2019.2658 112.1347
2019.2685 114.2281
2019.2712 115.7021
2019.2740 118.5766
2019.2767 110.4515
2019.2795 110.4068
2019.2822 106.5323
2019.2849 103.7980
2019.2877 108.5138
2019.2904 109.8396
2019.2932 110.0853
2019.2959 109.0607
2019.2986 108.1759
2019.3014 105.9008
2019.3041 108.4852
2019.3068 110.2291
2019.3096 105.9523
2019.3123 119.2848
2019.3151 107.5665
2019.3178 108.3074
2019.3205 102.2672
2019.3233 113.3360
2019.3260 111.0736
2019.3288 111.0400
2019.3315 103.8959
2019.3342 112.1821
2019.3370 116.4985
2019.3397 115.6451
2019.3425 115.3317
2019.3452 117.8583
2019.3479 112.0348
2019.3507 109.4310
2019.3534 114.6270
2019.3562 109.7726
2019.3589 114.0677
2019.3616 112.4323
2019.3644 110.2963
2019.3671 106.4695
2019.3699 115.1119
2019.3726 115.0135
2019.3753 111.4840
2019.3781 110.6135
2019.3808 108.1819
2019.3836 104.9290
2019.3863 104.4348
2019.3890 110.3792
2019.3918 108.4921
2019.3945 107.3835
2019.3973 106.8131
2019.4000 108.4511
2019.4027 108.4972
2019.4055 108.6914
2019.4082 104.9935
2019.4110 108.1236
2019.4137 103.6418
2019.4164 108.6597
2019.4192 108.6675
2019.4219 109.5253
2019.4247 105.7630
2019.4274 106.4906
2019.4301 110.1082
2019.4329 106.0558
2019.4356 108.2832
2019.4384 106.0707
2019.4411 108.5881
2019.4438 107.4454
2019.4466 110.3427
2019.4493 111.8100
2019.4521 109.4373
2019.4548 115.6445
2019.4575 104.8917
2019.4603 107.3488
2019.4630 111.4959
2019.4658 111.0030
2019.4685 109.4701
2019.4712 111.5572
2019.4740 109.0342
2019.4767 111.4213
2019.4795 106.7483
2019.4822 110.3553
2019.4849 113.5724
2019.4877 113.9494
2019.4904 115.8964
2019.4932 114.4734
2019.4959 111.5204
2019.4986 114.4875
2019.5014 111.2545
2019.5041 107.8015
2019.5068 111.7885
2019.5096 111.5255
2019.5123 108.9925
2019.5151 110.1795
2019.5178 107.5965
2019.5205 113.5034
2019.5233 112.1204
2019.5260 111.1373
2019.5288 114.0243
2019.5315 116.8012
2019.5342 116.3281
2019.5370 114.3350
2019.5397 112.6719
2019.5425 115.1088
2019.5452 112.7256
2019.5479 110.7224
2019.5507 110.3793
2019.5534 115.7061
2019.5562 117.1029
2019.5589 116.8196
2019.5616 121.0164
2019.5644 120.3331
2019.5671 121.4698
2019.5699 118.6665
2019.5726 116.3031
2019.5753 115.3698
2019.5781 113.7464
2019.5808 115.0330
2019.5836 115.3785
2019.5863 117.8320
2019.5890 115.2536
2019.5918 116.2534
2019.5945 115.0715
2019.5973 116.5182
2019.6000 116.4935
2019.6027 113.2975
2019.6055 114.1403
2019.6082 117.9222
2019.6110 115.2032
2019.6137 114.9734
2019.6164 118.1231
2019.6192 117.4522
2019.6219 111.6309
2019.6247 115.1795
2019.6274 121.6179
2019.6301 119.3763
2019.6329 117.0349
2019.6356 108.9138
2019.6384 113.3531
2019.6411 115.3129
2019.6438 114.8333
2019.6466 118.6646
2019.6493 118.4767
2019.6521 118.3299
2019.6548 118.0843
2019.6575 113.6199
2019.6603 109.7070
2019.6630 108.7957
2019.6658 113.1359
2019.6685 109.4773
2019.6712 117.2898
2019.6740 112.7033
2019.6767 117.7778
2019.6795 115.9334
2019.6822 114.4900
2019.6849 110.8975
2019.6877 117.3960
2019.6904 118.7555
2019.6932 113.6558
2019.6959 111.6571
2019.6986 113.1693
2019.7014 112.9524
2019.7041 113.9064
2019.7068 116.2812
2019.7096 117.1568
2019.7123 115.9333
2019.7151 114.9506
2019.7178 119.0986
2019.7205 119.7375
2019.7233 118.3670
2019.7260 113.2274
2019.7288 117.6284
2019.7315 117.5102
2019.7342 118.4926
2019.7370 108.9857
2019.7397 114.4095
2019.7425 115.8439
2019.7452 116.4789
2019.7479 118.4346
2019.7507 119.5721
2019.7534 118.4226
2019.7562 121.0659
2019.7589 120.2916
2019.7616 115.3197
2019.7644 113.2100
2019.7671 115.4221
2019.7699 117.5459
2019.7726 114.3313
2019.7753 111.2579
2019.7781 111.8356
2019.7808 111.2842
2019.7836 105.0634
2019.7863 119.5831
2019.7890 116.6231
2019.7918 112.5731
2019.7945 122.5629
2019.7973 119.1423
2019.8000 113.7412
2019.8027 126.2393
2019.8055 112.5963
2019.8082 102.0622
2019.8110 109.3266
2019.8137 113.5595
2019.8164 109.1804
2019.8192 112.0694
2019.8219 109.1961
2019.8247 110.8003
2019.8301 110.2306
2019.8329 111.6266
2019.8356 111.7017
2019.8384 111.7763
2019.8411 107.5003
2019.8438 111.8638
2019.8466 107.8065
2019.8493 108.4587
2019.8521 109.8101
2019.8548 113.2308
2019.8575 112.3307
2019.8603 107.0698
2019.8630 108.2881
2019.8658 111.5055
2019.8685 111.8920
2019.8712 113.8275
2019.8740 108.4621
2019.8767 109.1557
2019.8795 109.7583
2019.8822 110.1198
2019.8849 103.2602
2019.8877 106.9094
2019.8904 105.3475
2019.8932 105.5844
2019.8959 112.2501
2019.8986 112.3344
2019.9014 107.0675
2019.9041 108.9692
2019.9068 110.2696
2019.9096 108.2786
2019.9123 107.4161
2019.9151 107.6522
2019.9178 109.8371
2019.9205 103.9113
2019.9233 106.8648
2019.9260 103.0076
2019.9288 100.9999
2019.9315 107.4916
2019.9342 103.5029
2019.9370 103.0338
2019.9397 103.1643
2019.9425 106.1845
2019.9452 108.0245
2019.9479 106.5042
2019.9507 105.6839
2019.9534 104.3034
2019.9562 106.2630
2019.9589 104.6125
2019.9616 105.1422
2019.9644 103.5520
2019.9671 104.7020
2019.9699 110.3423
2019.9726 109.3628
2019.9753 112.0038
2019.9781 113.2451
2019.9808 112.6369
2019.9836 110.3793
2019.9863 114.3623
2019.9890 111.0559
2019.9918 115.9102
2019.9945 115.9152
2019.9973 108.8911
2020.0000 110.1678
2020.0027 110.5251
2020.0055 112.4623
2020.0082 112.5996
2020.0109 113.1269
2020.0137 111.6943
2020.0164 112.4316
2020.0191 114.1390
2020.0219 115.6764
2020.0246 114.7138
2020.0273 110.2612
2020.0301 112.9687
2020.0328 112.7862
2020.0355 113.0637
2020.0383 113.4412
2020.0410 111.4387
2020.0437 116.2563
2020.0464 109.8239
2020.0492 113.5515
2020.0519 112.4592
2020.0546 111.1668
2020.0574 111.6945
2020.0601 109.4122
2020.0628 111.5799
2020.0656 114.7777
2020.0683 112.0354
2020.0710 118.1132
2020.0738 112.7011
2020.0765 114.4089
2020.0792 114.0968
2020.0820 112.3347
2020.0847 111.9926
2020.0874 112.8907
2020.0902 115.0688
2020.0929 117.2670
2020.0984 112.1935
2020.1011 117.0519
2020.1038 110.9204
2020.1066 104.5889
2020.1093 111.6275
2020.1120 111.6761
2020.1148 111.6148
2020.1175 112.5336
2020.1202 115.8524
2020.1230 116.7013
2020.1257 113.1802
2020.1284 108.3192
2020.1311 110.1782
2020.1339 113.5672
2020.1366 110.8363
2020.1393 113.2055
2020.1421 118.5747
2020.1448 113.2039
2020.1475 111.6732
2020.1503 111.6625
2020.1530 115.6119
2020.1557 113.8412
2020.1585 112.5806
2020.1612 119.2601
2020.1639 113.0301
2020.1667 113.7314
2020.1694 105.4441
2020.1721 114.1981
2020.1749 109.5933
2020.1776 114.3297
2020.1803 115.7673
2020.1831 115.5259
2020.1858 115.5857
2020.1885 119.0964
2020.1913 117.8882
2020.1940 119.6009
2020.1967 120.9544
2020.1995 122.6388
2020.2022 119.8440
2020.2049 113.8299
2020.2077 115.8665
2020.2104 118.9138
2020.2131 119.5517
2020.2158 119.7902
2020.2186 120.7992
2020.2213 120.4686
2020.2240 114.5485
2020.2268 123.3488
2020.2295 123.6494
2020.2322 123.2303
2020.2350 122.8215
2020.2377 120.9529
2020.2404 118.9444
2020.2432 113.2360
2020.2459 121.5979
2020.2486 119.4031
2020.2514 118.2726
2020.2541 117.7360
2020.2568 116.5032
2020.2596 119.0236
2020.2623 119.6569
2020.2650 123.0829
2020.2678 118.5712
2020.2705 124.2014
2020.2732 118.1032
2020.2760 117.4863
2020.2787 113.5704
2020.2814 116.8751
2020.2842 114.7900
2020.2869 114.0448
2020.2896 115.1992
2020.2923 121.8329
2020.2951 119.5555
2020.2978 120.9867
2020.3005 120.3862
2020.3033 118.1735
2020.3060 116.7884
2020.3087 118.4305
2020.3115 117.9996
2020.3142 119.2752
2020.3169 123.4270
2020.3197 114.0247
2020.3224 114.5079
2020.3251 122.7764
2020.3279 119.6697
2020.3306 95.8485
2020.3333 116.5159
2020.3361 107.0522
2020.3388 120.2174
2020.3415 121.9817
2020.3443 116.6751
2020.3470 117.7676
2020.3497 115.4595
2020.3525 117.2206
2020.3552 114.8812
2020.3579 118.3513
2020.3607 117.0809
2020.3634 118.0402
2020.3661 115.1792
2020.3689 114.8779
2020.3716 115.8365
2020.3743 115.5451
2020.3770 117.6537
2020.3798 116.8624
2020.3825 116.2412
2020.3852 116.9103
2020.3880 119.8597
2020.3907 118.1895
2020.3934 115.7397
2020.3962 117.7205
2020.3989 122.3519
2020.4016 116.6140
2020.4044 114.4069
2020.4071 115.2406
2020.4098 118.7652
2020.4126 118.0308
2020.4153 118.8271
2020.4180 121.4938
2020.4208 124.9509
2020.4235 126.5584
2020.4262 127.1162
2020.4290 126.4342
2020.4317 124.4125
2020.4344 127.2710
2020.4372 128.1696
2020.4399 122.7884
2020.4426 122.5274
2020.4454 118.9963
2020.4481 121.2254
2020.4508 120.1244
2020.4536 122.3934
2020.4563 120.7223
2020.4590 123.5311
2020.4617 121.4398
2020.4645 124.2083
2020.4672 121.6266
2020.4699 121.1546
2020.4727 117.5124
2020.4754 115.5599
2020.4781 114.2770
2020.4809 107.8338
2020.4863 125.4160
2020.4891 125.8114
2020.4918 119.8562
2020.4945 116.5505
2020.4973 119.0041
2020.5000 119.5157
2020.5027 120.6754
2020.5055 119.4433
2020.5082 117.5196
2020.5109 119.3743
2020.5137 118.2277
2020.5164 118.5798
2020.5191 122.3609
2020.5219 124.2311
2020.5246 122.6305
2020.5273 120.5893
2020.5301 121.2776
2020.5328 122.6556
2020.5355 117.8634
2020.5383 117.4012
2020.5410 123.1090
2020.5437 124.5872
2020.5464 123.7158
2020.5519 111.8447
2020.5546 120.6353
2020.5574 122.9170
2020.5601 112.6298
2020.5628 128.1339
2020.5656 125.8595
2020.5683 129.0266
2020.5710 124.9155
2020.5738 124.7662
2020.5765 126.7790
2020.5792 125.0440
2020.5820 127.4511
2020.5847 128.6589
2020.5874 127.3670
2020.5902 130.3855
2020.5929 131.5842
2020.5956 125.7732
2020.5984 122.4325
2020.6011 121.1920
2020.6038 123.3117
2020.6066 120.2015
2020.6093 118.2515
2020.6120 119.5517
2020.6148 120.6119
2020.6175 118.0322
2020.6202 120.1825
2020.6230 117.6829
2020.6257 118.4233
2020.6284 115.1536
2020.6311 121.7639
2020.6339 117.1741
2020.6366 121.5143
2020.6393 119.3343
2020.6421 117.2141
2020.6448 124.9538
2020.6475 125.2333
2020.6503 122.4025
2020.6530 122.8815
2020.6557 114.8103
2020.6585 118.9687
2020.6612 120.9668
2020.6639 121.8346
2020.6667 123.6822
2020.6694 123.3697
2020.6721 120.4772
2020.6749 122.5547
2020.6776 124.3022
2020.6803 128.1797
2020.6831 124.8671
2020.6858 126.2046
2020.6885 127.0321
2020.6913 127.1495
2020.6940 133.8370
2020.6967 129.1044
2020.6995 130.9819
2020.7022 127.9993
2020.7049 118.9567
2020.7077 129.3341
2020.7104 123.8015
2020.7131 120.2390
2020.7158 126.4664
2020.7186 123.3738
2020.7213 124.5712
2020.7240 123.0686
2020.7268 123.5560
2020.7295 123.6234
2020.7322 120.1608
2020.7350 117.1482
2020.7377 123.2755
2020.7404 119.3029
2020.7432 120.2903
2020.7459 121.1177
2020.7486 126.7851
2020.7514 121.1924
2020.7541 127.5095
2020.7568 125.1764
2020.7596 125.2932
2020.7623 125.4199
2020.7650 124.0565
2020.7678 123.2929
2020.7705 125.0893
2020.7732 127.4456
2020.7760 121.3419
2020.7787 123.4181
2020.7814 123.5142
2020.7842 125.5204
2020.7869 127.0665
2020.7896 126.2226
2020.7923 123.1387
2020.7951 122.2249
2020.7978 120.7011
2020.8005 116.7174
2020.8033 122.3237
2020.8060 120.4801
2020.8087 113.8866
2020.8115 119.2831
2020.8142 124.9298
2020.8169 123.3267
2020.8197 119.4236
2020.8224 116.7907
2020.8251 124.3580
2020.8279 119.4855
2020.8306 121.1831
2020.8333 121.7222
2020.8361 127.3564
2020.8388 122.4958
2020.8415 118.6900
2020.8443 124.6287
2020.8470 121.2815
2020.8525 112.4080
2020.8552 110.3311
2020.8579 118.8970
2020.8607 112.7352
2020.8634 120.5556
2020.8661 118.8877
2020.8689 117.8612
2020.8716 119.4658
2020.8743 118.7411
2020.8770 118.8867
2020.8798 114.4224
2020.8825 114.9679
2020.8852 111.3026
2020.8880 107.6664
2020.8907 113.2389
2020.8934 112.5097
2020.8962 114.4785
2020.8989 114.2850
2020.9016 114.0888
2020.9044 112.2696
2020.9071 114.7870
2020.9098 113.7107
2020.9126 118.6204
2020.9153 110.4257
2020.9180 117.4589
2020.9208 113.7716
2020.9235 115.8440
2020.9262 117.0760
2020.9290 114.5076
2020.9317 114.0189
2020.9344 120.1999
2020.9372 111.8005
2020.9399 123.8408
2020.9426 121.2808
2020.9454 118.5805
2020.9481 119.6999
2020.9508 121.1890
2020.9536 121.3879
2020.9563 123.8464
2020.9590 123.6147
2020.9617 119.4228
2020.9645 118.0806
2020.9672 119.3581
2020.9699 121.0255
2020.9727 120.4726
2020.9754 122.0696
2020.9781 125.2563
2020.9809 119.1728
2020.9836 123.8492
2020.9863 120.3554
2020.9891 123.5614
2020.9918 123.8772
2020.9945 123.7830
2020.9973 122.8585
2021.0000 122.4540
2021.0027 123.4585
2021.0055 123.2315
2021.0082 122.6430
2021.0110 120.8632
2021.0137 122.5722
2021.0164 123.5902
2021.0192 128.1473
2021.0219 122.0637
2021.0247 121.7093
2021.0274 122.3145
2021.0301 118.9394
2021.0329 119.1540
2021.0356 120.3985
2021.0384 120.7331
2021.0411 118.0279
2021.0438 115.4230
2021.0466 119.3386
2021.0493 120.7047
2021.0521 121.8716
2021.0548 117.6293
2021.0575 118.1581
2021.0603 121.6380
2021.0630 123.6992
2021.0658 120.4818
2021.0685 122.5059
2021.0712 119.4317
2021.0740 116.5094
2021.0767 116.6390
2021.0795 116.7707
2021.0822 126.1249
2021.0849 123.1232
2021.0877 123.0457
2021.0904 120.9621
2021.0932 121.0921
2021.0959 124.9553
2021.0986 118.3615
2021.1014 109.2905
2021.1041 117.3819
2021.1068 122.2655
2021.1096 118.0209
2021.1123 117.5478
2021.1151 119.4961
2021.1178 125.9254
2021.1205 118.1254
2021.1233 125.0458
2021.1260 119.9763
2021.1288 120.5667
2021.1315 117.7967
2021.1342 115.9560
2021.1370 111.4343
2021.1397 121.9712
2021.1425 125.2466
2021.1452 127.4802
2021.1479 124.7516
2021.1507 122.7805
2021.1534 124.3868
2021.1562 121.3800
2021.1589 124.5600
2021.1616 124.7363
2021.1644 119.3608
2021.1671 125.4250
2021.1699 124.6690
2021.1726 127.7229
2021.1753 120.9866
2021.1808 121.4736
2021.1836 120.5869
2021.1863 124.8801
2021.1890 129.0832
2021.1918 127.8263
2021.1945 123.1893
2021.1973 121.6423
2021.2000 127.8952
2021.2027 131.4582
2021.2055 127.0912
2021.2110 126.8672
2021.2137 126.3403
2021.2164 125.7035
2021.2192 126.2367
2021.2219 121.5401
2021.2247 124.2236
2021.2274 125.8172
2021.2301 127.6509
2021.2329 128.7749
2021.2356 126.1690
2021.2384 124.6033
2021.2411 125.6978
2021.2438 122.6926
2021.2466 129.0175
2021.2493 122.5926
2021.2521 130.8777
2021.2548 126.6529
2021.2575 122.0781
2021.2603 122.2834
2021.2630 126.2488
2021.2658 126.7742
2021.2685 128.4697
2021.2712 128.3253
2021.2740 126.6209
2021.2767 128.6267
2021.2795 129.0325
2021.2822 127.4383
2021.2849 131.2643
2021.2877 129.7303
2021.2904 126.3264
2021.2932 130.3326
2021.2959 128.7889
2021.2986 129.6853
2021.3014 124.4018
2021.3041 122.6583
2021.3068 126.6950
2021.3123 124.9086
2021.3151 122.2255
2021.3178 125.1625
2021.3205 125.4997
2021.3233 121.9269
2021.3260 119.6042
2021.3288 126.4317
2021.3315 117.5203
2021.3342 120.4612
2021.3370 123.6942
2021.3397 119.5390
2021.3425 123.2256
2021.3452 125.6738
2021.3479 118.6135
2021.3507 125.9543
2021.3534 131.2263
2021.3562 135.2493
2021.3589 126.9330
2021.3616 126.3973
2021.3644 131.3021
2021.3671 123.4772
2021.3699 123.2324
2021.3726 118.0177
2021.3753 125.6427
2021.3781 118.4873
2021.3808 122.4015
2021.3836 124.5150
2021.3863 118.9077
2021.3890 121.8593
2021.3918 124.9999
2021.3945 120.2691
2021.3973 122.4268
2021.4000 121.7429
2021.4027 120.3972
2021.4055 118.7595
2021.4082 120.8597
2021.4110 126.8676
2021.4137 123.2533
2021.4164 124.0382
2021.4192 121.7726
2021.4219 121.2563
2021.4247 123.5394
2021.4274 122.9220
2021.4301 126.1940
2021.4329 130.7755
2021.4356 130.7465
2021.4384 130.4269
2021.4411 127.6468
2021.4438 132.1362
2021.4466 127.2552
2021.4493 126.6336
2021.4521 126.3215
2021.4548 129.0690
2021.4575 131.8060
2021.4603 129.9826
2021.4630 132.4088
2021.4658 135.4845
2021.4685 137.3398
2021.4712 131.3047
2021.4740 131.5292
2021.4767 127.4933
2021.4795 132.1771
2021.4822 123.1704
2021.4849 134.1634
2021.4877 127.0061
2021.4904 122.0884
2021.4932 129.5104
2021.4959 132.8421
2021.4986 141.0035
2021.5014 139.7248
2021.5041 131.4859
2021.5068 131.4668
2021.5096 131.7476
2021.5123 125.9883
2021.5151 129.1888
2021.5178 127.2693
2021.5205 126.3996
2021.5233 127.4199
2021.5260 125.6500
2021.5288 126.0201
2021.5315 128.5902
2021.5342 125.7101
2021.5370 129.9301
2021.5397 127.6900
2021.5425 132.8599
2021.5452 128.0898
2021.5479 124.6698
2021.5507 125.0197
2021.5534 123.2196
2021.5562 122.4896
2021.5589 120.6396
2021.5616 118.5697
2021.5644 117.4599
2021.5671 119.1701
2021.5699 125.7904
2021.5726 129.9809
2021.5753 129.2614
2021.5781 125.0120
2021.5808 130.3528
2021.5836 131.8534
2021.5863 121.7037
2021.5890 126.1436
2021.5918 130.9733
2021.5945 132.3228
2021.5973 127.7822
2021.6000 129.2016
2021.6027 131.2209
2021.6055 120.4304
2021.6082 110.0500
2021.6110 119.6198
2021.6137 124.7199
2021.6164 120.6404
2021.6192 127.7212
2021.6219 122.1726
2021.6247 123.8145
2021.6274 119.1170
2021.6301 119.9203
2021.6329 122.2942
2021.6356 120.0090
2021.6384 122.0447
2021.6411 127.4713
2021.6438 129.7690
2021.6466 126.3277
2021.6493 121.4676
2021.6521 122.2087
2021.6548 125.9111
2021.6575 129.0848
2021.6603 124.8100
2021.6630 126.0166
2021.6658 127.6353
2021.6685 131.4489
2021.6712 126.5377
2021.6740 124.4713
2021.6767 126.7695
2021.6795 129.6120
2021.6822 123.1284
2021.6849 134.4984
2021.6877 125.7018
2021.6904 133.5781
2021.6932 127.5972
2021.6959 136.3787
2021.6986 126.9922
2021.7014 126.8076
2021.7041 125.9144
2021.7068 127.9824
2021.7096 125.9513
2021.7123 120.8208
2021.7151 122.7704
2021.7178 128.5701
2021.7205 125.0593
2021.7233 130.8879
2021.7260 129.7855
2021.7288 131.0419
2021.7315 128.5166
2021.7342 122.5595
2021.7370 129.9301
2021.7397 125.1182
2021.7425 137.7735
2021.7452 128.1056
2021.7479 129.1144
2021.7507 122.2815
2021.7534 126.1090
2021.7562 128.5767
2021.7589 128.9747
2021.7616 127.9628
2021.7644 128.7011
2021.7671 132.6294
2021.7699 127.2878
2021.7726 129.4261
2021.7753 129.7145
2021.7781 127.2027
2021.7808 125.9608
2021.7836 131.4186
2021.7863 123.7363
2021.7890 127.9536
2021.7918 130.2906
2021.7945 125.7673
2021.7973 120.7135
2021.8000 123.9393
2021.8027 127.8045
2021.8055 127.9891
2021.8082 138.2632
2021.8110 128.4866
2021.8137 128.3293
2021.8164 127.8013
2021.8192 121.6524
2021.8219 127.8228
2021.8247 127.9822
2021.8274 114.8507
2021.8301 122.1182
2021.8329 121.5848
2021.8356 128.8813
2021.8384 118.8577
2021.8411 120.0842
2021.8438 123.5306
2021.8466 128.1669
2021.8493 122.9732
2021.8521 123.7696
2021.8548 123.6359
2021.8575 128.2421
2021.8603 132.4484
2021.8630 125.2446
2021.8658 126.2308
2021.8685 124.7470
2021.8712 123.6032
2021.8740 123.6894
2021.8767 124.9156
2021.8795 123.6417
2021.8822 123.0979
2021.8849 120.9840
2021.8904 124.5163
2021.8932 125.8824
2021.8959 125.7185
2021.8986 123.1746
2021.9014 128.6808
2021.9041 127.6569
2021.9068 130.4530
2021.9096 126.7891
2021.9123 129.6453
2021.9151 135.7114
2021.9178 134.1176
2021.9205 129.5940
2021.9233 130.7706
2021.9260 124.0174
2021.9288 122.5742
2021.9315 124.4212
2021.9342 115.7383
2021.9370 127.2654
2021.9397 119.8325
2021.9425 128.7897
2021.9452 126.3368
2021.9479 122.9739
2021.9507 122.4110
2021.9534 124.1079
2021.9562 124.6048
2021.9589 126.5116
2021.9616 121.3782
2021.9644 127.7747
2021.9671 124.3609
2021.9699 122.6970
2021.9726 117.1528
2021.9753 121.0084
2021.9781 128.6837
2021.9808 124.1887
2021.9836 128.8234
2021.9863 129.8277
2021.9890 128.6517
2021.9918 129.7153
2021.9945 127.5685
2021.9973 130.7712
2022.0000 131.4235
2022.0027 130.9040
2022.0055 120.0015
2022.0082 127.1261
2022.0110 124.3881
2022.0137 123.8075
2022.0164 125.2844
2022.0192 129.1692
2022.0219 129.4219
2022.0247 132.7827
2022.0274 129.5817
2022.0301 125.1991
2022.0329 126.7551
2022.0356 126.7297
2022.0384 125.2733
2022.0411 124.7358
2022.0438 125.4976
2022.0466 125.0286
2022.0493 127.3992
2022.0521 129.7294
2022.0548 123.9594
2022.0575 129.3494
2022.0603 125.7595
2022.0630 125.1398
2022.0658 127.2406
2022.0685 127.1620
2022.0712 126.4741
2022.0740 124.0371
2022.0767 123.8412
2022.0795 132.1065
2022.0822 137.2429
2022.0849 129.3392
2022.0877 127.2253
2022.0904 129.0810
2022.0932 132.8065
2022.0959 129.8718
2022.0986 127.5870
2022.1014 134.6020
2022.1041 132.4168
2022.1068 129.4516
2022.1096 127.6263
2022.1123 130.2709
2022.1151 132.0656
2022.1178 135.0103
2022.1205 134.0750
2022.1233 131.6898
2022.1260 127.1447
2022.1288 134.9497
2022.1315 132.1849
2022.1342 139.4303
2022.1370 129.5859
2022.1397 128.1818
2022.1425 127.7379
2022.1452 128.6744
2022.1479 132.9611
2022.1507 128.7083
2022.1534 130.3958
2022.1562 133.4338
2022.1589 126.8122
2022.1616 128.0910
2022.1644 130.0413
2022.1671 130.0137
2022.1699 131.0980
2022.1726 130.5042
2022.1753 132.9921
2022.1781 135.8417
2022.1808 131.9526
2022.1836 133.5949
2022.1863 128.5583
2022.1890 136.0828
2022.1918 128.1082
2022.1945 133.1444
2022.1973 128.9012
2022.2000 129.8186
2022.2027 128.8463
2022.2055 130.5143
2022.2082 127.5723
2022.2110 137.9804
2022.2137 140.9983
2022.2164 135.7259
2022.2192 124.9931
2022.2219 132.5097
2022.2247 133.9457
2022.2274 134.9708
2022.2301 131.6550
2022.2329 125.6381
2022.2356 127.6699
2022.2384 132.1504
2022.2411 133.3994
2022.2438 133.1068
2022.2466 134.4126
2022.2493 132.8579
2022.2521 131.0929
2022.2548 133.6675
2022.2575 130.3319
2022.2603 130.2760
2022.2630 131.2599
2022.2658 132.1336
2022.2685 130.3771
2022.2712 125.5605
2022.2740 132.3337
2022.2767 136.0867
2022.2795 129.7897
2022.2822 132.3126
2022.2849 130.1455
2022.2877 131.3583
2022.2904 132.2311
2022.2932 129.8140
2022.2959 129.7968
2022.2986 124.9998
2022.3014 131.3728
2022.3041 125.7559
2022.3068 122.9392
2022.3096 125.3726
2022.3123 125.6361
2022.3151 126.8699
2022.3178 126.3739
2022.3205 129.8281
2022.3233 134.6826
2022.3260 132.7574
2022.3288 134.6525
2022.3315 134.3179
2022.3342 135.4735
2022.3370 130.9792
2022.3397 133.6752
2022.3425 138.0215
2022.3452 129.9379
2022.3479 128.5045
2022.3507 130.3413
2022.3534 128.2383
2022.3562 134.4156
2022.3589 126.3830
2022.3616 132.4706
2022.3644 131.3685
2022.3671 125.2965
2022.3699 127.4347
2022.3726 135.4831
2022.3753 133.7217
2022.3781 134.8505
2022.3808 130.5095
2022.3836 130.2486
2022.3863 134.3680
2022.3890 138.9175
2022.3918 135.0772
2022.3945 130.3671
2022.3973 129.8472
2022.4000 130.5974
2022.4027 140.7979
2022.4055 133.0585
2022.4082 135.1892
2022.4110 131.9402
2022.4137 133.2616
2022.4164 136.9052
2022.4192 130.6111
2022.4219 134.9891
2022.4247 131.0891
2022.4274 137.9409
2022.4301 136.4845
2022.4329 139.6295
2022.4356 132.1459
2022.4384 140.7136
2022.4411 129.9723
2022.4438 133.8319
2022.4466 138.4923
2022.4493 125.5033
2022.4521 127.3548
2022.4548 123.9265
2022.4575 125.5984
2022.4603 122.4204
2022.4630 129.3721
2022.4658 131.4236
2022.4685 131.7146
2022.4712 132.8549
2022.4740 133.8145
2022.4767 144.0232
2022.4795 137.4108
2022.4822 138.4072
2022.4849 134.2722
2022.4877 135.7157
2022.4904 136.4475
2022.4932 133.5674
2022.4959 128.6254
2022.4986 130.7708
2022.5014 129.9133
2022.5041 133.4531
2022.5068 138.7504
2022.5096 137.1755
2022.5123 133.3484
2022.5151 136.9395
2022.5178 137.7489
2022.5205 136.1769
2022.5233 131.3236
2022.5260 130.7492
2022.5288 128.2640
2022.5342 141.0320
2022.5397 146.3690
2022.5425 135.6727
2022.5452 134.4968
2022.5479 136.4915
2022.5507 131.6870
2022.5534 135.8735
2022.5562 129.2012
2022.5589 132.2403
2022.5616 132.9511
2022.5644 137.0237
2022.5671 131.6683
2022.5699 136.5852
2022.5726 131.1346
2022.5753 129.0965
2022.5781 129.0814
2022.5808 131.0093
2022.5836 132.6793
2022.5863 135.8202
2022.5890 132.0320
2022.5918 136.2748
2022.5945 137.0983
2022.5973 134.1328
2022.6000 135.5081
2022.6027 138.6242
2022.6055 140.6712
2022.6082 132.0089
2022.6110 138.7775
2022.6137 129.2568
2022.6164 129.8568
2022.6192 132.9776
2022.6219 132.9092
2022.6247 131.8414
2022.6274 134.8443
2022.6301 136.3279
2022.6329 130.9622
2022.6356 135.4571
2022.6384 141.9326
2022.6411 143.1087
2022.6438 139.0055
2022.6466 133.9828
2022.6493 131.1707
2022.6521 132.9791
2022.6548 134.2981
2022.6575 135.8476
2022.6603 136.8476
2022.6630 143.8981
2022.6658 136.5991
2022.6685 139.6613
2022.6712 135.9446
2022.6740 131.9390
2022.6767 134.5944
2022.6795 131.4607
2022.6822 139.9078
2022.6849 138.6856
2022.6877 141.0941
2022.6904 133.5132
2022.6932 139.3428
2022.6959 139.8827
2022.6986 149.0930
2022.7014 138.2336
2022.7041 137.3843
2022.7068 135.4851
2022.7096 134.5360
2022.7151 132.6273
2022.7178 132.6677
2022.7205 146.8177
2022.7233 142.5873
2022.7260 136.3565
2022.7288 135.4750
2022.7315 135.4330
2022.7342 137.0402
2022.7370 140.3966
2022.7397 147.8221
2022.7425 144.2966
2022.7452 137.9701
2022.7479 134.3924
2022.7507 137.4329
2022.7534 136.3808
2022.7562 130.3463
2022.7589 134.9597
2022.7616 134.9210
2022.7644 137.1005
2022.7671 133.8583
2022.7699 142.8346
2022.7726 142.6795
2022.7753 136.9333
2022.7781 140.4761
2022.7808 129.6580
2022.7836 137.8592
2022.7863 141.6399
2022.7890 132.2703
2022.7918 145.3505
2022.7945 138.2507
2022.7973 131.2210
2022.8000 136.6717
2022.8027 134.4729
2022.8055 133.8047
2022.8082 132.6073
2022.8110 131.4010
2022.8137 133.1058
2022.8164 131.6319
2022.8192 132.4796
2022.8219 127.9189
2022.8247 133.4500
2022.8274 130.2931
2022.8301 135.2084
2022.8329 129.0964
2022.8356 129.9694
2022.8384 130.0775
2022.8411 134.5803
2022.8438 138.2474
2022.8466 125.9385
2022.8493 129.3633
2022.8521 136.6014
2022.8548 131.9824
2022.8575 131.3160
2022.8603 130.2218
2022.8630 144.2295
2022.8658 136.6187
2022.8685 136.2091
2022.8712 132.7604
2022.8740 137.1421
2022.8767 128.9439
2022.8795 143.5554
2022.8822 132.4464
2022.8849 136.0565
2022.8877 135.7352
2022.8904 139.7924
2022.8932 140.2875
2022.8959 139.7502
2022.8986 138.2603
2022.9014 127.8573
2022.9041 129.6609
2022.9068 133.6707
2022.9096 139.0864
2022.9123 135.4977
2022.9151 132.9441
2022.9178 133.9867
2022.9205 133.4968
2022.9233 137.0144
2022.9260 132.0195
2022.9288 131.2923
2022.9315 135.8426
2022.9342 131.6406
2022.9370 138.8063
2022.9397 138.3497
2022.9425 135.6108
2022.9452 135.4797
2022.9479 135.9464
2022.9507 140.9109
2022.9534 134.0833
2022.9562 137.2436
2022.9589 135.4219
2022.9616 133.5481
2022.9644 135.1422
2022.9671 134.7344
2022.9699 129.1247
2022.9726 139.6931
2022.9753 132.3595
2022.9781 137.4541
2022.9808 130.9569
2022.9836 132.2680
2022.9863 132.1772
2022.9890 134.2748
2022.9918 132.6006
2022.9945 132.9648
2022.9973 131.8773
2023.0000 134.9683
