2010.1014 -4.2653
2010.1041 -5.5480
2010.1068 -3.6210
2010.1096 -2.7741
2010.1123 -5.3274
2010.1151 -4.0008
2010.1178 -3.3142
2010.1205 -4.7774
2010.1233 -4.4805
2010.1260 -5.3832
2010.1288 8.5043
2010.1315 -2.5077
2010.1342 -4.2993
2010.1370 -2.4102
2010.1397 -2.4505
2010.1425 -0.6500
2010.1452 -1.7688
2010.1479 3.3734
2010.1507 3.4565
2010.1534 5.1107
2010.1562 6.1461
2010.1589 1.3526
2010.1616 3.7705
2010.1644 -1.0008
2010.1671 2.5785
2010.1699 3.7183
2010.1726 -2.9115
2010.1753 -2.1409
2010.1781 1.9601
2010.1808 2.7215
2010.1836 9.8032
2010.1863 1.2552
2010.1890 0.3975
2010.1918 -4.1700
2010.1945 -4.7072
2010.1973 -4.9243
2010.2000 -3.0612
2010.2027 -5.7180
2010.2055 -5.4346
2010.2082 -4.0912
2010.2110 -0.9378
2010.2137 -3.4343
2010.2164 3.4091
2010.2192 -3.0475
2010.2219 -1.9442
2010.2247 -3.4810
2010.2274 -3.9679
2010.2301 -0.7550
2010.2329 -2.6523
2010.2356 0.0103
2010.2384 -2.2675
2010.2411 1.2545
2010.2438 -3.1038
2010.2466 -0.7825
2010.2493 0.8181
2010.2521 1.3881
2010.2548 0.6675
2010.2575 2.0064
2010.2603 -1.4152
2010.2630 -1.8171
2010.2658 0.6506
2010.2685 -0.6919
2010.2712 1.8754
2010.2740 12.0725
2010.2767 3.3896
2010.2795 0.2868
2010.2822 3.3639
2010.2849 -1.2588
2010.2877 -4.2112
2010.2904 -8.6334
2010.2932 -9.5153
2010.2959 -12.7468
2010.2986 -10.8378
2010.3014 -6.3983
2010.3041 -7.8182
2010.3068 1.5425
2010.3096 0.7240
2010.3123 1.9763
2010.3151 0.2294
2010.3178 -2.0665
2010.3205 -3.7815
2010.3233 -3.7054
2010.3260 -3.9882
2010.3288 -2.4898
2010.3315 -2.9602
2010.3342 -1.5496
2010.3370 -1.0579
2010.3397 -4.0752
2010.3425 -2.6216
2010.3452 -4.5771
2010.3479 -4.5717
2010.3507 -1.2755
2010.3534 2.5613
2010.3562 0.1789
2010.3589 0.2671
2010.3616 -5.4041
2010.3644 -2.5547
2010.3671 2.7051
2010.3699 2.4253
2010.3726 3.8060
2010.3753 2.5469
2010.3781 0.2682
2010.3808 2.4496
2010.3836 -1.6087
2010.3863 -1.3569
2010.3890 4.2450
2010.3918 2.2369
2010.3945 2.1287
2010.3973 4.1605
2010.4000 12.9822
2010.4027 4.9437
2010.4055 4.9650
2010.4082 1.6860
2010.4110 -1.5333
2010.4137 6.2071
2010.4164 9.0675
2010.4192 7.9781
2010.4219 5.3287
2010.4247 8.3994
2010.4274 6.1602
2010.4301 5.7111
2010.4329 6.6321
2010.4356 11.3431
2010.4384 1.8841
2010.4411 12.0352
2010.4438 12.6063
2010.4466 0.9074
2010.4493 1.5986
2010.4521 1.1997
2010.4548 6.3409
2010.4575 1.4720
2010.4603 5.8631
2010.4630 4.7042
2010.4658 5.3952
2010.4685 4.0962
2010.4712 4.9871
2010.4740 4.4380
2010.4767 -1.1212
2010.4795 -1.2005
2010.4822 2.5201
2010.4849 4.4906
2010.4877 1.4810
2010.4904 3.2013
2010.4932 1.5114
2010.4959 2.4314
2010.4986 1.8012
2010.5014 1.0808
2010.5041 -0.4098
2010.5068 0.8892
2010.5096 0.7581
2010.5123 0.7466
2010.5151 -1.2651
2010.5178 2.1830
2010.5205 -0.8593
2010.5233 -0.8418
2010.5260 -0.7146
2010.5288 0.9924
2010.5315 8.0990
2010.5342 18.0853
2010.5370 9.0113
2010.5397 -2.0729
2010.5425 0.6725
2010.5452 5.6076
2010.5479 18.4124
2010.5507 6.5168
2010.5534 7.5609
2010.5562 4.7347
2010.5589 13.7782
2010.5616 15.1213
2010.5644 11.1441
2010.5671 10.1265
2010.5699 3.5886
2010.5726 8.0603
2010.5753 6.5616
2010.5781 5.4026
2010.5808 4.0632
2010.5836 8.5831
2010.5863 2.4522
2010.5890 7.8405
2010.5918 6.7381
2010.5945 6.9149
2010.5973 3.1011
2010.6000 3.2267
2010.6027 3.8517
2010.6055 6.7062
2010.6082 7.4102
2010.6110 9.4638
2010.6137 9.7871
2010.6164 9.8500
2010.6192 -1.5773
2010.6219 -0.1448
2010.6247 -0.9925
2010.6274 2.3397
2010.6301 2.5819
2010.6329 9.0340
2010.6356 4.4362
2010.6384 9.1384
2010.6411 5.9808
2010.6438 5.6034
2010.6466 2.2762
2010.6493 5.7793
2010.6521 3.9927
2010.6548 4.6865
2010.6575 7.8607
2010.6603 0.0454
2010.6630 3.1406
2010.6658 2.5263
2010.6685 9.5019
2010.6712 5.0671
2010.6740 3.1723
2010.6767 1.1873
2010.6795 3.0222
2010.6822 10.4872
2010.6849 5.8222
2010.6877 10.1374
2010.6904 10.7028
2010.6932 8.9585
2010.6986 9.3809
2010.7014 4.5778
2010.7041 12.1551
2010.7068 8.4631
2010.7096 9.8717
2010.7123 7.5611
2010.7151 6.5512
2010.7178 6.1521
2010.7205 6.5040
2010.7233 7.3568
2010.7260 5.2406
2010.7288 4.2355
2010.7315 1.3616
2010.7342 3.0290
2010.7370 3.1575
2010.7397 5.0975
2010.7425 6.5988
2010.7452 6.1217
2010.7479 9.2460
2010.7507 8.6226
2010.7534 4.2120
2010.7562 3.9640
2010.7589 6.2185
2010.7616 6.5653
2010.7644 8.0142
2010.7671 7.1150
2010.7699 5.6277
2010.7726 2.1121
2010.7753 6.4980
2010.7781 4.7052
2010.7808 4.7436
2010.7836 2.2330
2010.7863 2.1232
2010.7918 16.2457
2010.7945 4.0176
2010.7973 3.5297
2010.8000 1.5019
2010.8027 4.7440
2010.8055 7.3358
2010.8082 8.0072
2010.8110 5.4881
2010.8137 5.1282
2010.8164 9.9973
2010.8192 3.0455
2010.8219 8.0024
2010.8247 7.2380
2010.8274 3.5220
2010.8301 1.2243
2010.8329 11.7851
2010.8356 -0.4340
2010.8384 4.8772
2010.8411 2.5887
2010.8493 4.7740
2010.8521 10.4659
2010.8548 10.4776
2010.8575 12.6192
2010.8603 1.1707
2010.8630 13.8318
2010.8658 5.9225
2010.8685 8.4829
2010.8712 2.4728
2010.8740 6.0121
2010.8767 11.0608
2010.8795 7.1388
2010.8822 15.1460
2010.8849 5.9024
2010.8877 13.5579
2010.8904 11.2524
2010.8932 14.2260
2010.8959 11.2083
2010.8986 10.8496
2010.9014 8.8096
2010.9041 12.4383
2010.9068 11.7356
2010.9096 11.9014
2010.9123 11.0158
2010.9151 12.5085
2010.9178 10.0697
2010.9205 8.7294
2010.9233 7.5476
2010.9260 7.6744
2010.9288 6.5699
2010.9315 9.2741
2010.9342 8.2371
2010.9370 7.9890
2010.9397 8.8997
2010.9425 11.7295
2010.9452 9.5983
2010.9479 11.2362
2010.9507 9.4032
2010.9534 8.6394
2010.9562 7.1850
2010.9589 11.3699
2010.9616 8.5041
2010.9644 9.3079
2010.9671 9.4011
2010.9699 9.2840
2010.9726 7.2165
2010.9753 10.9987
2010.9781 8.6507
2010.9808 8.8125
2010.9836 13.4142
2010.9863 11.7058
2010.9890 10.9375
2010.9918 13.0492
2010.9945 9.4611
2010.9973 13.0132
2011.0000 10.3755
2011.0027 9.3574
2011.0055 16.7481
2011.0082 13.5778
2011.0110 16.0665
2011.0137 15.9544
2011.0164 13.3216
2011.0192 14.3081
2011.0219 14.6040
2011.0247 11.6095
2011.0274 12.4147
2011.0301 11.1796
2011.0329 10.8644
2011.0356 12.2191
2011.0384 13.2039
2011.0411 13.0589
2011.0438 12.0540
2011.0466 12.9696
2011.0493 11.7756
2011.0521 14.6621
2011.0548 15.5593
2011.0575 15.8273
2011.0603 15.5361
2011.0630 17.1558
2011.0658 17.3667
2011.0685 15.3886
2011.0712 14.1918
2011.0740 20.0364
2011.0767 18.2424
2011.0795 14.6600
2011.0822 11.9892
2011.0849 14.2605
2011.0877 16.6238
2011.0904 15.1289
2011.0932 15.7256
2011.0959 15.9839
2011.0986 16.8237
2011.1014 17.3247
2011.1041 18.8069
2011.1068 16.6902
2011.1096 13.4844
2011.1123 17.1793
2011.1151 17.0649
2011.1178 15.5910
2011.1205 20.2775
2011.1233 19.2643
2011.1260 18.9112
2011.1288 21.5181
2011.1315 26.5848
2011.1342 16.7813
2011.1370 21.3974
2011.1397 19.5830
2011.1425 30.0179
2011.1452 15.5120
2011.1479 24.8053
2011.1507 22.1775
2011.1534 18.5685
2011.1562 20.0082
2011.1589 21.4664
2011.1616 14.4232
2011.1644 16.9489
2011.1671 23.9344
2011.1699 20.9896
2011.1726 24.2046
2011.1753 17.7992
2011.1781 19.0036
2011.1808 17.8277
2011.1836 19.3415
2011.1863 18.5150
2011.1890 18.0782
2011.1918 18.6311
2011.1945 14.9938
2011.1973 16.4561
2011.2000 20.0382
2011.2027 21.3099
2011.2055 21.1714
2011.2082 18.6426
2011.2110 17.4934
2011.2137 21.2240
2011.2164 16.0442
2011.2192 20.2442
2011.2219 15.4638
2011.2247 17.0931
2011.2274 17.7622
2011.2301 18.1009
2011.2329 15.5393
2011.2356 18.0073
2011.2384 13.0451
2011.2411 15.3225
2011.2438 14.2797
2011.2466 15.2662
2011.2493 18.2407
2011.2521 18.0929
2011.2548 16.5632
2011.2575 15.9316
2011.2603 18.2182
2011.2630 20.3633
2011.2658 22.6770
2011.2685 20.1695
2011.2712 18.2409
2011.2740 21.2914
2011.2767 18.0211
2011.2795 20.2902
2011.2822 18.3889
2011.2849 22.3973
2011.2877 20.0856
2011.2904 20.8939
2011.2932 22.1724
2011.2959 18.7613
2011.2986 17.0306
2011.3014 18.6207
2011.3041 21.7916
2011.3068 21.5634
2011.3096 18.4264
2011.3123 18.8007
2011.3151 18.6565
2011.3178 19.6039
2011.3205 19.3531
2011.3233 22.8542
2011.3260 19.4574
2011.3288 22.0129
2011.3315 25.2110
2011.3342 28.4219
2011.3370 23.5954
2011.3397 22.9013
2011.3425 22.3593
2011.3452 22.8094
2011.3479 23.9613
2011.3507 21.6749
2011.3534 23.6199
2011.3562 21.4461
2011.3589 23.8134
2011.3616 22.0315
2011.3644 25.7004
2011.3671 32.3097
2011.3699 14.7993
2011.3726 29.5390
2011.3753 25.3786
2011.3781 23.9079
2011.3808 25.9767
2011.3836 25.6549
2011.3863 27.8322
2011.3890 29.2485
2011.3918 28.0935
2011.3945 27.5472
2011.3973 30.7791
2011.4000 32.2193
2011.4027 29.8775
2011.4055 19.8334
2011.4082 25.5970
2011.4110 23.3780
2011.4137 22.1966
2011.4164 21.9848
2011.4192 19.5429
2011.4219 21.7509
2011.4247 24.5087
2011.4274 25.2062
2011.4301 27.8834
2011.4329 28.7103
2011.4356 26.4569
2011.4384 28.8030
2011.4411 26.5286
2011.4438 21.9637
2011.4466 20.4083
2011.4493 22.7922
2011.4521 22.0255
2011.4548 23.0081
2011.4575 21.8199
2011.4603 20.6910
2011.4630 24.7412
2011.4658 26.7705
2011.4685 22.8889
2011.4712 26.6563
2011.4740 26.4727
2011.4767 25.0480
2011.4795 23.0721
2011.4822 19.7252
2011.4849 26.4070
2011.4877 25.2175
2011.4904 20.2768
2011.4932 23.5346
2011.4959 23.1312
2011.4986 27.2969
2011.5014 30.9927
2011.5041 32.7984
2011.5068 32.1740
2011.5096 28.2297
2011.5123 30.4753
2011.5151 25.2909
2011.5178 23.5965
2011.5205 25.3520
2011.5233 21.8275
2011.5260 24.3330
2011.5288 26.9385
2011.5315 26.5839
2011.5342 25.6194
2011.5370 26.7048
2011.5397 30.0401
2011.5425 29.6155
2011.5452 26.9708
2011.5479 25.9362
2011.5507 24.6214
2011.5534 23.7467
2011.5562 23.6920
2011.5589 25.9572
2011.5616 26.8024
2011.5644 24.5277
2011.5671 25.1129
2011.5699 24.7780
2011.5726 23.2432
2011.5753 22.3283
2011.5781 24.7735
2011.5808 26.3486
2011.5836 24.7637
2011.5863 22.2987
2011.5890 25.6437
2011.5918 24.3286
2011.5945 25.1134
2011.5973 25.8283
2011.6000 22.6031
2011.6027 28.4478
2011.6055 29.4926
2011.6082 29.9773
2011.6110 27.7420
2011.6137 28.3767
2011.6164 27.7813
2011.6192 24.5660
2011.6219 26.7507
2011.6247 27.9354
2011.6274 26.9100
2011.6301 30.1647
2011.6329 28.4394
2011.6356 32.9642
2011.6384 39.3790
2011.6411 33.0937
2011.6438 35.0486
2011.6466 30.4734
2011.6493 29.8584
2011.6521 29.2933
2011.6548 32.7283
2011.6575 28.4834
2011.6603 24.6186
2011.6630 27.7738
2011.6658 31.5491
2011.6685 29.1552
2011.6712 27.9922
2011.6740 23.8899
2011.6767 26.0886
2011.6795 28.8580
2011.6822 25.9484
2011.6849 30.1196
2011.6877 30.8216
2011.6904 29.3046
2011.6932 28.3384
2011.6959 27.7032
2011.6986 20.9888
2011.7014 21.5753
2011.7041 23.3928
2011.7068 24.4511
2011.7096 21.3804
2011.7123 21.5807
2011.7151 19.8718
2011.7178 24.2340
2011.7205 29.9170
2011.7233 26.9211
2011.7260 26.9761
2011.7315 24.4790
2011.7342 27.8569
2011.7370 25.9458
2011.7397 23.2358
2011.7425 26.7567
2011.7452 25.1887
2011.7479 25.2716
2011.7507 20.7952
2011.7534 19.2391
2011.7562 18.4531
2011.7589 27.6274
2011.7616 23.9220
2011.7644 18.2867
2011.7671 27.8817
2011.7699 36.2468
2011.7726 26.3422
2011.7753 25.3377
2011.7781 22.4335
2011.7808 26.5294
2011.7836 25.0455
2011.7863 25.0418
2011.7890 24.7082
2011.7918 24.0248
2011.7945 26.0316
2011.7973 26.2785
2011.8000 25.7655
2011.8027 31.2626
2011.8055 26.0499
2011.8082 25.7673
2011.8110 29.6249
2011.8137 35.8725
2011.8164 34.6802
2011.8192 27.1680
2011.8219 27.5359
2011.8247 31.1939
2011.8274 31.4120
2011.8301 30.0502
2011.8329 28.9684
2011.8356 26.3467
2011.8384 31.1753
2011.8411 26.9940
2011.8438 28.2628
2011.8466 26.2717
2011.8493 27.9607
2011.8521 33.1899
2011.8548 30.0391
2011.8575 36.6784
2011.8603 37.1978
2011.8630 33.0872
2011.8658 31.8066
2011.8685 32.3661
2011.8712 34.2556
2011.8740 29.6651
2011.8767 27.5146
2011.8795 30.6041
2011.8822 30.6035
2011.8849 34.2629
2011.8877 28.5523
2011.8904 32.0316
2011.8932 31.3508
2011.8959 28.5599
2011.8986 26.0089
2011.9014 29.7178
2011.9041 31.2066
2011.9068 33.9852
2011.9096 32.1037
2011.9123 33.0420
2011.9151 37.1102
2011.9178 28.2682
2011.9205 29.6260
2011.9233 30.9336
2011.9260 29.5510
2011.9288 24.1381
2011.9315 36.7250
2011.9342 33.8215
2011.9370 29.1376
2011.9397 31.5235
2011.9425 32.9589
2011.9452 33.0338
2011.9479 35.3884
2011.9507 33.3024
2011.9534 28.8959
2011.9562 36.8189
2011.9589 30.8513
2011.9616 30.6131
2011.9644 31.8143
2011.9671 33.2548
2011.9699 35.0747
2011.9726 33.8639
2011.9753 30.7023
2011.9781 33.5299
2011.9808 32.2868
2011.9836 32.5928
2011.9863 33.4280
2011.9890 35.9623
2011.9918 34.9356
2011.9945 33.1281
2011.9973 35.3296
2012.0000 31.1701
2012.0027 34.3195
2012.0055 31.6477
2012.0082 33.0548
2012.0109 32.1809
2012.0137 35.5960
2012.0164 35.1402
2012.0191 31.7236
2012.0219 33.2863
2012.0246 34.6984
2012.0273 34.6999
2012.0301 32.0808
2012.0328 32.5614
2012.0355 35.0816
2012.0383 35.9215
2012.0410 34.8812
2012.0437 29.8207
2012.0464 32.6702
2012.0492 34.3298
2012.0519 37.8494
2012.0546 32.8192
2012.0574 38.0092
2012.0601 34.2896
2012.0628 34.7304
2012.0656 37.9416
2012.0683 37.2534
2012.0710 38.1458
2012.0738 36.8389
2012.0765 37.5627
2012.0792 34.3374
2012.0820 34.6830
2012.0847 38.2187
2012.0874 41.2945
2012.0902 38.0504
2012.0929 38.9563
2012.0956 38.1324
2012.0984 39.1585
2012.1011 37.4547
2012.1038 42.5611
2012.1066 35.7775
2012.1093 38.8141
2012.1120 39.5909
2012.1148 39.4077
2012.1175 38.8147
2012.1202 37.9919
2012.1230 36.9993
2012.1257 35.3868
2012.1284 35.7145
2012.1311 35.2224
2012.1339 36.7505
2012.1366 33.6788
2012.1393 37.2273
2012.1421 36.6161
2012.1448 35.2851
2012.1475 33.9143
2012.1503 34.8237
2012.1530 39.3735
2012.1557 38.0335
2012.1585 40.5137
2012.1612 39.5043
2012.1639 41.1156
2012.1667 39.0185
2012.1694 36.4329
2012.1721 36.1286
2012.1749 40.2355
2012.1776 39.6936
2012.1803 39.7027
2012.1831 39.0926
2012.1858 34.1434
2012.1885 37.7748
2012.1913 34.4267
2012.1940 37.0691
2012.1967 41.0019
2012.1995 37.5248
2012.2049 35.7209
2012.2077 39.9938
2012.2104 38.7464
2012.2131 35.9887
2012.2158 36.9006
2012.2186 38.1818
2012.2213 35.6124
2012.2240 35.1421
2012.2268 33.8909
2012.2295 32.4087
2012.2322 39.8854
2012.2350 38.5107
2012.2377 42.0347
2012.2404 33.8572
2012.2432 31.8781
2012.2459 33.7174
2012.2486 33.8856
2012.2514 33.0933
2012.2541 35.6503
2012.2568 34.3269
2012.2596 33.8530
2012.2623 32.9186
2012.2650 33.7038
2012.2678 37.0487
2012.2705 38.6133
2012.2732 36.3276
2012.2760 42.7617
2012.2787 39.3756
2012.2814 42.1395
2012.2842 38.9432
2012.2869 39.9368
2012.2896 38.8505
2012.2923 38.2943
2012.2951 38.4781
2012.2978 36.4620
2012.3005 40.7662
2012.3033 45.6705
2012.3060 46.8852
2012.3087 50.2101
2012.3115 45.5454
2012.3142 46.4511
2012.3169 36.8573
2012.3197 49.5539
2012.3224 41.5011
2012.3251 44.9888
2012.3279 46.7472
2012.3306 48.1561
2012.3333 44.3751
2012.3361 44.7542
2012.3388 42.8633
2012.3415 40.0424
2012.3443 38.1916
2012.3470 41.5008
2012.3497 43.4001
2012.3525 43.0194
2012.3552 42.5387
2012.3579 47.6580
2012.3607 45.8273
2012.3634 47.6167
2012.3661 43.8360
2012.3689 43.0053
2012.3716 39.6947
2012.3743 41.0940
2012.3770 45.2733
2012.3798 41.4326
2012.3825 38.9318
2012.3852 41.2610
2012.3880 42.7102
2012.3907 42.5393
2012.3934 44.9084
2012.3962 47.6175
2012.3989 47.8465
2012.4016 42.0654
2012.4044 42.0442
2012.4071 38.3330
2012.4098 44.3117
2012.4126 42.7104
2012.4153 47.9189
2012.4180 49.2775
2012.4208 44.3660
2012.4235 43.6545
2012.4262 45.6729
2012.4290 49.6713
2012.4317 47.2397
2012.4344 52.6881
2012.4372 45.3764
2012.4399 46.7948
2012.4426 42.4531
2012.4454 42.4914
2012.4481 45.3597
2012.4508 41.1280
2012.4536 46.6962
2012.4563 41.2045
2012.4590 45.0828
2012.4617 46.5710
2012.4645 47.0893
2012.4672 49.3675
2012.4699 45.2658
2012.4727 46.8041
2012.4754 48.0524
2012.4781 47.1906
2012.4809 45.6489
2012.4836 43.2273
2012.4863 40.4656
2012.4891 43.6639
2012.4918 40.6723
2012.4945 41.9207
2012.4973 43.7191
2012.5000 45.3177
2012.5027 42.9663
2012.5055 45.4851
2012.5082 47.1239
2012.5109 48.1829
2012.5137 48.3720
2012.5164 45.8413
2012.5191 41.5006
2012.5219 37.9000
2012.5246 41.2096
2012.5273 39.0592
2012.5301 38.2890
2012.5328 43.0088
2012.5355 40.8688
2012.5383 44.9588
2012.5410 43.0290
2012.5437 46.6992
2012.5464 45.0595
2012.5492 46.6200
2012.5519 48.2105
2012.5546 41.2311
2012.5574 40.2819
2012.5601 38.1227
2012.5628 41.2235
2012.5656 37.8345
2012.5683 40.3556
2012.5710 38.5767
2012.5738 37.6980
2012.5765 38.0893
2012.5792 36.4507
2012.5820 39.3724
2012.5847 43.2971
2012.5874 44.9749
2012.5902 42.0656
2012.5929 41.4091
2012.5956 41.0651
2012.5984 41.9833
2012.6011 44.8336
2012.6038 38.6357
2012.6066 40.1893
2012.6093 39.0343
2012.6120 42.3504
2012.6148 47.3573
2012.6175 47.8249
2012.6202 48.0330
2012.6230 50.8612
2012.6284 47.2472
2012.6339 47.7513
2012.6366 44.9469
2012.6393 43.4914
2012.6421 42.9945
2012.6448 41.5759
2012.6475 43.4854
2012.6503 40.1927
2012.6530 44.4578
2012.6557 45.1902
2012.6585 46.4799
2012.6612 45.7965
2012.6639 49.1798
2012.6667 46.1908
2012.6694 42.8015
2012.6721 44.9820
2012.6749 46.9224
2012.6776 41.6125
2012.6803 40.1524
2012.6831 40.1922
2012.6858 38.2317
2012.6885 37.7610
2012.6913 44.2202
2012.6940 45.9191
2012.6967 44.5878
2012.6995 42.2964
2012.7022 45.9847
2012.7049 44.6628
2012.7077 46.4008
2012.7104 48.7585
2012.7131 37.8261
2012.7158 40.8634
2012.7186 39.5006
2012.7213 40.6375
2012.7240 36.0243
2012.7268 39.5708
2012.7295 51.3072
2012.7322 46.9534
2012.7350 42.8294
2012.7377 51.5651
2012.7404 42.4507
2012.7432 44.1161
2012.7459 42.4813
2012.7486 45.2463
2012.7514 44.4313
2012.7541 46.6562
2012.7568 42.1710
2012.7596 43.4759
2012.7623 40.6107
2012.7650 43.7554
2012.7678 46.5402
2012.7705 47.2049
2012.7732 46.5196
2012.7760 44.8643
2012.7787 47.1090
2012.7814 45.4937
2012.7842 43.5183
2012.7869 45.8830
2012.7896 46.2776
2012.7923 45.3023
2012.7951 46.7269
2012.7978 43.5716
2012.8005 42.5862
2012.8033 45.3409
2012.8060 46.8756
2012.8087 50.5203
2012.8115 48.9351
2012.8142 53.0298
2012.8169 52.6346
2012.8197 50.3794
2012.8224 47.5742
2012.8251 45.6791
2012.8279 46.8140
2012.8306 47.3290
2012.8333 53.0940
2012.8361 49.3194
2012.8388 48.6451
2012.8415 45.1911
2012.8443 50.2273
2012.8470 49.0538
2012.8497 50.3105
2012.8525 50.5374
2012.8552 47.8444
2012.8579 44.3915
2012.8607 44.7788
2012.8634 49.6461
2012.8661 49.3934
2012.8689 45.2108
2012.8716 45.3781
2012.8743 46.9955
2012.8770 47.0827
2012.8798 49.0499
2012.8825 48.2269
2012.8852 47.3738
2012.8880 49.6805
2012.8907 51.4470
2012.8934 49.2633
2012.8962 43.5993
2012.8989 47.9750
2012.9016 46.2704
2012.9044 45.2355
2012.9071 45.1002
2012.9098 48.5445
2012.9126 52.7184
2012.9153 50.8818
2012.9180 50.0337
2012.9208 47.7333
2012.9235 47.4707
2012.9262 48.6262
2012.9290 46.7498
2012.9317 49.2917
2012.9344 49.1220
2012.9372 48.1009
2012.9399 48.4984
2012.9426 48.8948
2012.9454 46.7502
2012.9481 44.0747
2012.9508 46.9885
2012.9536 50.0116
2012.9563 51.0743
2012.9590 47.8967
2012.9617 49.3988
2012.9645 50.4510
2012.9672 47.1732
2012.9699 44.6556
2012.9727 45.8184
2012.9754 46.7617
2012.9781 48.9457
2012.9809 46.4004
2012.9836 47.2661
2012.9863 49.1528
2012.9891 50.3808
2012.9918 49.6100
2012.9945 47.4508
2012.9973 49.2032
2013.0000 49.1773
2014.1288 68.1461
2014.1315 69.3585
2014.1342 63.9312
2014.1370 63.0343
2014.1397 62.9279
2014.1425 64.1120
2014.1452 65.5665
2014.1479 68.1215
2014.1507 66.0169
2014.1534 69.9228
2014.1562 69.6292
2014.1589 63.4861
2014.1616 67.5936
2014.1644 68.7818
2014.1671 68.7313
2014.1699 66.8118
2014.1726 69.0232
2014.1753 68.2056
2014.1781 71.5989
2014.1808 66.8229
2014.1836 66.8075
2014.1863 65.7328
2014.1890 65.0987
2014.1918 64.5449
2014.1945 62.7016
2014.1973 62.5586
2014.2000 62.5558
2014.2027 61.5531
2014.2055 58.6806
2014.2082 66.9080
2014.2110 71.8554
2014.2137 65.8426
2014.2164 66.8696
2014.2192 61.8363
2014.2219 66.3526
2014.2247 67.0585
2014.2274 68.8938
2014.2301 65.6285
2014.2329 67.9826
2014.2356 65.6458
2014.2384 67.6783
2014.2411 66.3598
2014.2438 70.9704
2014.2466 73.4800
2014.2493 74.1390
2014.2521 70.6376
2014.2548 69.7758
2014.2575 75.1136
2014.2603 72.2511
2014.2630 76.6482
2014.2658 79.0552
2014.2685 81.1419
2014.2712 67.6984
2014.2740 73.7747
2014.2767 69.3809
2014.2795 74.5371
2014.2822 72.9732
2014.2849 71.5593
2014.2877 71.7455
2014.2904 74.8917
2014.2932 76.4380
2014.2959 73.8044
2014.2986 71.6511
2014.3014 74.8879
2014.3041 70.0550
2014.3068 72.5324
2014.3096 77.2801
2014.3123 67.3281
2014.3151 76.1266
2014.3178 72.6854
2014.3205 66.5748
2014.3233 70.6346
2014.3260 68.8550
2014.3288 67.0060
2014.3315 63.9674
2014.3342 67.1190
2014.3370 70.1608
2014.3397 61.7828
2014.3425 63.7550
2014.3452 64.7673
2014.3479 65.3198
2014.3507 66.4125
2014.3534 65.2953
2014.3562 69.1081
2014.3589 65.8211
2014.3616 67.6042
2014.3644 70.3673
2014.3671 71.4505
2014.3699 73.8037
2014.3726 70.9570
2014.3753 68.0802
2014.3781 81.7835
2014.3808 68.1268
2014.3836 72.1900
2014.3863 71.8432
2014.3890 68.0363
2014.3918 68.0894
2014.3945 68.1124
2014.3973 65.9653
2014.4000 68.3780
2014.4027 66.5107
2014.4055 71.9532
2014.4082 68.8356
2014.4110 69.7178
2014.4137 67.5498
2014.4164 69.5615
2014.4192 70.6228
2014.4219 67.8938
2014.4247 72.8646
2014.4274 69.3451
2014.4301 67.8953
2014.4329 68.5354
2014.4356 65.9352
2014.4384 66.6349
2014.4411 67.8344
2014.4438 70.3938
2014.4466 69.6531
2014.4493 70.5323
2014.4521 70.6315
2014.4548 75.8507
2014.4575 69.0798
2014.4603 71.7689
2014.4630 74.8981
2014.4658 64.5874
2014.4685 68.7967
2014.4712 68.1761
2014.4740 69.7157
2014.4767 68.8154
2014.4795 68.2053
2014.4822 67.4154
2014.4849 70.9657
2014.4877 70.4563
2014.4904 67.4571
2014.4932 70.3883
2014.4959 71.8497
2014.4986 66.4328
2014.5014 69.2486
2014.5041 68.5471
2014.5068 74.3979
2014.5096 63.6710
2014.5123 66.3860
2014.5151 70.1127
2014.5178 73.0010
2014.5205 76.0607
2014.5233 70.7315
2014.5260 77.6733
2014.5288 73.8258
2014.5315 76.7888
2014.5342 76.3221
2014.5370 78.1255
2014.5397 62.1688
2014.5425 65.1119
2014.5452 65.2144
2014.5479 66.7561
2014.5507 64.7170
2014.5534 66.5467
2014.5562 64.7351
2014.5589 67.7919
2014.5616 69.1869
2014.5644 68.2600
2014.5671 74.4309
2014.5699 71.6195
2014.5726 69.7854
2014.5753 69.1886
2014.5781 68.7987
2014.5808 66.8157
2014.5836 64.7208
2014.5863 68.4156
2014.5890 70.9401
2014.5918 70.2843
2014.5945 70.1883
2014.5973 70.4419
2014.6000 71.0453
2014.6027 73.2285
2014.6055 70.0914
2014.6082 71.1841
2014.6110 69.3166
2014.6137 70.1289
2014.6164 62.8410
2014.6192 65.5329
2014.6219 70.3847
2014.6247 68.7563
2014.6274 66.3877
2014.6301 68.9890
2014.6329 71.1102
2014.6356 66.1813
2014.6384 63.3023
2014.6411 66.3132
2014.6438 60.2241
2014.6466 61.8848
2014.6493 60.7255
2014.6521 64.0162
2014.6548 62.5569
2014.6575 68.6575
2014.6603 66.3581
2014.6630 70.8687
2014.6658 73.0093
2014.6685 71.9597
2014.6712 75.1298
2014.6740 76.1496
2014.6767 74.1393
2014.6795 73.1187
2014.6822 74.3680
2014.6849 71.8371
2014.6877 73.7161
2014.6904 72.9049
2014.6932 74.2737
2014.6959 73.6925
2014.6986 74.3212
2014.7014 71.3499
2014.7041 70.3786
2014.7068 69.7373
2014.7096 70.6461
2014.7123 71.4650
2014.7151 73.1940
2014.7178 71.0831
2014.7205 72.7023
2014.7233 72.3517
2014.7260 69.3214
2014.7288 65.2012
2014.7315 73.4313
2014.7342 71.7916
2014.7370 72.7222
2014.7397 76.0332
2014.7425 72.3044
2014.7452 71.3061
2014.7479 71.4081
2014.7507 74.7814
2014.7534 70.4069
2014.7562 72.2744
2014.7589 77.2038
2014.7616 68.5949
2014.7644 70.1876
2014.7671 72.3817
2014.7699 70.2172
2014.7726 73.0738
2014.7753 68.5015
2014.7781 72.6101
2014.7808 72.1194
2014.7836 73.9994
2014.7863 73.7898
2014.7890 72.1606
2014.7918 72.0417
2014.7945 70.4428
2014.7973 74.9938
2014.8000 75.4846
2014.8027 79.3951
2014.8055 76.4551
2014.8082 71.7045
2014.8110 72.2532
2014.8137 75.3109
2014.8164 74.7977
2014.8192 74.1232
2014.8219 71.7975
2014.8247 75.8703
2014.8274 74.4415
2014.8301 78.3510
2014.8329 69.4389
2014.8356 81.3464
2014.8384 73.4838
2014.8411 70.3809
2014.8438 69.3379
2014.8466 69.5447
2014.8493 70.1312
2014.8521 68.7174
2014.8548 70.8534
2014.8575 70.1091
2014.8603 70.1045
2014.8630 71.2095
2014.8658 72.1943
2014.8685 70.1286
2014.8712 65.7726
2014.8740 67.7562
2014.8767 70.1394
2014.8795 68.8021
2014.8822 67.8744
2014.8849 68.8762
2014.8877 66.2376
2014.8904 71.1584
2014.8932 67.0287
2014.8959 69.1885
2014.8986 69.7677
2014.9014 65.4064
2014.9041 69.9645
2014.9068 74.5819
2014.9096 73.5487
2014.9123 71.4149
2014.9151 73.6205
2014.9178 73.2854
2014.9205 70.7700
2014.9233 68.3241
2014.9260 73.0579
2014.9288 74.1314
2014.9315 75.7745
2014.9342 77.5674
2014.9370 73.2800
2014.9397 77.6224
2014.9425 74.0747
2014.9452 74.3468
2014.9479 73.7788
2014.9507 76.6306
2014.9534 73.6925
2014.9562 78.1843
2014.9589 71.0661
2014.9616 77.6979
2014.9644 75.8298
2014.9671 77.1118
2014.9699 74.1839
2014.9726 77.1062
2014.9753 76.3186
2014.9781 75.5013
2014.9808 76.5242
2014.9836 72.4174
2014.9863 77.1509
2014.9890 73.2948
2014.9918 70.7390
2014.9945 72.2636
2014.9973 74.0187
2015.0000 72.9742
2015.0027 75.2200
2015.0055 75.2359
2015.0082 76.5318
2015.0110 72.8378
2015.0137 69.4039
2015.0164 71.9100
2015.0192 72.8662
2015.0219 74.5225
2015.0247 73.4388
2015.0274 72.6552
2015.0301 75.0317
2015.0329 71.9782
2015.0356 71.5148
2015.0384 71.3914
2015.0411 73.0881
2015.0438 72.5649
2015.0466 75.1417
2015.0493 77.6685
2015.0521 78.6855
2015.0548 81.4924
2015.0575 76.4694
2015.0603 77.4865
2015.0630 78.6736
2015.0658 76.8408
2015.0685 82.0380
2015.0712 78.3253
2015.0740 72.8726
2015.0767 73.2500
2015.0795 68.3574
2015.0822 70.1048
2015.0849 75.4020
2015.0877 75.2190
2015.0904 78.6359
2015.0932 76.4427
2015.0959 80.6295
2015.0986 70.5062
2015.1014 78.6830
2015.1041 77.3198
2015.1068 78.9567
2015.1096 78.3438
2015.1123 78.4711
2015.1151 77.1287
2015.1178 75.8865
2015.1205 77.6246
2015.1233 78.8832
2015.1260 78.7921
2015.1288 78.9615
2015.1315 80.2613
2015.1342 76.9918
2015.1370 79.3828
2015.1397 75.3844
2015.1425 78.7167
2015.1452 73.4897
2015.1479 75.8634
2015.1507 74.1880
2015.1534 78.6334
2015.1562 72.6996
2015.1589 72.4168
2015.1616 75.2650
2015.1644 75.9938
2015.1671 76.9831
2015.1699 74.7228
2015.1726 75.0029
2015.1753 74.2334
2015.1781 75.4742
2015.1808 78.9053
2015.1836 78.0767
2015.1863 75.6984
2015.1890 80.6203
2015.1918 77.7524
2015.1945 75.2347
2015.1973 82.9872
2015.2000 78.6798
2015.2027 78.8425
2015.2055 74.9054
2015.2082 80.0683
2015.2110 79.9512
2015.2137 81.0942
2015.2164 77.7272
2015.2192 77.9301
2015.2219 71.5030
2015.2274 80.1085
2015.2301 68.7711
2015.2329 77.7135
2015.2356 77.9558
2015.2384 79.5179
2015.2411 80.1997
2015.2438 79.6413
2015.2466 81.9527
2015.2493 79.1842
2015.2521 79.9958
2015.2548 81.2975
2015.2575 81.5093
2015.2603 80.9712
2015.2630 79.8631
2015.2658 77.2751
2015.2685 74.7570
2015.2712 71.1490
2015.2740 75.1209
2015.2767 78.1628
2015.2795 80.2346
2015.2822 77.2263
2015.2849 83.8579
2015.2877 74.7593
2015.2904 80.5206
2015.2932 80.9618
2015.2959 83.2627
2015.2986 81.1935
2015.3014 74.6240
2015.3041 78.4542
2015.3068 80.0242
2015.3096 78.3338
2015.3123 76.6932
2015.3151 79.8322
2015.3178 73.5709
2015.3205 84.8892
2015.3233 78.9371
2015.3260 82.3246
2015.3288 81.1316
2015.3315 79.8776
2015.3342 71.4820
2015.3370 78.6149
2015.3397 83.2364
2015.3425 78.0066
2015.3452 74.5755
2015.3479 74.3733
2015.3507 75.8100
2015.3534 78.9459
2015.3562 82.3708
2015.3589 82.8650
2015.3616 79.1186
2015.3644 78.7616
2015.3671 77.0741
2015.3699 77.4862
2015.3726 77.6281
2015.3753 77.9998
2015.3781 82.0513
2015.3808 80.1529
2015.3836 81.3446
2015.3863 80.8565
2015.3890 81.1786
2015.3918 75.1912
2015.3945 71.0442
2015.3973 72.5278
2015.4000 75.9621
2015.4027 86.0971
2015.4055 83.9529
2015.4082 83.2098
2015.4110 81.4676
2015.4137 81.2065
2015.4164 81.1455
2015.4192 81.2045
2015.4219 78.9835
2015.4247 79.9325
2015.4274 81.1116
2015.4301 81.5806
2015.4329 76.1397
2015.4356 80.0488
2015.4384 76.7379
2015.4411 78.0970
2015.4438 75.0761
2015.4466 73.8052
2015.4493 73.4644
2015.4521 75.3435
2015.4548 74.5027
2015.4575 80.4919
2015.4603 81.5511
2015.4630 82.0303
2015.4658 80.2396
2015.4685 80.6588
2015.4712 78.7981
2015.4740 80.0173
2015.4767 73.9266
2015.4795 75.0759
2015.4822 78.9653
2015.4849 78.2446
2015.4877 77.3640
2015.4904 75.2233
2015.4932 75.4927
2015.4959 74.3821
2015.4986 74.9616
2015.5014 76.0111
2015.5041 74.7106
2015.5068 75.3302
2015.5096 74.7498
2015.5123 78.1294
2015.5151 71.8091
2015.5178 75.7889
2015.5205 80.9687
2015.5233 78.3385
2015.5260 79.7784
2015.5288 78.5883
2015.5315 82.5182
2015.5342 79.7282
2015.5370 83.2983
2015.5397 80.5083
2015.5425 78.9384
2015.5452 79.3286
2015.5479 78.7788
2015.5507 72.4190
2015.5534 80.1493
2015.5562 80.0096
2015.5589 75.6299
2015.5616 82.8003
2015.5644 83.5807
2015.5671 83.4812
2015.5699 81.4017
2015.5726 76.9322
2015.5753 81.6328
2015.5781 79.3134
