2009.9630 0.5115
2009.9658 -19.8225
2009.9685 -23.7365
2009.9712 -22.9706
2009.9740 -25.2248
2009.9767 -24.0290
2009.9795 -22.1834
2009.9822 -21.2079
2009.9849 -19.7024
2009.9877 -23.1770
2009.9904 -23.4718
2009.9931 -26.9266
2009.9959 -26.3816
2009.9986 -23.0066
2010.0014 -25.2822
2010.0041 -18.8104
2010.0068 -18.7814
2010.0096 -17.6652
2010.0123 -22.6614
2010.0151 -21.3698
2010.0178 -25.9102
2010.0205 -24.1125
2010.0233 -21.6563
2010.0260 -23.3616
2010.0288 -21.1980
2010.0315 -21.6454
2010.0342 -23.0736
2010.0370 -25.2423
2010.0397 -25.6714
2010.0425 -22.0406
2010.0452 -23.9697
2010.0479 -20.8385
2010.0507 -24.6069
2010.0534 -22.3545
2010.0562 -25.4913
2010.0589 -21.0169
2010.0616 -22.6711
2010.0644 -28.7439
2010.0671 -25.5148
2010.0699 -24.1238
2010.0726 -22.6607
2010.0753 -22.8951
2010.0781 -23.4270
2010.0808 -24.3360
2010.0836 -22.0934
2010.0863 -24.3203
2010.0890 -24.0167
2010.0918 -24.0627
2010.0945 -25.1583
2010.0973 -26.9934
2010.1000 -27.3681
2010.1027 -29.0523
2010.1055 -26.5961
2010.1082 -26.2394
2010.1110 -24.1523
2010.1137 -23.4547
2010.1164 -24.5767
2010.1192 -24.7083
2010.1219 -25.0295
2010.1247 -34.2402
2010.1274 -25.6404
2010.1301 -24.4103
2010.1329 -13.1197
2010.1356 -18.5487
2010.1384 -26.6173
2010.1411 -28.8654
2010.1438 -26.1931
2010.1466 -25.6904
2010.1493 -19.2673
2010.1521 -19.3438
2010.1548 -22.4698
2010.1575 -20.5655
2010.1603 -24.4907
2010.1630 -25.2655
2010.1658 -25.4299
2010.1685 -17.4140
2010.1712 -21.3378
2010.1740 -17.0514
2010.1767 -24.4846
2010.1795 -21.5076
2010.1822 -19.6704
2010.1849 -20.6330
2010.1877 -22.1255
2010.1904 -25.0178
2010.1931 -27.9899
2010.1959 -27.8920
2010.1986 -27.7840
2010.2014 -29.2060
2010.2041 -25.9279
2010.2068 -28.9698
2010.2096 -30.3718
2010.2123 -28.5538
2010.2151 -28.3459
2010.2178 -20.9580
2010.2205 -27.8403
2010.2233 -24.5427
2010.2260 -24.8853
2010.2288 -27.5681
2010.2315 -23.8511
2010.2342 -23.6744
2010.2370 -22.3479
2010.2397 -26.5017
2010.2425 -23.9958
2010.2452 -27.1502
2010.2479 -31.5654
2010.2507 -28.2518
2010.2534 -31.6891
2010.2562 -15.8574
2010.2589 -21.2366
2010.2616 -18.1465
2010.2644 -25.2271
2010.2671 -19.2283
2010.2699 -21.3400
2010.2726 -15.8621
2010.2753 -21.9446
2010.2781 -21.5572
2010.2808 -27.4300
2010.2836 -19.6028
2010.2863 -22.7956
2010.2890 -26.2483
2010.2918 -26.0408
2010.2945 -28.2029
2010.2973 -30.6946
2010.3000 -29.1759
2010.3027 -23.4166
2010.3055 -31.8366
2010.3082 -34.5158
2010.3110 -43.8142
2010.3137 -42.0717
2010.3164 -39.1682
2010.3192 -43.0435
2010.3219 -45.4276
2010.3247 -44.6005
2010.3274 -49.4019
2010.3301 -48.8319
2010.3329 -44.6905
2010.3356 -43.6678
2010.3384 -46.6239
2010.3411 -45.9288
2010.3438 -53.4625
2010.5794 -21.7678
2010.5904 -10.9819
2010.6041 -10.5177
2010.6068 -13.5877
2010.6096 -13.6193
2010.6123 -4.9422
2010.6151 -7.3460
2010.6178 -16.1906
2010.6260 -18.5757
2010.6288 -19.9602
2010.6315 -23.9939
2010.6479 -17.6238
2010.6507 -18.7640
2010.6534 -17.3210
2010.6562 -19.8447
2010.6589 -16.1947
2010.6616 -24.0606
2010.6644 -17.2923
2010.6671 -17.2317
2010.6699 -11.9410
2010.6726 -19.5502
2010.6753 -17.0292
2010.6781 -22.5281
2010.6808 -22.2469
2010.6836 -22.6755
2010.6863 -18.7139
2010.6890 -13.3221
2010.6918 -16.2702
2010.6945 -13.7580
2010.6973 -22.2756
2010.7000 -28.5830
2010.7027 -21.4701
2010.7055 -21.2869
2010.7082 -21.5835
2010.7110 -16.5098
2010.7137 -7.9557
2010.7164 -15.8614
2010.7192 -16.8067
2010.7219 -19.4317
2010.7247 -19.9764
2010.7274 -21.1206
2010.7301 -17.2545
2010.7329 -23.0980
2010.7356 -19.5411
2010.7384 -22.5238
2010.7411 -18.5061
2010.7438 -17.3279
2010.7466 -18.5992
2010.7493 -24.0702
2010.7521 -14.3710
2010.7548 -20.4517
2010.7575 -23.4023
2010.7603 -20.0828
2010.7630 -15.9533
2010.7658 -13.9037
2010.7685 -13.5340
2010.7712 -20.4443
2010.7740 -20.0945
2010.7767 -22.8447
2010.7794 -24.1149
2010.7822 -20.1150
2010.7849 -20.8851
2010.7877 -18.1452
2010.7904 -18.1252
2010.7931 -22.8353
2010.7959 -18.2953
2010.7986 -21.0454
2010.8014 -19.8954
2010.8041 -20.9755
2010.8068 -16.4957
2010.8096 -22.5158
2010.8123 -20.0560
2010.8151 -14.9762
2010.8178 -22.1065
2010.8205 -16.2568
2010.8233 -27.0772
2010.8260 -18.0876
2010.8288 -24.6181
2010.8315 -22.8087
2010.8342 -27.2989
2010.8370 -24.2181
2010.8397 -20.2665
2010.8425 -24.0542
2010.8452 -36.4313
2010.8479 -24.7980
2010.8507 -25.5543
2010.8534 -21.9305
2010.8562 -17.7266
2010.8589 -17.3927
2010.8616 -24.1290
2010.8644 -21.6355
2010.8671 -16.5825
2010.8699 -17.4500
2010.8726 -22.4482
2010.8753 -26.6571
2010.8781 -20.0869
2010.8808 -22.8678
2010.8836 -15.4297
2010.8863 -20.1130
2010.8890 -21.2076
2010.8918 -18.9037
2010.8945 -17.9214
2010.8973 -23.5409
2010.9000 -22.4423
2010.9027 -24.4757
2010.9055 -22.6411
2010.9082 -21.0988
2010.9110 -21.0189
2010.9137 -21.1514
2010.9164 -20.4566
2010.9192 -21.6147
2010.9219 -22.3858
2010.9247 -25.8495
2010.9274 -20.6959
2010.9301 -24.9747
2010.9329 -24.0358
2010.9356 -24.4591
2010.9384 -24.2644
2010.9411 -25.0316
2010.9438 -24.8406
2010.9466 -21.7511
2010.9493 -22.9332
2010.9521 -20.2566
2010.9548 -24.3712
2010.9575 -25.6068
2010.9603 -21.2834
2010.9630 -24.9707
2010.9658 -23.8586
2010.9685 -25.6171
2010.9712 -23.2859
2010.9740 -23.5649
2010.9767 -24.1239
2010.9795 -23.0629
2010.9822 -27.6717
2010.9849 -23.1402
2010.9877 -19.3581
2010.9904 -23.8255
2010.9931 -17.9520
2010.9959 -9.4576
2010.9986 -19.8622
2011.0014 -22.4258
2011.0041 -18.6397
2011.0068 -21.0139
2011.0096 -24.7985
2011.0123 -20.7134
2011.0151 -19.9685
2011.0178 -22.9339
2011.0205 -21.3595
2011.0233 -22.0552
2011.0260 -26.3711
2011.0288 -22.7270
2011.0315 -26.4629
2011.0342 -25.7888
2011.0370 -22.0647
2011.0397 -21.6505
2011.0425 -24.2161
2011.0452 -22.7815
2011.0479 -21.8368
2011.0507 -23.3817
2011.0534 -22.2564
2011.0562 -20.7507
2011.0589 -19.1747
2011.0616 -20.5982
2011.0644 -19.6213
2011.0671 -16.8938
2011.0699 -18.0258
2011.0726 -17.8272
2011.0753 -19.1880
2011.0781 -20.4181
2011.0808 -22.9375
2011.0836 -21.6060
2011.0863 -17.4333
2011.0890 -22.2695
2011.0918 -22.7547
2011.0945 -17.6490
2011.0973 -22.2124
2011.1000 -20.0150
2011.1027 -19.0269
2011.1055 -18.7881
2011.1082 -20.8588
2011.1110 -20.6690
2011.1137 -17.3687
2011.1164 -20.5681
2011.1192 -16.5572
2011.1219 -23.8060
2011.1247 -13.7747
2011.1274 -21.6733
2011.1301 -18.0320
2011.1329 -10.0507
2011.1356 -11.2895
2011.1384 -14.8885
2011.1411 -19.1778
2011.1438 -16.2675
2011.1466 -13.0176
2011.1493 -12.3282
2011.1521 -11.8693
2011.1548 -15.9411
2011.1575 -8.9936
2011.1603 -15.4269
2011.1630 -15.6309
2011.1658 -14.8552
2011.1685 -17.1796
2011.1712 -16.5443
2011.1740 -16.8591
2011.1767 -18.9041
2011.1795 -16.7993
2011.1822 -20.0547
2011.1849 -14.5002
2011.1877 -17.3559
2011.1904 -15.7919
2011.1931 -18.8579
2011.1959 -19.5742
2011.1986 -21.9307
2011.2014 -10.4673
2011.2041 -19.6041
2011.2068 -15.0511
2011.2096 -15.1483
2011.2123 -11.6657
2011.2151 -16.4332
2011.2178 -21.3110
2011.2205 -18.4489
2011.2233 -21.4870
2011.2260 -22.2353
2011.2288 -21.1038
2011.2315 -24.4424
2011.2342 -21.9813
2011.2370 -14.8403
2011.2397 -15.7395
2011.2425 -21.9989
2011.2452 -17.5785
2011.2479 -23.9791
2011.2507 -21.7815
2011.2534 -23.8754
2011.2562 -20.3408
2011.2589 -12.1277
2011.2616 -16.5558
2011.2644 -19.8950
2011.2671 -14.3453
2011.2699 -17.2166
2011.2726 -23.4186
2011.2753 -22.3613
2011.2781 -23.8146
2011.2808 -15.8484
2011.2836 -17.7525
2011.2863 -16.0368
2011.2890 -17.2413
2011.2918 -16.7457
2011.2945 -18.3301
2011.2973 -17.4042
2011.3000 -21.6879
2011.3027 -17.8212
2011.3055 -15.8439
2011.3082 -17.0859
2011.3110 -20.3371
2011.3137 -18.4974
2011.3164 -17.2666
2011.3192 -16.7847
2011.3219 -16.6215
2011.3247 -18.0970
2011.3466 -16.2909
2011.6096 -10.3130
2011.6123 -10.9934
2011.6151 -10.3835
2011.6178 -16.1031
2011.6205 -22.0226
2011.6233 -17.1618
2011.6260 -3.0210
2011.6288 -17.0003
2011.6315 -11.0697
2011.6342 -8.2494
2011.6425 -12.2808
2011.6452 -6.0025
2011.6507 -12.8181
2011.6534 -17.1923
2011.6562 -12.2475
2011.6589 -16.2039
2011.6616 -18.8115
2011.6671 -25.8801
2011.6699 -16.8298
2011.6726 -17.0596
2011.6753 -17.9194
2011.6781 -16.3492
2011.6808 -12.5891
2011.6836 -21.6691
2011.6863 -16.2391
2011.6890 -16.7792
2011.6918 -18.2193
2011.6945 -22.0096
2011.6973 -17.5899
2011.7000 -23.4203
2011.7027 -21.6009
2011.7055 -20.0015
2011.7082 -16.0323
2011.7110 -23.4431
2011.7137 -24.5041
2011.7164 -26.2452
2011.7192 -26.4565
2011.7219 -33.3978
2011.7247 -21.4894
2011.7274 -18.6011
2011.7301 -31.2629
2011.7329 -21.8649
2011.7356 -20.2771
2011.7384 -20.5694
2011.7411 -21.3220
2011.7438 -23.1047
2011.7466 -20.4476
2011.7493 -20.7907
2011.7521 -21.8038
2011.7548 -22.7270
2011.7575 -26.2402
2011.7603 -20.6035
2011.7630 -25.9669
2011.7658 -22.0704
2011.7685 -9.9839
2011.7712 -13.9375
2011.7740 -22.8812
2011.7767 -22.8349
2011.7794 -21.0288
2011.7822 -18.6628
2011.7849 -21.6369
2011.7877 -21.6711
2011.7904 -18.8555
2011.7931 -18.1000
2011.7959 -19.4446
2011.7986 -25.3993
2011.8014 -17.6742
2011.8041 -21.9593
2011.8068 -23.7545
2011.8096 -26.0999
2011.8123 -18.8354
2011.8151 -18.4112
2011.8178 -18.9271
2011.8205 -13.8832
2011.8233 -20.7295
2011.8260 -15.5760
2011.8288 -17.3827
2011.8315 -14.6096
2011.8342 -19.8369
2011.8370 -19.6247
2011.8397 -16.4230
2011.8425 -17.6017
2011.8452 -15.0608
2011.8479 -14.1703
2011.8507 -14.9101
2011.8534 -15.5802
2011.8562 -13.1606
2011.8589 -15.9012
2011.8616 -9.6121
2011.8644 -16.0531
2011.8671 -15.7442
2011.8699 -16.0055
2011.8726 -17.2368
2011.8753 -21.6681
2011.8781 -22.1795
2011.8808 -18.7208
2011.8836 -18.5821
2011.8863 -18.5432
2011.8890 -20.5743
2011.8918 -21.0451
2011.8945 -22.5158
2011.8973 -21.8863
2011.9000 -23.8365
2011.9027 -18.7563
2011.9055 -18.4159
2011.9082 -15.9751
2011.9110 -11.9339
2011.9137 -17.6223
2011.9164 -15.0502
2011.9192 -17.0576
2011.9219 -16.6245
2011.9247 -23.0510
2011.9274 -17.1471
2011.9301 -19.0229
2011.9329 -17.3583
2011.9356 -15.1735
2011.9384 -16.0483
2011.9411 -20.9030
2011.9438 -17.8975
2011.9466 -16.4918
2011.9493 -16.0460
2011.9521 -16.0101
2011.9548 -15.2542
2011.9575 -10.7183
2011.9603 -17.1124
2011.9630 -20.0866
2011.9658 -15.4508
2011.9685 -17.2952
2011.9712 -15.3897
2011.9740 -18.2845
2011.9767 -19.2795
2011.9795 -14.1147
2011.9822 -16.0703
2011.9849 -15.4262
2011.9877 -18.9025
2011.9904 -17.8291
2011.9931 -15.5163
2011.9959 -16.5139
2011.9986 -16.7020
2012.0014 -22.3306
2012.0041 -16.8596
2012.0068 -22.0489
2012.0096 -18.6684
2012.0123 -20.3583
2012.0150 -16.6484
2012.0178 -16.8588
2012.0205 -20.3395
2012.0232 -20.1803
2012.0260 -18.2214
2012.0287 -14.3827
2012.0314 -17.5942
2012.0342 -16.7058
2012.0369 -10.5477
2012.0396 -16.6496
2012.0423 -20.5817
2012.0451 -17.4039
2012.0478 -17.7962
2012.0505 -20.8886
2012.0533 -18.3011
2012.0560 -19.8137
2012.0587 -15.8463
2012.0615 -22.5889
2012.0642 -21.5215
2012.0669 -18.6542
2012.0697 -16.6068
2012.0724 -17.6695
2012.0751 -17.4520
2012.0779 -21.9546
2012.0806 -19.6770
2012.0833 -20.1603
2012.0861 -18.9052
2012.0888 -15.3217
2012.0915 -18.6596
2012.0943 -10.6087
2012.0970 -15.4189
2012.0997 -15.0099
2012.1025 -17.4917
2012.1052 -11.3340
2012.1079 -19.9267
2012.1107 -13.0996
2012.1161 -12.8954
2012.1189 -16.4579
2012.1216 -16.2100
2012.1243 -18.5914
2012.1270 -21.5720
2012.1298 -22.3517
2012.1325 -20.1903
2012.1352 -15.2875
2012.1380 -20.4333
2012.1407 -16.0174
2012.1434 -16.9897
2012.1462 -21.2401
2012.1489 -21.7583
2012.1516 -15.4441
2012.1544 -21.7376
2012.1571 -12.3583
2012.1598 -15.6562
2012.1626 -20.9514
2012.1653 -19.8657
2012.1680 -19.8997
2012.1708 -19.2235
2012.1735 -10.4272
2012.1762 -24.3506
2012.1790 -16.1438
2012.1817 -11.5268
2012.1844 -9.3997
2012.1872 -20.7325
2012.1899 -19.6851
2012.1926 -21.7176
2012.1954 -26.5800
2012.1981 -20.0423
2012.2008 -17.0646
2012.2035 -13.7867
2012.2063 -20.3289
2012.2090 -21.7109
2012.2117 -22.0430
2012.2145 -15.9351
2012.2172 -17.4771
2012.2199 -23.0692
2012.2227 -21.4913
2012.2254 -20.3635
2012.2281 -21.3957
2012.2309 -29.3980
2012.2336 -3.8204
2012.2363 -18.2929
2012.2391 -17.2455
2012.2418 -25.5583
2012.2445 -25.9212
2012.2473 -24.2042
2012.2500 -21.4072
2012.2527 -15.9302
2012.2555 -22.7232
2012.2582 -23.2863
2012.2609 -27.4693
2012.2637 -26.5824
2012.2664 -23.9054
2012.2691 -21.2485
2012.2719 -22.7516
2012.2746 -22.3147
2012.2773 -15.9377
2012.2801 -20.0008
2012.2828 -19.3239
2012.2855 -22.1070
2012.2882 -21.7600
2012.2910 -21.4631
2012.2937 -21.9362
2012.2964 -21.1393
2012.2992 -23.7723
2012.3019 -19.5354
2012.3046 -20.2184
2012.3074 -11.8015
2012.3101 -14.0845
2012.3128 -6.2275
2012.3156 -11.8306
2012.3183 -6.7736
2012.3210 -11.7766
2012.3238 -18.0795
2012.3265 -15.1225
2012.3292 -17.7455
2012.3320 -17.1681
2012.3347 -15.1001
2012.3374 -21.4217
2012.6025 -19.4505
2012.6052 -22.4418
2012.6079 -21.9336
2012.6107 -37.3158
2012.6134 -28.4184
2012.6161 -24.1113
2012.6189 -21.8845
2012.6216 -20.7977
2012.6270 -26.5341
2012.6298 -18.9572
2012.6325 -39.0800
2012.6352 -18.3825
2012.6380 -23.7546
2012.6407 -27.4962
2012.6462 -27.6475
2012.6489 -34.7771
2012.6544 -22.4338
2012.6598 -17.1763
2012.6626 -23.0609
2012.6653 -37.5640
2012.6680 -22.9440
2012.6708 -25.6305
2012.6735 -31.2837
2012.6762 -25.0939
2012.6790 -25.3514
2012.6817 -22.0363
2012.6844 -23.7089
2012.6872 -24.1295
2012.6899 -28.5583
2012.6926 -37.8755
2012.6954 -27.1414
2012.6981 -40.5262
2012.7008 -41.0502
2012.7035 -29.5536
2012.7063 -20.4866
2012.7090 -15.5794
2012.7117 -24.3224
2012.7145 -23.3958
2012.7172 -27.3598
2012.7199 -24.6746
2012.7227 -24.3805
2012.7254 -26.4277
2012.7281 -21.3665
2012.7309 -11.8271
2012.7336 -3.8097
2012.7363 -13.2647
2012.7391 -8.1321
2012.7418 -6.4224
2012.7445 -15.2456
2012.7473 -17.4121
2012.7500 -21.9712
2012.7527 -19.4709
2012.7555 -18.8711
2012.7582 -21.5219
2012.7609 -20.5134
2012.7637 -22.2554
2012.7664 -19.9782
2012.7691 -16.2216
2012.7719 -17.6458
2012.7746 -9.7507
2012.7773 -17.4064
2012.7801 -22.1329
2012.7828 -16.8702
2012.7855 -18.7885
2012.7882 -20.8376
2012.7910 -18.4776
2012.7937 -20.4087
2012.7964 -19.4807
2012.7992 -26.8037
2012.8019 -25.9978
2012.8046 -25.1929
2012.8074 -22.0992
2012.8101 -14.3966
2012.8128 -17.0551
2012.8156 -18.0649
2012.8183 -18.0858
2012.8210 -17.6581
2012.8238 -19.8316
2012.8265 -21.2964
2012.8292 -22.9326
2012.8320 -22.1601
2012.8347 -16.9281
2012.8374 -18.5662
2012.8402 -21.3745
2012.8429 -24.9128
2012.8456 -21.2213
2012.8484 -19.3599
2012.8511 -14.5087
2012.8538 -19.1977
2012.8566 -26.2168
2012.8593 -27.2262
2012.8620 -25.2957
2012.8648 -22.9355
2012.8675 -24.5056
2012.8702 -21.7059
2012.8729 -24.2465
2012.8757 -24.5974
2012.8784 -23.4485
2012.8811 -18.5500
2012.9112 -11.5416
2012.9139 -17.7881
2012.9167 -19.3049
2012.9194 -19.4419
2012.9221 -21.2388
2012.9249 -19.9758
2012.9276 -19.2829
2012.9303 -21.5099
2012.9331 -19.4970
2012.9358 -20.4941
2012.9385 -22.1512
2012.9413 -21.2883
2012.9440 -20.9354
2012.9467 -23.8726
2012.9495 -24.5397
2012.9522 -24.5469
2012.9549 -20.4741
2012.9576 -19.8512
2012.9604 -19.8584
2012.9631 -23.0156
2012.9658 -18.8628
2012.9686 -26.7399
2012.9713 -27.2771
2012.9740 -22.2143
2012.9768 -24.4814
2012.9795 -19.3685
2012.9822 -22.4657
2012.9850 -23.4928
2012.9877 -19.1298
2012.9904 -20.5069
2012.9932 -21.9340
2012.9959 -19.6410
2012.9986 -19.3080
2013.0014 -18.8350
2013.0041 -20.2721
2013.0068 -23.5490
2013.0096 -22.6360
2013.0123 -22.9730
2013.0151 -21.7499
2013.0178 -21.9668
2013.0205 -21.2036
2013.0233 -20.4204
2013.0260 -19.7372
2013.0288 -21.8539
2013.0315 -18.1906
2013.0342 -22.1072
2013.0370 -17.8238
2013.0397 -20.2404
2013.0425 -20.0469
2013.0452 -20.8634
2013.0479 -22.0198
2013.0507 -22.2062
2013.0534 -24.4126
2013.0562 -24.9489
2013.0589 -18.6251
2013.0616 -25.2313
2013.0644 -22.6775
2013.0671 -20.2936
2013.0699 -20.7897
2013.0726 -21.3057
2013.0753 -22.8316
2013.0781 -18.0975
2013.0808 -21.9634
2013.0836 -20.5181
2013.0863 -20.1507
2013.0890 -19.5313
2013.0918 -19.5698
2013.0945 -19.8864
2013.0973 -16.2711
2013.1000 -17.6738
2013.1027 -19.7848
2013.1055 -18.8339
2013.1082 -9.9213
2013.1110 -9.3070
2013.1137 -14.5310
2013.1164 -21.3734
2013.1192 -24.6142
2013.1219 -20.0135
2013.1247 -22.3814
2013.1274 -24.7778
2013.1301 -24.2628
2013.1329 -25.0964
2013.1356 -23.1488
2013.1384 -23.6198
2013.1411 -22.0797
2013.1438 -25.7684
2013.1466 -17.9660
2013.1493 -32.8825
2013.1521 -20.6880
2013.1548 -17.0124
2013.1575 -25.7260
2013.1603 -21.2486
2013.1630 -22.3504
2013.1658 -21.7716
2013.1685 -20.6122
2013.1712 -19.1624
2013.1740 -23.9519
2013.1767 -26.5510
2013.1795 -23.7396
2013.1822 -22.6376
2013.1849 -26.4152
2013.1877 -23.5124
2013.1904 -23.7591
2013.1931 -27.1653
2013.1959 -21.4411
2013.1986 -2.7465
2013.2014 -24.4315
2013.2041 -23.5061
2013.2068 -15.8104
2013.2096 -20.1843
2013.2123 -24.9178
2013.2151 -22.1810
2013.2178 -23.4439
2013.2205 -26.3764
2013.2233 -26.0187
2013.2260 -23.3107
2013.2288 -24.0424
2013.2315 -21.6238
2013.2342 -21.7650
2013.2370 -22.8660
2013.2397 -26.3467
2013.2425 -23.5172
2013.2452 -17.1576
2013.2479 -17.1373
2013.2507 -17.1059
2013.2534 -21.4736
2013.2562 -23.7604
2013.2589 -18.2564
2013.2616 -20.2217
2013.2644 -14.7464
2013.2671 -17.5205
2013.2699 -19.5441
2013.2726 -17.2973
2013.2753 -14.4702
2013.2781 -21.5329
2013.2808 -22.7055
2013.2836 -21.9279
2013.2863 -13.0004
2013.2890 -23.5530
2013.2918 -6.4358
2013.2945 -19.2688
2013.2973 -13.4121
2013.3000 -21.2959
2013.3027 -21.3601
2013.3110 -7.1767
2013.3137 -23.1738
2013.3192 -18.7507
2013.3356 -27.0692
2014.0753 -20.1915
2014.0781 -22.9918
2014.0808 -22.4709
2014.0836 -25.7188
2014.0863 -25.5155
2014.0890 -27.6211
2014.0918 -24.5257
2014.0945 -22.8693
2014.0973 -23.6320
2014.1000 -25.8939
2014.1027 -27.0850
2014.1055 -23.9055
2014.1082 -26.5354
2014.1110 -24.8847
2014.1137 -22.7536
2014.1164 -22.9921
2014.1192 -21.1902
2014.1219 -18.2681
2014.1247 -21.0659
2014.1274 -17.3535
2014.1301 -24.3410
2014.1329 -24.8186
2014.1356 -27.1563
2014.1384 -28.3242
2014.1411 -26.4123
2014.1438 -22.6507
2014.1466 -25.9495
2014.1493 -15.7288
2014.1521 -17.0185
2014.1548 -15.7789
2014.1575 -21.5199
2014.1603 -16.7317
2014.1630 -23.1143
2014.1658 -21.4780
2014.1685 -20.4527
2014.1712 -17.2682
2014.1740 -23.1146
2014.1767 -18.2918
2014.1795 -19.3096
2014.1822 -28.2180
2014.1849 -27.7668
2014.1877 -30.0160
2014.1904 -21.5555
2014.1931 -29.9553
2014.1959 -30.8051
2014.1986 -26.4250
2014.2014 -31.3048
2014.2041 -29.8345
2014.2068 -30.8539
2014.2096 -24.9431
2014.2123 -22.2618
2014.2151 -27.9501
2014.2397 -27.9874
2014.2425 -33.4358
2014.2452 -26.7128
2014.2479 -21.2670
2014.2507 -18.9073
2014.2534 -19.5240
2014.2562 -20.7473
2014.2589 -18.3374
2014.2616 -20.5047
2014.2644 -20.5593
2014.2671 -22.3615
2014.2699 -28.8016
2014.2726 -31.8198
2014.2753 -25.6663
2014.2781 -25.2215
2014.2808 -22.1155
2014.2836 -18.6786
2014.2863 -21.0710
2014.2890 -27.1631
2014.2918 -28.8950
2014.2945 -24.5470
2014.2973 -22.1593
2014.3027 -16.2660
2014.3082 -8.2670
2014.3137 -26.9343
2014.3164 -11.7460
2014.3192 -25.8101
2014.3247 -42.5161
2014.3274 -29.7086
2014.3438 -9.9436
2014.6096 -28.1876
2014.6151 -34.9156
2014.6315 -32.8588
2014.6342 -29.3254
2014.6370 -17.5924
2014.6397 -22.2896
2014.6507 -32.9207
2014.6534 -35.5189
2014.6562 -39.8673
2014.6589 -32.6458
2014.6616 -40.6444
2014.6644 -37.1731
2014.6671 -40.1028
2014.6726 -31.5174
2014.6753 -20.8020
2014.6781 -22.1281
2014.6808 -18.6454
2014.6836 -28.4840
2014.6863 -24.9035
2014.6890 -22.5140
2014.6918 -24.8953
2014.6945 -27.4673
2014.6973 -20.5098
2014.7000 -25.7827
2014.7027 -27.2060
2014.7055 -28.6194
2014.7082 -25.8529
2014.7110 -31.8463
2014.7137 -24.2595
2014.7164 -23.6024
2014.7192 -31.4249
2014.7219 -23.3468
2014.7247 -20.6180
2014.7274 -32.1784
2014.7301 -28.5779
2014.7329 -27.3263
2014.7356 -26.5036
2014.7384 -25.2995
2014.7411 -27.2840
2014.7438 -26.9970
2014.7466 -26.6783
2014.7493 -23.3973
2014.7521 -20.3012
2014.7548 -20.3698
2014.7575 -20.8737
2014.7603 -20.3632
2014.7630 -27.2686
2014.7658 -35.5305
2014.7685 -26.5891
2014.7712 -25.8050
2014.7740 -25.4884
2014.7767 -30.3498
2014.7794 -23.4097
2014.7822 -27.3383
2014.7849 -23.4961
2014.7877 -27.4335
2014.7904 -29.1009
2014.7931 -30.4486
2014.7959 -34.0972
2014.7986 -22.3470
2014.8014 -30.7283
2014.8041 -25.9916
2014.8068 -33.5474
2014.8096 -31.9559
2014.8123 -29.3776
2014.8151 -26.9928
2014.9767 -29.6076
2014.9795 -25.0260
2014.9822 -25.6541
2014.9849 -27.3918
2014.9877 -25.3592
2014.9904 -26.9062
2014.9931 -30.0227
2014.9959 -28.8488
2014.9986 -28.8844
2015.0014 -30.1194
2015.0041 -31.6537
2015.0068 -26.3671
2015.0096 -24.3098
2015.0123 -26.6218
2015.0151 -28.6832
2015.0178 -26.8239
2015.0205 -27.7841
2015.0233 -28.6038
2015.0260 -29.5831
2015.0288 -28.9319
2015.0315 -24.7505
2015.0342 -27.2887
2015.0370 -30.6266
2015.0397 -30.2244
2015.0425 -28.5420
2015.0452 -27.6795
2015.0479 -28.6269
2015.0507 -22.0544
2015.0534 -22.0119
2015.0562 -22.9195
2015.0589 -26.8272
2015.0616 -24.4451
2015.0644 -28.7833
2015.0671 -22.4017
2015.0699 -20.6105
2015.0726 -20.0897
2015.0753 -25.3794
2015.0781 -13.2295
2015.0808 -24.4002
2015.0836 -18.4820
2015.0863 -21.8853
2015.0890 -26.5100
2015.0918 -23.6261
2015.0945 -23.3233
2015.0973 -19.3216
2015.1000 -25.6008
2015.1027 -26.5508
2015.1055 -18.1215
2015.1082 -23.7127
2015.1110 -28.7344
2015.1137 -30.9563
2015.1164 -25.8985
2015.1192 -25.6907
2015.1219 -25.6928
2015.1247 -18.8948
2015.1274 -23.4264
2015.1301 -23.0176
2015.1329 -21.3983
2015.1356 -22.7682
2015.1384 -23.6374
2015.1411 -28.4756
2015.1438 -24.6127
2015.1466 -23.6787
2015.1493 -29.2733
2015.1521 -29.4566
2015.1548 -24.8082
2015.1575 -27.7082
2015.1603 -29.9164
2015.1630 -27.0925
2015.1658 -31.2357
2015.1685 -27.3959
2015.1712 -25.5633
2015.1740 -28.3579
2015.1767 -24.7700
2015.1795 -21.6595
2015.1822 -24.7067
2015.1849 -21.8217
2015.1877 -22.7045
2015.1904 -24.4554
2015.1931 -20.4244
2015.1959 -18.9816
2015.1986 -22.9072
2015.2014 -23.0212
2015.2041 -24.9239
2015.2068 -23.4653
2015.2096 -26.1556
2015.2123 -23.4448
2015.2151 -24.4031
2015.2178 -24.4806
2015.2205 -22.8175
2015.2233 -18.8738
2015.2260 -26.9497
2015.2288 -15.6653
2015.2315 -25.1506
2015.2342 -18.3860
2015.2370 -26.0614
2015.2397 -19.4869
2015.2425 -19.4828
2015.2452 -23.7091
2015.2479 -25.1443
2015.2507 -25.9372
2015.2534 -24.1878
2015.2562 -25.0263
2015.2589 -28.5731
2015.2616 -23.9181
2015.2644 -16.3317
2015.2671 -13.2940
2015.2699 -24.5052
2015.2726 -31.8154
2015.2753 -20.4449
2015.2781 -28.9039
2015.2808 -31.4426
2015.2836 -28.0610
2015.2863 -30.1695
2015.2918 -26.6273
2015.2945 -23.0170
2015.2973 -20.4274
2015.3000 -23.6788
2015.3027 -18.5413
2015.3055 -21.9752
2015.3082 -22.6805
2015.3110 -23.2776
2015.3137 -20.5666
2015.3164 -15.5676
2015.3192 -9.4909
2015.3301 -22.3704
2015.3329 -30.2762
2015.3356 -25.8736
2015.3384 -23.7427
2015.6151 -19.3219
2015.6205 -27.1171
2015.6288 -19.9882
2015.6315 -20.9651
2015.6342 -24.8722
2015.6370 -28.7294
2015.6397 -27.7470
2015.6562 -26.2241
2015.6589 -23.7164
2015.6616 -18.3298
2015.6671 -25.7800
2015.6699 -20.9166
2015.6726 -27.3440
2015.6753 -27.1223
2015.6781 -27.3612
2015.6808 -27.9108
2015.6836 -27.3910
2015.6863 -23.7318
2015.6890 -22.4929
2015.6918 -24.2144
2015.6945 -23.4763
2015.6973 -27.8883
2015.7000 -23.2606
2015.7027 -23.0129
2015.7055 -24.4152
2015.7082 -25.9475
2015.7110 -25.2497
2015.7137 -26.0417
2015.7164 -25.5234
2015.7192 -28.8148
2015.7219 -24.8157
2015.7247 -19.0763
2015.7274 -23.7962
2015.7301 -28.9356
2015.7329 -26.7143
2015.7356 -24.6922
2015.7384 -28.1793
2015.7411 -23.5355
2015.7438 -21.9307
2015.7466 -26.2949
2015.7493 -22.6077
2015.7521 -26.4677
2015.7548 -21.4949
2015.7575 -21.9594
2015.7603 -20.6615
2015.7630 -21.9414
2015.7658 -22.6492
2015.7685 -25.2053
2015.7712 -19.3897
2015.7740 -18.9028
2015.7767 -17.1547
2015.7794 -28.7557
2015.7822 -28.1558
2015.7849 -27.2755
2015.7877 -25.0948
2015.7904 -21.3940
2015.7931 -22.2033
2015.7959 -24.9629
2015.7986 -21.4230
2015.8014 -22.1838
2015.8041 -20.8455
2015.8068 -25.7884
2015.8096 -26.9926
2015.8123 -17.2484
2015.8151 -18.9060
2015.8178 -26.1955
2015.8205 -24.3073
2015.8233 -26.0214
2015.8260 -26.0381
2015.8288 -28.9077
2015.8315 -24.8403
2015.8342 -28.8746
2015.8370 -27.1192
2015.8397 -25.1840
2015.8425 -28.2091
2015.8452 -30.0945
2015.8479 -18.2502
2015.8507 -25.2362
2015.8534 -24.2224
2015.8562 -28.1190
2015.8589 -28.3758
2015.8616 -27.1630
2015.8644 -25.4105
2015.8671 -26.6783
2015.8699 -27.7064
2015.8726 -30.9648
2015.8753 -31.2736
2015.8781 -32.6627
2015.8808 -29.9021
2015.8836 -24.8619
2015.8863 -26.9220
2015.8890 -26.0025
2015.8918 -27.5133
2015.8945 -26.4445
2015.8973 -26.3760
2015.9000 -28.3780
2015.9027 -20.8502
2015.9055 -22.7929
2015.9164 -16.3174
2015.9192 -24.1617
2015.9219 -25.7962
2015.9247 -28.2609
2015.9274 -29.0456
2015.9301 -24.7905
2015.9329 -25.8755
2015.9356 -29.1405
2015.9384 -32.3257
2015.9411 -19.3809
2015.9438 -23.0462
2015.9466 -29.3315
2015.9521 -29.9722
2015.9548 -29.6877
2015.9575 -30.8131
2015.9603 -25.4185
2015.9630 -31.4640
2015.9712 -31.7101
2015.9740 -31.7554
2015.9822 -33.6309
2015.9849 -26.2960
2015.9931 -28.5604
2015.9959 -28.6150
2016.1516 -31.3172
2016.1544 -29.0081
2016.1571 -25.4701
2016.1598 -21.1635
2016.1626 -27.1981
2016.1653 -19.6230
2016.1680 -31.0680
2016.1708 -24.9830
2016.1735 -27.5981
2016.1762 -26.7932
2016.1790 -24.4184
2016.1817 -24.7635
2016.1844 -28.7987
2016.1872 -26.2439
2016.1899 -24.3692
2016.1926 -25.7444
2016.1954 -27.5997
2016.1981 -24.9050
2016.2008 -24.5203
2016.2035 -28.8356
2016.2063 -25.9910
2016.2090 -27.2163
2016.2117 -34.4716
2016.2145 -27.9870
2016.2172 -30.4123
2016.2199 -25.1676
2016.2227 -25.0929
2016.2254 -30.2182
2016.2281 -24.4735
2016.2309 -27.1188
2016.2336 -25.6241
2016.2363 -23.8293
2016.2391 -23.4445
2016.2418 -34.6398
2016.2445 -29.9749
2016.2473 -29.9001
2016.2500 -31.2851
2016.2527 -29.5402
2016.2555 -31.4551
2016.2582 -32.2300
2016.2609 -23.3449
2016.2637 -25.4596
2016.2664 -27.8743
2016.2691 -30.8189
2016.2719 -18.6734
2016.2746 -22.2178
2016.2773 -28.1822
2016.2801 -24.8064
2016.2828 -27.6805
2016.2855 -30.0645
2016.2882 -25.4485
2016.2910 -27.5023
2016.2937 -24.7160
2016.2964 -24.8595
2016.2992 -27.0430
2016.3019 -30.9463
2016.3046 -27.6394
2016.3074 -29.4525
2016.3101 -31.1254
2016.3128 -29.0881
2016.3156 -25.9807
2016.3183 -29.0532
2016.3210 -35.6955
2016.3238 -41.9176
2016.3320 -23.6535
2016.3347 -31.6822
2016.3374 -26.7781
2016.6079 -26.6058
2016.6134 -31.8855
2016.6161 -31.2780
2016.6189 -53.4813
2016.6216 -37.7850
2016.6243 -34.6383
2016.6270 -34.4007
2016.6298 -45.3716
2016.6325 -31.8504
2016.6352 -31.0963
2016.6380 -27.6490
2016.6407 -30.4376
2016.6434 -29.7417
2016.6462 -29.4506
2016.6489 -22.7837
2016.6598 -26.4859
2016.6626 -24.7109
2016.6653 -28.1268
2016.6735 -20.7274
2016.6762 -30.2039
2016.6790 -16.0889
2016.6844 -27.8746
2016.6872 -34.0655
2016.6899 -26.0355
2016.6926 -32.2744
2016.6954 -7.0026
2016.6981 -8.3901
2016.7008 -21.4771
2016.7035 -2.2836
2016.7063 -19.1799
2016.7090 -23.1560
2016.7117 -18.9321
2016.7145 -21.9283
2016.7172 -28.0548
2016.7199 -27.3416
2016.7227 -21.2389
2016.7254 -22.2469
2016.7281 -22.8657
2016.7309 -24.6654
2016.7336 -26.8260
2016.7363 -23.7179
2016.7391 -14.4811
2016.7418 -21.7957
2016.7445 -19.9318
2016.7473 -31.9396
2016.7500 -23.0885
2016.7527 -20.7770
2016.7555 -27.4851
2016.7582 -19.9529
2016.7609 -22.8104
2016.7637 -20.5479
2016.7664 -17.3053
2016.7691 -19.2128
2016.7719 -20.6304
2016.7746 -25.4883
2016.7773 -23.1066
2016.7801 -24.8254
2016.7828 -29.5447
2016.7855 -24.9446
2016.7882 -25.2853
2016.7910 -27.9769
2016.7937 -25.4194
2016.7964 -34.4129
2016.7992 -34.5876
2016.8019 -26.3535
2016.8046 -26.3608
2016.8074 -27.7494
2016.8101 -25.8397
2016.8128 -25.2815
2016.8156 -32.5950
2016.8183 -27.5404
2016.8210 -26.2176
2016.8238 -24.5769
2016.8265 -24.3883
2016.8292 -22.6419
2016.8320 -27.3578
2016.8347 -34.0465
2016.8374 -33.3783
2016.8402 -28.5931
2016.8429 -32.4608
2016.8456 -30.0212
2016.8484 -31.8242
2016.8511 -31.3198
2016.8538 -34.5779
2016.8566 -37.4283
2016.8593 -35.3709
2016.8620 -31.9057
2016.8648 -31.1825
2016.8675 -33.4613
2016.8702 -35.5319
2016.8729 -30.3142
2016.8757 -30.8681
2016.8784 -31.7536
2016.8811 -31.4805
2016.8839 -29.6887
2016.8866 -31.5982
2016.8893 -29.0088
2016.8921 -33.6104
2016.8948 -30.6729
2016.8975 -25.6862
2016.9003 -29.4502
2016.9030 -32.3748
2016.9057 -28.6000
2016.9085 -32.3155
2016.9112 -30.2913
2016.9139 -30.4974
2016.9167 -29.1434
2016.9194 -31.7993
2016.9221 -31.6551
2016.9249 -22.8907
2016.9276 -33.8763
2016.9303 -31.3219
2016.9331 -29.0575
2016.9358 -33.6432
2016.9385 -32.8691
2016.9413 -31.1452
2016.9440 -29.1716
2016.9467 -28.2483
2016.9495 -32.8854
2016.9522 -32.2129
2016.9549 -31.3809
2016.9576 -32.0794
2016.9604 -31.1086
2016.9631 -31.5484
2016.9658 -33.6288
2016.9686 -31.4401
2016.9713 -30.9921
2016.9740 -32.9650
2016.9768 -32.6489
2016.9795 -34.4437
2016.9822 -31.6895
2016.9850 -29.1864
2016.9877 -32.6444
2016.9904 -32.3337
2016.9932 -29.6341
2016.9959 -34.3759
2016.9986 -30.9890
2017.0014 -32.9134
2017.0041 -33.5582
2017.0068 -34.4532
2017.0096 -29.9685
2017.0123 -30.6039
2017.0151 -31.4196
2017.0178 -30.1654
2017.0205 -31.3914
2017.0233 -29.4576
2017.0260 -30.3639
2017.0288 -30.4004
2017.0315 -29.0070
2017.0342 -31.6937
2017.0370 -29.8706
2017.0397 -30.4175
2017.0425 -34.6046
2017.0452 -33.0017
2017.0479 -33.0789
2017.0507 -33.2362
2017.0534 -29.9435
2017.0562 -30.4109
2017.0589 -31.2282
2017.0616 -30.4157
2017.0644 -28.6431
2017.0671 -27.3005
2017.0699 -29.4279
2017.0726 -27.6453
2017.0753 -27.6127
2017.0781 -25.2900
2017.0808 -26.5672
2017.0836 -25.0448
2017.0863 -28.3331
2017.0890 -25.6220
2017.0918 -28.9415
2017.0945 -30.3916
2017.0973 -30.4220
2017.1000 -29.1629
2017.1027 -31.1042
2017.1055 -31.0357
2017.1082 -24.3174
2017.1110 -18.9894
2017.1137 -22.4714
2017.1164 -23.6335
2017.1192 -24.8357
2017.1219 -24.3277
2017.1247 -24.7697
2017.1274 -25.6215
2017.1301 -24.7931
2017.1329 -27.8943
2017.1356 -27.3553
2017.1384 -27.0459
2017.1411 -23.9960
2017.1438 -28.2356
2017.1466 -26.3846
2017.1493 -29.2130
2017.1521 -29.1408
2017.1548 -27.8778
2017.1575 -28.4440
2017.1603 -27.2694
2017.1630 -28.6925
2017.1658 -32.5559
2017.1685 -29.9992
2017.1712 -24.8128
2017.1740 -26.6076
2017.1767 -31.4941
2017.1795 -25.7231
2017.1822 -26.3252
2017.1849 -30.4810
2017.1877 -20.0113
2017.1904 -25.6266
2017.1931 -24.4277
2017.1959 -21.2053
2017.1986 -23.1699
2017.2014 -27.5223
2017.2041 -24.1930
2017.2068 -20.6529
2017.2096 -26.8925
2017.2123 -25.4125
2017.2151 -18.9935
2017.2178 -21.7163
2017.2205 -26.5915
2017.2233 -22.0798
2017.2260 -27.2818
2017.2288 -23.2381
2017.2315 -27.9895
2017.2342 -35.7267
2017.2370 -25.9202
2017.2397 -21.5308
2017.2425 -14.4890
2017.2479 -29.9474
2017.2507 -16.6205
2017.2534 -25.7847
2017.2562 -28.0002
2017.2589 -25.9166
2017.2616 -22.7439
2017.2644 -20.9721
2017.2671 -21.9611
2017.2753 -6.8313
2017.2781 -20.5822
2017.2836 -16.3646
2017.2863 -5.8759
2017.2890 -38.0772
2017.2918 -30.5084
2017.2945 -24.5493
2017.2973 -23.4399
2017.3000 -19.1301
2017.3027 -26.4697
2017.3055 -22.3687
2017.3082 -25.9670
2017.3192 -22.9009
2017.3219 -24.3541
2017.3247 -23.0260
2017.3274 -24.0365
2017.3301 -25.2554
2017.3356 -20.8177
2017.6233 -34.3149
2017.6342 -27.5113
2017.6370 -25.3351
2017.6397 -21.5989
2017.6425 -33.7426
2017.6452 -28.5163
2017.6479 -25.6300
2017.6507 -29.5536
2017.6534 -25.4073
2017.6562 -36.7409
2017.6671 -34.3160
2017.6699 -38.2492
2017.7247 -28.7735
2017.7329 -38.0872
2017.7438 -20.5173
2017.7466 -20.9810
2017.7493 -23.9953
2017.7521 -28.6714
2017.7548 -21.7092
2017.7575 -27.8287
2017.7603 -18.7497
2017.7630 -25.6121
2017.7658 -23.6758
2017.7685 -19.7207
2017.7712 -25.2667
2017.7740 -23.3637
2017.7767 -24.0015
2017.7794 -26.1501
2017.7822 -19.8994
2017.7849 -26.9092
2017.7877 -25.9894
2017.7904 -29.7899
2017.7931 -29.8407
2017.7959 -29.6415
2017.7986 -28.5223
2017.8014 -25.9130
2017.8041 -25.9035
2017.8068 -21.7336
2017.8096 -18.0433
2017.8123 -22.8824
2017.8151 -26.8209
2017.8178 -26.5685
2017.8205 -23.2853
2017.8233 -20.4711
2017.8425 -25.3734
2017.8452 -26.7228
2017.8479 -34.3601
2017.8507 -29.3656
2017.8534 -12.3797
2017.8562 -16.0925
2017.8589 -23.4643
2017.8616 -19.3253
2018.0890 -20.7977
2018.0918 -25.9517
2018.0945 -21.7253
2018.0973 -24.6786
2018.1000 -19.5316
2018.1027 -24.6841
2018.3356 -24.3191
2018.3384 -25.4448
2018.3411 -24.1899
2018.3438 -23.1145
2018.3466 -18.6486
2018.5959 -18.7761
2018.5986 -41.4119
2018.6233 -11.4147
2018.6260 -22.9406
2018.6288 -22.8765
2018.6315 -19.2025
2018.6342 -23.0485
2018.6370 -24.4644
2018.6397 -27.4904
2018.6452 -22.0824
2018.6479 -38.4984
2018.6507 -43.7144
2018.6534 -36.1805
2018.6589 -30.0725
2018.6616 -19.1986
2018.6699 -23.5268
2018.6726 -20.0129
2018.6753 -21.2190
2018.6781 -20.3652
2018.6808 -16.4913
2018.6836 -14.0775
2018.6863 -28.7637
2018.6890 -6.4299
2018.6918 -24.4261
2018.6945 -20.8723
2018.6973 -20.5185
2018.7000 -24.0647
2018.7027 -23.0510
2018.7055 -26.5372
2018.7082 -23.9134
2018.7110 -26.6596
2018.7137 -25.5258
2018.7164 -22.9121
2018.7192 -23.7982
2018.7219 -27.9944
2018.7247 -26.7706
2018.7274 -25.9768
2018.7301 -25.7329
2018.7329 -26.1890
2018.7356 -32.6651
2018.7384 -30.5312
2018.7411 -24.8872
2018.7466 -24.0193
2018.7493 -26.7648
2018.7521 -24.6776
2018.7548 -22.7375
2018.7575 -27.3747
2018.7603 -27.9595
2018.7630 -27.1919
2018.7658 -24.4422
2018.7685 -17.0606
2018.7712 -24.7973
2018.7740 -25.1025
2018.7767 -24.5965
2018.7794 -25.5993
2018.7822 -26.3313
2018.7849 -22.4725
2018.7877 -24.2533
2018.7904 -27.4638
2018.7931 -28.8342
2018.7959 -13.8347
2018.7986 -24.7956
2018.8014 -23.5769
2018.8041 -23.5790
2018.8068 -25.6920
2018.8096 -27.4261
2018.8123 -25.2716
2018.8151 -14.8686
2018.8178 -22.9673
2018.8205 -23.0279
2018.8233 -18.5406
2018.8260 -21.6057
2018.8288 -20.7233
2018.8315 -18.4537
2018.8342 -29.9259
2018.8370 -24.7689
2018.8397 -21.9927
2018.8425 -22.3572
2018.8452 -23.5525
2018.8479 -23.0486
2018.8507 -25.7254
2018.8534 -27.4329
2018.8562 -18.3610
2018.8808 -22.3032
2018.9164 -17.9838
2019.9548 -28.4045
2019.9575 -27.8989
2019.9603 -29.1337
2019.9630 -30.2787
2019.9658 -29.6037
2019.9685 -28.9785
2019.9712 -26.0727
2019.9740 -28.5263
2019.9767 -23.7089
2019.9795 -23.8605
2019.9822 -23.1006
2019.9849 -24.9692
2019.9877 -22.1359
2019.9904 -23.5406
2019.9931 -23.2731
2019.9959 -22.2931
2019.9986 -26.3104
2020.0014 -24.6452
2020.0041 -24.5796
2020.0068 -19.0242
2020.0096 -17.2989
2020.0123 -18.6535
2020.0150 -24.5980
2020.0178 -23.6424
2020.0205 -17.5966
2020.0232 -18.5205
2020.0260 -23.7041
2020.0287 -25.8773
2020.0314 -25.8501
2020.0342 -29.7123
2020.0369 -24.9140
2020.0396 -15.0950
2020.0423 -24.6954
2020.0451 -24.4849
2020.0478 -30.0037
2020.0505 -25.1516
2020.0533 -25.7085
2020.0560 -25.6144
2020.0587 -26.6493
2020.0615 -27.3830
2020.0642 -25.2155
2020.0669 -17.7168
2020.0697 -25.0268
2020.0724 -26.5754
2020.0751 -19.8725
2020.0779 -27.7082
2020.0806 -24.4923
2020.0833 -28.2752
2020.0861 -24.0174
2020.0888 -25.9591
2020.0915 -20.3301
2020.0943 -19.8406
2020.0970 -24.5804
2020.0997 -27.4197
2020.1025 -22.7985
2020.1052 -24.8767
2020.1079 -28.9144
2020.1107 -27.1015
2020.1134 -23.1181
2020.1161 -26.9743
2020.1189 -25.0600
2020.1216 -24.0152
2020.1243 -24.9399
2020.1270 -22.2542
2020.1298 -26.7980
2020.1325 -26.7015
2020.1352 -29.7045
2020.1380 -22.2171
2020.1407 -24.3294
2020.1434 -23.3112
2020.1462 -23.9227
2020.1489 -27.0039
2020.1516 -25.8047
2020.1544 -22.5652
2020.1571 -22.6354
2020.1598 -27.2953
2020.1626 -16.5948
2020.1653 -20.9535
2020.1680 -25.5413
2020.1708 -22.6682
2020.1735 -18.8444
2020.1762 -17.1498
2020.1790 -25.0947
2020.1817 -24.0190
2020.1844 -24.0430
2020.1872 -24.2065
2020.1899 -22.2898
2020.1926 -20.5530
2020.1954 -14.7760
2020.1981 -13.9390
2020.2008 -11.9721
2020.2035 -12.7753
2020.2063 -15.6388
2020.2090 -23.2926
2020.2117 -24.2368
2020.2145 -22.0415
2020.2172 -20.7268
2020.2199 -23.0027
2020.2227 -25.2493
2020.2254 -21.0768
2020.2281 -19.2152
2020.2309 -17.9846
2020.2336 -15.6551
2020.2363 -20.1367
2020.2391 -18.6296
2020.2418 -18.0538
2020.2445 -15.3093
2020.2473 -25.1260
2020.2500 -21.0029
2020.2527 -23.4599
2020.2555 -20.2970
2020.2582 -25.4743
2020.2609 -22.0216
2020.2637 -18.4391
2020.2664 -15.0966
2020.2691 -16.0343
2020.2719 -19.4220
2020.2746 -22.8899
2020.2773 -19.0778
2020.2801 -26.0658
2020.2828 -25.4539
2020.2855 -25.8720
2020.2882 -29.8202
2020.2910 -28.8384
2020.2937 -27.1867
2020.2964 -30.2351
2020.2992 -33.9535
2020.3019 -36.2319
2020.3046 -23.2804
2020.3074 -23.4489
2020.3101 -22.6474
2020.3128 -24.4959
2020.3156 -20.8844
2020.3183 -20.1630
2020.3210 -19.4115
2020.3238 -23.3300
2020.3265 -24.0686
2020.3292 -23.5671
2020.3320 -28.5158
2020.3347 -22.9548
2020.3374 -25.0341
2020.3402 -25.8336
2020.3429 -27.6933
2020.3456 -32.5032
2020.3484 -29.0533
2020.3511 -27.2935
2020.3538 -27.3438
2020.3566 -27.5442
2020.3593 -9.8946
2020.3620 -27.3850
2020.3648 -27.5054
2020.3675 -25.9158
2020.3702 -29.3261
2020.3729 -29.9863
2020.3757 -30.9663
2020.3784 -27.9562
2020.3811 -28.5860
2020.3839 -27.8555
2020.3866 -26.9048
2020.3893 -22.0038
2020.3921 -24.0025
2020.3948 -23.4709
2020.3975 -24.2090
2020.4003 -22.9766
2020.4030 -26.4439
2020.4057 -28.2707
2020.4085 -22.5171
2020.4112 -22.2929
2020.6434 -23.2991
2020.6462 -22.5834
2020.6489 -20.1170
2020.6516 -24.6398
2020.6544 -29.3417
2020.6571 -33.1825
2020.6598 -28.9522
2020.6626 -31.5506
2020.6653 -25.1576
2020.6680 -29.0842
2020.6708 -27.9307
2020.6735 -28.7571
2020.6762 -29.2633
2020.6790 -23.9294
2020.6817 -24.5253
2020.6844 -16.0511
2020.6872 -24.9767
2020.6899 -19.3722
2020.6926 -24.1474
2020.6954 -27.2325
2020.6981 -28.0273
2020.7008 -23.8320
2020.7035 -32.7864
2020.7063 -35.5006
2020.7090 -27.7045
2020.7117 -29.3383
2020.7145 -34.1017
2020.7172 -30.4049
2020.7199 -25.9079
2020.7227 -31.8906
2020.7254 -26.5629
2020.7281 -22.0250
2020.7309 -23.3168
2020.7336 -17.0483
2020.7363 -21.2895
2020.7391 -24.7003
2020.7418 -26.8608
2020.7445 -27.2810
2020.7473 -25.2708
2020.7500 -22.9200
2020.7527 -22.0482
2020.7555 -20.3154
2020.7582 -21.6715
2020.7609 -22.1667
2020.7637 -19.3808
2020.7664 -25.3040
2020.7691 -22.6063
2020.7719 -19.0376
2020.7746 -19.3881
2020.7773 -23.9777
2020.7801 -26.4964
2020.7828 -28.2943
2020.7855 -24.3614
2020.7882 -25.7477
2020.7910 -26.7033
2020.7937 -32.1981
2020.7964 -29.9222
2020.7992 -28.7956
2020.8019 -33.7783
2020.8046 -31.7204
2020.8074 -30.6318
2020.8101 -23.0526
2020.8128 -11.3429
2020.8156 -18.8425
2020.8183 -25.9416
2020.8210 -18.0202
2020.8238 -21.9383
2020.8265 -28.4259
2020.8292 -28.5331
2020.8320 -31.9498
2020.8347 -18.3949
2020.8374 -32.2781
2020.8429 -23.3291
2020.8456 -25.8172
2020.8484 -34.9138
2020.8511 -27.7791
2020.8538 -30.0133
2020.8566 -19.9865
2020.8593 -23.6888
2020.8620 -23.5103
2020.8648 -19.6012
2020.8675 -18.8617
2020.8702 -24.3019
2020.8729 -26.3918
2020.8757 -28.5617
2020.8784 -35.3117
2020.8811 -44.0119
2020.8839 -41.4625
2020.8866 -40.1036
2020.8893 -31.4153
2020.8921 -35.8378
2020.8948 -19.7612
2020.8975 -34.0357
2020.9003 -36.2313
2020.9030 -35.4483
2020.9057 -41.2268
2020.9085 -50.4368
2020.9112 -50.5887
2020.9139 -40.2623
2020.9167 -53.1978
2020.9194 -39.2542
2020.9221 -39.5112
2020.9249 -42.7090
2020.9276 -40.3575
2020.9303 -37.0067
2020.9331 -46.6666
2020.9358 -43.7971
2022.0178 -24.3646
2022.0205 -19.1804
2022.0233 -22.6174
2022.0260 -15.9856
2022.0288 -19.9546
2022.0315 -22.1343
2022.0342 -23.2247
2022.0370 -24.9554
2022.0397 -25.5263
2022.0425 -23.0273
2022.0452 -21.3381
2022.0479 -23.3686
2022.0507 -22.3687
2022.0534 -23.1081
2022.0562 -20.3666
2022.0589 -21.3342
2022.0616 -23.6006
2022.0644 -23.9356
2022.0671 -21.9591
2022.0699 -27.4009
2022.0726 -25.3908
2022.0753 -29.0987
2022.0781 -27.9443
2022.0808 -19.2376
2022.0836 -23.6093
2022.0863 -29.8807
2022.0890 -28.6215
2022.0918 -27.8720
2022.0945 -28.4121
2022.0973 -20.7719
2022.1000 -35.6415
2022.1027 -30.4007
2022.1055 -41.3297
2022.1082 -31.9786
2022.1110 -23.8672
2022.1137 -18.8458
2022.1164 -25.6542
2022.1192 -25.9927
2022.1219 -25.7510
2022.1247 -27.6294
2022.1274 -30.5279
2022.1301 -28.9564
2022.1329 -28.2150
2022.1356 -27.3638
2022.1384 -30.8628
2022.1411 -16.3420
2022.1438 -25.4614
2022.1466 -25.6711
2022.1493 -29.9712
2022.1521 -28.1015
2022.1548 -26.5623
2022.1575 -25.5235
2022.1603 -28.0851
2022.1630 -29.5772
2022.1658 -25.9996
2022.1685 -28.1323
2022.1712 -27.4753
2022.1740 -24.3085
2022.1767 -25.0821
2022.1795 -21.9558
2022.1822 -26.6398
2022.1849 -20.9841
2022.1877 -24.0586
2022.1904 -22.6634
2022.1931 -24.6784
2022.1959 -23.5036
2022.1986 -24.5090
2022.2014 -25.7746
2022.2041 -26.2105
2022.2068 -23.9565
2022.2096 -17.0928
2022.2123 -13.0192
2022.2151 -21.3058
2022.2178 -17.7226
2022.2205 -25.4096
2022.2233 -17.0368
2022.2260 -18.8441
2022.2288 -16.8915
2022.2315 -27.3091
2022.2342 -24.5469
2022.2370 -25.0848
2022.2397 -24.4528
2022.2425 -23.7809
2022.2452 -24.4492
2022.2479 -21.2694
2022.2507 -21.4832
2022.2534 -20.9404
2022.2562 -23.9606
2022.2589 -24.6737
2022.2616 -30.1794
2022.2644 -24.2673
2022.3548 -37.5504
2022.3575 -47.5998
2022.3603 -46.3080
2022.3630 -44.6150
2022.3658 -43.2012
2022.3685 -34.7768
2022.3712 -33.4520
2022.3740 -33.3870
2022.3767 -36.6221
2022.3794 -29.4476
2022.3822 -31.6036
2022.3849 -33.8404
2022.3877 -31.1283
2022.3904 -31.5774
2022.3931 -38.4180
2022.3959 -36.8603
2022.3986 -36.2447
2022.4014 -40.4312
2022.4041 -36.9602
2022.4068 -42.1118
2022.4096 -41.9764
2022.4123 -42.9241
2022.4151 -30.3341
2022.4178 -33.1455
2022.4205 -28.2981
2022.4233 -21.3418
2022.4260 -19.7165
2022.4288 -19.1722
2022.4315 -19.4187
2022.4342 -17.0158
2022.4370 -26.8337
2022.4397 -24.5520
2022.4425 -9.6707
2022.4452 -13.1298
2022.4479 -13.1691
2022.4507 -16.4085
2022.4534 -20.0479
2022.4562 -17.5872
2022.4589 -18.1964
2022.4616 -19.1553
2022.4644 -16.3037
2022.4671 -11.2917
2022.4699 -13.5892
2022.4726 -7.9959
2022.4753 -6.0018
2022.4781 -6.9469
2022.4808 -3.8009
2022.4836 -1.2439
2022.4863 -4.6657
2022.4890 -5.9262
2022.4918 -11.2853
2022.4945 -8.0630
2022.4973 -12.8390
2022.5000 -13.0036
2022.5027 -15.9468
2022.5055 -15.9587
2022.5082 -13.9494
2022.5110 -15.1390
2022.5137 -18.4976
2022.5164 -12.1653
2022.5192 -15.9522
2022.5219 -13.1285
2022.5247 -9.6941
2022.5274 -10.7693
2022.5301 -8.4540
2022.5329 -10.9284
2022.5356 -15.4827
2022.5384 -29.1168
2022.5411 -28.9809
2022.5438 -28.8652
2022.5466 -31.2196
2022.8425 -31.5630
2022.8452 -29.5386
2022.8534 -28.9457
2022.8562 -23.8855
2022.8589 -24.2542
2022.8616 -24.6521
2022.8644 -23.4593
2022.8671 -20.0360
2022.8699 -15.5824
2022.8726 -19.6086
2022.8753 -16.9748
2022.8781 -22.2513
2022.8808 -15.7181
2022.8836 -30.2754
2022.8863 -14.7435
2022.8890 -20.7824
2022.8918 -19.0224
2022.8945 -13.8436
2022.8973 -17.6363
2022.9000 -20.3805
2022.9027 -21.6064
2022.9055 -17.4143
2022.9082 -25.4943
2022.9110 -16.5866
2022.9137 -25.7913
2022.9164 -24.1986
2022.9192 -22.2779
2022.9219 -20.4691
2022.9247 -20.5521
2022.9274 -26.9870
2022.9301 -22.7438
2022.9329 -20.9923
2022.9356 -21.3525
2022.9384 -24.5145
2022.9411 -20.0281
2022.9438 -22.1234
2022.9466 -25.7403
2022.9493 -23.0788
2022.9521 -22.9688
2022.9548 -23.9203
2022.9575 -22.5133
2022.9603 -25.7878
2022.9630 -24.6836
2022.9658 -22.0009
2022.9685 -25.7294
2022.9712 -30.2793
2022.9740 -26.1605
2022.9767 -29.1329
2022.9795 -25.9866
2022.9822 -27.1414
2022.9849 -29.9674
2022.9877 -27.3444
2022.9904 -28.8526
2022.9931 -29.4718
2022.9959 -32.3320
2022.9986 -31.2332
