2010.0205 -1.9997
2010.0233 -0.3541
2010.0260 -1.8796
2010.0288 -1.6961
2010.0315 0.0767
2010.0342 -1.6108
2010.0370 -5.0586
2010.0397 -1.9562
2010.0425 -1.3835
2010.0452 -0.4302
2010.0479 0.9640
2010.0507 0.2293
2010.0534 1.3959
2010.0562 0.3842
2010.0589 3.8644
2010.0616 -1.6033
2010.0644 -4.1087
2010.0671 -2.0513
2010.0699 -2.1911
2010.0726 1.3623
2010.0753 0.6291
2010.0781 -1.7705
2010.0808 -0.7061
2010.0836 0.2104
2010.0863 -3.4830
2010.0890 0.1037
2010.0918 -0.7994
2010.0945 -1.5125
2010.0973 -3.2454
2010.1000 -4.4182
2010.1027 -3.6810
2010.1055 -3.7536
2010.1082 -2.0362
2010.1110 -1.8988
2010.1137 -0.3013
2010.1164 0.2563
2010.1192 -3.0062
2010.1219 -5.8286
2010.1247 -6.1210
2010.1274 -6.1634
2010.1301 -3.0258
2010.1329 -3.5182
2010.1356 -4.8007
2010.1384 -2.2931
2010.1411 -4.3157
2010.1438 -3.7883
2010.1466 -1.7309
2010.1493 1.0064
2010.1521 0.2436
2010.1548 -0.4893
2010.1575 1.6477
2010.1603 -2.4554
2010.1630 -1.6386
2010.1658 -3.0518
2010.1685 1.2949
2010.1712 2.7917
2010.1740 -0.1916
2010.1767 -3.3848
2010.1795 -1.4481
2010.1822 0.8886
2010.1849 1.6553
2010.1877 0.9220
2010.1904 -1.1312
2010.1931 -2.4845
2010.1959 -3.0278
2010.1986 -3.0411
2010.2014 -0.4944
2010.2041 -3.9277
2010.2068 -4.2510
2010.2096 -5.8243
2010.2123 -2.1276
2010.2151 -5.8109
2010.2178 0.3858
2010.2205 -1.9874
2010.2233 -2.1507
2010.2260 -2.5440
2010.2288 -3.5172
2010.2315 -1.5505
2010.2342 -0.5937
2010.2370 -0.1470
2010.2397 -1.5802
2010.2425 0.8566
2010.2452 -2.4066
2010.2479 -1.8997
2010.2507 -1.0026
2010.2534 -2.1753
2010.2562 4.4322
2010.2589 -0.6002
2010.2616 1.2877
2010.2644 -3.9743
2010.2671 -1.9661
2010.2699 -2.0177
2010.2726 1.5508
2010.2753 1.8995
2010.2781 1.2383
2010.2808 -2.3126
2010.2836 1.5765
2010.2863 -3.8142
2010.2890 -0.8347
2010.2918 -2.2352
2010.2945 -3.0754
2010.2973 -5.1056
2010.3000 -2.6556
2010.3027 2.5145
2010.3055 1.3447
2010.3082 -0.0449
2010.3110 -1.8045
2010.3137 1.0061
2010.3164 1.7667
2010.3192 -1.1625
2010.3219 -0.7616
2010.3247 0.0993
2010.3274 -4.1696
2010.3301 -1.7583
2010.3329 -2.7856
2010.3356 -0.0112
2010.3384 -3.6653
2010.3411 -2.9879
2010.3438 -2.5191
2010.3466 -6.2289
2010.3493 -3.5374
2010.3521 -4.9447
2010.3548 -0.4508
2010.3575 -1.5257
2010.3603 -0.0695
2010.3630 -2.0724
2010.3658 -0.7442
2010.3685 2.4748
2010.3712 2.3447
2010.3740 4.5854
2010.3767 2.8968
2010.3794 2.1088
2010.3822 1.4115
2010.3849 0.1148
2010.3877 1.1285
2010.3904 -1.1173
2010.3931 1.0773
2010.3959 -0.2078
2010.3986 2.7574
2010.4014 8.7028
2010.4041 8.5583
2010.4068 3.0939
2010.4096 1.8196
2010.4123 4.6153
2010.4151 1.5315
2010.4178 2.8391
2010.4205 7.3779
2010.4233 4.8680
2010.4260 5.8392
2010.4288 1.6715
2010.4315 2.3350
2010.4342 1.5796
2010.4370 2.1052
2010.4397 3.1218
2010.4425 4.1895
2010.4452 5.1780
2010.4479 3.1675
2010.4507 1.0079
2010.4534 2.3591
2010.4562 2.8211
2010.4589 1.2439
2010.4616 2.7375
2010.4644 4.8118
2010.4671 5.4067
2010.4699 4.0024
2010.4726 5.3286
2010.4753 0.2354
2010.4781 1.7228
2010.4808 1.3407
2010.4836 3.7491
2010.4863 5.0079
2010.4890 5.9771
2010.4918 4.0867
2010.4945 0.8967
2010.4973 2.5976
2010.5000 4.1931
2010.5027 1.5634
2010.5055 3.2381
2010.5082 4.3069
2010.5110 2.7796
2010.5137 1.5256
2010.5164 0.1446
2010.5192 2.3464
2010.5219 1.4705
2010.5247 3.2965
2010.5274 3.4042
2010.5301 4.1631
2010.5329 9.0029
2010.5356 9.4433
2010.5384 6.6638
2010.5411 3.4642
2010.5438 5.6041
2010.5466 6.0331
2010.5493 8.7108
2010.5521 5.6269
2010.5548 5.9011
2010.5575 4.1430
2010.5603 5.5022
2010.5630 6.5284
2010.5658 7.6612
2010.5685 4.8402
2010.5712 3.4251
2010.5740 5.1256
2010.5767 0.2513
2010.5794 1.2118
2010.5822 4.5468
2010.5849 2.8962
2010.5877 -0.9197
2010.5904 2.0495
2010.5931 2.8442
2010.5959 2.7348
2010.5986 0.2617
2010.6014 -0.5048
2010.6041 2.2658
2010.6068 4.6339
2010.6096 7.6698
2010.6123 5.8239
2010.6151 7.1566
2010.6178 5.9483
2010.6205 8.5694
2010.6233 5.0402
2010.6260 5.8813
2010.6288 4.0328
2010.6315 1.9853
2010.6342 5.7492
2010.6370 6.1747
2010.6397 5.4124
2010.6425 10.2825
2010.6452 8.5555
2010.6479 1.1718
2010.6507 0.6218
2010.6534 2.1057
2010.6562 2.8242
2010.6589 3.8274
2010.6616 -0.7142
2010.6644 4.2499
2010.6671 2.7171
2010.6699 3.9549
2010.6726 3.2232
2010.6753 5.5020
2010.6781 -1.2389
2010.6808 1.2406
2010.6836 3.3305
2010.6863 3.7606
2010.6890 4.8810
2010.6918 5.1815
2010.6945 2.9122
2010.6973 1.8331
2010.7000 0.7440
2010.7027 -0.1351
2010.7055 1.0258
2010.7082 -1.0633
2010.7110 2.0774
2010.7137 2.8481
2010.7164 4.3885
2010.7192 2.4787
2010.7219 1.0587
2010.7247 -0.9816
2010.7274 -2.5523
2010.7301 -0.0434
2010.7329 -4.9849
2010.7356 -3.7669
2010.7384 -6.4694
2010.7411 -1.6224
2010.7438 -2.6561
2010.7466 -0.4104
2010.7493 -2.8452
2010.7521 -1.8802
2010.7548 -4.9652
2010.7575 -5.7902
2010.7603 -1.7452
2010.7630 -2.2003
2010.7658 0.8647
2010.7685 0.0096
2010.7712 -2.2955
2010.7740 -3.1205
2010.7767 -3.4357
2010.7794 -4.6308
2010.7822 -2.8859
2010.7849 -1.7210
2010.7877 -2.4362
2010.7904 -4.7713
2010.7931 -1.4965
2010.7959 -0.8317
2010.7986 0.6431
2010.8014 0.0880
2010.8041 -3.1972
2010.8068 1.0176
2010.8096 -3.4476
2010.8123 -1.4628
2010.8151 -1.1380
2010.8178 -1.7933
2010.8205 0.0915
2010.8233 -3.4737
2010.8260 -2.2789
2010.8288 0.5159
2010.8315 -0.8093
2010.8342 -1.8044
2010.8370 1.4008
2010.8397 -1.9538
2010.8425 -7.7681
2010.8452 -4.2023
2010.8479 -2.2364
2010.8507 -3.4604
2010.8534 -1.0944
2010.8562 0.9917
2010.8589 3.0777
2010.8616 0.0836
2010.8644 -1.0106
2010.8671 4.4650
2010.8699 2.5504
2010.8726 1.6956
2010.8753 -0.5294
2010.8781 1.5852
2010.8808 1.4194
2010.8836 4.3333
2010.8863 0.7467
2010.8890 2.3197
2010.8918 2.7921
2010.8945 4.1640
2010.8973 0.0953
2010.9000 0.8759
2010.9027 -1.0441
2010.9055 1.4252
2010.9082 1.2737
2010.9110 2.3114
2010.9137 3.0384
2010.9164 2.0335
2010.9192 3.0013
2010.9219 1.0213
2010.9247 -0.2462
2010.9274 -0.6906
2010.9301 -1.6016
2010.9329 -0.4387
2010.9356 -1.2015
2010.9384 -0.6795
2010.9411 -0.5122
2010.9438 0.5807
2010.9466 2.1398
2010.9493 0.5254
2010.9521 0.2980
2010.9548 -0.7520
2010.9575 -2.6940
2010.9603 0.2723
2010.9630 -1.2327
2010.9658 -1.6584
2010.9685 -1.0245
2010.9712 0.8295
2010.9740 -0.4959
2010.9767 -0.7003
2010.9795 0.2667
2010.9822 0.7656
2010.9849 2.6468
2010.9877 2.3908
2010.9904 -0.3921
2010.9931 3.4588
2010.9959 1.2737
2010.9986 2.6131
2011.0014 1.4569
2011.0041 3.6707
2011.0068 4.9842
2011.0096 -1.1528
2011.0123 2.9499
2011.0151 4.2723
2011.0178 3.4245
2011.0205 3.4567
2011.0233 3.9287
2011.0260 0.6609
2011.0288 1.8331
2011.0315 1.2855
2011.0342 -0.9019
2011.0370 2.6911
2011.0397 2.3044
2011.0425 2.8882
2011.0452 1.8026
2011.0479 1.4375
2011.0507 3.1031
2011.0534 3.6395
2011.0562 2.5167
2011.0589 5.3648
2011.0616 5.0438
2011.0644 3.1339
2011.0671 5.5451
2011.0699 4.2275
2011.0726 2.4011
2011.0753 5.0161
2011.0781 4.9424
2011.0808 4.5502
2011.0836 4.0288
2011.0863 5.2975
2011.0890 4.5263
2011.0918 3.3052
2011.0945 6.1942
2011.0973 3.1633
2011.1027 5.9216
2011.1055 2.7309
2011.1082 3.3003
2011.1110 2.6697
2011.1137 6.3692
2011.1164 3.7487
2011.1192 6.1483
2011.1219 4.7879
2011.1247 7.6976
2011.1274 4.3073
2011.1301 6.1270
2011.1329 9.3568
2011.1356 5.5666
2011.1384 7.8565
2011.1411 6.3363
2011.1438 8.8862
2011.1466 7.9160
2011.1493 8.8659
2011.1521 9.6858
2011.1548 5.0757
2011.1575 9.7556
2011.1603 6.2154
2011.1630 6.8553
2011.1658 8.9752
2011.1685 6.3753
2011.1712 5.2854
2011.1740 8.4356
2011.1767 3.8859
2011.1795 6.7262
2011.1822 4.5566
2011.1849 5.5771
2011.1877 6.3376
2011.1904 6.1981
2011.1931 3.7687
2011.1959 0.6993
2011.1986 0.5999
2011.2014 5.4505
2011.2041 3.0411
2011.2068 4.1818
2011.2096 0.8324
2011.2123 4.2830
2011.2151 4.6236
2011.2178 0.5742
2011.2205 3.1047
2011.2233 1.1652
2011.2260 1.0056
2011.2288 3.5860
2011.2315 1.2763
2011.2342 0.0366
2011.2370 2.1168
2011.2397 1.1669
2011.2425 2.0169
2011.2452 2.6169
2011.2479 0.6051
2011.2507 1.7101
2011.2534 0.9921
2011.2562 0.9613
2011.2589 1.8179
2011.2616 5.1422
2011.2644 5.6643
2011.2671 10.4545
2011.2699 5.0530
2011.2726 -0.8700
2011.2753 4.3958
2011.2781 5.1205
2011.2808 15.4743
2011.2836 7.8675
2011.2863 7.9403
2011.2890 5.1428
2011.2918 5.3854
2011.2945 7.3783
2011.2973 7.3415
2011.3000 3.2655
2011.3027 4.8103
2011.3055 5.3462
2011.3082 5.0134
2011.3110 6.0921
2011.3137 5.9226
2011.3164 5.6950
2011.3192 5.7996
2011.3219 5.1266
2011.3247 5.7862
2011.3274 4.3286
2011.3301 4.7641
2011.3329 6.5534
2011.3356 7.4963
2011.3384 5.6626
2011.3411 5.9719
2011.3438 5.3941
2011.3466 6.6088
2011.3493 6.2358
2011.3521 6.2248
2011.3548 9.0655
2011.3575 6.0877
2011.3603 8.7812
2011.3630 10.2755
2011.3658 11.1405
2011.3685 12.1459
2011.3712 7.4115
2011.3740 8.1368
2011.3767 9.5318
2011.3794 4.1761
2011.3822 6.1994
2011.3849 7.6716
2011.3877 9.2922
2011.3904 9.5811
2011.3931 8.9979
2011.3959 7.3825
2011.3986 7.2844
2011.4014 4.1336
2011.4041 11.6596
2011.4068 5.8223
2011.4096 7.3113
2011.4123 6.9764
2011.4151 9.0892
2011.4178 12.6511
2011.4205 9.9625
2011.4233 4.8731
2011.4260 6.5432
2011.4288 5.6828
2011.4315 5.1118
2011.4342 9.7604
2011.4370 8.2687
2011.4397 10.3266
2011.4425 10.4742
2011.4452 3.2716
2011.4479 3.2187
2011.4507 3.0958
2011.4534 3.5627
2011.4562 5.1696
2011.4589 7.0365
2011.4616 4.1134
2011.4644 8.2404
2011.5493 5.6163
2011.5521 6.4726
2011.6863 9.5983
2011.6890 8.8718
2011.6918 6.1152
2011.6945 4.9985
2011.6973 4.4917
2011.7000 2.1249
2011.7027 2.4079
2011.7055 2.1608
2011.7082 3.2936
2011.7110 0.7163
2011.7137 0.9590
2011.7164 0.8815
2011.7192 1.4739
2011.7219 2.5262
2011.7247 1.3984
2011.7274 6.0105
2011.7301 5.7225
2011.7329 2.3844
2011.7356 0.7362
2011.7384 3.6279
2011.7411 2.5294
2011.7438 1.3709
2011.7466 0.3722
2011.7493 1.2335
2011.7521 3.1747
2011.7548 0.5760
2011.7575 0.1073
2011.7603 4.1385
2011.7630 2.3398
2011.7658 1.7711
2011.7685 5.6523
2011.7712 6.0935
2011.7740 3.7347
2011.7767 4.1559
2011.7794 2.5370
2011.7822 3.2581
2011.7849 1.6591
2011.7877 0.9300
2011.7904 1.6410
2011.7931 5.5818
2011.7959 6.2026
2011.7986 9.3433
2011.8014 7.1739
2011.8041 6.6344
2011.8068 7.5749
2011.8096 2.0752
2011.8123 8.6254
2011.8151 8.0055
2011.8178 7.5856
2011.8205 6.4954
2011.8233 3.7852
2011.8260 5.9448
2011.8288 9.6643
2011.8315 10.5937
2011.8342 7.1525
2011.8370 3.0404
2011.8397 5.8474
2011.8425 6.9736
2011.8452 5.7091
2011.8479 3.3339
2011.8507 6.5880
2011.8534 7.0316
2011.8562 6.2648
2011.8589 8.7474
2011.8616 11.8097
2011.8644 8.2417
2011.8671 5.1433
2011.8699 8.2648
2011.8726 7.0162
2011.8753 1.5474
2011.8781 2.0987
2011.8808 4.3399
2011.8836 4.4613
2011.8863 4.2128
2011.8890 2.6745
2011.8918 5.8765
2011.8945 6.3088
2011.8973 2.4215
2011.9000 2.6447
2011.9027 4.9783
2011.9055 5.3326
2011.9082 9.0074
2011.9110 8.0130
2011.9137 8.9493
2011.9164 12.1764
2011.9192 8.5846
2011.9219 5.1438
2011.9247 4.3739
2011.9274 4.6248
2011.9301 5.7265
2011.9329 8.3789
2011.9356 8.6819
2011.9384 9.2754
2011.9411 2.4794
2011.9438 6.3338
2011.9466 7.0485
2011.9493 10.4335
2011.9521 11.0586
2011.9548 10.5539
2011.9575 12.7191
2011.9603 7.4043
2011.9630 6.6594
2011.9658 6.9643
2011.9685 8.7588
2011.9712 8.6831
2011.9740 7.9269
2011.9767 7.0402
2011.9795 11.6029
2011.9822 7.8849
2011.9849 7.9363
2011.9877 6.8868
2011.9904 8.1064
2011.9931 10.5951
2011.9959 7.8428
2011.9986 7.5394
2012.0014 5.0349
2012.0041 8.1499
2012.0068 5.3746
2012.0096 6.2489
2012.0123 7.0629
2012.0150 10.3565
2012.0178 9.1199
2012.0205 7.2930
2012.0232 7.5158
2012.0287 11.5606
2012.0314 6.9827
2012.0342 9.6846
2012.0369 10.3863
2012.0396 11.1478
2012.0423 8.4892
2012.0451 9.4704
2012.0478 8.8215
2012.0505 8.7226
2012.0533 9.9835
2012.0560 8.1243
2012.0587 11.2251
2012.0615 7.8859
2012.0642 6.7167
2012.0669 9.4074
2012.0697 8.4582
2012.0724 10.4790
2012.0751 10.4298
2012.0779 8.5707
2012.0806 7.1817
2012.0833 6.0021
2012.0861 8.0813
2012.0888 11.1493
2012.0915 8.6762
2012.0943 11.1923
2012.0970 10.4874
2012.0997 11.1119
2012.1025 9.7259
2012.1052 14.7893
2012.1079 11.9125
2012.1107 14.7954
2012.1134 9.6382
2012.1161 11.0010
2012.1189 11.1540
2012.1216 11.1672
2012.1243 8.5409
2012.1270 7.9350
2012.1298 7.9997
2012.1325 6.9451
2012.1352 8.0915
2012.1380 6.3088
2012.1407 12.0171
2012.1434 11.5667
2012.1462 8.9977
2012.1489 7.9001
2012.1516 8.2140
2012.1544 9.0896
2012.1571 11.5171
2012.1598 11.9065
2012.1626 11.0479
2012.1653 10.6717
2012.1680 10.1778
2012.1708 7.7560
2012.1735 11.9064
2012.1762 9.8387
2012.1790 10.2829
2012.1817 9.1489
2012.1844 13.4565
2012.1872 4.7858
2012.1899 8.8065
2012.1926 8.4985
2012.1954 9.8819
2012.1981 11.3663
2012.2008 16.1319
2012.2035 12.8783
2012.2063 12.1157
2012.2090 6.3337
2012.2117 2.1924
2012.2145 1.2017
2012.2172 0.0213
2012.2199 2.2613
2012.2227 0.7716
2012.2254 2.6619
2012.2281 2.9822
2012.2309 0.1025
2012.2336 6.7926
2012.2363 6.5924
2012.2391 8.0418
2012.2418 0.8607
2012.2445 -1.6211
2012.2473 -0.0632
2012.2500 4.6650
2012.2527 6.6535
2012.2555 8.6123
2012.2582 9.5413
2012.2609 5.9206
2012.2637 7.1300
2012.2664 7.3397
2012.2691 9.5595
2012.2719 7.5494
2012.2746 8.7795
2012.2773 12.2496
2012.2801 11.8999
2012.2828 11.5501
2012.2855 10.6204
2012.2882 10.5306
2012.2910 11.1109
2012.2937 9.8710
2012.2964 10.1811
2012.2992 7.0911
2012.3019 12.8210
2012.3046 13.7207
2012.3074 16.9702
2012.3101 16.1195
2012.3128 13.0686
2012.3156 10.6575
2012.3183 8.4061
2012.3210 5.6044
2012.3238 1.1023
2012.3265 0.1200
2012.3292 1.0972
2012.3320 2.7839
2012.3347 0.7800
2012.3374 0.4154
2012.3402 1.6402
2012.3429 0.0144
2012.3456 2.9580
2012.3484 1.5910
2012.3511 3.5033
2012.3538 3.7151
2012.3566 6.3263
2012.3593 7.1669
2012.3620 6.9070
2012.3648 10.1265
2012.3675 6.7954
2012.3702 7.0638
2012.3729 6.4316
2012.3757 2.9989
2012.3784 5.5256
2012.3811 4.2219
2012.3839 5.2376
2012.3866 8.1228
2012.3893 8.1275
2012.3921 7.1317
2012.3948 7.4254
2012.3975 7.2186
2012.4003 4.8413
2012.4030 4.0636
2012.4057 1.5054
2012.4085 2.5767
2012.4112 9.3076
2012.4139 6.6375
2012.4167 6.6843
2012.4194 9.6679
2012.4221 9.1586
2012.9303 15.1805
2012.9331 13.6632
2012.9358 12.4557
2012.9385 13.2183
2012.9413 12.9708
2012.9440 12.3033
2012.9467 10.3658
2012.9495 8.9382
2012.9522 10.2506
2012.9549 12.8930
2012.9576 13.6454
2012.9604 11.1878
2012.9631 12.9902
2012.9658 13.8526
2012.9686 9.4150
2012.9713 5.4674
2012.9740 12.0798
2012.9768 11.8122
2012.9795 13.7646
2012.9822 11.6471
2012.9850 12.1696
2012.9877 13.8621
2012.9904 15.0246
2012.9932 14.3572
2012.9959 14.6198
2012.9986 14.5125
2013.0014 14.0950
2013.0041 14.2570
2013.0068 9.6485
2013.0096 12.3696
2013.0123 13.1504
2013.0151 11.0110
2013.0178 12.2215
2013.0205 12.7819
2013.0233 11.9025
2013.0260 14.9833
2013.0288 12.0443
2013.0315 13.8557
2013.0342 14.8577
2013.0370 13.4702
2013.0397 13.3634
2013.0425 11.8274
2013.0452 12.0623
2013.0479 11.5282
2013.0507 10.9452
2013.0534 9.8234
2013.0562 9.8429
2013.0589 14.4437
2013.0616 10.5761
2013.0644 7.8400
2013.0671 12.4556
2013.0699 11.8430
2013.0726 11.8623
2013.0753 9.7936
2013.0781 15.6870
2013.0808 11.8226
2013.0836 13.1913
2013.0863 13.8338
2013.0890 12.9999
2013.0918 14.4296
2013.0945 15.1425
2013.0973 16.6085
2013.1000 14.4875
2013.1027 15.4293
2013.1055 16.1537
2013.1082 15.3805
2013.1110 15.3696
2013.1137 16.1507
2013.1164 15.0838
2013.1192 12.5086
2013.1219 15.0049
2013.1247 11.0827
2013.1274 10.5016
2013.1301 10.9216
2013.1329 10.9325
2013.1356 12.8641
2013.1384 12.2062
2013.1411 11.5086
2013.1438 12.7712
2013.1466 7.0238
2013.1493 12.2263
2013.1521 11.8684
2013.1548 15.6999
2013.1575 16.2908
2013.1603 16.7908
2013.1630 13.4899
2013.1658 14.4689
2013.1685 15.0579
2013.1712 15.3370
2013.1740 10.2360
2013.1767 10.1750
2013.1795 11.0941
2013.1822 9.9031
2013.1849 10.0322
2013.1877 11.0113
2013.1904 10.0704
2013.1931 8.3795
2013.1959 10.7185
2013.1986 10.8777
2013.2014 10.4568
2013.2041 9.7659
2013.2068 9.4051
2013.2096 13.2942
2013.2123 12.0034
2013.2151 14.7425
2013.2178 12.3117
2013.2205 11.2809
2013.2233 8.5101
2013.2260 10.1293
2013.2288 14.6385
2013.2315 14.2678
2013.2342 14.9070
2013.2370 16.0362
2013.2397 12.9455
2013.2425 11.7948
2013.2452 14.6740
2013.2479 13.2836
2013.2507 12.5239
2013.2534 12.8047
2013.2562 11.3559
2013.2589 12.5976
2013.2616 12.3397
2013.2644 15.2021
2013.2671 15.8947
2013.2699 12.4675
2013.2726 16.4404
2013.2753 13.5834
2013.2781 9.3664
2013.2808 11.4393
2013.2836 10.9321
2013.2863 12.6447
2013.2890 14.5171
2013.2918 12.6891
2013.2945 13.2908
2013.2973 13.9220
2013.3000 10.2528
2013.3027 10.1529
2013.3055 12.2525
2013.3082 11.9914
2013.3110 9.9695
2013.3137 13.8669
2013.3164 12.5033
2013.3192 12.1589
2013.3219 11.7934
2013.3247 13.3369
2013.3274 13.1593
2013.3301 13.5801
2013.3329 16.2469
2013.3356 13.6996
2013.3384 8.9883
2013.3411 7.4632
2013.3438 10.3445
2013.3466 9.9225
2013.3493 12.3274
2013.3521 12.2993
2013.3548 13.9685
2013.3575 17.1353
2013.3603 13.9398
2013.3630 12.9822
2013.3658 14.1427
2013.3685 15.4516
2013.4151 17.5774
2013.4507 18.8469
2013.4534 19.5872
2013.4562 14.2976
2013.4589 16.2982
2013.4616 16.7990
2013.4644 20.2400
2013.4671 17.2012
2013.4699 14.8028
2013.4726 13.2047
2013.4753 14.4869
2013.4781 15.1196
2013.4808 15.2227
2013.4836 14.7062
2013.4863 13.9203
2013.4890 9.4749
2013.4918 5.4501
2013.4945 5.2259
2013.4973 7.8424
2013.5000 12.1496
2013.5027 9.3876
2013.5055 12.1563
2013.5082 11.3457
2013.5110 11.5357
2013.5137 14.9965
2013.5164 12.9978
2013.5192 9.7197
2013.5219 14.1923
2013.5247 18.2053
2013.5274 12.6489
2013.5301 10.0830
2013.5329 7.1075
2013.5356 9.6925
2013.5384 8.0979
2013.5411 10.0538
2013.5438 12.0399
2013.5466 10.0065
2013.5493 11.7733
2013.5521 14.0405
2013.5548 14.5879
2013.5575 13.8955
2013.5603 15.7834
2013.5630 9.7015
2013.5658 12.5997
2013.5685 9.5481
2013.6096 8.3883
2013.6123 11.0289
2013.6151 5.9396
2013.6178 10.2105
2013.6205 12.6515
2013.6233 12.5926
2013.6260 10.5338
2013.6288 9.3851
2013.6315 10.1165
2013.6342 9.1181
2013.6370 10.2397
2013.6397 8.4214
2013.6425 7.6832
2013.6452 10.4651
2013.6479 6.4770
2013.6507 8.3191
2013.6534 10.5911
2013.6562 9.8533
2013.6589 8.3755
2013.6616 7.1477
2013.6644 5.8800
2013.6671 7.6930
2013.6699 9.3475
2013.6726 7.6332
2013.6753 5.6802
2013.6781 5.3382
2013.6808 7.9171
2013.6836 8.8969
2013.6863 6.3375
2013.6890 2.5586
2013.6918 11.0403
2013.6945 6.0523
2013.6973 9.9446
2013.7000 4.9970
2013.7027 4.2195
2013.7055 7.8619
2013.7082 9.1741
2013.7110 5.5660
2013.7137 9.8075
2013.7164 12.8484
2013.7192 8.8287
2013.7219 10.7382
2013.7247 9.6169
2013.7274 9.9145
2013.7301 12.9210
2013.7329 8.6263
2013.7356 8.9002
2013.7384 8.0627
2013.7411 7.8636
2013.7438 12.2528
2013.7466 11.9002
2013.7493 13.0758
2013.7521 9.0799
2013.7548 11.6928
2013.7575 7.5843
2013.7603 11.0947
2013.7630 10.1439
2013.7658 8.7420
2013.7685 13.5290
2013.7712 13.3251
2013.7740 14.3502
2013.7767 14.5544
2013.7794 15.0877
2013.7822 15.4603
2013.7849 12.5722
2013.7877 12.7933
2013.7904 11.5639
2013.7931 12.9139
2013.7959 10.0933
2013.7986 13.2523
2013.8014 12.0608
2013.8041 11.1890
2013.8068 11.9369
2013.8096 12.7346
2013.8123 13.3920
2013.8151 11.2593
2013.8178 15.0164
2013.8205 12.8636
2013.8233 15.2907
2013.8260 17.0879
2013.8288 14.7752
2013.8315 14.6627
2013.8342 13.6502
2013.8370 15.6075
2013.8397 16.5047
2013.8425 17.5118
2013.8452 18.9487
2013.8479 15.4655
2013.8507 13.2421
2013.8534 16.5785
2013.8562 15.1649
2013.8589 21.6010
2013.8616 15.8170
2013.8644 15.2528
2013.8671 18.1084
2013.8699 14.3339
2013.8726 12.5792
2013.8753 14.7344
2013.8781 14.1594
2013.8808 14.7942
2013.8836 15.6088
2013.8863 14.4432
2013.8890 19.3575
2013.8918 16.6716
2013.8945 15.8455
2013.8973 15.9892
2013.9000 16.0627
2013.9027 16.8260
2013.9055 13.6891
2013.9082 11.4521
2013.9110 14.1148
2013.9137 12.3473
2013.9164 13.3495
2013.9192 12.3697
2013.9219 13.3680
2013.9247 13.8945
2013.9274 14.2193
2013.9301 11.0426
2013.9329 12.2146
2013.9356 12.6353
2013.9384 12.4050
2013.9411 11.9437
2013.9438 14.2217
2013.9466 14.4691
2013.9493 13.7459
2013.9521 14.4525
2013.9548 16.6088
2013.9575 14.7552
2013.9603 13.8916
2013.9630 13.6183
2013.9658 12.3455
2013.9685 16.2932
2013.9712 15.6616
2013.9740 16.4009
2013.9767 14.6812
2013.9795 15.8926
2013.9822 16.7953
2013.9849 14.2395
2013.9877 19.2953
2013.9904 14.7829
2013.9931 16.4023
2013.9959 14.6738
2013.9986 14.2975
2014.0014 17.0534
2014.0041 14.3705
2014.0068 13.1287
2014.0096 15.2779
2014.0123 16.4882
2014.0151 16.1995
2014.0178 12.8117
2014.0205 11.8549
2014.0233 15.7390
2014.0260 14.3541
2014.0288 13.1400
2014.0315 15.3267
2014.0342 20.3043
2014.0370 16.7026
2014.0397 18.2318
2014.0425 16.0117
2014.0452 13.0123
2014.0479 16.3437
2014.0507 16.6457
2014.0534 15.1883
2014.0562 19.4816
2014.0589 11.7755
2014.0616 13.7100
2014.0644 16.9450
2014.0671 19.0706
2014.0699 14.9066
2014.0726 15.8131
2014.0753 15.6501
2014.0781 18.5676
2014.0808 17.4754
2014.0836 16.6336
2014.0863 18.1623
2014.0890 15.3715
2014.0918 18.9410
2014.0945 17.1808
2014.0973 18.7810
2014.1000 15.3315
2014.1027 14.8423
2014.1082 18.6845
2014.1110 19.3259
2014.1137 20.0974
2014.4644 17.8116
2014.4671 18.4247
2014.4699 17.3177
2014.4726 16.6007
2014.4753 15.1738
2014.4781 16.6069
2014.4808 14.8499
2014.4836 16.4930
2014.4863 20.5661
2014.4890 20.0092
2014.4918 19.7323
2014.4945 16.0855
2014.4973 19.8886
2014.5000 18.7219
2014.5027 17.9854
2014.5055 16.5590
2014.5082 18.5226
2014.5110 23.4264
2014.5137 16.3503
2014.5164 16.2043
2014.5192 22.5284
2014.5219 22.0925
2014.5247 19.9366
2014.5274 17.8208
2014.5301 14.8251
2014.5329 18.7293
2014.5356 16.2536
2014.5384 15.3578
2014.5411 11.1921
2014.5438 11.9663
2014.5466 12.2205
2014.5493 15.2146
2014.5521 14.2387
2014.5548 15.9927
2014.5575 12.9766
2014.5603 19.6504
2014.5630 19.7641
2014.5658 18.0877
2014.5685 20.5712
2014.5712 15.1645
2014.5740 10.5677
2014.5767 11.9907
2014.5794 16.9135
2014.6041 17.0611
2014.6068 18.7847
2014.6096 19.4670
2014.6123 16.0582
2014.6205 16.6866
2014.6233 18.5649
2014.6260 20.0630
2014.6342 18.4468
2014.6370 20.1652
2014.6452 17.3242
2014.6479 15.2857
2014.6534 12.9523
2014.6562 11.3978
2014.6589 16.3849
2014.6616 13.1339
2014.6644 21.1549
2014.6945 14.7991
2014.6973 20.0950
2014.7000 16.9012
2014.7027 17.4476
2014.7055 17.6343
2014.7082 17.6512
2014.7110 19.6983
2014.7137 20.1356
2014.7164 22.0131
2014.7192 15.4008
2014.7219 18.1786
2014.7247 18.3067
2014.7274 19.8348
2014.7301 15.1631
2014.7329 20.4615
2014.7356 18.0000
2014.7384 18.3887
2014.7411 19.8874
2014.7438 16.2862
2014.7466 22.2750
2014.7493 18.9743
2014.7521 19.1365
2014.7548 23.8617
2014.7575 24.6996
2014.7603 23.2499
2014.7630 22.0423
2014.7658 18.3066
2014.7685 21.5425
2014.7712 19.3797
2014.7740 20.3380
2014.7767 19.0370
2014.7794 18.4664
2014.7822 19.1961
2014.7849 21.3857
2014.7877 20.0049
2014.7904 20.1535
2014.7931 18.5711
2014.7959 15.9876
2014.7986 19.4026
2014.8014 15.0658
2014.8041 17.1270
2014.8068 16.7859
2014.8096 16.2322
2014.8123 19.8956
2014.8151 21.6359
2014.8178 22.3328
2014.8205 19.8659
2014.8233 18.0551
2014.8260 25.2000
2014.8288 20.0604
2014.8315 22.4560
2014.8342 20.6187
2014.8370 21.6007
2014.8397 15.5121
2014.8425 17.1229
2014.8452 15.3831
2014.8479 13.7427
2014.8507 15.8818
2014.8534 17.1604
2014.8562 17.3885
2014.8589 14.2062
2014.8616 18.7035
2014.8644 15.2804
2014.8671 19.4469
2014.8699 16.2232
2014.8726 14.3691
2014.8753 15.8748
2014.8781 18.0503
2014.8808 13.1855
2014.8836 15.2206
2014.8863 15.5356
2014.8890 14.0104
2014.8918 17.1052
2014.8945 13.5199
2014.8973 16.0747
2014.9000 15.5294
2014.9027 10.9042
2014.9055 17.2190
2014.9082 18.9340
2014.9110 19.7090
2014.9137 19.2543
2014.9164 18.8097
2014.9192 23.2550
2014.9219 18.4700
2014.9247 18.6549
2014.9274 19.3697
2014.9301 20.1943
2014.9329 21.2788
2014.9356 25.6033
2014.9384 21.1276
2014.9411 23.0719
2014.9438 21.2761
2014.9466 20.0403
2014.9493 17.5044
2014.9521 21.2086
2014.9548 23.4828
2014.9575 21.2870
2014.9603 17.0213
2014.9630 22.9057
2014.9658 18.5201
2014.9685 22.7846
2014.9712 16.8293
2014.9740 20.6441
2014.9767 19.0390
2014.9795 21.0141
2014.9822 21.4794
2014.9849 18.1249
2014.9877 21.6106
2014.9904 18.1066
2014.9931 15.8528
2014.9959 17.6593
2014.9986 18.0860
2015.0014 16.9133
2015.0041 21.9122
2015.0068 22.4728
2015.0096 22.4851
2015.0123 18.1189
2015.0151 18.0641
2015.0178 18.9706
2015.0205 19.3683
2015.0233 19.1671
2015.0260 19.6669
2015.0288 18.2377
2015.0315 21.1191
2015.0342 19.0213
2015.0370 17.1341
2015.0397 17.4873
2015.0425 18.7808
2015.0452 16.8946
2015.0479 16.6386
2015.0507 23.6726
2015.0534 24.2865
2015.0562 22.9103
2015.0589 19.1338
2015.0616 19.5969
2015.0644 20.0395
2015.0671 21.8716
2015.0699 24.7129
2015.0726 19.1934
2015.0753 19.4130
2015.0781 23.1416
2015.0808 21.8591
2015.0836 22.2649
2015.0863 22.4787
2015.0890 18.1607
2015.0918 24.0110
2015.0945 21.6397
2015.0973 26.6071
2015.1000 20.5532
2015.1027 20.7483
2015.1055 16.3725
2015.1082 22.6060
2015.1110 19.2389
2015.1137 20.8013
2015.1164 21.2835
2015.1192 20.4356
2015.1219 23.6177
2015.1247 26.0200
2015.1274 24.3827
2015.1301 24.3660
2015.1329 23.9199
2015.1356 21.5246
2015.1384 23.8304
2015.1411 21.9573
2015.1438 22.0555
2015.1466 23.5052
2015.1493 20.0265
2015.1521 19.7696
2015.1548 22.1946
2015.1575 20.0618
2015.1603 22.0712
2015.1630 22.1731
2015.1658 20.0084
2015.1685 18.9971
2015.1712 21.6489
2015.1740 22.6138
2015.1767 26.5216
2015.1795 22.0623
2015.1822 23.5157
2015.1849 23.8517
2015.1877 21.5000
2015.1904 20.5107
2015.1931 23.8036
2015.1959 23.7686
2015.1986 26.3554
2015.2014 24.6641
2015.2041 21.6745
2015.2068 19.9964
2015.2096 22.0197
2015.2123 24.7843
2015.2151 25.6301
2015.2178 21.1269
2015.2205 23.2947
2015.2233 25.5932
2015.2260 21.3824
2015.2288 22.1021
2015.2315 22.4622
2015.2342 19.1626
2015.2370 23.0931
2015.2397 22.7637
2015.2425 22.1441
2015.2452 24.5444
2015.2479 19.4060
2015.2507 18.6108
2015.2534 22.4884
2015.2562 20.4985
2015.2589 19.7111
2015.2616 20.5758
2015.2644 16.8725
2015.2671 17.2008
2015.4671 15.7628
2015.4699 15.7972
2015.4753 15.9506
2015.4781 14.8800
2015.4808 16.4115
2015.4836 20.8453
2015.4863 16.0015
2015.4890 17.7605
2015.4918 19.4624
2015.4945 14.0074
2015.5000 9.3239
2015.5274 12.4934
2015.5301 8.2250
2015.5356 13.0894
2015.5384 14.1021
2015.5411 10.3953
2015.5849 16.4113
2015.5877 7.3130
2015.5904 18.3151
2015.5959 19.0503
2015.5986 5.3634
2015.6205 19.1250
2015.6260 19.8637
2015.6288 23.0880
2015.6370 20.6702
2015.6397 16.9439
2015.6562 16.9910
2015.6699 14.1835
2015.6726 16.2415
2015.6753 20.3786
2015.6836 15.7454
2015.6863 17.6898
2015.6890 20.3636
2015.6918 15.0270
2015.6945 17.7900
2015.6973 16.4528
2015.7000 19.9453
2015.7027 19.9177
2015.7055 23.5101
2015.7082 20.1024
2015.7110 21.6549
2015.7137 21.2274
2015.7164 21.2703
2015.7192 24.0134
2015.7219 29.0869
2015.7247 21.9109
2015.7274 21.8854
2015.7301 21.1705
2015.7329 18.3963
2015.7356 20.3528
2015.7384 18.8102
2015.7411 21.0384
2015.7438 24.6477
2015.7466 20.0180
2015.7493 20.7996
2015.7521 18.9035
2015.7548 19.5798
2015.7575 19.9682
2015.7603 21.1887
2015.7630 23.8310
2015.7658 20.1249
2015.7685 19.3104
2015.7740 18.4750
2015.7767 21.6039
2015.7794 13.3837
2015.7822 14.7440
2015.7849 13.9349
2015.7877 15.7160
2015.7904 17.5973
2015.7931 20.8585
2015.7959 19.3995
2015.7986 23.5301
2015.8014 28.2902
2015.8041 20.3496
2015.8068 19.6181
2015.8096 20.3955
2015.8123 20.3217
2015.8151 20.5664
2015.8178 17.3797
2015.8205 19.2511
2015.8233 20.1807
2015.8260 20.3182
2015.8288 18.2934
2015.8315 20.7662
2015.8342 16.5077
2015.8370 19.7289
2015.8397 21.4400
2015.8425 20.4308
2015.8452 17.9915
2015.8479 20.1319
2015.8507 19.5021
2015.8534 19.4020
2015.8562 17.7118
2015.8589 15.8312
2015.8616 20.7705
2015.8644 18.5894
2015.8671 19.3681
2015.8699 16.6966
2015.8726 19.4347
2015.8753 19.0225
2015.8781 17.9201
2015.8808 20.9774
2015.8836 24.3743
2015.8863 21.8610
2015.8890 22.4073
2015.8918 23.3133
2015.8945 24.5589
2015.8973 22.4642
2015.9000 20.7492
2015.9027 21.5738
2015.9055 21.1480
2015.9082 19.3419
2015.9110 23.6954
2015.9137 23.5485
2015.9164 20.6012
2015.9192 24.1039
2015.9219 23.3064
2015.9247 20.3089
2015.9274 18.9314
2015.9301 21.0837
2015.9329 21.7560
2015.9356 20.4683
2015.9384 18.6604
2015.9411 15.9126
2015.9438 19.3446
2015.9466 19.6866
2015.9493 15.7186
2015.9521 18.5605
2015.9548 19.5224
2015.9575 17.5442
2015.9603 17.4260
2015.9630 16.7778
2015.9658 21.2095
2015.9685 19.0612
2015.9712 16.0928
2015.9740 18.4445
2015.9767 18.9961
2015.9795 15.1977
2015.9822 18.7992
2015.9849 22.0008
2015.9877 22.3723
2015.9904 19.8938
2015.9931 21.4753
2015.9959 21.7168
2015.9986 19.9683
2016.0014 20.6495
2016.0041 20.6990
2016.0068 21.2266
2016.0096 20.3327
2016.0123 17.4872
2016.0150 17.6606
2016.0178 14.2229
2016.0205 13.3544
2016.0232 15.3053
2016.0260 17.1257
2016.0287 15.7359
2016.0314 17.5061
2016.0342 16.5765
2016.0369 17.4172
2016.0396 19.2185
2016.0423 15.4606
2016.0451 18.1236
2016.0478 17.0578
2016.0505 16.5834
2016.0533 15.7105
2016.0560 18.6294
2016.0587 17.1103
2016.0615 18.5734
2016.0642 16.1088
2016.0669 14.9968
2016.0697 14.3176
2016.0724 16.6314
2016.0751 16.8483
2016.0779 19.8386
2016.0806 18.5824
2016.0833 21.1887
2016.0861 19.5456
2016.0888 19.7131
2016.0915 19.1211
2016.0943 19.4397
2016.0970 18.8987
2016.0997 18.7882
2016.1025 20.5682
2016.1052 17.9085
2016.1079 19.3791
2016.1107 20.7301
2016.1134 19.4413
2016.1161 21.5528
2016.1189 19.6746
2016.1216 16.2465
2016.1243 21.0385
2016.1270 21.5706
2016.1298 20.1329
2016.1325 22.2851
2016.1352 23.5174
2016.1380 24.0496
2016.1407 27.8618
2016.1434 24.3839
2016.1462 22.2258
2016.1489 23.1176
2016.1516 20.0292
2016.1544 22.9406
2016.1571 21.9717
2016.1598 24.7724
2016.1626 20.2329
2016.1653 16.6233
2016.1680 12.4837
2016.1708 16.1240
2016.1735 16.9644
2016.1762 19.8147
2016.1790 18.4250
2016.1817 21.7053
2016.1844 15.9456
2016.1872 15.6958
2016.1899 17.7761
2016.1926 18.5363
2016.1954 17.6066
2016.1981 20.6268
2016.2008 21.0770
2016.2035 18.3672
2016.2063 20.0874
2016.2090 21.2076
2016.2117 11.7778
2016.2145 19.9879
2016.2172 16.2981
2016.2199 17.6682
2016.2227 17.0084
2016.2254 19.3185
2016.2281 21.2086
2016.2309 19.4787
2016.2336 18.6889
2016.2363 24.1890
2016.2391 19.9091
2016.2418 16.9492
2016.2445 18.8693
2016.2473 18.8883
2016.2500 16.7436
2016.2527 17.0355
2016.2555 17.9142
2016.2582 16.8798
2016.2609 20.9528
2016.2637 17.6233
2016.2664 19.3317
2016.2691 22.1582
2016.2719 22.7429
2016.2746 21.3063
2016.2773 20.2086
2016.2801 21.5600
2016.2828 19.5908
2016.2855 17.6513
2016.2882 18.9617
2016.2910 19.0422
2016.2937 20.7033
2016.2964 21.1650
2016.2992 21.2177
2016.3019 15.2216
2016.3046 15.3970
2016.3074 14.0242
2016.3101 18.0134
2016.3128 17.5548
2016.3156 20.3088
2016.3183 27.0457
2016.3210 17.9356
2016.3238 17.3788
2016.3265 19.1956
2016.3292 20.2063
2016.3320 18.4553
2016.3347 23.4744
2016.3374 23.1629
2016.3866 23.7002
2016.3893 23.2686
2016.7418 22.7743
2016.7445 21.8673
2016.7473 24.7273
2016.8210 19.5133
2016.8238 18.6876
2016.8265 18.1963
2016.8292 21.5392
2016.8320 22.3360
2016.8347 19.6891
2016.8374 19.6900
2016.8402 19.8989
2016.8429 17.9558
2016.8456 19.3707
2016.8484 19.0339
2016.8511 19.0553
2016.8538 15.7650
2016.8566 10.7532
2016.8593 15.6599
2016.8620 16.3152
2016.8648 17.1393
2016.8675 16.3821
2016.8702 13.6538
2016.8729 16.5945
2016.8757 18.2142
2016.8784 17.6231
2016.8811 18.5712
2016.8839 19.8786
2016.8866 15.6955
2016.8893 22.8918
2016.8921 18.7777
2016.8948 18.6233
2016.8975 16.1486
2016.9003 17.5838
2016.9030 15.1489
2016.9057 17.0440
2016.9085 16.3793
2016.9112 17.8147
2016.9139 16.8705
2016.9167 19.8165
2016.9194 15.2229
2016.9221 15.3996
2016.9249 16.0565
2016.9276 15.4436
2016.9303 16.1008
2016.9331 16.8882
2016.9358 16.4656
2016.9385 15.2930
2016.9413 16.4005
2016.9440 18.0479
2016.9467 16.9953
2016.9495 15.9425
2016.9522 16.9295
2016.9549 16.6264
2016.9576 16.9330
2016.9604 17.9894
2016.9631 15.2554
2016.9658 11.4411
2016.9686 16.6064
2016.9713 17.2412
2016.9740 13.6257
2016.9768 13.5696
2016.9795 14.0929
2016.9822 14.8457
2016.9850 17.7878
2016.9877 15.1493
2016.9904 16.0201
2016.9932 15.7702
2016.9959 13.2194
2016.9986 17.0479
2017.0014 15.6455
2017.0041 13.5325
2017.0068 12.2789
2017.0096 17.0849
2017.0123 15.4004
2017.0151 14.2655
2017.0178 15.5501
2017.0205 15.6944
2017.0233 20.4084
2017.0260 17.5821
2017.0288 17.9555
2017.0315 18.6486
2017.0342 18.0115
2017.0370 17.9542
2017.0397 19.5968
2017.0425 14.6793
2017.0452 16.5616
2017.0479 16.7439
2017.0507 16.7562
2017.0534 19.9184
2017.0562 19.0007
2017.0589 18.7231
2017.0616 18.7055
2017.0644 18.5081
2017.0671 22.2208
2017.0699 22.3037
2017.0726 21.0068
2017.0753 21.0401
2017.0781 20.9037
2017.0808 22.4576
2017.0836 24.8018
2017.0863 20.9662
2017.0890 22.2007
2017.0918 20.5154
2017.0945 19.7204
2017.0973 18.9756
2017.1000 19.0410
2017.1027 17.4367
2017.1055 21.4626
2017.1082 23.4988
2017.1110 21.4252
2017.1137 19.0620
2017.1164 24.7691
2017.1192 20.5665
2017.1219 22.3442
2017.1247 23.3622
2017.1274 22.4506
2017.1301 20.9393
2017.1329 19.3084
2017.1356 18.4479
2017.1384 18.4378
2017.1411 20.3180
2017.1438 20.1087
2017.1466 21.3298
2017.1493 19.2813
2017.1521 17.2433
2017.1548 18.0257
2017.1575 18.4486
2017.1603 20.6019
2017.1630 20.6577
2017.1658 15.5266
2017.1685 19.0295
2017.1712 20.7553
2017.1740 20.8633
2017.1767 17.0423
2017.1795 19.6916
2017.1822 22.4401
2017.1849 19.5370
2017.1877 25.7413
2017.1904 20.2320
2017.1931 22.6983
2017.1959 23.3992
2017.1986 22.1938
2017.2014 19.6911
2017.2041 21.0902
2017.2068 23.8302
2017.2096 19.2501
2017.2123 19.4390
2017.2151 20.2360
2017.2178 23.8101
2017.2205 23.7904
2017.2233 19.9260
2017.2260 16.7459
2017.2288 20.0493
2017.2315 19.9551
2017.2342 22.3124
2017.2370 25.4003
2017.2397 27.9279
2017.2425 22.0643
2017.2452 25.3684
2017.2479 23.3144
2017.2507 24.1772
2017.2534 22.1569
2017.2562 32.8338
2017.2589 23.8682
2017.2616 24.0602
2017.2644 25.7902
2017.2671 23.7383
2017.2699 21.5448
2017.2726 31.1099
2017.2753 31.4938
2017.2781 31.7669
2017.2808 31.3192
2017.2836 31.0111
2017.2863 26.9029
2017.2945 30.7792
2017.2973 30.2125
2017.3000 31.5767
2017.3027 28.5521
2017.3137 29.6408
2017.3164 25.2559
2017.3192 26.0135
2017.3219 23.9441
2017.3247 22.4277
2017.3301 23.3051
2017.3575 29.7885
2017.3685 30.9957
2017.3712 25.8845
2017.3767 30.9501
2017.3794 31.2664
2017.3822 29.4414
2017.3849 24.0147
2017.3877 23.5164
2017.3904 22.4159
2017.3959 22.0281
2017.4041 23.2155
2017.4068 22.9681
2017.4288 28.0707
2017.4315 24.3772
2017.4342 26.7329
2017.4562 25.0429
2017.4589 21.4258
2017.4671 24.2852
2017.4699 23.7989
2017.4726 20.2630
2017.4753 22.2075
2017.4890 22.2702
2017.4973 22.8704
2017.5000 23.1815
2017.5055 24.3734
2017.5082 23.6443
2017.5110 27.1352
2017.5137 28.1061
2017.5164 27.8970
2017.5192 26.9181
2017.5219 25.6692
2017.5247 21.1604
2017.5274 19.4019
2017.5301 18.2435
2017.5329 20.4253
2017.5356 22.7175
2017.5384 23.4098
2017.5438 23.4056
2017.5548 23.0618
2017.5658 20.7759
2017.5685 20.8033
2017.5712 22.2914
2017.5740 23.5502
2017.5767 29.2896
2017.5822 25.5608
2017.5849 22.7227
2017.5877 25.0656
2017.5904 26.2493
2017.5931 21.4439
2017.5959 22.7493
2017.5986 23.4954
2017.6014 18.5623
2017.6041 19.1799
2017.6233 21.6690
2017.6260 20.4307
2017.6370 25.8104
2017.6397 25.0534
2017.6425 23.3265
2017.6452 21.9297
2017.6479 21.8729
2017.6507 28.1662
2017.6534 24.5595
2017.6562 25.4027
2017.6589 20.5858
2017.6616 22.0987
2017.6644 24.0115
2017.6699 24.3697
2017.6726 22.5757
2017.6753 21.8630
2017.6781 22.3312
2017.6808 21.8205
2017.6836 20.9107
2017.6863 16.7216
2017.6890 22.3931
2017.6918 24.2153
2017.6945 21.6979
2017.6973 22.2108
2017.7000 21.6940
2017.7027 24.5474
2017.7055 23.5308
2017.7082 29.4442
2017.7110 23.7474
2017.7137 21.0304
2017.7164 22.1830
2017.7192 22.2551
2017.7219 23.9967
2017.7247 23.9677
2017.7274 23.4378
2017.7301 23.5871
2017.7329 23.4455
2017.7356 24.1027
2017.7384 22.8588
2017.7411 23.0137
2017.7438 20.9771
2017.7466 23.5591
2017.7493 19.4490
2017.7521 19.1846
2017.7548 19.0957
2017.7575 22.2326
2017.7603 22.1556
2017.7630 22.6550
2017.7658 25.8510
2017.7685 22.4641
2017.7712 20.6044
2017.7740 24.1122
2017.7767 23.6279
2017.7794 24.8517
2017.7822 24.1740
2017.7849 22.7549
2017.7877 21.6649
2017.7904 19.1241
2017.7931 19.6329
2017.7959 22.6716
2017.7986 20.2205
2017.8014 24.7898
2017.8041 22.4098
2017.8068 27.2309
2017.8096 24.5534
2017.8123 27.0674
2017.8151 24.0733
2017.8178 22.9915
2017.8205 25.9821
2017.8233 25.9055
2017.8260 24.9520
2017.8288 25.3518
2017.8315 23.1353
2017.8342 23.8928
2017.8370 23.0745
2017.8397 22.2198
2017.8425 22.9386
2017.8452 24.6405
2017.8479 22.8552
2017.8507 28.4723
2017.8534 28.7416
2017.8562 29.3226
2017.8589 25.9152
2017.8616 27.1389
2017.8644 23.0234
2017.8671 25.4485
2017.8699 25.3137
2017.8726 25.1288
2017.8753 27.6634
2017.8781 27.1673
2017.8808 25.6500
2017.8836 23.1313
2017.8863 20.8408
2017.8890 19.6883
2017.8918 22.8533
2017.8945 26.6156
2017.8973 23.4249
2017.9000 24.7108
2017.9027 21.1030
2017.9055 24.1111
2017.9082 23.6949
2017.9110 23.7540
2017.9137 22.4382
2017.9164 28.6574
2017.9192 25.3943
2017.9219 25.3194
2017.9247 26.7329
2017.9274 24.3249
2017.9301 25.2954
2017.9329 23.8047
2017.9356 25.5429
2017.9384 25.9301
2017.9411 23.0663
2017.9438 22.0118
2017.9466 23.4466
2017.9493 20.3210
2017.9521 20.5249
2017.9548 25.5585
2017.9575 21.5721
2017.9603 25.7655
2017.9630 24.9791
2017.9658 23.6230
2017.9685 25.1871
2017.9712 25.5218
2017.9740 26.1270
2017.9767 26.7430
2017.9795 18.0999
2017.9822 16.8077
2017.9849 19.8766
2017.9877 19.7767
2017.9904 21.9782
2017.9931 23.3312
2017.9959 25.6057
2017.9986 21.3320
2018.0014 23.5699
2018.0041 23.2780
2018.0068 24.2162
2018.0096 21.3044
2018.0123 24.5027
2018.0151 22.7609
2018.0178 24.8692
2018.0205 26.1675
2018.0233 27.0658
2018.0260 23.0341
2018.0288 26.1924
2018.0315 24.0508
2018.0342 25.0091
2018.0370 27.2175
2018.0397 25.1358
2018.0425 22.6841
2018.0452 25.8125
2018.0479 25.6008
2018.0507 28.6791
2018.0534 28.4774
2018.0562 26.2957
2018.0589 27.8940
2018.0616 27.8022
2018.0644 27.1105
2018.0671 26.5687
2018.0699 26.1068
2018.0726 28.8150
2018.0753 29.3131
2018.0781 27.9212
2018.0808 27.4192
2018.0836 28.6772
2018.0863 30.4849
2018.0890 26.6324
2018.0918 26.1498
2018.0945 27.2070
2018.0973 23.1541
2018.1000 25.1311
2018.1027 27.9681
2018.1055 27.1049
2018.1082 23.2718
2018.1110 27.1086
2018.1137 27.7454
2018.1164 29.3122
2018.1192 28.3591
2018.1219 26.8260
2018.1247 26.7330
2018.1274 26.0701
2018.1301 24.6474
2018.1329 26.2947
2018.1356 21.6723
2018.1384 27.0100
2018.1411 31.2579
2018.1438 28.5860
2018.1466 24.6844
2018.1493 29.8730
2018.1521 27.1420
2018.1548 23.8212
2018.1575 24.8507
2018.1603 26.2606
2018.1630 25.4310
2018.1658 25.0128
2018.1685 28.4560
2018.1712 27.9806
2018.1740 26.0365
2018.1767 27.1437
2018.1795 25.8920
2018.1822 21.3514
2018.1849 26.4118
2018.1877 23.7632
2018.1904 29.1655
2018.1931 26.8787
2018.1959 25.7526
2018.1986 26.4171
2018.2014 24.2323
2018.2041 24.6580
2018.2068 24.7043
2018.2096 24.0409
2018.2123 27.3079
2018.2151 28.4951
2018.2178 30.2126
2018.2205 29.7301
2018.2233 23.3178
2018.2260 26.4854
2018.2288 28.8530
2018.2315 23.5805
2018.2342 28.6977
2018.2370 27.0547
2018.2397 25.3113
2018.2425 27.4575
2018.2452 27.7832
2018.2479 25.8187
2018.2507 28.7742
2018.2534 30.8397
2018.2562 24.6353
2018.2589 27.3009
2018.2616 23.1865
2018.2644 25.5222
2018.2671 25.0879
2018.2699 25.5937
2018.2726 24.7395
2018.2753 28.4453
2018.2781 29.0512
2018.2808 29.0672
2018.2836 30.8131
2018.2863 31.9591
2018.2890 33.5352
2018.2918 33.2213
2018.2945 30.5275
2018.2973 33.6337
2018.3000 30.5200
2018.3027 28.5663
2018.3055 31.4927
2018.3082 33.1291
2018.3110 31.4056
2018.3137 27.6421
2018.3164 27.6887
2018.3192 26.9453
2018.3219 32.6720
2018.3247 30.2688
2018.3274 30.4056
2018.3301 29.5925
2018.3329 31.2196
2018.3356 30.6169
2018.3384 28.7245
2018.3411 28.4922
2018.3438 30.3502
2018.3466 30.0885
2018.3493 30.7769
2018.3521 30.0956
2018.3548 31.8145
2018.3575 33.8137
2018.3603 32.4131
2018.3630 30.0127
2018.3658 33.6426
2018.3685 32.8927
2018.3712 28.7331
2018.4041 27.4171
2018.4068 29.3807
2018.4096 32.0147
2018.4178 30.4395
2018.4205 30.0661
2018.4233 30.6034
2018.4288 28.8006
2018.4370 31.0817
2018.4397 24.6735
2018.4507 21.5362
2018.4534 27.9007
2018.4562 26.2857
2018.4589 22.4911
2018.4616 22.0470
2018.4644 18.8232
2018.4671 19.6598
2018.4699 23.6266
2018.4726 24.1938
2018.4753 24.8012
2018.4781 25.4789
2018.4808 26.9668
2018.4836 27.7848
2018.4863 27.0830
2018.4890 27.2313
2018.4918 27.4397
2018.4945 32.6181
2018.4973 28.7667
2018.5247 25.3442
2018.5274 24.1113
2018.5740 22.5157
2018.5767 26.7447
2018.5904 32.6344
2018.5931 25.4282
2018.5959 25.3014
2018.6041 31.1574
2018.6068 32.6082
2018.6096 26.8084
2018.6123 28.6981
2018.6151 30.2873
2018.6178 34.6459
2018.6205 30.4640
2018.6233 28.3016
2018.6260 28.7488
2018.6315 30.9116
2018.6342 28.3573
2018.6370 27.8926
2018.6397 30.9575
2018.6425 29.5619
2018.6452 31.1160
2018.6479 28.2196
2018.6507 28.7229
2018.6534 26.0758
2018.6562 28.5484
2018.6589 32.5806
2018.6616 32.7625
2018.6644 32.6041
2018.6671 33.3751
2018.6699 32.2151
2018.6726 33.4543
2018.6753 33.5028
2018.6781 34.0305
2018.6808 37.4576
2018.6836 31.0441
2018.6863 28.0600
2018.6890 29.7155
2018.6918 28.8206
2018.6945 30.4254
2018.6973 29.3499
2018.7000 29.6942
2018.7027 30.1683
2018.7055 28.4724
2018.7082 29.1665
2018.7110 27.6306
2018.7137 26.6148
2018.7164 26.4592
2018.7192 27.1138
2018.7219 26.8587
2018.7247 24.3641
2018.7301 21.3660
2018.7329 24.6228
2018.7356 21.0302
2018.7384 22.3083
2018.7411 26.1171
2018.7466 27.5873
2018.7493 30.0188
2018.7521 26.5118
2018.7548 26.0061
2018.7575 24.7716
2018.7603 24.2884
2018.7630 27.4261
2018.7658 25.4049
2018.7685 27.1044
2018.7712 22.2548
2018.7740 24.9858
2018.7767 25.5873
2018.7794 24.1593
2018.7822 26.0116
2018.7849 29.0642
2018.7877 27.1369
2018.7904 26.8797
2018.7931 30.2024
2018.7959 35.6649
2018.7986 33.4971
2018.8014 32.2490
2018.8041 32.4805
2018.8068 35.0913
2018.8096 34.4715
2018.8123 35.5109
2018.8151 34.0294
2018.8178 32.4769
2018.8205 34.2434
2018.8233 35.4387
2018.8260 30.6127
2018.8288 28.3353
2018.8315 30.3064
2018.8342 27.3464
2018.8370 26.0256
2018.8397 26.2542
2018.8425 31.0821
2018.8452 29.7793
2018.8479 32.1159
2018.8507 27.5918
2018.8534 27.3872
2018.8562 28.3419
2018.8589 26.5660
2018.8616 31.4296
2018.8644 31.1426
2018.8671 30.3051
2018.8699 30.0971
2018.8726 27.3185
2018.8753 26.2995
2018.8781 30.8600
2018.8808 31.0901
2018.8836 26.0197
2018.8863 28.7989
2018.8890 28.8577
2018.8918 28.0161
2018.8945 29.0141
2018.8973 27.1418
2018.9000 27.4691
2018.9027 24.4561
2018.9055 27.6228
2018.9082 26.0992
2018.9110 28.2853
2018.9137 25.9411
2018.9164 27.7067
2018.9192 26.5520
2018.9219 24.8469
2018.9247 24.7314
2018.9274 23.6656
2018.9301 26.8094
2018.9329 27.5328
2018.9356 25.5458
2018.9384 24.7585
2018.9411 24.8007
2018.9438 24.9925
2018.9466 27.8239
2018.9493 26.6349
2018.9521 26.2754
2018.9548 26.6055
2018.9575 24.9152
2018.9603 24.4245
2018.9630 26.0032
2018.9658 26.2615
2018.9685 26.1894
2018.9712 27.5268
2018.9740 26.2337
2018.9767 30.0601
2018.9795 30.0960
2018.9822 28.1115
2018.9849 27.1064
2018.9877 26.8008
2018.9904 27.3847
2018.9931 26.6981
2018.9959 28.4010
2018.9986 29.9533
2019.0014 28.7449
2019.0041 28.9050
2019.0068 26.5535
2019.0096 30.2705
2019.0123 30.8461
2019.0151 32.5404
2019.0178 30.4236
2019.0205 28.7857
2019.0233 28.4668
2019.0260 25.1771
2019.0288 28.5267
2019.0315 28.6256
2019.0342 31.3539
2019.0370 30.3019
2019.0397 30.9695
2019.0425 30.2669
2019.0452 29.8341
2019.0479 30.2914
2019.0507 32.5888
2019.0534 30.6664
2019.0562 31.3843
2019.0589 30.7826
2019.0616 29.6614
2019.0644 32.2509
2019.0671 31.2711
2019.0699 27.5421
2019.0726 32.0441
2019.0753 31.4272
2019.0781 29.7414
2019.0808 32.1069
2019.0836 27.2131
2019.0863 25.0097
2019.0890 28.8466
2019.0918 31.6239
2019.0945 32.1318
2019.0973 30.9002
2019.1000 32.8092
2019.1027 30.1489
2019.1055 31.5394
2019.1082 27.4407
2019.1110 31.2728
2019.1137 28.9360
2019.1164 27.9001
2019.1192 33.2153
2019.1219 31.9917
2019.1247 32.6392
2019.1274 31.9881
2019.1301 27.7383
2019.1329 27.3198
2019.1356 24.2729
2019.1384 27.3975
2019.1411 27.2837
2019.1438 27.1415
2019.1466 28.1411
2019.1493 30.2425
2019.1521 30.6057
2019.1548 30.9509
2019.1575 29.9980
2019.1603 28.2572
2019.1630 30.0188
2019.1658 30.1245
2019.1685 30.1841
2019.1712 31.9774
2019.1740 34.7642
2019.1767 32.9241
2019.1795 28.6270
2019.1822 32.4125
2019.1849 33.1504
2019.1877 35.9204
2019.1904 32.3522
2019.1931 32.0856
2019.1959 30.8503
2019.1986 32.6860
2019.2014 33.8525
2019.2041 30.1994
2019.2068 26.9665
2019.2096 25.1436
2019.2123 30.2303
2019.2151 28.2265
2019.2178 29.0217
2019.2205 29.9058
2019.2233 29.8085
2019.2260 31.1896
2019.2288 31.7386
2019.2315 33.9355
2019.2342 32.9698
2019.2370 31.1914
2019.2397 32.0499
2019.2425 32.1252
2019.2452 29.4768
2019.2479 27.8466
2019.2507 30.0663
2019.2534 31.4060
2019.2562 33.9056
2019.2589 32.6751
2019.2616 35.3944
2019.2644 33.6637
2019.2671 35.7328
2019.2699 34.9317
2019.2726 34.5304
2019.2753 34.2889
2019.2781 28.9672
2019.2808 32.2552
2019.2836 29.5029
2019.2863 29.8504
2019.2945 31.4008
2019.2973 31.6369
2019.3000 33.4926
2019.3027 32.0979
2019.9877 33.5611
2019.9904 32.5966
2019.9931 34.0571
2019.9959 35.4129
2019.9986 29.9845
2020.0014 30.2515
2020.0041 31.5700
2020.0068 33.9192
2020.0096 33.0892
2020.0123 35.3199
2020.0150 29.7514
2020.0178 32.7935
2020.0205 33.1762
2020.0232 35.2797
2020.0260 33.1037
2020.0287 33.2083
2020.0314 31.6835
2020.0342 30.4693
2020.0369 34.0656
2020.0396 30.9924
2020.0423 31.8597
2020.0451 31.3675
2020.0478 26.9858
2020.0505 31.0344
2020.0533 31.4135
2020.0560 32.3430
2020.0587 30.7828
2020.0615 30.8030
2020.0642 31.8636
2020.0669 33.6144
2020.0697 30.3555
2020.0724 35.2369
2020.0751 32.5085
2020.0779 29.0404
2020.0806 33.1124
2020.0833 30.8947
2020.0861 34.5673
2020.0915 34.5234
2020.0943 36.6870
2020.0970 33.2409
2020.0997 33.1951
2020.1025 32.9097
2020.1052 30.2247
2020.1079 21.9500
2020.1107 29.9058
2020.1134 28.3719
2020.1161 29.1685
2020.1189 31.3856
2020.1216 31.4430
2020.1243 33.3110
2020.1270 32.9793
2020.1298 27.4582
2020.1325 28.4976
2020.1352 28.5174
2020.1380 30.3178
2020.1407 30.7987
2020.1434 34.6801
2020.1462 33.4521
2020.1489 28.6646
2020.1516 30.7077
2020.1544 32.5714
2020.1571 31.3657
2020.1598 29.8806
2020.1626 35.4965
2020.1653 31.7485
2020.1680 31.4075
2020.1708 31.1131
2020.1735 32.2246
2020.1762 33.5116
2020.1790 27.9534
2020.1817 29.9597
2020.1844 28.4597
2020.1872 28.0031
2020.1899 30.7293
2020.1926 33.3477
2020.1954 34.1178
2020.1981 35.9791
2020.2008 35.7410
2020.2035 34.6230
2020.2063 29.5946
2020.6434 27.9261
2020.6462 39.9142
2020.6489 37.7338
2020.6516 35.6753
2020.6598 32.5823
2020.6626 30.9129
2020.6653 37.5161
2020.6680 34.5703
2020.6735 30.9700
2020.6762 37.2554
2020.6981 35.5826
2020.7008 38.3014
2020.7035 38.3005
2020.7117 27.3696
2020.7145 28.8199
2020.7172 32.6906
2020.7199 34.4515
2020.7309 29.9978
2020.7336 32.8901
2020.7363 33.1725
2020.7391 32.1852
2020.7418 31.9782
2020.7445 31.7013
2020.7473 32.4847
2020.7500 36.6984
2020.7527 38.0028
2020.7555 40.3879
2020.7609 35.8101
2020.7637 38.6372
2020.7664 35.8150
2020.7691 37.3135
2020.7719 36.5626
2020.7746 37.6825
2020.7773 36.2530
2020.7801 36.4841
2020.7828 35.8460
2020.7855 37.7784
2020.7882 39.1616
2020.7910 39.9354
2020.7937 34.3699
2020.7964 36.2150
2020.7992 35.5608
2020.8019 34.8572
2020.8046 36.7842
2020.8074 36.8319
2020.8101 35.6103
2020.8128 36.3093
2020.8156 36.5989
2020.8183 31.6492
2020.8210 32.1101
2020.8238 31.2716
2020.8265 32.7737
2020.8292 32.2865
2020.8320 32.4500
2020.8347 37.9682
2020.8402 33.0932
2020.8429 32.9793
2020.8456 29.1804
2020.8484 26.4161
2020.8511 26.9760
2020.8538 28.6596
2020.8566 24.3365
2020.8593 30.7062
2020.8620 28.9983
2020.8648 32.1823
2020.8675 31.2178
2020.8702 31.3043
2020.8729 30.0614
2020.8757 29.7486
2020.8784 28.2155
2020.8811 25.3116
2020.8839 27.5565
2020.8866 23.3697
2020.8893 22.2808
2020.8921 26.5994
2020.8948 28.0849
2020.8975 29.2370
2020.9003 29.1251
2020.9030 29.3289
2020.9057 26.7779
2020.9085 28.2516
2020.9112 31.0696
2020.9139 33.6814
2020.9167 27.2775
2020.9194 31.0716
2020.9221 27.2142
2020.9249 28.1754
2020.9276 32.9751
2020.9303 35.0035
2020.9331 27.9004
2020.9358 32.8861
2020.9385 33.6104
2020.9413 31.7434
2020.9440 31.0352
2020.9467 34.8758
2020.9495 33.2352
2020.9522 35.2635
2020.9549 35.5106
2020.9576 36.3866
2020.9604 34.7916
2020.9631 32.2355
2020.9658 31.7684
2020.9686 32.2503
2020.9713 36.9513
2020.9740 35.1114
2020.9768 34.8406
2020.9795 36.0389
2020.9822 34.8165
2020.9850 39.4532
2020.9877 34.6591
2020.9904 34.4644
2020.9932 38.2489
2020.9959 35.3727
2020.9986 35.0059
2021.0014 35.6282
2021.0041 36.9175
2021.0068 39.9439
2021.0096 41.2576
2021.0123 39.1188
2021.0151 35.7778
2021.0178 38.0850
2021.0205 38.6204
2021.0233 36.0345
2021.0260 35.2774
2021.0288 38.0094
2021.0315 33.7409
2021.0342 33.1020
2021.0370 32.8830
2021.0397 32.6541
2021.0425 31.9858
2021.0452 32.5481
2021.0479 34.9513
2021.0507 33.0758
2021.0534 32.7018
2021.0562 35.2096
2021.0589 32.1593
2021.0616 34.2013
2021.0644 36.7659
2021.0671 33.4732
2021.0699 37.2537
2021.0726 34.2074
2021.0753 33.3347
2021.0781 33.4359
2021.0808 34.1212
2021.0836 41.9501
2021.0863 38.2821
2021.0890 38.1268
2021.0918 38.3542
2021.0945 37.3738
2021.0973 35.3457
2021.1000 33.7195
2021.1027 33.8950
2021.1055 33.2121
2021.1082 38.1605
2021.1110 36.0100
2021.1137 34.0104
2021.1164 37.0316
2021.1192 37.5232
2021.1219 37.2251
2021.1247 37.8071
2021.1274 35.2489
2021.1301 35.2304
2021.1329 32.1114
2021.1356 33.1816
2021.1384 25.7109
2021.1411 34.0790
2021.1438 36.3257
2021.1466 39.4508
2021.1493 37.9141
2021.1521 37.0954
2021.1548 39.5945
2021.1575 39.5912
2021.1603 41.1352
2021.1630 40.1567
2021.1658 37.0973
2021.1685 36.4774
2021.1712 39.0468
2021.1740 39.7958
2021.1767 36.4043
2021.1795 35.5424
2021.1822 38.6800
2021.1849 35.0174
2021.1877 36.8844
2021.1904 42.7112
2021.1931 40.1378
2021.1959 38.8042
2021.1986 40.6405
2021.2014 42.1667
2021.2041 41.5829
2021.2068 41.8790
2021.2096 41.5352
2021.2123 39.0515
2021.2151 38.4079
2021.2178 38.5344
2021.2205 41.5912
2021.2233 36.3283
2021.2260 41.7456
2021.2288 40.9932
2021.2315 41.2313
2021.2342 44.8198
2021.2370 42.8287
2021.2397 42.0381
2021.2425 42.2981
2021.2452 44.3787
2021.2479 40.0199
2021.2507 40.9618
2021.2534 43.2142
2021.2562 42.0472
2021.2589 42.4509
2021.2616 45.0251
2021.2644 41.2500
2021.2671 42.5454
2021.2699 41.4613
2021.2726 41.0579
2021.2753 38.2349
2021.2781 41.1225
2021.2808 40.2307
2021.2836 40.3394
2021.2863 42.9386
2021.2890 46.9083
2021.2918 41.1185
2021.2945 37.2992
2021.2973 37.0404
2021.3000 40.7620
2021.3027 40.2442
2021.3055 35.1168
2021.3082 33.2998
2021.3110 35.8933
2021.3137 32.1073
2021.3164 33.1916
2021.3192 34.9464
2021.3219 36.8216
2021.3247 34.3172
2021.3274 38.4932
2021.3301 38.2605
2021.3329 35.9744
2021.3356 36.0054
2021.3384 38.1929
2021.3411 36.8265
2021.3438 37.1155
2021.3466 36.7195
2021.3493 38.9380
2021.3521 37.9003
2021.3548 40.5760
2021.3575 41.0146
2021.3603 40.4754
2021.3630 39.9080
2021.3658 39.7219
2021.3685 35.4065
2021.3712 41.5312
2021.3740 32.5056
2021.3767 32.2991
2021.3794 36.1212
2021.3822 30.3913
2021.3849 31.1990
2021.3877 32.4936
2021.3904 30.6347
2021.3931 34.7317
2021.3959 31.9641
2021.3986 35.6614
2021.4014 34.7130
2021.4041 37.4484
2021.4068 35.2670
2021.4096 35.4984
2021.4123 40.1320
2021.4151 36.0809
2021.4178 35.1184
2021.4205 35.1746
2021.4233 37.1195
2021.4260 42.3931
2021.4288 38.0354
2021.4315 41.0766
2021.4342 44.3966
2021.4370 41.4454
2021.4397 47.9132
2021.4425 44.8399
2021.4452 40.1255
2021.4479 42.2302
2021.4507 39.4038
2021.4534 45.4366
2021.4562 47.6784
2021.4589 46.8694
2021.4616 47.7095
2021.4644 48.9688
2021.4671 47.0373
2021.4699 49.4852
2021.4726 43.7423
2021.4753 46.8087
2021.4781 44.3945
2021.4808 46.9297
2021.4836 43.6143
2021.4863 41.1984
2021.4890 40.8820
2021.4918 38.4851
2021.4945 36.8277
2021.4973 42.4198
2021.5000 42.8201
2021.5027 42.2786
2021.5055 41.4355
2021.5082 38.7509
2021.5110 41.7650
2021.5137 34.5480
2021.5164 36.5800
2021.5192 35.7012
2021.5219 35.9917
2021.5247 39.0018
2021.5274 38.0115
2021.5301 37.6811
2021.5329 37.6207
2021.5356 38.5605
2021.5384 41.4007
2021.5411 41.8013
2021.5438 40.3127
2021.5466 38.0748
2021.5493 32.4780
2021.5521 34.3224
2021.6233 33.6331
2021.6260 33.0821
2021.6288 30.7611
2021.6315 31.4401
2021.6342 34.9990
2021.6370 35.5577
2021.7137 32.7645
2021.7164 33.7341
2021.7192 36.2334
2021.7219 34.7625
2021.7247 38.0512
2021.7274 38.7395
2021.7301 39.4976
2021.7329 37.1952
2021.7356 36.9625
2021.7384 38.6693
2021.7411 37.5758
2021.7438 36.0318
2021.7466 36.5574
2021.7493 37.6722
2021.7521 34.6948
2021.7548 35.0650
2021.7575 37.7231
2021.7603 41.5391
2021.7630 43.0133
2021.7658 40.5858
2021.7685 40.9468
2021.7712 39.1764
2021.7740 35.5048
2021.7767 37.1822
2021.7794 37.3387
2021.7822 35.3945
2021.7849 38.9498
2021.7877 36.5347
2021.7904 34.6594
2021.7931 40.3340
2021.7959 38.6787
2021.7986 36.0938
2021.8014 34.4992
2021.8041 36.3252
2021.8068 39.4921
2021.8096 42.3898
2021.8123 41.0886
2021.8151 37.3387
2021.8178 37.1102
2021.8205 31.3733
2021.8233 35.3182
2021.8260 34.8349
2021.8288 31.7137
2021.8315 34.2348
2021.8342 32.1473
2021.8370 35.4803
2021.8397 32.0939
2021.8425 34.3679
2021.8452 37.2424
2021.8479 35.7175
2021.8507 34.3930
2021.8534 34.4990
2021.8562 30.8754
2021.8589 36.0823
2021.8616 30.9097
2021.8644 32.8175
2021.8671 32.9857
2021.8699 35.2143
2021.8726 33.8434
2021.8753 35.5729
2021.8781 34.7327
2021.8808 35.1030
2021.8836 34.8236
2021.8863 35.1446
2021.8918 36.2977
2021.8945 39.6498
2021.8973 39.5522
2021.9000 35.3049
2021.9027 38.1980
2021.9055 40.8114
2021.9082 40.7650
2021.9110 42.1190
2021.9137 43.6033
2021.9164 40.4179
2021.9192 46.1737
2021.9219 42.6006
2021.9247 39.7385
2021.9274 41.9075
2021.9301 43.2473
2021.9329 40.8379
2021.9356 35.0292
2021.9384 41.3611
2021.9493 40.4934
2021.9521 37.9772
2021.9548 36.2011
2021.9575 39.4450
2021.9603 43.0389
2021.9630 43.9926
2021.9658 42.2762
2021.9685 44.5193
2021.9712 40.9721
2021.9740 36.8044
2021.9767 43.5462
2021.9795 40.9273
2021.9822 44.0076
2021.9849 44.3971
2021.9877 44.6957
2021.9904 41.8233
2021.9931 43.2099
2021.9959 41.0952
2021.9986 39.9193
2022.0014 44.1219
2022.0041 40.6622
2022.0068 41.4500
2022.0096 39.8257
2022.0123 35.6994
2022.0151 35.2913
2022.0178 39.4815
2022.0205 43.9504
2022.0233 41.9680
2022.0260 42.5445
2022.0288 43.7102
2022.0315 39.3652
2022.0342 40.6697
2022.0370 36.8640
2022.0397 38.3681
2022.0425 40.9323
2022.0452 41.2768
2022.0479 40.2717
2022.0507 38.0772
2022.0534 40.0236
2022.0562 38.9611
2022.0589 37.8397
2022.0616 37.7397
2022.0644 37.9313
2022.0671 40.9247
2022.0699 41.5300
2022.0726 39.4975
2022.0753 39.8973
2022.0781 39.2297
2022.0808 43.4247
2022.0836 45.4913
2022.0863 41.5583
2022.0890 41.8455
2022.0918 42.8830
2022.0945 40.7807
2022.0973 43.0687
2022.1000 39.0069
2022.1027 39.1053
2022.1055 35.4638
2022.1082 37.7325
2022.1110 38.1314
2022.1137 38.3003
2022.1164 40.2593
2022.1192 43.2085
2022.1219 43.4876
2022.1247 39.6668
2022.1274 38.2860
2022.1301 40.9352
2022.1329 41.7044
2022.1356 43.4735
2022.1384 39.3426
2022.1411 49.1716
2022.1438 40.5205
2022.1466 43.3092
2022.1493 40.2378
2022.1521 39.1362
2022.1548 41.4645
2022.1575 42.6725
2022.1603 40.9403
2022.1630 40.9279
2022.1658 41.9454
2022.1685 42.4827
2022.1712 38.9899
2022.1740 43.3370
2022.1767 41.5139
2022.1795 43.1707
2022.1822 40.6574
2022.1849 42.9240
2022.1877 46.4905
2022.3548 38.7254
2022.3575 40.8446
2022.3603 41.4060
2022.3630 40.0792
2022.3658 41.5437
2022.3685 43.0489
2022.3712 41.8645
2022.3740 43.8800
2022.3767 40.7650
2022.3794 40.0389
2022.3822 39.7114
2022.3849 39.0020
2022.3877 42.9002
2022.3904 42.9556
2022.3931 39.7077
2022.3959 38.6561
2022.3986 36.9302
2022.4014 37.4998
2022.4041 41.3542
2022.4068 42.2730
2022.4096 39.7859
2022.4123 38.8722
2022.4151 37.5247
2022.4178 35.3662
2022.4205 32.8468
2022.4233 35.8065
2022.4260 37.0655
2022.4288 38.1637
2022.4315 33.1414
2022.4342 38.3884
2022.4370 38.3950
2022.4397 34.3312
2022.4425 37.6371
2022.4452 37.6928
2022.4479 35.1283
2022.4507 36.5036
2022.4534 34.6990
2022.4562 34.4745
2022.4589 37.0100
2022.4616 32.4858
2022.4644 35.2819
2022.4671 38.3384
2022.4699 36.2453
2022.4726 37.9527
2022.4753 38.6307
2022.4781 38.4794
2022.4808 40.6388
2022.4836 42.8691
2022.4863 40.9202
2022.4890 39.6724
2022.4918 41.3656
2022.4945 42.3399
2022.4973 38.5253
2022.5000 38.8912
2022.5027 37.2473
2022.5055 37.5037
2022.5082 39.7204
2022.5110 37.2073
2022.5137 39.2544
2022.5164 39.6216
2022.5192 39.6191
2022.5219 42.7266
2022.5247 40.2343
2022.5274 36.4821
2022.5301 34.4199
2022.5329 33.7178
2022.5356 40.3058
2022.5384 33.6237
2022.5411 36.3416
2022.5438 33.6295
2022.5466 34.7373
2022.5493 34.0151
2022.5521 31.2227
2022.5548 34.6103
2022.5575 31.9576
2022.5603 29.4848
2022.5630 35.2719
2022.5658 35.0087
2022.5685 30.4553
2022.5712 32.8216
2022.5740 32.2776
2022.5767 33.0134
2022.5794 32.8988
2022.5822 30.9838
2022.5849 32.5878
2022.5877 36.3408
2022.5904 38.2228
2022.5931 36.6040
2022.5959 37.8743
2022.5986 34.3339
2022.7575 38.7969
2022.7603 39.5755
2022.7630 39.5610
2022.7658 43.6336
2022.7685 42.7536
2022.7712 44.7613
2022.7740 47.1569
2022.7767 41.6407
2022.7794 45.0430
2022.7822 42.4040
2022.7849 38.8140
2022.7877 44.1432
2022.7904 43.4620
2022.7931 42.3106
2022.7959 40.4392
2022.7986 42.2481
2022.8014 40.9176
2022.8041 39.8080
2022.8068 39.5494
2022.8096 37.2123
2022.8123 40.7168
2022.8151 40.6032
2022.8178 37.5518
2022.8205 41.4328
2022.8233 39.3265
2022.8260 35.2932
2022.8288 34.1531
2022.8315 40.4465
2022.8342 36.6832
2022.8370 38.4427
2022.8397 38.3848
2022.8425 41.8593
2022.8452 43.6660
2022.8479 39.4247
2022.8507 38.8651
2022.8534 43.3471
2022.8562 41.6004
2022.8589 36.6650
2022.8616 38.9105
2022.8644 42.4167
2022.8671 40.7935
2022.8699 43.2906
2022.8726 41.9879
2022.8753 42.6951
2022.8781 38.9720
2022.8808 44.9085
2022.8836 37.9143
2022.8863 41.9492
2022.8890 43.1831
2022.8918 44.7156
2022.8945 46.7667
2022.8973 44.1261
2022.9000 41.8636
2022.9027 38.5889
2022.9055 39.0620
2022.9110 45.7504
2022.9137 39.7253
2022.9164 41.2872
2022.9192 39.4173
2022.9219 41.7056
2022.9247 41.5621
2022.9274 38.3970
2022.9301 40.7902
2022.9329 40.5217
2022.9356 41.1316
2022.9384 39.7798
2022.9411 44.2165
2022.9438 44.6616
2022.9466 42.7951
2022.9493 42.8171
2022.9521 43.9776
2022.9548 39.9166
2022.9575 41.8742
2022.9603 43.8202
2022.9630 43.7249
2022.9658 41.8381
2022.9685 44.0199
2022.9712 40.3004
2022.9740 42.5195
2022.9767 41.1973
2022.9795 41.9737
2022.9822 43.7289
2022.9849 43.4328
2022.9877 41.3355
2022.9904 40.7970
2022.9931 40.9772
2022.9959 38.4962
2022.9986 38.5241
