2008.0396 1.1784
2008.0423 7.1311
2008.0451 4.2839
2008.0478 1.2670
2008.0505 4.9507
2008.0533 5.1851
2008.0560 4.3006
2008.0587 1.1173
2008.0615 4.6654
2008.0642 2.2851
2008.0669 4.1068
2008.0697 2.6304
2008.0724 1.7864
2008.0751 4.9548
2008.0779 2.4460
2008.0806 4.3601
2008.0833 0.4278
2008.0861 0.9197
2008.0888 3.4954
2008.0915 4.0246
2008.0943 2.2470
2008.0970 2.1423
2008.0997 4.0803
2008.1025 6.6605
2008.1052 6.8126
2008.1079 1.7465
2008.1107 5.3017
2008.1134 8.2379
2008.1161 7.6049
2008.1189 6.1723
2008.1216 1.5798
2008.1243 3.2971
2008.1270 3.0839
2008.1298 2.1799
2008.1325 6.8948
2008.1352 4.2183
2008.1380 2.5900
2008.1407 2.0296
2008.1434 3.8069
2008.1462 8.6215
2008.1489 3.9732
2008.1516 6.4215
2008.1544 1.4763
2008.1571 0.3671
2008.1598 -2.8362
2008.1626 0.9260
2008.1653 -0.5348
2008.1680 5.2921
2008.1708 6.6367
2008.1735 5.1792
2008.1762 5.6899
2008.1790 1.0088
2008.1817 2.1162
2008.1844 3.9723
2008.1872 3.9871
2008.1899 1.6110
2008.1926 0.9940
2008.1954 3.6363
2008.1981 3.1781
2008.2008 1.7397
2008.2035 0.6011
2008.2063 -0.1675
2008.2090 5.4341
2008.2117 -1.6339
2008.2145 -3.1414
2008.2172 -5.4281
2008.2199 -2.7439
2008.2227 -0.2787
2008.2254 -4.2522
2008.2281 -4.1942
2008.2309 -0.4347
2008.2336 -2.8934
2008.2363 -1.5302
2008.2391 -0.6048
2008.2418 -0.6572
2008.2445 2.1229
2008.2473 5.6749
2008.2500 6.5472
2008.2527 8.8897
2008.2555 5.5923
2008.2582 10.6852
2008.2609 9.1684
2008.2637 3.4218
2008.2664 2.1055
2008.2691 3.9494
2008.2719 1.1737
2008.2746 3.6084
2008.2773 2.7734
2008.2801 3.0287
2008.2828 2.1645
2008.2855 3.8506
2008.2882 0.5572
2008.2910 2.1742
2008.2937 5.6217
2008.2964 3.8796
2008.2992 6.6281
2008.3019 4.5871
2010.0425 21.7886
2010.0452 14.2104
2010.0479 16.9125
2010.0507 15.7148
2010.0534 17.6972
2010.0562 17.1799
2010.0589 17.7127
2010.0616 15.0656
2010.0644 11.3287
2010.0671 14.1119
2010.0699 15.1352
2010.0726 17.5286
2010.0753 18.4520
2010.0781 15.0155
2010.0808 15.8691
2010.0836 16.4329
2010.0863 15.5272
2010.0890 18.1221
2010.0918 16.1973
2010.0945 17.2029
2010.0973 13.2089
2010.1000 12.7252
2010.1027 12.5518
2010.1055 12.1586
2010.1082 14.3555
2010.1110 13.8226
2010.1137 13.6599
2010.1164 14.0971
2010.1192 15.2744
2010.1219 12.5417
2010.1247 11.2789
2010.1274 12.4460
2010.1301 14.9730
2010.1329 13.5397
2010.1356 11.4063
2010.1384 12.0926
2010.1411 12.6185
2010.1438 13.0041
2010.1466 14.5494
2010.1493 21.6642
2010.1521 17.6985
2010.1548 16.5923
2010.1575 19.6555
2010.1603 14.4682
2010.1630 13.4603
2010.1658 13.0321
2010.1685 16.4139
2010.1712 17.1955
2010.1740 15.7270
2010.1767 12.2583
2010.1795 15.5996
2010.1822 14.4707
2010.1849 18.1017
2010.1877 17.0226
2010.1904 13.9235
2010.1931 11.8042
2010.1959 12.3449
2010.1986 13.4955
2010.2014 16.9460
2010.2041 16.2665
2010.2068 15.3269
2010.2096 9.1673
2010.2123 16.5876
2010.2151 13.2779
2010.2178 17.1581
2010.2205 13.1584
2010.2233 13.8886
2010.2260 13.5288
2010.2288 13.0990
2010.2315 15.8191
2010.2342 16.7093
2010.2370 16.9495
2010.2397 17.3198
2010.2425 16.3900
2010.2452 14.0503
2010.2479 14.6004
2010.2507 16.4103
2010.2534 15.3699
2010.2562 20.9993
2010.2589 14.1285
2010.2616 19.3875
2010.2644 13.3764
2010.2671 16.1850
2010.2699 14.7036
2010.2726 19.6920
2010.2753 19.4704
2010.2781 18.3487
2010.2808 15.2769
2010.2836 19.2051
2010.2863 14.2933
2010.2890 14.9915
2010.2918 16.5798
2010.2945 14.9580
2010.2973 12.2464
2010.3000 12.8049
2010.3027 19.5434
2010.3055 17.5521
2010.3082 13.8810
2010.3110 14.2300
2010.3137 18.4192
2010.3164 18.3587
2010.3192 16.7883
2010.3219 14.1383
2010.3247 13.0285
2010.3274 10.1590
2010.3301 10.8099
2010.3329 10.6020
2010.3356 12.2653
2010.3384 9.6599
2010.3411 12.7456
2010.3438 11.0425
2010.3466 7.8606
2010.3493 10.7697
2010.3521 10.2699
2010.3548 13.8111
2010.3575 13.6134
2010.3603 12.4466
2010.3630 11.1507
2010.3658 9.5857
2010.3685 17.6717
2010.3712 15.9684
2010.3740 16.3659
2010.3767 16.5043
2010.3794 15.4833
2010.3822 15.7931
2010.3849 12.4535
2010.3877 14.1146
2010.3904 12.6663
2010.3931 13.7786
2010.3959 12.3514
2010.3986 16.8648
2010.4014 18.8286
2010.4041 16.7029
2010.4068 13.8976
2010.4096 11.0626
2010.4123 13.8181
2010.4151 15.6138
2010.4178 16.3999
2010.4205 17.8562
2010.4233 17.9829
2010.4260 17.8599
2010.4288 14.0172
2010.4315 17.1547
2010.4342 16.9726
2010.4370 14.5907
2010.4397 15.8891
2010.4425 16.6177
2010.4452 15.6266
2010.4479 15.6058
2010.4507 14.4852
2010.4534 13.0349
2010.4562 14.9148
2010.4589 14.1849
2010.4616 17.8852
2010.4644 20.0658
2010.4671 17.3966
2010.4699 13.6676
2010.4726 15.7088
2010.4753 13.5703
2010.4781 14.8619
2010.4808 18.5537
2010.4836 19.7157
2010.4863 19.2178
2010.4890 20.0401
2010.4918 19.7926
2010.4945 16.9953
2010.4973 15.0483
2010.5000 16.3424
2010.5027 14.0277
2010.5055 15.1542
2010.5082 20.5816
2010.5110 19.0499
2010.5137 12.2289
2010.5164 13.2186
2010.5192 16.8089
2010.5219 16.9596
2010.5247 19.5506
2010.5274 22.2718
2010.5301 21.2931
2010.5329 23.2345
2010.5356 24.7857
2010.5384 26.3367
2010.5411 17.5173
2010.5438 22.2376
2010.5466 20.6472
2010.5493 24.5462
2010.5521 21.5545
2010.5548 19.5918
2010.5575 19.5882
2010.5603 19.9734
2010.5630 23.8375
2010.5658 22.5402
2010.5685 20.9615
2010.5712 18.2413
2010.5740 22.2094
2010.5767 17.9357
2010.5794 22.8202
2010.5822 23.4029
2010.5849 21.2151
2010.5877 18.7571
2010.5904 16.7787
2010.5931 19.6002
2010.5959 19.8214
2010.5986 18.6924
2010.6014 18.9932
2010.6041 20.5938
2010.6068 22.1943
2010.6096 23.3546
2010.6123 22.9149
2010.6151 23.6750
2010.6178 20.9650
2010.6205 15.4450
2010.6233 11.3149
2010.6260 18.7149
2010.6288 20.6747
2010.6315 15.2146
2010.6342 19.7646
2010.6370 15.0345
2010.6397 15.9246
2010.6425 14.9947
2010.6452 16.5349
2010.6479 15.7652
2010.6507 15.6157
2010.6534 14.5063
2010.6562 17.2070
2010.6589 18.7780
2010.6616 13.5891
2010.6644 16.7305
2010.6671 14.4120
2010.6699 18.2136
2010.6726 15.2451
2010.6753 18.9566
2010.6781 13.8782
2010.6808 11.5298
2010.6836 20.4213
2010.6863 25.0429
2010.6890 24.1345
2010.6918 19.1161
2010.6945 19.7977
2010.6973 18.0093
2010.7000 18.0009
2010.7027 18.5225
2010.7055 17.6241
2010.7082 18.2456
2010.7110 20.0672
2010.7137 20.2888
2010.7164 20.4204
2010.7192 21.6520
2010.7219 22.8235
2010.7247 18.9651
2010.7274 20.1366
2010.7301 20.3681
2010.7329 16.7497
2010.7356 20.1512
2010.7384 13.9326
2010.7411 16.0541
2010.7438 16.0155
2010.7466 19.0470
2010.7493 16.8384
2010.7521 19.2599
2010.7548 15.1016
2010.7575 14.3733
2010.7603 18.9751
2010.7630 17.2470
2010.7658 23.2088
2010.7685 19.6807
2010.7712 17.7227
2010.7740 14.0845
2010.7767 17.1564
2010.7794 15.2682
2010.7822 15.6399
2010.7849 18.5716
2010.7877 17.9131
2010.7904 16.3946
2010.7931 18.0959
2010.7959 20.1170
2010.7986 19.9579
2010.8014 20.0587
2010.8041 20.3593
2010.8068 22.5396
2010.8096 18.4797
2010.8123 20.3095
2010.8151 24.5691
2010.8178 21.4683
2010.8205 24.9372
2010.8233 19.1259
2010.8260 22.3141
2010.8288 24.0220
2010.8315 21.3795
2010.8342 21.7667
2010.8370 25.9338
2010.8397 19.1307
2010.8425 15.2675
2010.8452 19.5842
2010.8479 19.4107
2010.8507 20.3871
2010.8534 23.5034
2010.8562 25.2396
2010.8589 25.0357
2010.8616 25.7718
2010.8644 25.0777
2010.8671 30.0736
2010.8699 27.9094
2010.8726 24.5752
2010.8753 24.7409
2010.8781 25.8066
2010.8808 25.7123
2010.8836 27.4480
2010.8863 25.8136
2010.8890 27.9093
2010.8918 28.4349
2010.8945 28.8606
2010.8973 25.1863
2010.9000 26.2220
2010.9027 23.8778
2010.9055 27.4536
2010.9082 19.4195
2010.9110 19.4255
2010.9137 17.9915
2010.9164 19.5476
2010.9192 18.0137
2010.9219 16.5400
2010.9247 13.5762
2010.9274 17.0926
2010.9301 13.2789
2010.9329 13.5353
2010.9356 14.1918
2010.9384 15.4682
2010.9411 13.5247
2010.9438 13.4712
2010.9466 17.2478
2010.9493 14.5543
2010.9521 15.1709
2010.9548 13.2874
2010.9575 12.1440
2010.9603 13.8005
2010.9630 11.1370
2010.9658 11.5336
2010.9685 10.0801
2010.9712 12.1665
2010.9740 12.2230
2010.9767 12.3694
2010.9795 12.1158
2010.9822 14.4921
2010.9849 15.0484
2010.9877 14.8747
2010.9904 13.3608
2010.9931 17.8270
2010.9959 15.0130
2010.9986 16.3490
2011.0014 14.1842
2011.0041 17.2644
2011.0068 21.0791
2011.0096 16.9688
2011.0123 17.0938
2011.0151 21.5544
2011.0178 16.3612
2011.0205 18.9343
2011.0233 19.0842
2011.0260 17.3913
2011.0288 18.1759
2011.0315 17.7784
2011.0342 15.3391
2011.0370 20.4185
2011.0397 19.4768
2011.0425 23.9445
2011.0452 17.4620
2011.0479 19.4295
2011.0507 19.8675
2011.0534 20.6164
2011.0562 19.2664
2011.0589 22.6480
2011.0616 22.4915
2011.0644 21.0274
2011.0671 21.9459
2011.0699 18.2275
2011.0726 19.3124
2011.0753 22.9412
2011.0781 21.0840
2011.0808 19.0114
2011.0836 19.1318
2011.0863 20.3133
2011.0890 19.9458
2011.0918 20.2093
2011.0945 20.3937
2011.0973 20.1289
2011.1000 19.4448
2011.1027 22.4612
2011.1055 19.4682
2011.1082 21.4756
2011.1110 19.5333
2011.1137 23.1512
2011.1164 21.2093
2011.1192 22.5874
2011.1219 20.7255
2011.1247 23.9334
2011.1274 19.6812
2011.1301 23.0785
2011.1329 22.7855
2011.1356 22.2220
2011.1384 24.4579
2011.1411 23.6430
2011.1438 26.7774
2011.1466 25.6910
2011.1493 24.0935
2011.1521 26.2051
2011.1548 21.8354
2011.1575 26.8245
2011.1603 23.9623
2011.1630 23.5289
2011.1658 24.3152
2011.1685 22.4814
2011.1712 22.0175
2011.1740 24.2235
2011.1767 19.6995
2011.1795 21.9954
2011.1822 20.4312
2011.1849 22.1569
2011.1877 21.2925
2011.1904 20.2781
2011.1931 23.2636
2011.1959 16.2290
2011.1986 18.0143
2011.2014 22.3996
2011.2041 21.7048
2011.2068 20.2100
2011.2096 19.2350
2011.2123 22.1001
2011.2151 22.7450
2011.2178 19.1599
2011.2205 22.4548
2011.2233 18.4796
2011.2260 18.2143
2011.2288 21.6090
2011.2315 20.1136
2011.2342 17.9382
2011.2370 20.7627
2011.2397 19.2772
2011.2425 20.3517
2011.2452 18.8661
2011.2479 25.7001
2011.2507 26.9634
2011.2534 27.6061
2011.2562 29.6983
2011.2589 31.4199
2011.2616 29.9910
2011.2644 29.5318
2011.2671 32.5322
2011.2699 21.4124
2011.2726 19.1823
2011.2753 20.1421
2011.2781 11.6917
2011.2808 15.2613
2011.2836 14.3010
2011.2863 22.9107
2011.2890 20.9605
2011.2918 20.2705
2011.2945 20.9908
2011.2973 20.5013
2011.3000 17.3823
2011.3027 19.3536
2011.3055 19.3555
2011.3082 18.4379
2011.3110 16.4408
2011.3137 18.6645
2011.3164 20.9388
2011.3192 21.2340
2011.3219 20.2799
2011.3247 19.8868
2011.3274 16.7146
2011.3301 16.1836
2011.3329 21.1153
2011.3356 20.8396
2011.3384 17.0265
2011.3411 17.9358
2011.3438 19.3372
2011.3466 19.8807
2011.3493 18.5460
2011.3521 17.6630
2011.3548 21.4815
2011.3575 17.8213
2011.3603 20.4422
2011.3630 18.5642
2011.3658 18.0169
2011.3685 21.1903
2011.3712 14.4942
2011.3740 17.0283
2011.3767 18.0826
2011.3794 15.3368
2011.3822 15.6608
2011.3849 15.7844
2011.3877 16.3074
2011.3904 19.4396
2011.3931 17.5110
2011.3959 15.8112
2011.3986 16.3202
2011.4014 17.6178
2011.4041 23.1338
2011.4068 22.0280
2011.4096 24.4802
2011.4123 24.2303
2011.4151 25.3693
2011.4178 27.9783
2011.4205 29.8372
2011.4233 24.3561
2011.4260 25.1450
2011.4288 21.6839
2011.4315 23.9827
2011.4342 24.7115
2011.4370 19.5803
2011.4397 21.0190
2011.4425 23.5577
2011.4452 19.6364
2011.4479 16.6051
2011.4507 17.4837
2011.4534 18.1123
2011.4562 19.5108
2011.4589 20.5093
2011.4616 17.6178
2011.4644 19.9763
2011.4671 21.6747
2011.4699 19.3831
2011.4726 19.2814
2011.4753 21.7197
2011.4781 22.1780
2011.4808 23.0962
2011.4836 17.0444
2011.4863 16.0726
2011.4890 14.3907
2011.4918 18.1988
2011.4945 12.1868
2011.4973 12.2448
2011.5000 21.3926
2011.5027 16.3503
2011.5055 19.3679
2011.5082 19.0753
2011.5110 16.0326
2011.5137 16.5798
2011.5164 18.6670
2011.5192 16.2740
2011.5219 14.7210
2011.5247 12.9979
2011.5274 14.6347
2011.5301 17.4015
2011.5329 14.0483
2011.5356 18.5450
2011.5384 18.9217
2011.5411 19.8084
2011.5438 15.6152
2011.5466 12.7619
2011.5493 18.4287
2011.5521 18.5755
2011.5548 14.9123
2011.5575 15.1192
2011.5603 17.2962
2011.5630 20.0732
2011.5658 15.5704
2011.5685 21.9976
2011.5712 18.9949
2011.5740 16.5824
2011.5767 13.3800
2011.5794 22.2577
2011.5822 17.9158
2011.5849 16.6762
2011.5877 12.4589
2011.5904 15.3637
2011.5931 15.0206
2011.5959 15.9992
2011.5986 19.4795
2011.6014 17.0013
2011.6041 18.4544
2011.6068 18.4687
2011.6096 18.9039
2011.6123 18.4099
2011.6151 16.4465
2011.6178 15.5736
2011.6205 10.8211
2011.6233 15.1586
2011.6260 13.7361
2011.6288 15.7434
2011.6315 19.1903
2011.6342 18.2366
2011.6370 19.9822
2011.6397 21.5270
2011.6425 21.8306
2011.6452 21.5431
2011.6479 22.3641
2011.6507 21.0136
2011.6534 22.1014
2011.6562 20.1672
2011.6589 18.7210
2011.6616 18.0825
2011.6644 18.2016
2011.6671 14.8384
2011.6699 14.8931
2011.6726 17.4959
2011.6753 15.2769
2011.6781 17.4462
2011.6808 19.6041
2011.6836 12.9805
2011.6863 17.4957
2011.6890 9.4899
2011.6918 14.2631
2011.6945 14.3854
2011.6973 12.0271
2011.7000 10.8282
2011.7027 10.5590
2011.7055 11.1594
2011.7082 11.8198
2011.7110 11.3901
2011.7137 13.8306
2011.7164 10.0114
2011.7192 10.7926
2011.7219 10.0243
2011.7247 11.1768
2011.7274 16.0001
2011.7301 14.6444
2011.7329 10.3098
2011.7356 9.4365
2011.7384 14.1045
2011.7411 14.0741
2011.7438 10.5553
2011.7466 10.0784
2011.7493 10.1131
2011.7521 11.2783
2011.7548 8.2036
2011.7575 12.4992
2011.7603 16.7749
2011.7630 18.4609
2011.7658 18.9570
2011.7685 20.2834
2011.7712 21.5400
2011.7740 16.8168
2011.7767 19.7839
2011.7794 17.3212
2011.7822 17.9187
2011.7849 18.7665
2011.7877 16.6145
2011.7904 16.1328
2011.7931 21.7113
2011.7959 20.4101
2011.7986 23.3091
2011.8014 22.5084
2011.8041 21.9480
2011.8068 22.3678
2011.8096 20.1180
2011.8123 22.7884
2011.8151 26.2691
2011.8178 24.2401
2011.8205 22.1314
2011.8233 18.6830
2011.8260 20.6549
2011.8288 23.6971
2011.8315 26.8096
2011.8342 24.0128
2011.8370 18.2270
2011.8397 19.8121
2011.8425 20.9181
2011.8452 21.4849
2011.8479 19.4324
2011.8507 21.4506
2011.8534 24.2493
2011.8562 25.0985
2011.8589 24.4882
2011.8616 28.1282
2011.8644 24.1686
2011.8671 22.5991
2011.8699 25.5999
2011.8726 24.8907
2011.8753 19.4415
2011.8781 20.2623
2011.8808 22.2430
2011.9110 26.1324
2011.9137 26.7162
2011.9164 33.0589
2011.9192 26.8510
2011.9219 24.7523
2011.9247 25.0128
2011.9274 24.8627
2011.9301 25.0518
2011.9329 26.9202
2011.9356 29.2479
2011.9384 27.8749
2011.9411 22.4211
2011.9438 26.1666
2011.9466 25.9114
2011.9493 29.1955
2011.9521 29.4988
2011.9548 27.4114
2011.9575 32.5633
2011.9603 27.3645
2011.9630 26.7149
2011.9658 25.3846
2011.9685 29.0936
2011.9712 30.5118
2011.9740 28.6693
2011.9767 27.9361
2011.9795 32.0722
2011.9822 29.7975
2011.9849 28.9021
2011.9877 29.8960
2011.9904 28.8592
2011.9931 30.6316
2011.9959 28.6033
2011.9986 27.5442
2012.0014 26.8244
2012.0041 28.4331
2012.0068 25.4005
2012.0096 25.7965
2012.0123 27.4213
2012.0150 30.4149
2012.0178 28.1076
2012.0205 25.8693
2012.0232 28.2002
2012.0260 27.0604
2012.0287 31.5499
2012.0314 24.9789
2012.0342 26.5075
2012.0369 27.8157
2012.0396 30.0837
2012.0423 27.4316
2012.0451 28.8595
2012.0478 30.4674
2012.0505 26.5755
2012.0533 28.2138
2012.0560 25.4425
2012.0587 29.1517
2012.0615 27.5415
2012.0642 26.4318
2012.0669 30.4330
2012.0697 28.2350
2012.0724 27.8580
2012.0751 28.3920
2012.0779 26.4472
2012.0806 25.4837
2012.0833 25.9608
2012.0861 25.7876
2012.0888 28.4843
2012.0915 26.7108
2012.0943 31.6074
2012.0970 26.3841
2012.0997 28.2309
2012.1025 27.6880
2012.1052 33.8254
2012.1079 30.9332
2012.1107 31.5215
2012.1134 28.6204
2012.1161 32.6099
2012.1189 29.3202
2012.1216 28.6413
2012.1243 26.9533
2012.1270 29.0463
2012.1298 22.8204
2012.1325 29.2456
2012.1352 29.8221
2012.1380 28.7999
2012.1407 33.7291
2012.1434 31.6097
2012.1462 30.0720
2012.1489 30.5659
2012.1516 28.0515
2012.1544 27.2290
2012.1571 31.5983
2012.1598 32.0796
2012.1626 26.2729
2012.1653 30.2771
2012.1680 30.9117
2012.1708 30.4769
2012.1735 32.5226
2012.1762 28.7887
2012.1790 31.3953
2012.1817 29.8523
2012.1844 35.0898
2012.1872 26.2177
2012.1899 30.0960
2012.1926 26.3847
2012.1954 24.4837
2012.1981 28.3732
2012.2008 31.0930
2012.2035 27.3932
2012.2063 27.6837
2012.2090 30.0245
2012.2117 27.6856
2012.2145 28.4070
2012.2172 25.0187
2012.2199 25.5506
2012.2227 27.1328
2012.2254 27.5353
2012.2281 24.7780
2012.2309 24.0509
2012.2336 32.1040
2012.2363 30.9573
2012.2391 31.6207
2012.2418 28.2043
2012.2445 25.7281
2012.2473 25.7520
2012.2500 28.3659
2012.2527 27.4498
2012.2555 26.8237
2012.2582 28.9575
2012.2609 24.0214
2012.2637 25.1953
2012.2664 28.5592
2012.2691 30.9531
2012.2719 27.6470
2012.2746 27.7109
2012.2773 31.2548
2012.2801 32.0487
2012.2828 31.1626
2012.2855 28.1865
2012.2882 27.9604
2012.2910 29.3443
2012.2937 28.6782
2012.2964 30.8621
2012.2992 25.6760
2012.3019 32.2599
2012.3046 33.7038
2012.3074 31.9677
2012.3101 33.8216
2012.3128 33.6255
2012.3156 32.4094
2012.3183 31.1233
2012.3210 29.3772
2012.3238 23.4210
2012.3265 22.6849
2012.3292 23.8088
2012.3320 24.4927
2012.3347 26.3166
2012.3374 26.8604
2012.3402 27.7843
2012.3429 29.0382
2012.3456 22.6821
2012.3484 25.0660
2012.3511 27.9999
2012.3538 28.1938
2012.3566 29.7676
2012.3593 30.9415
2012.3620 29.6854
2012.3648 32.0592
2012.3675 30.6531
2012.3702 27.0370
2012.3729 30.6808
2012.3757 27.4946
2012.3784 29.2484
2012.3811 30.4723
2012.3839 28.7561
2012.3866 27.3398
2012.3893 28.1236
2012.3921 29.3674
2012.3948 27.5711
2012.3975 28.4148
2012.4003 29.0986
2012.4030 30.7023
2012.4057 22.9159
2012.4085 24.7896
2012.4112 29.3632
2012.4139 25.1164
2012.4167 28.7276
2012.4194 31.9668
2012.4221 30.7340
2012.4249 32.4693
2012.4276 32.0730
2012.4303 36.3850
2012.4331 35.1257
2012.4358 33.4149
2012.4385 30.3730
2012.4413 30.4700
2012.4440 27.0960
2012.4467 34.3212
2012.4495 34.4957
2012.4522 32.0195
2012.4549 34.3330
2012.4576 34.8860
2012.4604 31.5888
2012.4631 32.0316
2012.4658 30.1344
2012.4686 31.2173
2012.4713 31.0104
2012.4740 30.8940
2012.4768 31.1181
2012.4795 33.0528
2012.4822 27.6083
2012.9467 31.6952
2012.9495 32.8393
2012.9522 31.6134
2012.9549 36.2474
2012.9576 35.2915
2012.9604 35.6455
2012.9631 34.4395
2012.9658 35.5635
2012.9686 31.8975
2012.9713 30.1114
2012.9740 34.0954
2012.9768 35.2193
2012.9795 37.8533
2012.9822 33.6772
2012.9850 34.0312
2012.9877 36.3452
2012.9904 36.1192
2012.9932 35.8932
2012.9959 36.7472
2012.9986 35.6812
2013.0014 39.7351
2013.0041 35.8680
2013.0068 33.2100
2013.0096 35.1710
2013.0123 35.3714
2013.0151 34.2210
2013.0178 33.7801
2013.0205 34.7588
2013.0233 32.7571
2013.0260 36.8951
2013.0288 33.8529
2013.0315 34.8407
2013.0342 33.6586
2013.0370 31.8866
2013.0397 34.3148
2013.0425 33.8134
2013.0452 33.1524
2013.0479 33.2020
2013.0507 32.9222
2013.0534 30.8332
2013.0562 32.2450
2013.0589 36.0378
2013.0616 32.9216
2013.0644 31.9566
2013.0671 35.8128
2013.0699 33.6304
2013.0726 34.0394
2013.0753 34.9600
2013.0781 39.7123
2013.0808 31.7063
2013.0836 33.7123
2013.0863 31.4805
2013.0890 32.4607
2013.0918 31.3029
2013.0945 33.7069
2013.0973 34.2826
2013.1000 33.1799
2013.1027 33.3088
2013.1055 33.2890
2013.1082 34.5405
2013.1110 32.2633
2013.1137 34.5471
2013.1164 33.0319
2013.1192 30.1776
2013.1219 34.5741
2013.1247 31.1612
2013.1274 30.3689
2013.1301 31.5871
2013.1329 29.9256
2013.1356 33.7143
2013.1384 32.5332
2013.1411 29.7621
2013.1438 28.0009
2013.1466 26.2895
2013.1493 32.0079
2013.1521 29.4659
2013.1548 36.1334
2013.1575 34.2102
2013.1603 32.2364
2013.1630 31.8819
2013.1658 32.2473
2013.1685 32.8827
2013.1712 35.3682
2013.1740 33.3237
2013.1767 29.8992
2013.1795 31.6647
2013.1822 28.4102
2013.1849 29.0658
2013.1877 29.1714
2013.1904 32.4270
2013.1931 32.3126
2013.1959 32.8682
2013.1986 36.1038
2013.2014 30.0794
2013.2041 35.1151
2013.2068 33.0707
2013.2096 36.7463
2013.2123 35.2119
2013.2151 33.3075
2013.2178 35.3031
2013.2205 31.9586
2013.2233 32.6342
2013.2260 33.1797
2013.2288 35.0252
2013.2315 35.0107
2013.2342 35.0862
2013.2370 36.1816
2013.2397 34.6270
2013.2425 35.9624
2013.2452 40.0977
2013.2479 39.4030
2013.2507 37.9382
2013.2534 36.9632
2013.2562 33.2082
2013.2589 34.7432
2013.2616 33.5680
2013.2644 37.0027
2013.2671 34.9573
2013.2699 29.9818
2013.2726 36.6862
2013.2753 33.3705
2013.2781 32.6446
2013.2808 30.7987
2013.2836 29.9626
2013.2863 32.2765
2013.2890 32.5702
2013.2918 32.1437
2013.2945 31.0372
2013.2973 30.8005
2013.3000 27.2237
2013.3027 27.7067
2013.3055 28.5396
2013.3082 32.1824
2013.3110 27.9050
2013.3137 30.3375
2013.3164 28.0499
2013.3192 29.6621
2013.3219 31.4541
2013.3247 32.3260
2013.3274 28.7177
2013.3301 28.5289
2013.3329 30.2772
2013.3356 27.3024
2013.3384 26.9147
2013.3411 24.6243
2013.3438 25.3715
2013.3466 26.5464
2013.3493 30.7893
2013.3521 28.5004
2013.3548 28.1098
2013.3575 31.2579
2013.3603 26.4747
2013.3630 25.9306
2013.3658 30.2758
2013.3685 30.9804
2013.3712 29.9446
2013.3740 23.8087
2013.3767 24.2629
2013.3794 28.5674
2013.3822 31.7024
2013.3849 29.2582
2013.3877 30.2349
2013.3904 28.9127
2013.3931 25.4719
2013.3959 28.5126
2013.3986 24.9452
2013.4014 25.6497
2013.4041 22.9565
2013.4068 24.2557
2013.4096 25.3675
2013.4123 25.8322
2013.4151 26.6684
2013.4178 22.1049
2013.4205 28.2616
2013.4233 25.5286
2013.4260 26.4758
2013.4288 28.1932
2013.4315 31.3009
2013.4342 30.2089
2013.4370 27.2170
2013.4397 25.4254
2013.4425 25.8641
2013.4452 23.0730
2013.4479 20.8022
2013.4507 22.9816
2013.4534 23.4212
2013.4562 20.6012
2013.4589 21.2713
2013.4616 26.7317
2013.4644 29.4724
2013.4671 29.7533
2013.4699 32.4345
2013.4726 29.7159
2013.4753 29.7976
2013.4781 26.0096
2013.4808 23.0618
2013.4836 23.3743
2013.4863 21.5170
2013.4890 28.3400
2013.4918 25.0533
2013.4945 26.7968
2013.4973 30.3606
2013.5000 33.7543
2013.5027 31.7380
2013.5055 34.1616
2013.5082 33.4853
2013.5110 32.1489
2013.5137 35.9626
2013.5164 33.4664
2013.5192 32.3802
2013.5219 35.0940
2013.5247 39.9780
2013.5274 31.4922
2013.5301 31.5064
2013.5329 27.5708
2013.5356 30.5155
2013.5384 31.3003
2013.5411 31.7853
2013.5438 33.0806
2013.5466 30.5561
2013.5493 38.0919
2013.5521 37.0780
2013.5548 38.2045
2013.5575 40.8013
2013.5603 34.2584
2013.5630 33.4259
2013.5658 32.6138
2013.5685 33.0021
2013.5712 32.7609
2013.5740 31.0701
2013.5767 34.2797
2013.5794 34.5499
2013.5822 41.8106
2013.5849 38.1318
2013.5877 39.9535
2013.5904 40.6056
2013.5931 40.2982
2013.5959 36.1312
2013.5986 31.3546
2013.6014 26.9983
2013.6041 30.3923
2013.6068 25.1466
2013.6096 22.0412
2013.6123 23.1460
2013.6151 19.8609
2013.6178 25.0060
2013.6205 25.4713
2013.6233 28.2466
2013.6260 26.0720
2013.6288 25.4174
2013.6315 27.5128
2013.6342 24.7282
2013.6370 26.6236
2013.6397 30.4888
2013.6425 22.6640
2013.6452 29.3590
2013.6479 24.0938
2013.6507 29.0383
2013.6534 30.0527
2013.6562 29.2868
2013.6589 26.4905
2013.6616 27.1240
2013.6644 27.7270
2013.6671 26.7298
2013.6699 28.3725
2013.6726 28.3151
2013.6753 26.3475
2013.6781 26.1098
2013.6808 29.0920
2013.6836 30.4240
2013.6863 29.7658
2013.6890 26.4075
2013.6918 29.3790
2013.6945 28.4103
2013.6973 30.6415
2013.7000 32.8324
2013.7027 31.0932
2013.7055 32.7737
2013.7082 31.0140
2013.7110 30.0041
2013.7137 32.4040
2013.7164 36.0036
2013.7192 32.6130
2013.7219 32.3721
2013.7247 34.4610
2013.7274 32.6596
2013.7301 32.0179
2013.7329 30.1660
2013.7356 29.6338
2013.7384 32.1412
2013.7411 33.8684
2013.7438 39.6053
2013.7466 36.0618
2013.7493 39.1578
2013.7521 36.6919
2013.7548 36.3739
2013.7575 34.7141
2013.7603 38.1824
2013.7630 34.1192
2013.7658 33.2044
2013.7685 39.4282
2013.7712 35.7907
2013.7740 37.6721
2013.7767 39.5225
2013.7794 42.5120
2013.7822 38.9207
2013.7849 37.6387
2013.7877 38.9763
2013.7904 37.2535
2013.7931 42.0104
2013.7959 39.5371
2013.7986 40.9739
2013.8014 42.4607
2013.8041 41.7478
2013.8068 42.9253
2013.8096 43.7233
2013.8123 45.1318
2013.8151 44.4911
2013.8178 47.7913
2013.8205 44.1824
2013.8233 48.7747
2013.8260 47.0482
2013.8288 44.4031
2013.8315 45.2095
2013.8342 45.2277
2013.8370 45.5378
2013.8397 48.7797
2013.8425 49.5033
2013.8452 49.7684
2013.8479 48.0649
2013.8507 45.1927
2013.8534 48.0115
2013.8562 46.4312
2013.8589 50.2418
2013.8616 44.5931
2013.8644 43.2148
2013.8671 46.4270
2013.8699 42.9894
2013.8726 39.9919
2013.8753 44.6643
2013.8781 43.4266
2013.8808 43.6285
2013.8836 45.3300
2013.8863 44.2108
2013.8890 48.7509
2013.8918 46.9002
2013.8945 43.6183
2013.8973 46.4953
2013.9000 44.2810
2013.9027 46.4252
2013.9055 40.9178
2013.9082 44.9987
2013.9110 42.5377
2013.9137 40.6446
2013.9164 40.7991
2013.9192 42.7097
2013.9219 41.0863
2013.9247 42.2092
2013.9274 41.1388
2013.9301 40.7352
2013.9329 43.7788
2013.9356 45.5399
2013.9384 44.2288
2013.9411 42.0657
2013.9438 43.2310
2013.9466 42.9849
2013.9493 42.4077
2013.9521 37.9997
2013.9548 39.1711
2013.9575 35.8424
2013.9603 36.4838
2013.9630 33.6754
2013.9658 33.5378
2013.9685 38.0010
2013.9712 35.8555
2013.9740 32.5415
2013.9767 32.9693
2013.9795 35.5991
2013.9822 36.9913
2013.9849 33.5562
2013.9877 40.7740
2013.9904 35.2251
2013.9931 35.9196
2013.9959 34.5280
2013.9986 38.1604
2014.0014 36.1868
2014.0041 35.4842
2014.0068 34.5522
2014.0096 35.0007
2014.0123 37.0197
2014.0151 37.5791
2014.0178 33.5089
2014.0205 33.0491
2014.0233 37.0995
2014.0260 37.8302
2014.0288 36.0611
2014.0315 38.7622
2014.0342 43.3734
2014.0370 37.8847
2014.0397 38.7260
2014.0425 38.3374
2014.0452 36.3986
2014.0479 39.4698
2014.0507 39.9409
2014.0534 38.6718
2014.0562 40.8124
2014.0589 35.6028
2014.0616 36.8329
2014.0644 40.7027
2014.0671 43.3820
2014.0699 37.7309
2014.0726 36.9194
2014.0753 39.5873
2014.0781 41.9246
2014.0808 40.8014
2014.0836 40.8877
2014.0863 42.7039
2014.0890 39.2999
2014.0918 43.7358
2014.0945 41.4716
2014.0973 42.7273
2014.1000 37.5428
2014.1027 38.5483
2014.1055 42.2237
2014.1082 43.0690
2014.1110 42.9743
2014.1137 43.7296
2014.1164 41.6848
2014.1192 44.8600
2014.1219 46.7651
2014.1247 43.9803
2014.1274 44.9155
2014.1301 43.3507
2014.1329 38.7460
2014.1356 38.5813
2014.1384 35.0167
2014.1411 38.9822
2014.1438 42.3777
2014.1466 42.0733
2014.1493 46.3891
2014.1521 44.3449
2014.1548 45.9209
2014.1575 45.4171
2014.1603 45.3133
2014.1630 42.8398
2014.1658 47.1465
2014.1685 43.7035
2014.1712 47.4409
2014.1740 42.4385
2014.1767 46.7464
2014.1795 45.6347
2014.1822 42.2333
2014.1849 41.8722
2014.1877 42.3515
2014.1904 44.9312
2014.1931 39.4813
2014.1959 36.8217
2014.1986 40.3526
2014.2014 37.2939
2014.2041 39.2756
2014.2068 35.8677
2014.2096 36.7503
2014.2123 41.5934
2014.2151 39.1769
2014.2178 38.8209
2014.2205 35.1855
2014.2233 39.4205
2014.2260 39.0360
2014.2288 39.1221
2014.2315 37.7187
2014.2342 41.4258
2014.2370 37.8835
2014.2397 40.6718
2014.2425 35.8907
2014.2452 34.6401
2014.2479 32.8417
2014.2507 38.5370
2014.2534 33.5055
2014.2562 36.2372
2014.2589 42.5918
2014.2616 38.9089
2014.2644 40.2285
2014.2671 38.0801
2014.2699 36.7037
2014.2726 37.3889
2014.2753 37.2055
2014.2781 40.7833
2014.2808 43.9420
2014.2836 42.8113
2014.2863 41.3911
2014.2890 42.9211
2014.2918 45.5811
2014.2945 44.7607
2014.2973 49.6699
2014.3000 44.2682
2014.3027 45.0455
2014.3055 39.9516
2014.3082 33.8762
2014.3110 39.8090
2014.3137 38.5298
2014.3164 41.8384
2014.3192 38.2845
2014.3219 32.4779
2014.3247 35.9784
2014.3274 37.9556
2014.3301 35.8998
2014.3329 34.4534
2014.3356 35.6770
2014.3384 36.8404
2014.3411 36.2137
2014.3438 36.3270
2014.3466 33.2501
2014.3493 38.1931
2014.3521 34.6460
2014.3548 34.5488
2014.3575 35.5715
2014.3603 34.5840
2014.3630 37.6265
2014.3658 39.0689
2014.3685 39.9912
2014.3712 42.8434
2014.3740 40.2854
2014.3767 35.7974
2014.3794 40.7792
2014.3822 41.2710
2014.3849 38.2027
2014.3877 37.2442
2014.3904 38.3557
2014.3931 37.6670
2014.3959 35.2483
2014.3986 33.1494
2014.4014 35.1205
2014.4041 35.8014
2014.4068 37.5523
2014.4096 33.5130
2014.4123 35.9137
2014.4151 32.7844
2014.4178 35.0451
2014.4205 31.8758
2014.4233 35.1567
2014.4260 34.0675
2014.4288 33.0983
2014.4315 32.5391
2014.4342 31.3499
2014.4370 31.6407
2014.4397 30.8814
2014.4425 31.9520
2014.4452 37.8626
2014.4479 38.2430
2014.4507 38.1133
2014.4534 38.9235
2014.4562 39.8936
2014.4589 37.2734
2014.4616 33.6431
2014.4644 32.5226
2014.4671 33.5119
2014.4699 32.6909
2014.4726 34.1197
2014.4753 36.5082
2014.4781 36.8765
2014.4808 40.7745
2014.4836 41.2021
2014.4863 45.1295
2014.4890 43.5465
2014.4918 41.0431
2014.4945 41.5794
2014.4973 37.8352
2014.5000 39.0600
2014.5027 38.7938
2014.5055 37.4765
2014.5082 39.2983
2014.5110 47.6792
2014.5137 41.8393
2014.5164 45.7685
2014.5192 49.4770
2014.5219 46.7847
2014.5247 45.1717
2014.5274 43.8181
2014.5301 36.4939
2014.5329 41.7792
2014.5356 38.5839
2014.5384 38.5782
2014.5411 35.9721
2014.5438 38.9956
2014.5466 35.7088
2014.5493 37.8516
2014.5521 39.1743
2014.5548 39.2467
2014.5575 36.3590
2014.5603 39.6012
2014.5630 49.4334
2014.5658 41.7555
2014.5685 46.7076
2014.5712 33.8599
2014.5740 36.4622
2014.5767 37.1247
2014.5794 36.9274
2014.5822 31.8002
2014.5849 35.1220
2014.5877 39.1228
2014.5904 32.2827
2014.5931 37.1716
2014.5959 37.2498
2014.5986 34.5073
2014.6014 39.4042
2014.6041 37.6506
2014.6068 37.7965
2014.6096 38.5920
2014.6123 35.6673
2014.6151 35.8424
2014.6178 33.9374
2014.6205 36.1623
2014.6233 39.0873
2014.6260 38.9625
2014.6288 38.5779
2014.9356 50.6917
2014.9384 48.1236
2014.9411 50.4250
2014.9438 46.0562
2014.9466 47.1371
2014.9493 43.7379
2014.9521 48.6386
2014.9548 48.8993
2014.9575 46.9701
2014.9603 39.3811
2014.9630 47.4823
2014.9658 42.9438
2014.9685 44.3257
2014.9712 39.5980
2014.9740 43.7509
2014.9767 42.4044
2014.9795 43.2787
2014.9822 43.6336
2014.9849 41.0195
2014.9877 43.3763
2014.9904 40.3441
2014.9931 39.7230
2014.9959 42.8130
2014.9986 38.2143
2015.0014 39.6670
2015.0041 43.4917
2015.0068 44.1084
2015.0096 45.6870
2015.0123 42.2673
2015.0151 42.8593
2015.0178 43.3227
2015.0205 44.3274
2015.0233 43.0333
2015.0260 42.2603
2015.0288 41.2082
2015.0315 45.1869
2015.0342 44.5963
2015.0370 39.6662
2015.0397 40.2265
2015.0425 42.5070
2015.0452 38.1077
2015.0479 39.3984
2015.0507 45.2590
2015.0534 46.2892
2015.0562 44.3091
2015.0589 41.1985
2015.0616 42.6971
2015.0644 41.7650
2015.0671 44.3919
2015.0699 46.5478
2015.0726 42.1424
2015.0753 43.4457
2015.0781 46.0376
2015.0808 43.9778
2015.0836 45.1458
2015.0863 45.0410
2015.0890 41.1737
2015.0918 45.7341
2015.0945 46.2226
2015.0973 47.4693
2015.1000 44.2244
2015.1027 43.4882
2015.1055 44.9510
2015.1082 44.0529
2015.1110 41.1143
2015.1137 42.2053
2015.1164 44.4961
2015.1192 44.5071
2015.1219 46.9285
2015.1247 50.3705
2015.1274 49.0333
2015.1301 46.9572
2015.1329 46.6924
2015.1356 44.9091
2015.1384 46.8477
2015.1411 45.6882
2015.1438 47.2211
2015.1466 47.3364
2015.1493 43.4045
2015.1521 41.5255
2015.1548 46.0298
2015.1575 44.9275
2015.1603 45.6289
2015.1630 47.2138
2015.1658 44.6397
2015.1685 44.6463
2015.1712 48.1034
2015.1740 46.8012
2015.1767 50.3195
2015.1795 44.1884
2015.1822 47.0778
2015.1849 47.0177
2015.1877 43.6481
2015.1904 45.1390
2015.1931 46.0303
2015.1959 47.1821
2015.1986 48.4443
2015.2014 45.8969
2015.2041 45.7398
2015.2068 46.2631
2015.2096 43.6168
2015.2123 43.6408
2015.2151 43.9951
2015.2178 43.5096
2015.2205 41.1444
2015.2233 48.2195
2015.2260 44.6948
2015.2288 43.4702
2015.2315 43.1759
2015.2342 37.6317
2015.2370 38.3277
2015.2397 41.1438
2015.2425 39.4100
2015.2452 42.6963
2015.2479 40.7227
2015.2507 38.7791
2015.2534 44.3956
2015.2562 43.2221
2015.2589 41.9487
2015.2616 41.3453
2015.2644 35.7219
2015.2671 37.6486
2015.2699 40.5153
2015.2726 37.3821
2015.2753 35.7888
2015.2781 33.2056
2015.2808 33.3824
2015.2836 36.1592
2015.2863 39.0660
2015.2890 37.2328
2015.2918 36.8096
2015.2945 38.5564
2015.2973 41.0532
2015.3000 38.4300
2015.3027 44.9067
2015.3055 39.1434
2015.3082 39.9301
2015.3110 41.8468
2015.3137 38.7634
2015.3164 38.3900
2015.3192 41.9366
2015.3219 42.2331
2015.3247 39.0095
2015.3274 41.5359
2015.3301 42.1223
2015.3329 38.9287
2015.3356 37.3851
2015.3384 44.3716
2015.3411 44.2781
2015.3438 41.8446
2015.3466 37.0110
2015.3493 36.4674
2015.3521 32.9136
2015.3548 40.3898
2015.3575 41.1359
2015.3603 39.9118
2015.3630 33.8775
2015.3658 36.5430
2015.3685 36.0983
2015.3712 36.3134
2015.3740 35.7282
2015.3767 37.1228
2015.3794 36.0270
2015.3822 37.7609
2015.3849 41.9244
2015.3877 47.3376
2015.3904 44.2004
2015.3931 37.0227
2015.3959 29.6146
2015.3986 34.9561
2015.4014 34.3671
2015.4041 36.9975
2015.4068 36.0375
2015.4096 35.0769
2015.4123 33.8257
2015.4151 31.6423
2015.4178 35.6653
2015.4205 30.5949
2015.4233 32.3813
2015.4260 30.9447
2015.4288 34.2554
2015.4315 31.5935
2015.4342 32.7694
2015.4370 30.1532
2015.4397 27.3450
2015.4425 33.8953
2015.4452 28.2241
2015.4479 27.6117
2015.4507 28.5583
2015.4534 30.6242
2015.4562 30.2795
2015.4589 36.6544
2015.4616 36.8492
2015.4644 27.1542
2015.4671 33.0294
2015.4699 33.3852
2015.4726 29.8218
2015.4753 33.3093
2015.4781 33.4181
2015.4808 34.1682
2015.4836 38.1900
2015.4863 34.3737
2015.4890 37.1794
2015.4918 40.6074
2015.4945 34.7779
2015.4973 33.2909
2015.5000 30.1746
2015.5027 29.6785
2015.5055 29.2629
2015.5110 25.7423
2015.5137 28.7774
2015.5164 26.5828
2015.5192 31.5083
2015.5219 32.7339
2015.5247 30.3197
2015.5274 32.0355
2015.5301 32.2315
2015.5329 32.7675
2015.5356 31.3434
2015.5384 33.3894
2015.5411 33.6453
2015.5438 31.7012
2015.5466 31.0070
2015.5493 33.7126
2015.5521 31.2881
2015.5548 32.9433
2015.5575 31.6484
2015.5603 31.6732
2015.5630 36.1378
2015.5658 37.7421
2015.5685 38.6860
2015.5712 31.6296
2015.5740 28.1928
2015.5767 32.5156
2015.5794 31.8379
2015.5822 31.5198
2015.5849 31.4313
2015.5877 35.3924
2015.5904 35.5831
2015.5931 34.0735
2015.5959 39.0935
2015.5986 35.2033
2015.6014 38.0929
2015.6041 39.0122
2015.6068 37.6413
2015.6096 38.8703
2015.6123 36.1992
2015.6151 37.1179
2015.6178 34.4566
2015.6205 33.8153
2015.6233 39.0639
2015.6260 37.5726
2015.6288 39.9513
2015.6315 39.5901
2015.6342 38.5990
2015.6370 36.2780
2015.6397 37.7372
2015.6425 32.7266
2015.6452 36.0762
2015.6479 34.9561
2015.6507 40.7363
2015.6534 40.7468
2015.6562 39.4176
2015.6589 39.5288
2015.6616 37.4704
2015.6644 37.2125
2015.6671 38.6449
2015.6699 37.9078
2015.6726 34.7611
2015.6753 40.1948
2015.6781 39.1389
2015.6808 35.9633
2015.6836 35.5582
2015.6863 40.7034
2015.6890 43.7890
2015.6918 40.7449
2015.6945 38.7512
2015.6973 36.7878
2015.7000 41.0748
2015.7027 43.3921
2015.7055 45.8697
2015.7082 44.0777
2015.7110 44.6359
2015.7137 45.1445
2015.7164 42.6134
2015.7192 48.2825
2015.7219 52.0820
2015.7247 41.1417
2015.7274 37.9617
2015.7301 41.9920
2015.7329 42.1126
2015.7356 43.8034
2015.7384 42.5744
2015.7411 43.5657
2015.7438 47.3073
2015.7466 41.6791
2015.7493 40.0312
2015.7521 41.0143
2015.7548 41.9984
2015.7575 42.4936
2015.7603 43.6796
2015.7630 44.5764
2015.7658 43.4140
2015.7685 41.3523
2015.7712 40.5412
2015.7740 39.9606
2015.7767 45.1305
2015.7794 37.9408
2015.7822 40.6914
2015.7849 37.5723
2015.7877 42.9534
2015.7904 43.2846
2015.7931 46.1458
2015.7959 44.2370
2015.7986 52.8281
2015.8014 47.6291
2015.8041 48.5298
2015.8068 49.3202
2015.8096 49.0802
2015.8123 49.6398
2015.8151 47.0389
2015.8178 47.4874
2015.8205 48.1452
2015.8233 52.3923
2015.8260 51.3885
2015.8288 49.8839
2015.8315 50.9184
2015.8342 47.6618
2015.8370 52.4839
2015.8397 51.0450
2015.8425 52.8651
2015.8452 50.7242
2015.8479 50.2725
2015.8507 49.2100
2015.8534 50.2667
2015.8562 61.1729
2015.8589 51.4484
2015.8616 54.6435
2015.8644 51.5582
2015.8671 51.8826
2015.8699 50.3767
2015.8726 49.1807
2015.8753 46.7745
2015.8781 49.0984
2015.8808 50.9822
2015.8836 55.7163
2015.8863 52.8105
2015.8890 55.1651
2015.8918 53.5000
2015.8945 55.1854
2015.8973 54.1612
2015.9000 51.3977
2015.9027 54.0349
2015.9055 49.5728
2015.9082 50.4116
2015.9110 54.3912
2015.9274 54.7204
2015.9301 55.8615
2015.9329 56.0639
2015.9356 56.2177
2015.9384 51.3327
2015.9411 57.0387
2015.9438 58.7656
2015.9466 52.4933
2015.9493 49.0916
2015.9521 56.6804
2015.9548 49.0696
2015.9575 45.5590
2015.9603 42.2985
2015.9630 52.9680
2015.9658 43.3272
2015.9685 41.4462
2015.9712 38.4647
2015.9740 41.4126
2015.9767 43.7297
2015.9795 41.7361
2015.9822 40.8514
2015.9849 45.8655
2015.9877 45.4084
2015.9904 46.1899
2015.9931 46.8198
2015.9959 45.4981
2015.9986 46.8545
2016.0014 44.7787
2016.0041 43.8389
2016.0068 45.3352
2016.0096 46.0578
2016.0123 44.8672
2016.0150 44.6335
2016.0178 40.0071
2016.0205 39.9383
2016.0232 42.4175
2016.0260 42.0149
2016.0287 38.3308
2016.0314 40.9556
2016.0342 42.3996
2016.0369 37.4131
2016.0396 44.3364
2016.0423 42.8998
2016.0451 44.7536
2016.0478 44.1381
2016.0505 44.8837
2016.0533 43.8706
2016.0560 45.0392
2016.0587 44.3098
2016.0615 44.8327
2016.0642 42.8382
2016.0669 48.3966
2016.0697 42.0382
2016.0724 44.3134
2016.0751 44.6024
2016.0779 47.0456
2016.0806 45.1233
2016.0833 47.1644
2016.0861 47.4173
2016.0888 50.3719
2016.0915 48.5079
2016.0943 48.7954
2016.0970 47.9442
2016.0997 48.2941
2016.1025 50.1350
2016.1052 47.3968
2016.1079 48.9095
2016.1107 51.0828
2016.1134 48.5666
2016.1161 49.3708
2016.1189 47.6654
2016.1216 45.1300
2016.1243 48.6448
2016.1270 50.4395
2016.1298 47.5939
2016.1325 47.9681
2016.1352 49.3617
2016.1380 49.9949
2016.1407 54.4373
2016.1434 52.0989
2016.1462 48.3496
2016.1489 52.5792
2016.1516 47.9076
2016.1544 49.9447
2016.1571 48.9304
2016.1598 50.9646
2016.1626 46.8771
2016.1653 49.4792
2016.1680 48.4211
2016.1708 46.4628
2016.1735 47.9444
2016.1762 48.3658
2016.1790 48.8170
2016.1817 50.2080
2016.1844 46.0888
2016.1872 49.5194
2016.1899 51.1398
2016.1926 51.1100
2016.1954 50.6900
2016.1981 51.8797
2016.2008 50.9593
2016.2035 48.3186
2016.2063 47.1976
2016.2090 48.9364
2016.2117 40.8850
2016.2145 49.3632
2016.2172 46.2913
2016.2199 47.0490
2016.2227 47.3765
2016.2254 49.9837
2016.2281 49.8506
2016.2309 48.3073
2016.2336 48.1336
2016.2363 52.4096
2016.2391 51.0453
2016.2418 46.0607
2016.2445 44.9758
2016.2473 48.0800
2016.2500 47.5922
2016.2527 48.3324
2016.2555 48.5807
2016.2582 49.5474
2016.2609 53.7326
2016.2637 51.3964
2016.2664 51.9691
2016.2691 53.7007
2016.2719 53.4514
2016.2746 52.5213
2016.2773 50.1007
2016.2801 50.9197
2016.2828 51.3884
2016.2855 49.9869
2016.2882 49.3756
2016.2910 50.5144
2016.2937 50.1535
2016.2964 56.2532
2016.2992 49.1235
2016.3019 47.9946
2016.3046 50.9667
2016.3074 51.0299
2016.3101 49.0443
2016.3128 49.5103
2016.3156 55.0277
2016.3183 55.0870
2016.3210 49.3381
2016.3238 47.9713
2016.3265 49.1167
2016.3292 49.4644
2016.3320 50.4547
2016.3347 53.1275
2016.3374 52.0226
2016.3402 50.7099
2016.3429 45.0091
2016.3456 35.8802
2016.3484 49.0028
2016.3511 42.1569
2016.3538 46.6723
2016.3566 44.6288
2016.3593 45.4562
2016.3620 47.8143
2016.3648 49.2331
2016.3675 50.1622
2016.3702 45.9915
2016.3729 49.0809
2016.3757 46.2902
2016.3784 47.2991
2016.3811 50.0276
2016.3839 51.9854
2016.3866 55.0224
2016.3893 55.5384
2016.3921 53.7132
2016.3948 51.3067
2016.3975 53.1986
2016.4003 47.5789
2016.4030 42.3272
2016.4057 42.8835
2016.4085 44.4776
2016.4112 46.2892
2016.4139 46.7087
2016.4167 48.2779
2016.4194 48.3068
2016.4221 43.5655
2016.4249 47.2141
2016.4276 38.9825
2016.4303 43.0207
2016.4331 40.1289
2016.4358 44.8069
2016.4385 46.0848
2016.4413 44.6327
2016.4440 43.7404
2016.4467 41.8781
2016.4495 45.7958
2016.4522 48.5034
2016.4549 45.7511
2016.4576 42.5387
2016.4604 45.9663
2016.4631 45.0040
2016.4658 48.8217
2016.4686 44.2394
2016.4713 45.9073
2016.4740 42.0052
2016.4768 43.6132
2016.4795 40.9413
2016.4822 39.4396
2016.4850 36.9280
2016.4877 37.7265
2016.4904 36.6952
2016.4932 37.6341
2016.4959 38.8732
2016.4986 42.1625
2016.5014 41.3921
2016.5041 37.4718
2016.5068 38.5618
2016.5096 36.7520
2016.5123 33.3423
2016.5150 35.6129
2016.5178 39.0035
2016.5232 32.5552
2016.5260 34.9462
2016.5287 36.1573
2016.5314 37.1884
2016.5342 37.6496
2016.5369 37.6409
2016.5396 41.0121
2016.5423 38.6834
2016.5451 40.4647
2016.5478 39.3559
2016.5505 40.3371
2016.5533 37.5883
2016.5560 33.1994
2016.5587 35.0504
2016.5615 32.1213
2016.5642 33.1621
2016.5669 36.8928
2016.5697 37.8933
2016.5724 38.1537
2016.5751 40.8239
2016.5779 36.7839
2016.5806 39.3537
2016.5833 36.1316
2016.5861 35.9654
2016.5888 37.1355
2016.5915 36.4822
2016.5943 33.7958
2016.5970 37.4965
2016.5997 39.1646
2016.6025 36.4606
2016.6052 37.6345
2016.6079 38.7868
2016.6107 35.3977
2016.6134 38.4076
2016.6161 37.4667
2016.6189 35.4953
2016.6216 34.2238
2016.6243 34.6724
2016.6270 40.1014
2016.6298 36.2811
2016.6325 39.0218
2016.6352 41.0338
2016.6380 38.1875
2016.6407 38.7430
2016.6434 40.3008
2016.6462 41.2910
2016.6489 42.2740
2016.6516 39.5401
2016.6544 40.5696
2016.6571 40.8128
2016.6598 39.6700
2016.6626 38.9114
2016.6653 39.1073
2016.6680 36.3073
2016.6708 38.4710
2016.6735 40.7481
2016.6762 41.0484
2016.6790 41.1916
2016.6817 38.7276
2016.6844 40.7259
2016.6872 38.2465
2016.6899 39.4491
2016.6926 36.8534
2016.6954 40.4592
2016.6981 45.7063
2016.7008 42.6243
2016.7035 43.0432
2016.7063 38.6425
2016.7090 38.7622
2016.7117 41.0319
2016.7145 40.0614
2016.7172 35.9004
2016.7199 36.5888
2016.7227 41.0462
2016.7254 40.0125
2016.7281 39.1274
2016.7309 41.2806
2016.7336 35.9120
2016.7363 38.1012
2016.7391 41.7181
2016.7418 35.8423
2016.7445 40.8437
2016.7473 39.4620
2016.7500 39.5979
2016.7527 38.0337
2016.7555 39.7194
2016.7582 40.4549
2016.7609 40.0903
2016.7637 42.9255
2016.7664 42.3305
2016.7691 42.7254
2016.7719 42.5400
2016.7746 37.8244
2016.7773 41.3686
2016.7801 39.6726
2016.7828 39.9762
2016.7855 43.3896
2016.7882 42.7727
2016.7910 43.6355
2016.7937 36.3079
2016.7964 45.8200
2016.7992 43.2718
2016.8019 49.2732
2016.8046 49.1841
2016.8074 49.4147
2016.8101 50.6148
2016.8128 49.1546
2016.8156 50.0638
2016.8183 50.3326
2016.8210 49.6609
2016.8238 47.6287
2016.8265 51.3160
2016.8292 50.7428
2016.8320 51.7290
2016.8347 46.1552
2016.8374 48.5416
2016.8402 50.1580
2016.8429 47.5145
2016.8456 50.2710
2016.8484 48.1773
2016.8511 49.7635
2016.8538 46.2894
2016.8566 42.9950
2016.8593 46.5802
2016.8620 48.3050
2016.8648 49.3093
2016.8675 49.6829
2016.8702 47.5559
2016.8729 50.3882
2016.8757 49.8397
2016.8784 50.2403
2016.8811 56.9300
2016.8839 58.9187
2016.8866 57.0863
2016.8893 63.2528
2016.8921 61.9980
2016.8948 61.1220
2016.8975 57.9347
2016.9003 59.3359
2016.9030 58.6556
2016.9331 52.2932
2016.9358 47.4030
2016.9385 49.7526
2016.9413 49.7020
2016.9440 50.4812
2016.9467 52.5102
2016.9495 50.1591
2016.9522 49.8278
2016.9549 47.5064
2016.9576 47.9749
2016.9604 49.7132
2016.9631 46.7514
2016.9658 45.0895
2016.9686 50.7975
2016.9713 50.5954
2016.9740 47.9333
2016.9768 47.0611
2016.9795 46.3288
2016.9822 47.7764
2016.9850 49.2141
2016.9877 46.6817
2016.9904 46.8292
2016.9932 47.7468
2016.9959 47.3444
2016.9986 48.4819
2017.0014 48.4195
2017.0041 46.7369
2017.0068 47.9043
2017.0096 49.3917
2017.0123 45.5989
2017.0151 45.8161
2017.0178 44.7533
2017.0205 46.0004
2017.0233 52.3374
2017.0260 48.7244
2017.0288 51.7913
2017.0315 52.8781
2017.0342 50.1350
2017.0370 49.9317
2017.0397 49.7384
2017.0425 44.8351
2017.0452 47.1118
2017.0479 47.3083
2017.0507 47.7649
2017.0534 51.7214
2017.0562 50.1279
2017.0589 48.1943
2017.0616 52.0408
2017.0644 51.2772
2017.0671 53.4535
2017.0699 52.7899
2017.0726 53.7962
2017.0753 52.9925
2017.0781 52.3787
2017.0808 53.5050
2017.0836 55.6200
2017.0863 51.9526
2017.0890 53.8029
2017.0918 52.2312
2017.0945 49.7577
2017.0973 48.9324
2017.1000 47.8656
2017.1027 46.9775
2017.1055 50.0481
2017.1082 52.5777
2017.1110 52.2065
2017.1137 51.7346
2017.1164 55.5322
2017.1192 50.7695
2017.1219 51.4366
2017.1247 52.5637
2017.1274 51.6410
2017.1301 50.0887
2017.1329 51.4968
2017.1356 49.7957
2017.1384 49.0554
2017.1411 51.6162
2017.1438 50.7582
2017.1466 52.2616
2017.1493 49.9165
2017.1521 48.0731
2017.1548 48.8617
2017.1575 49.2123
2017.1603 51.8252
2017.1630 52.6410
2017.1658 44.7727
2017.1685 47.1805
2017.1712 51.4539
2017.1740 51.7126
2017.1767 47.2461
2017.1795 48.3040
2017.1822 54.5859
2017.1849 50.3615
2017.1877 53.2802
2017.1904 53.1817
2017.1931 52.8257
2017.1959 55.3916
2017.1986 52.8891
2017.2014 51.8477
2017.2041 54.1672
2017.2068 58.0969
2017.2096 56.1667
2017.2123 56.9360
2017.2151 57.2844
2017.2178 59.5416
2017.2205 60.1871
2017.2233 56.3805
2017.2260 52.8314
2017.2288 55.8695
2017.2315 54.6542
2017.2342 55.4553
2017.2370 54.1122
2017.2397 57.8247
2017.2425 52.9622
2017.2452 56.2244
2017.2479 53.8817
2017.2507 55.5251
2017.2534 49.6649
2017.2562 55.4913
2017.2589 47.0347
2017.2616 54.3252
2017.2644 56.6133
2017.2671 57.3992
2017.2699 57.0033
2017.2726 58.7557
2017.2753 56.3568
2017.2781 56.6569
2017.2808 57.1363
2017.2836 56.0453
2017.2863 54.3041
2017.2890 56.7531
2017.2918 54.0525
2017.2945 56.3427
2017.2973 56.2639
2017.3000 58.2564
2017.3027 54.5405
2017.3055 55.8465
2017.3082 51.8548
2017.3110 59.9455
2017.3137 57.2591
2017.3164 56.9257
2017.3192 52.9956
2017.3219 52.4993
2017.3247 52.2369
2017.3274 53.1887
2017.3301 52.4349
2017.3329 57.0744
2017.3356 57.2067
2017.3384 61.2316
2017.3411 60.5789
2017.3438 63.4084
2017.3466 63.8698
2017.3493 58.8030
2017.3521 59.8876
2017.3548 58.7835
2017.3575 59.5205
2017.3603 57.1182
2017.3630 57.0865
2017.3658 60.1252
2017.3685 64.8841
2017.3712 55.5328
2017.3740 56.7412
2017.3767 55.8391
2017.3794 53.5762
2017.3822 55.8723
2017.3849 56.1071
2017.3877 53.8006
2017.3904 53.1623
2017.3931 53.3721
2017.3959 49.4398
2017.3986 50.4752
2017.4014 48.2679
2017.4041 50.7479
2017.4068 51.1948
2017.4096 54.6884
2017.4123 50.7886
2017.4151 53.2669
2017.4178 52.7852
2017.4205 52.9835
2017.4233 54.8717
2017.4260 54.8498
2017.4288 56.4679
2017.4315 55.5160
2017.4342 55.9239
2017.4370 57.6319
2017.4397 54.2697
2017.4425 52.9675
2017.4452 51.3753
2017.4479 52.5430
2017.4507 53.0506
2017.4534 64.0482
2017.4562 58.9156
2017.4589 48.2331
2017.4616 51.0704
2017.4644 51.4177
2017.4671 53.7950
2017.4699 54.4421
2017.4726 53.1092
2017.4753 51.6762
2017.4781 57.6731
2017.4808 55.6200
2017.4836 48.7368
2017.4863 49.7235
2017.4890 51.1701
2017.4918 49.9666
2017.4945 51.8031
2017.4973 48.8395
2017.5000 51.9456
2017.5027 53.9516
2017.5055 53.3273
2017.5082 55.2029
2017.5110 54.7084
2017.5137 56.7637
2017.5164 56.0989
2017.5192 58.9940
2017.5219 56.3990
2017.5247 55.4240
2017.5274 53.2489
2017.5301 51.4838
2017.5329 55.8988
2017.5356 55.6637
2017.5384 54.9487
2017.5411 54.1238
2017.5438 55.0389
2017.5466 50.5242
2017.5493 54.6095
2017.5521 53.9850
2017.5548 57.3807
2017.5575 56.8565
2017.5603 53.7626
2017.5630 53.4388
2017.5658 54.4953
2017.5685 54.9120
2017.5712 56.7391
2017.5740 55.1564
2017.5767 60.4940
2017.5794 60.1720
2017.5822 57.1304
2017.5849 54.4102
2017.5877 57.9513
2017.5904 56.4936
2017.5931 52.9372
2017.5959 54.9318
2017.5986 57.6375
2017.6014 56.9541
2017.6041 51.5115
2017.6068 58.4197
2017.6096 52.9086
2017.6123 55.9481
2017.6151 57.4881
2017.6178 54.5685
2017.6205 56.6093
2017.6233 53.8603
2017.6260 54.1216
2017.6288 53.5729
2017.6315 52.0543
2017.6342 53.5556
2017.6370 56.0467
2017.6397 57.0177
2017.6425 58.0283
2017.6452 58.3585
2017.6479 56.9482
2017.6507 60.1374
2017.6534 58.2659
2017.6562 56.6137
2017.6589 56.9407
2017.6616 54.4568
2017.6644 57.9920
2017.6671 53.8364
2017.6699 54.2306
2017.6726 57.3846
2017.6753 56.6383
2017.6781 56.0918
2017.6808 55.6350
2017.6836 54.9580
2017.6863 45.0007
2017.6890 58.4433
2017.6918 58.7456
2017.6945 54.8378
2017.6973 52.9997
2017.7000 54.0615
2017.7027 58.0130
2017.7055 56.3144
2017.7082 62.7857
2017.7110 56.1467
2017.7137 56.8377
2017.7164 56.5884
2017.7192 55.9691
2017.7219 56.4996
2017.7247 57.3299
2017.7274 57.0502
2017.7301 59.7203
2017.7329 56.6403
2017.7356 58.1003
2017.7384 56.1101
2017.7411 56.2098
2017.7438 57.4695
2017.7466 58.7291
2017.7493 53.9484
2017.7521 54.2863
2017.7548 54.6527
2017.7575 55.5876
2017.7603 55.1312
2017.7630 55.0036
2017.7658 54.9149
2017.7685 55.4153
2017.7712 51.9047
2017.7740 53.9833
2017.7767 56.8013
2017.7794 54.7587
2017.7822 52.9356
2017.7849 49.6822
2017.7877 51.9885
2017.7904 49.4847
2017.7931 50.8108
2017.7959 51.9070
2017.7986 49.5634
2017.8014 54.0201
2017.8041 52.3771
2017.8068 55.8646
2017.8096 53.3628
2017.8123 53.2516
2017.8151 52.7512
2017.8178 52.2718
2017.8205 55.0934
2017.8233 51.3861
2017.8260 52.2700
2017.8288 53.5753
2017.8315 51.5520
2017.8342 52.6718
2017.8370 51.5359
2017.8397 51.6241
2017.8425 52.9260
2017.8452 53.5414
2017.8479 50.8598
2017.8507 56.1610
2017.8534 57.2847
2017.8562 58.7805
2017.8589 54.8081
2017.8616 57.5573
2017.8644 54.2776
2017.8671 56.7388
2017.8699 56.7206
2017.8726 56.0926
2017.8753 57.8845
2017.8781 57.0160
2017.8808 57.3668
2017.8836 54.4165
2017.8863 55.7249
2017.8890 54.8417
2017.8918 55.1364
2017.8945 58.9289
2017.8973 54.9387
2017.9000 55.5155
2017.9027 52.6492
2017.9055 55.5392
2017.9082 54.9254
2017.9110 54.7373
2017.9137 55.0747
2017.9164 61.5778
2017.9192 57.4598
2017.9219 55.5614
2017.9247 59.1125
2017.9274 55.9232
2017.9301 56.0434
2017.9329 54.9731
2017.9356 57.8523
2017.9384 56.9611
2017.9411 56.4593
2017.9438 52.1971
2017.9466 54.0844
2017.9493 52.4312
2017.9521 52.7176
2017.9548 55.6634
2017.9575 53.8288
2017.9603 55.3136
2017.9630 54.6279
2017.9658 54.7418
2017.9685 56.0051
2017.9712 55.1680
2017.9740 55.0803
2017.9767 56.4722
2017.9795 54.2635
2017.9822 50.8143
2017.9849 50.3946
2017.9877 51.5843
2017.9904 51.8936
2017.9931 53.7923
2017.9959 53.9005
2017.9986 52.0282
2018.0014 54.0254
2018.0041 53.2925
2018.0068 54.9296
2018.0096 52.8367
2018.0123 53.2337
2018.0151 53.2208
2018.0178 53.9778
2018.0205 54.5948
2018.0233 56.4318
2018.0260 55.7187
2018.0288 57.2056
2018.0315 55.3126
2018.0342 56.9795
2018.0370 60.3264
2018.0397 55.4432
2018.0425 54.6301
2018.0452 57.6769
2018.0479 56.6938
2018.0507 60.8706
2018.0534 60.9974
2018.0562 59.2242
2018.0589 57.1509
2018.0616 60.0577
2018.0644 58.3145
2018.0671 56.5112
2018.0699 58.0479
2018.0726 62.2447
2018.0753 60.8014
2018.0781 59.5981
2018.0808 59.7348
2018.0836 61.6514
2018.0863 60.3577
2018.0890 60.0337
2018.0918 56.1895
2018.0945 58.0551
2018.0973 52.9605
2018.1000 55.2757
2018.1027 58.5908
2018.1055 58.3758
2018.1082 55.9807
2018.1110 57.7655
2018.1137 59.2003
2018.1164 58.8151
2018.1192 60.0799
2018.1219 57.4848
2018.1247 57.3896
2018.1274 54.4146
2018.1301 54.3197
2018.1329 57.6949
2018.1356 54.2603
2018.1384 56.6758
2018.1411 57.9015
2018.1438 56.0475
2018.1466 57.0637
2018.1493 57.1302
2018.1521 55.8170
2018.1548 55.6841
2018.1575 56.3716
2018.1603 57.0994
2018.1630 58.5485
2018.1658 58.4035
2018.1685 61.4150
2018.1712 59.2723
2018.1740 58.6752
2018.1767 59.4032
2018.1795 62.3660
2018.1822 56.6231
2018.1849 59.6842
2018.1877 55.4088
2018.1904 63.0265
2018.1931 58.6869
2018.1959 59.1097
2018.1986 58.6744
2018.2014 60.3206
2018.2041 58.8179
2018.2068 58.4159
2018.2096 61.1342
2018.2123 60.2425
2018.2151 61.8702
2018.2178 63.2371
2018.2205 62.7127
2018.2233 55.6565
2018.2260 61.1283
2018.2288 64.6975
2018.2315 58.1639
2018.2342 65.1669
2018.2370 68.2662
2018.2397 61.1014
2018.2425 62.6121
2018.2452 63.2178
2018.2479 67.8207
2018.2507 71.1032
2018.2534 70.1753
2018.2562 64.6371
2018.2589 68.0685
2018.2616 65.2596
2018.2644 68.0005
2018.2671 65.5311
2018.2699 66.4316
2018.2726 67.1419
2018.2753 69.6021
2018.2781 69.1522
2018.2808 71.0723
2018.2836 69.2524
2018.2863 70.2125
2018.2890 71.1627
2018.2918 70.3130
2018.2945 69.7934
2018.2973 69.4740
2018.3000 69.3248
2018.3027 67.0558
2018.3055 70.9272
2018.3082 73.6688
2018.3110 73.0508
2018.3137 67.5932
2018.3164 68.5760
2018.3192 66.0693
2018.3219 70.2831
2018.3247 64.6574
2018.3274 66.5723
2018.3301 67.1777
2018.3329 67.7232
2018.3356 68.4487
2018.3384 64.2242
2018.3411 66.8997
2018.3438 67.1653
2018.3466 67.5108
2018.3493 68.6464
2018.3521 68.3619
2018.3548 70.7475
2018.3575 70.2531
2018.3603 69.0386
2018.3630 67.4942
2018.3658 68.7798
2018.3685 68.0453
2018.3712 67.2409
2018.3740 78.5665
2018.3767 73.4320
2018.3794 69.1476
2018.3822 68.4831
2018.3849 66.8587
2018.3877 67.2042
2018.3904 65.8898
2018.3931 64.0553
2018.3959 65.8108
2018.3986 64.6763
2018.4014 67.3618
2018.4041 66.4072
2018.4068 64.3627
2018.4096 66.9681
2018.4123 58.7236
2018.4151 58.5690
2018.4178 63.7545
2018.4205 60.7500
2018.4233 61.4556
2018.4260 62.2512
2018.4288 61.3468
2018.4315 59.9525
2018.4342 62.9482
2018.4370 61.4038
2018.4397 63.8295
2018.4425 62.0652
2018.4452 62.8909
2018.4479 58.6965
2018.4507 57.7721
2018.4534 58.8977
2018.4562 60.7833
2018.4589 56.2688
2018.4616 56.9042
2018.4644 55.6096
2018.4671 52.6050
2018.4699 56.9103
2018.4726 56.5655
2018.4753 56.4506
2018.4781 58.0056
2018.4808 59.0406
2018.4836 58.8754
2018.4863 56.7502
2018.4890 56.3348
2018.4918 57.4093
2018.4945 58.0437
2018.4973 58.0680
2018.5000 57.3420
2018.5027 59.2357
2018.5055 51.7692
2018.5082 57.9124
2018.5110 60.5255
2018.5137 55.1083
2018.5164 58.5409
2018.5192 62.8133
2018.5219 60.6656
2018.5247 60.1077
2018.5274 60.9297
2018.5301 55.3515
2018.5329 55.7032
2018.5356 61.0749
2018.5384 58.1264
2018.5411 61.6978
2018.5438 60.8892
2018.5466 59.1005
2018.5493 67.7518
2018.5521 65.1331
2018.5548 63.8443
2018.5575 64.0456
2018.5603 64.4968
2018.5630 63.9081
2018.5658 62.9594
2018.5685 58.5908
2018.5712 55.4523
2018.5740 56.4638
2018.5767 54.2354
2018.5794 57.2371
2018.5822 55.8289
2018.5849 56.7707
2018.5877 59.0225
2018.5904 61.1843
2018.5931 57.1060
2018.5959 59.7077
2018.5986 60.2994
2018.6014 59.6911
2018.6041 64.2027
2018.6068 65.1843
2018.6096 59.6959
2018.6123 60.4975
2018.6151 62.3791
2018.6178 64.3107
2018.6205 62.1022
2018.6233 60.8037
2018.6260 57.5852
2018.6288 58.8667
2018.6315 58.9782
2018.6342 57.3397
2018.6370 58.6112
2018.6397 59.2426
2018.6425 57.6941
2018.6452 59.1755
2018.6479 57.6970
2018.6507 55.6884
2018.6534 56.1299
2018.6562 60.0013
2018.6589 61.3427
2018.6616 62.7342
2018.6644 62.8156
2018.6671 62.7366
2018.6699 61.7766
2018.6726 63.0059
2018.6753 63.4743
2018.6781 64.2920
2018.6808 65.7691
2018.6836 56.2756
2018.6863 55.3815
2018.6890 56.6469
2018.6918 55.1519
2018.6945 59.2766
2018.6973 56.4509
2018.7000 55.4950
2018.7027 57.4390
2018.7055 57.1328
2018.7082 53.5765
2018.7110 52.9503
2018.7137 54.4041
2018.7164 54.9680
2018.7192 56.6721
2018.7219 57.6864
2018.7247 54.2710
2018.7274 51.9360
2018.7301 53.2814
2018.7329 54.3172
2018.7356 53.5437
2018.7384 53.0707
2018.7411 55.3383
2018.7466 58.0558
2018.7493 59.2460
2018.7521 56.5386
2018.7548 58.9735
2018.7575 55.7407
2018.7603 54.0199
2018.7630 56.5610
2018.7658 55.9138
2018.7685 61.2782
2018.7712 55.4640
2018.7740 56.4811
2018.7767 56.9792
2018.7794 56.3183
2018.7822 57.0881
2018.7849 61.2985
2018.7877 56.5093
2018.7904 53.6604
2018.7931 53.9615
2018.7959 57.3026
2018.7986 58.1035
2018.8014 56.7140
2018.8041 55.6339
2018.8068 59.2831
2018.8096 59.6615
2018.8123 59.0688
2018.8151 58.6848
2018.8178 59.9995
2018.8205 61.1527
2018.8233 71.3142
2018.8260 64.0137
2018.8288 64.7813
2018.8315 67.8667
2018.8342 64.9701
2018.8370 64.8118
2018.8397 66.0720
2018.8425 67.7807
2018.8452 64.6081
2018.8479 65.7542
2018.8507 62.1892
2018.8534 60.1333
2018.8562 61.5464
2018.8589 58.5787
2018.8616 62.2403
2018.8644 60.5713
2018.8671 60.4518
2018.8699 61.1520
2018.8726 61.5418
2018.8753 58.6516
2018.8781 61.0612
2018.8808 60.4309
2018.8836 57.3508
2018.8863 58.2709
2018.8890 59.8815
2018.8918 60.5524
2018.8945 59.3440
2018.8973 57.3063
2018.9000 57.0093
2018.9027 56.5933
2018.9055 56.7883
2018.9082 55.5544
2018.9110 56.6017
2018.9137 53.9303
2018.9164 59.1306
2018.9192 55.4834
2018.9219 54.6889
2018.9247 54.9267
2018.9274 54.9066
2018.9301 56.5286
2018.9329 57.0423
2018.9356 56.2176
2018.9384 55.5043
2018.9411 56.8721
2018.9438 54.4408
2018.9466 57.5603
2018.9493 57.4104
2018.9521 59.0408
2018.9548 56.8314
2018.9575 55.8319
2018.9603 54.7321
2018.9630 54.7419
2018.9658 57.3010
2018.9685 57.0492
2018.9712 58.4763
2018.9740 56.7222
2018.9767 59.6466
2018.9795 57.1293
2018.9822 60.3301
2018.9849 63.9888
2018.9877 61.9752
2018.9904 58.8091
2018.9931 59.2603
2018.9959 61.5486
2018.9986 60.2738
2019.0014 61.1257
2019.0041 62.7239
2019.0068 58.1687
2019.0096 63.2703
2019.0123 65.3990
2019.0151 67.5149
2019.0178 64.7684
2019.0205 61.6597
2019.0233 62.9491
2019.0260 59.3567
2019.0288 60.0128
2019.0315 60.0677
2019.0342 62.6817
2019.0370 61.5549
2019.0397 61.8976
2019.0425 61.4401
2019.0452 61.3325
2019.0479 63.2053
2019.0507 64.8485
2019.0534 60.8624
2019.0562 61.6373
2019.0589 60.4035
2019.0616 60.9011
2019.0644 63.1204
2019.0671 63.2918
2019.0699 60.3153
2019.0726 64.1312
2019.0753 62.1799
2019.0781 59.6315
2019.0808 62.1963
2019.0836 57.9928
2019.0863 54.1594
2019.0890 59.2862
2019.0918 60.7131
2019.0945 61.1601
2019.0973 62.6273
2019.1000 64.2447
2019.1027 61.1823
2019.1055 62.5101
2019.1082 59.6881
2019.1110 58.8464
2019.1137 59.5849
2019.1164 57.0636
2019.1192 60.5927
2019.1219 60.8120
2019.1247 61.3016
2019.1274 61.9716
2019.1301 58.7118
2019.1329 59.5925
2019.1356 56.9334
2019.1384 59.8448
2019.1411 57.8965
2019.1438 59.3186
2019.1466 60.2411
2019.1493 61.7441
2019.1521 58.0475
2019.1548 61.0113
2019.1575 62.4956
2019.1603 58.8604
2019.1630 57.1155
2019.1658 61.4106
2019.1685 60.5455
2019.1712 61.9103
2019.1740 60.4951
2019.1767 60.1199
2019.1795 57.1147
2019.1822 61.7896
2019.1849 60.6746
2019.1877 60.9498
2019.1904 61.0753
2019.1931 61.1610
2019.1959 59.6370
2019.1986 61.4535
2019.2014 62.5703
2019.2041 62.5876
2019.2068 60.6153
2019.2096 56.8137
2019.2123 62.0126
2019.2151 59.3822
2019.2178 61.1425
2019.2205 62.8735
2019.2233 62.6753
2019.2260 63.3679
2019.2288 62.3914
2019.2315 64.7758
2019.2342 64.1112
2019.2370 62.7476
2019.2397 62.3051
2019.2425 64.8437
2019.2452 62.0334
2019.2479 61.5339
2019.2507 61.9548
2019.2534 64.3361
2019.2562 65.1077
2019.2589 63.7496
2019.2616 65.0718
2019.2644 61.5442
2019.2671 64.0669
2019.2699 63.1098
2019.2726 63.6929
2019.2753 63.7961
2019.2781 56.8295
2019.2808 62.4030
2019.2836 59.4566
2019.2863 58.7302
2019.2890 61.8140
2019.2918 62.1577
2019.2945 62.1814
2019.2973 62.8751
2019.3000 62.6888
2019.3027 60.5023
2019.3055 61.6658
2019.3082 64.3092
2019.3110 58.8324
2019.3137 61.1454
2019.3164 62.4583
2019.3192 61.6709
2019.3219 62.8433
2019.3247 62.5454
2019.3274 63.6473
2019.3301 61.2988
2019.3329 61.4404
2019.3356 61.1221
2019.3384 66.9539
2019.3411 65.5357
2019.3438 65.8076
2019.3466 65.1395
2019.3493 62.7714
2019.3521 61.5332
2019.3548 63.7751
2019.3575 65.7069
2019.3603 59.7586
2019.3630 60.8203
2019.3658 61.4719
2019.3685 57.8634
2019.3712 58.8748
2019.3740 59.5660
2019.3767 59.3371
2019.3794 58.1580
2019.3822 58.2687
2019.3849 60.4492
2019.3877 58.5395
2019.3904 56.7496
2019.3931 53.7195
2019.3959 57.3990
2019.3986 58.7183
2019.4014 57.9773
2019.4041 58.0560
2019.4068 59.1344
2019.4096 58.1724
2019.4123 50.0301
2019.4151 56.5872
2019.4178 59.7035
2019.4205 59.1291
2019.4233 60.6940
2019.4260 60.5882
2019.4288 57.2119
2019.4315 59.4351
2019.4342 56.5477
2019.4370 57.5999
2019.4397 58.5417
2019.4425 64.2632
2019.4452 60.7943
2019.4479 55.2151
2019.4507 59.8758
2019.4534 60.4063
2019.4562 62.4366
2019.4589 59.2869
2019.4616 59.0171
2019.4644 61.5873
2019.4671 58.0776
2019.4699 64.0080
2019.4726 65.5285
2019.4753 61.9392
2019.4781 64.6702
2019.4808 65.5115
2019.4836 66.9530
2019.4863 67.4050
2019.4890 65.8074
2019.4918 66.3702
2019.4945 62.5936
2019.4973 65.1675
2019.5000 63.8515
2019.5027 63.7155
2019.5055 59.6097
2019.5082 62.5339
2019.5110 61.8882
2019.5137 60.1526
2019.5164 61.0771
2019.5192 57.0617
2019.5219 62.8864
2019.5247 63.6612
2019.5274 64.8361
2019.5301 64.2311
2019.5329 66.4563
2019.5356 66.6315
2019.5384 64.6068
2019.5411 61.7923
2019.5438 63.7479
2019.5466 62.2636
2019.5493 61.9095
2019.5521 62.2455
2019.5548 61.2716
2019.5575 64.5578
2019.5603 67.1242
2019.5630 67.0908
2019.5658 71.2375
2019.5685 69.7044
2019.5712 70.4514
2019.5740 68.7585
2019.5767 65.9559
2019.5794 65.2433
2019.5822 67.6511
2019.5849 65.7398
2019.5877 68.2096
2019.5904 67.7202
2019.5931 67.3817
2019.5959 66.2739
2019.5986 65.0668
2019.6014 62.7204
2019.6041 63.2746
2019.6068 63.6892
2019.6096 64.6242
2019.6123 67.6696
2019.6151 64.7953
2019.6178 66.3412
2019.6205 57.5872
2019.6233 57.6332
2019.6260 52.7493
2019.6288 67.2553
2019.6315 56.4011
2019.6342 64.3967
2019.6370 64.6720
2019.6397 67.5670
2019.6425 63.9615
2019.6452 65.8655
2019.6479 66.5889
2019.6507 63.9917
2019.6534 65.0337
2019.6562 63.9850
2019.6589 60.7354
2019.6616 59.2749
2019.6644 60.1333
2019.6671 66.5410
2019.6699 64.3579
2019.6726 63.1643
2019.6753 65.0101
2019.6781 63.0354
2019.6808 64.1203
2019.6836 62.9647
2019.6863 62.3987
2019.6890 60.1424
2019.6918 64.2559
2019.6945 60.4290
2019.6973 55.2520
2019.7000 58.3048
2019.7027 56.8275
2019.7055 56.8201
2019.7082 64.3527
2019.7110 63.8053
2019.7137 62.0480
2019.7164 61.7208
2019.7192 62.8037
2019.7219 63.7568
2019.7247 64.8501
2019.7274 62.0037
2019.7301 61.8077
2019.7329 61.9120
2019.7356 57.8567
2019.7384 59.6318
2019.7411 60.2075
2019.7438 58.5836
2019.7466 64.3904
2019.7493 67.8777
2019.7521 69.3954
2019.7548 64.0232
2019.7575 63.6312
2019.7603 63.3895
2019.7630 62.6280
2019.7658 61.6066
2019.7685 63.6854
2019.7712 65.7844
2019.7740 63.8136
2019.7767 64.1429
2019.7794 60.8123
2019.7822 61.5419
2019.7849 62.6115
2019.7877 63.4513
2019.7904 64.1112
2019.7931 66.4312
2019.7959 68.7913
2019.7986 65.8815
2019.8014 62.2017
2019.8041 65.0320
2019.8068 61.0523
2019.8096 60.4126
2019.8123 62.8430
2019.8151 63.4934
2019.8178 60.8738
2019.8205 65.8743
2019.8233 64.0347
2019.8260 65.2350
2019.8288 65.7654
2019.8315 67.3957
2019.8342 67.7666
2019.8370 67.9884
2019.8397 67.3912
2019.8425 64.6649
2019.8452 66.0195
2019.8479 64.5447
2019.8507 63.7406
2019.8534 66.7372
2019.8562 63.9042
2019.8589 63.8917
2019.8616 63.7796
2019.8644 66.6978
2019.8671 63.3962
2019.8699 64.9748
2019.8726 66.0435
2019.8753 63.8622
2019.8781 63.8109
2019.8808 62.6394
2019.8836 62.7778
2019.8863 60.0859
2019.8890 61.5036
2019.8918 58.0110
2019.8945 59.8378
2019.8973 62.5541
2019.9000 62.0498
2019.9027 62.0448
2019.9055 59.6591
2019.9082 63.7724
2019.9110 60.8249
2019.9137 63.5964
2019.9164 63.1262
2019.9192 63.7107
2019.9219 65.5694
2019.9247 62.7427
2019.9274 61.1412
2019.9301 61.8451
2019.9329 71.0948
2019.9356 72.2908
2019.9384 71.1633
2019.9411 71.3929
2019.9438 74.2399
2019.9466 74.7847
2019.9493 73.3077
2019.9521 71.9793
2019.9548 70.2498
2019.9575 72.2097
2019.9603 68.0493
2019.9630 69.8290
2019.9658 71.6193
2019.9685 72.1304
2019.9712 75.9629
2019.9740 71.7271
2019.9767 76.0533
2019.9795 77.3021
2019.9822 75.0937
2019.9849 74.3685
2019.9877 75.6570
2019.9904 77.5695
2019.9931 76.8764
2019.9959 78.9582
2019.9986 72.1451
2020.0014 74.0673
2020.0041 74.2823
2020.0068 76.3696
2020.0096 74.5190
2020.0123 77.1604
2020.0150 71.3535
2020.0178 75.6184
2020.0205 73.4547
2020.0232 75.6222
2020.0260 74.3010
2020.0287 72.6207
2020.0314 70.5011
2020.0342 70.9923
2020.0369 74.2539
2020.0396 74.1457
2020.0423 73.0178
2020.0451 74.1798
2020.0478 70.0715
2020.0505 71.0930
2020.0533 72.1439
2020.0560 73.6840
2020.0587 72.2934
2020.0615 71.7317
2020.0642 74.7787
2020.0669 75.7345
2020.0697 71.3686
2020.0724 79.3911
2020.0751 85.9418
2020.0779 82.8403
2020.0806 85.1367
2020.0833 79.5609
2020.0861 81.3932
2020.0888 75.2737
2020.0915 75.5425
2020.0943 77.3698
2020.0970 75.6358
2020.0997 74.7807
2020.1025 74.6044
2020.1052 72.7573
2020.1079 67.2294
2020.1107 75.3809
2020.1134 74.0019
2020.1161 74.1527
2020.1189 75.9432
2020.1216 75.3138
2020.1243 75.1945
2020.1270 77.6054
2020.1298 72.1068
2020.1325 73.2787
2020.1352 72.1614
2020.1380 73.9650
2020.1407 73.0995
2020.1434 76.7952
2020.1462 75.4722
2020.1489 73.7707
2020.1516 75.5607
2020.1544 76.0126
2020.1571 75.0563
2020.1598 71.6420
2020.1626 76.6001
2020.1653 75.2918
2020.1680 73.0174
2020.1708 73.1964
2020.1735 72.5688
2020.1762 74.3641
2020.1790 73.7322
2020.1817 77.8128
2020.1844 73.5255
2020.1872 71.7701
2020.1899 76.0264
2020.1926 78.5641
2020.1954 75.2128
2020.1981 77.8625
2020.2008 76.9326
2020.2035 79.9331
2020.2063 78.8935
2020.2090 75.8138
2020.2117 76.3135
2020.2145 78.4424
2020.2172 83.5002
2020.2199 82.4167
2020.2227 80.9816
2020.2254 82.8547
2020.2281 83.0955
2020.2309 78.3740
2020.2336 77.9198
2020.2363 78.6926
2020.2391 79.0522
2020.2418 76.8483
2020.2445 77.3806
2020.2473 71.1792
2020.2500 74.2248
2020.2527 74.3676
2020.2555 76.2678
2020.2582 72.2857
2020.2609 76.6815
2020.2637 78.2954
2020.2664 76.0476
2020.2691 80.6883
2020.2719 74.6678
2020.2746 74.3962
2020.2773 80.8138
2020.2801 75.0208
2020.2828 75.8573
2020.2855 75.4637
2020.2882 69.9701
2020.2910 70.0968
2020.2937 77.2439
2020.2964 77.4617
2020.2992 75.3504
2020.3019 76.2201
2020.3046 74.9012
2020.3074 72.1339
2020.3101 74.0983
2020.3128 73.2646
2020.3156 74.5231
2020.3183 76.3741
2020.3210 76.7676
2020.3238 74.1440
2020.3265 71.9134
2020.3292 69.2960
2020.3320 64.8406
2020.3347 67.4162
2020.3374 71.0229
2020.3402 71.2704
2020.3429 70.7288
2020.3456 70.2780
2020.3484 68.2978
2020.3511 68.4282
2020.3538 71.3391
2020.3566 69.4204
2020.3593 74.1820
2020.3620 72.2739
2020.3648 71.9559
2020.3675 72.9681
2020.3702 74.7802
2020.3729 74.4022
2020.3757 73.0941
2020.3784 72.3157
2020.3811 73.6469
2020.3839 73.4178
2020.3866 72.5881
2020.3893 71.2679
2020.3921 71.4369
2020.3948 70.4052
2020.3975 71.5127
2020.4003 71.6992
2020.4030 70.8148
2020.4057 71.7492
2020.4085 73.2424
2020.4112 76.0244
2020.4139 79.6153
2020.4167 80.0560
2020.4194 81.9766
2020.4221 79.7871
2020.4249 81.0675
2020.4276 76.2278
2020.4303 79.3181
2020.4331 79.7282
2020.4358 83.6783
2020.4385 82.0682
2020.4413 78.6581
2020.4440 80.9280
2020.4467 77.0877
2020.4495 77.6574
2020.4522 75.7270
2020.4549 81.0565
2020.4576 79.4759
2020.4604 79.9753
2020.4631 78.1046
2020.4658 76.7738
2020.4686 76.2030
2020.4713 73.6621
2020.4740 74.2312
2020.4768 76.2301
2020.4795 72.0291
2020.4822 71.7279
2020.4850 69.9368
2020.4877 69.2655
2020.4904 72.2242
2020.4932 71.7129
2020.4959 73.4715
2020.4986 72.3500
2020.5014 72.4985
2020.5041 72.9169
2020.5068 70.5651
2020.5096 71.5333
2020.5123 74.4713
2020.5150 71.1492
2020.5178 72.1870
2020.5205 71.9846
2020.5232 73.1320
2020.5260 76.5393
2020.5287 74.5364
2020.5314 78.4433
2020.5342 81.8600
2020.5369 78.6765
2020.5396 76.8728
2020.5423 73.1288
2020.5451 72.9246
2020.5478 75.1102
2020.5505 72.0555
2020.5533 71.5606
2020.5560 73.6954
2020.5587 74.6598
2020.5615 76.4340
2020.5642 79.7279
2020.5669 80.0515
2020.5697 80.2648
2020.5724 77.3077
2020.5751 79.0703
2020.5779 75.4725
2020.5806 78.2344
2020.5833 77.7244
2020.5861 78.7509
2020.5888 78.9939
2020.5915 80.2538
2020.5943 78.3008
2020.5970 77.1152
2020.5997 74.3771
2020.6025 75.8369
2020.6052 74.6147
2020.6079 71.9608
2020.6107 72.2455
2020.6134 74.1089
2020.6161 75.6414
2020.6189 71.4531
2020.6216 69.9043
2020.6243 69.8553
2020.6270 70.8962
2020.6298 65.3974
2020.6325 68.8390
2020.6352 68.4813
2020.6380 70.2046
2020.6407 68.0891
2020.6434 70.8749
2020.6462 78.9525
2020.6489 79.1619
2020.6516 74.8035
2020.6544 70.4674
2020.6571 66.3440
2020.6598 73.4434
2020.6626 70.8460
2020.6653 69.9516
2020.6680 73.2883
2020.6708 78.4251
2020.6735 74.8120
2020.6762 75.2392
2020.6790 77.6765
2020.6817 74.6640
2020.6844 72.4416
2020.6872 72.7695
2020.6899 73.9174
2020.6926 74.6156
2020.6954 75.5239
2020.6981 77.7123
2020.7008 76.5409
2020.7035 71.1497
2020.7063 68.9486
2020.7090 69.8476
2020.7117 68.5368
2020.7145 68.7261
2020.7172 72.3256
2020.7199 73.8852
2020.7227 70.5949
2020.7254 69.1548
2020.7281 71.3647
2020.7309 70.8248
2020.7336 69.0850
2020.7363 70.1254
2020.7391 72.0558
2020.7418 71.3264
2020.7445 69.7770
2020.7473 73.8478
2020.7500 77.0486
2020.7527 80.8091
2020.7555 80.3694
2020.7582 76.7796
2020.7609 78.3096
2020.7637 80.5695
2020.7664 77.1094
2020.7691 78.0192
2020.7719 77.8391
2020.7746 78.2690
2020.7773 74.7491
2020.7801 76.1693
2020.7828 75.5996
2020.7855 79.3502
2020.7882 79.0510
2020.7910 79.3922
2020.7937 74.7636
2020.7964 77.2955
2020.7992 76.3978
2020.8019 75.8605
2020.8046 77.9537
2020.8074 79.1474
2020.8101 75.5217
2020.8128 77.3066
2020.8156 76.5622
2020.8183 73.1984
2020.8210 76.0854
2020.8238 73.5031
2020.8265 74.0817
2020.8292 74.9310
2020.8320 74.3613
2020.8347 76.1926
2020.8374 75.0649
2020.8402 74.7082
2020.8429 73.1024
2020.8456 72.8575
2020.8484 69.0834
2020.8511 69.1101
2020.8538 70.5876
2020.8566 64.7757
2020.8593 74.7245
2020.8620 72.1739
2020.8648 77.1238
2020.8675 75.6242
2020.8702 75.4150
2020.8729 71.2263
2020.8757 73.4179
2020.8784 71.1498
2020.8811 68.8519
2020.8839 68.6743
2020.8866 66.3868
2020.8893 63.8794
2020.8921 71.5220
2020.8948 72.1347
2020.8975 71.8273
2020.9003 71.4299
2020.9030 72.9223
2020.9057 71.8045
2020.9085 70.5864
2020.9112 74.4881
2020.9139 79.8095
2020.9167 73.5207
2020.9194 75.8325
2020.9221 70.7250
2020.9249 71.1081
2020.9276 76.5618
2020.9303 76.9960
2020.9331 72.7707
2020.9358 74.0558
2020.9385 75.1413
2020.9413 75.9370
2020.9440 84.0530
2020.9467 87.9791
2020.9495 76.9754
2020.9522 79.0117
2020.9549 81.0480
2020.9576 80.6843
2020.9604 77.7904
2020.9631 75.7064
2020.9658 75.6722
2020.9686 76.2176
2020.9713 80.2428
2020.9740 77.2475
2020.9768 76.8118
2020.9795 78.4156
2020.9822 76.4888
2020.9850 82.0413
2020.9877 78.3132
2020.9904 77.0744
2020.9932 80.9247
2020.9959 77.8342
2020.9986 76.6828
2021.0014 78.9199
2021.0041 81.2828
2021.0068 80.8713
2021.0096 82.4257
2021.0123 80.0762
2021.0151 79.8232
2021.0178 81.1270
2021.0205 80.8978
2021.0233 79.8860
2021.0260 78.4619
2021.0288 80.9758
2021.0315 75.7480
2021.0342 75.2988
2021.0370 76.5985
2021.0397 77.0773
2021.0425 74.2857
2021.0452 75.8039
2021.0479 75.8621
2021.0507 76.1208
2021.0534 75.3702
2021.0562 77.0706
2021.0589 76.1524
2021.0616 78.1757
2021.0644 82.4810
2021.0671 79.8585
2021.0699 81.1286
2021.0726 77.6315
2021.0753 74.6875
2021.0781 74.7869
2021.0808 76.0301
2021.0836 84.3454
2021.0863 79.8209
2021.0890 80.4866
2021.0918 82.6226
2021.0945 79.8588
2021.0973 83.7153
2021.1000 78.1820
2021.1027 77.2189
2021.1055 77.4861
2021.1082 80.5936
2021.1110 78.3113
2021.1137 78.4692
2021.1164 78.4074
2021.1192 80.2259
2021.1219 78.6846
2021.1247 77.3336
2021.1274 77.8628
2021.1301 77.7123
2021.1329 74.7220
2021.1356 75.8621
2021.1384 71.5124
2021.1411 77.8729
2021.1438 79.6138
2021.1466 81.7749
2021.1493 79.5362
2021.1521 78.9979
2021.1548 81.1998
2021.1575 79.7720
2021.1603 79.8845
2021.1630 80.2274
2021.1658 77.5412
2021.1685 76.4260
2021.1712 78.0415
2021.1740 80.4779
2021.1767 77.2950
2021.1795 76.1827
2021.1822 79.5910
2021.1849 82.4898
2021.1877 74.5189
2021.1904 77.5584
2021.1931 77.0081
2021.1959 76.2280
2021.1986 78.0280
2021.2014 77.3880
2021.2041 80.1280
2021.2068 80.2378
2021.2096 80.8274
2021.2123 79.9067
2021.2151 79.8257
2021.2178 81.7442
2021.2205 85.4022
2021.2233 78.5596
2021.2726 81.6720
2021.2753 78.9154
2021.2781 80.7080
2021.2808 81.7600
2021.2836 80.8715
2021.2863 82.8327
2021.2890 88.7038
2021.2918 86.0947
2021.2945 80.0358
2021.2973 78.4270
2021.3000 81.0086
2021.3027 81.6307
2021.3055 77.7734
2021.3082 83.2669
2021.3110 77.2512
2021.3137 76.7166
2021.3164 76.8832
2021.3192 77.4710
2021.3219 76.7803
2021.3247 75.3611
2021.3274 79.1237
2021.3301 79.5980
2021.3329 76.0636
2021.3356 75.4003
2021.3384 77.0880
2021.3411 77.6266
2021.3438 77.2261
2021.3466 76.8463
2021.3493 78.3172
2021.3521 79.2087
2021.3548 79.1607
2021.3575 80.9332
2021.3603 79.3659
2021.3630 80.6890
2021.3658 79.3822
2021.3685 74.3855
2021.3712 79.6987
2021.3740 79.8619
2021.3767 86.8250
2021.3794 96.7177
2021.3822 92.6302
2021.3849 89.2922
2021.3877 89.9937
2021.3904 83.2146
2021.3931 85.3848
2021.3959 82.4543
2021.3986 83.1029
2021.4014 79.5006
2021.4041 84.9673
2021.4068 81.3528
2021.4096 82.0572
2021.4123 85.2103
2021.4151 77.8021
2021.4178 82.9425
2021.4205 78.3016
2021.4233 78.3696
2021.4260 85.6365
2021.4288 80.8425
2021.4315 82.8676
2021.4342 83.9320
2021.4370 83.3557
2021.4397 89.7289
2021.4425 88.3516
2021.4452 83.7939
2021.4479 83.8760
2021.4507 81.2280
2021.4534 83.7999
2021.4562 84.9218
2021.4589 84.0739
2021.4616 85.3062
2021.4644 84.7989
2021.4671 85.0420
2021.4699 88.2656
2021.4726 83.8299
2021.4753 88.9850
2021.4781 83.5708
2021.4808 86.4577
2021.4836 85.3455
2021.4863 83.0345
2021.4890 84.6348
2021.4918 79.6864
2021.4945 80.0194
2021.4973 86.5538
2021.5000 83.9390
2021.5027 83.8648
2021.5055 83.0411
2021.5082 82.5078
2021.5110 87.1650
2021.5137 80.0727
2021.5164 84.2607
2021.5192 82.4490
2021.5219 82.2576
2021.5247 84.2465
2021.5274 80.8356
2021.5301 81.1848
2021.5329 78.6742
2021.5356 73.9037
2021.5384 81.5632
2021.5411 77.9127
2021.5438 78.9322
2021.5466 76.7417
2021.5493 77.2510
2021.5521 79.2301
2021.5548 79.1291
2021.5575 78.6578
2021.5603 80.5263
2021.5630 78.7445
2021.5658 78.2123
2021.5685 77.0497
2021.5712 80.2166
2021.5740 81.1531
2021.5767 78.8391
2021.5794 82.1045
2021.5822 83.6194
2021.5849 84.8736
2021.5877 83.2972
2021.5904 84.6903
2021.5931 85.5529
2021.5959 82.6350
2021.5986 84.2968
2021.6014 81.2582
2021.6041 77.7994
2021.6068 76.0903
2021.6096 76.9610
2021.6123 78.2616
2021.6151 81.5921
2021.6178 76.8026
2021.6205 82.0830
2021.6233 76.7536
2021.6260 75.5242
2021.6288 73.2450
2021.6315 74.2461
2021.6342 78.2974
2021.6370 76.1690
2021.6397 78.2110
2021.6425 81.6634
2021.6452 77.4162
2021.6479 80.3196
2021.6507 76.6235
2021.6534 77.1581
2021.6562 76.3733
2021.6589 78.6092
2021.6616 80.1759
2021.6644 79.0634
2021.6671 76.5317
2021.6699 75.1906
2021.6726 77.2801
2021.6753 75.2302
2021.6781 78.0707
2021.6808 78.7118
2021.6836 75.7132
2021.6863 79.1451
2021.6890 75.5672
2021.6918 79.8297
2021.6945 83.1224
2021.6973 85.5754
2021.7000 84.2685
2021.7027 85.0417
2021.7055 80.7051
2021.7082 79.0884
2021.7110 78.8918
2021.7137 76.9351
2021.7164 77.6083
2021.7192 80.0015
2021.7219 78.9044
2021.7247 83.1971
2021.7274 81.6796
2021.7301 84.8418
2021.7329 82.5136
2021.7356 82.0551
2021.7384 83.5661
2021.7411 83.6567
2021.7438 79.7068
2021.7466 80.9363
2021.7493 82.2253
2021.7521 80.1241
2021.7548 82.5927
2021.7575 83.4811
2021.7603 86.6695
2021.7630 87.2377
2021.7658 84.6558
2021.7685 85.4838
2021.7712 82.0318
2021.7740 79.8096
2021.7767 81.3074
2021.7794 81.2351
2021.7822 79.1527
2021.7849 81.5104
2021.7877 79.7579
2021.7904 78.1855
2021.7931 82.2631
2021.7959 81.3506
2021.7986 78.6582
2021.8014 77.5058
2021.8041 78.2534
2021.8068 83.3111
2021.8096 84.5988
2021.8123 79.9865
2021.8151 78.0444
2021.8178 79.7923
2021.8205 72.9003
2021.8233 76.3785
2021.8260 75.7667
2021.8288 73.0550
2021.8315 77.0835
2021.8342 74.0321
2021.8370 75.1409
2021.8397 72.5399
2021.8425 73.7490
2021.8452 78.3283
2021.8479 77.1077
2021.8507 77.5273
2021.8534 76.1871
2021.8562 76.2071
2021.8589 80.0972
2021.8616 77.6075
2021.8644 76.5979
2021.8671 76.4886
2021.8699 78.6394
2021.8726 79.4804
2021.8753 78.7716
2021.8781 76.4929
2021.8808 78.2144
2021.8836 78.7062
2021.8863 80.9181
2021.8918 81.7124
2021.8945 84.2749
2021.8973 82.4775
2021.9000 80.2904
2021.9027 79.9234
2021.9055 85.2267
2021.9082 83.9101
2021.9110 83.4437
2021.9137 88.6775
2021.9164 83.9118
2021.9192 87.3081
2021.9219 85.1565
2021.9247 80.4870
2021.9274 82.7793
2021.9301 84.9533
2021.9329 79.7089
2021.9356 76.7559
2021.9384 81.8143
2021.9411 84.0837
2021.9438 85.4642
2021.9466 83.9656
2021.9493 82.3077
2021.9521 82.8603
2021.9548 81.7535
2021.9575 81.9569
2021.9603 85.7504
2021.9630 89.1340
2021.9658 86.5875
2021.9685 85.5706
2021.9712 80.1134
2021.9740 77.5056
2021.9767 84.4971
2021.9795 82.0278
2021.9822 83.5874
2021.9849 86.0860
2021.9877 87.6033
2021.9904 81.6392
2021.9931 84.2435
2021.9959 83.0561
2021.9986 81.4869
2022.0014 85.6858
2022.0041 82.4435
2022.0068 83.8501
2022.0096 81.9556
2022.0123 78.4603
2022.0151 79.4240
2022.0178 81.6570
2022.0205 86.6993
2022.0233 83.5209
2022.0260 84.7220
2022.0288 87.5427
2022.0315 82.6629
2022.0342 84.5328
2022.0370 81.3924
2022.0397 80.0819
2022.0425 83.0313
2022.0452 83.7107
2022.0479 84.0601
2022.0507 84.1897
2022.0534 85.4795
2022.0562 84.8695
2022.0589 82.4700
2022.0616 80.6908
2022.0644 80.4622
2022.0671 84.4742
2022.0699 87.8469
2022.0726 86.8503
2022.0753 82.0846
2022.0781 89.4997
2022.0808 90.1358
2022.0836 90.6136
2022.0863 83.8534
2022.0890 85.3151
2022.0918 85.4685
2022.0945 85.1935
2022.0973 85.6199
2022.1000 82.4374
2022.1027 81.9560
2022.1055 80.9054
2022.1082 81.1255
2022.1110 79.0561
2022.1137 81.8871
2022.1164 81.2982
2022.1192 85.7192
2022.1219 85.5101
2022.1247 82.3706
2022.1274 79.6605
2022.1301 81.5897
2022.1329 82.1681
2022.1356 82.7053
2022.1384 80.7913
2022.1411 88.1659
2022.1438 81.3889
2022.1466 84.8601
2022.1493 82.1293
2022.1521 79.8865
2022.1548 82.9413
2022.1575 83.7837
2022.1603 82.8434
2022.1630 82.1405
2022.1658 83.0064
2022.1685 85.6513
2022.1712 82.2652
2022.1740 81.3881
2022.1767 84.1602
2022.1795 87.2314
2022.1822 85.9817
2022.1849 88.7414
2022.1877 91.8903
2022.1904 89.4485
2022.1931 88.6360
2022.1959 89.6430
2022.1986 89.7594
2022.2014 88.2553
2022.2041 87.0707
2022.2068 90.1857
2022.2096 89.0603
2022.2123 92.1346
2022.2151 93.5885
2022.2178 91.8522
2022.2205 85.1456
2022.2233 91.9989
2022.2260 91.5021
2022.2288 90.1151
2022.2315 89.7681
2022.2342 88.7711
2022.2370 87.9941
2022.2397 87.3471
2022.3548 89.8362
2022.3575 88.4427
2022.3603 87.5799
2022.3630 86.3077
2022.3658 86.7962
2022.3685 92.5852
2022.3712 96.4048
2022.3740 95.9748
2022.3767 94.9252
2022.3794 95.7460
2022.3822 90.3071
2022.3849 84.8385
2022.3877 87.5901
2022.3904 91.0318
2022.3931 84.8937
2022.3959 81.8856
2022.3986 83.2675
2022.4014 77.9594
2022.4041 85.9912
2022.4068 85.9329
2022.4096 82.0443
2022.4123 86.6955
2022.4151 84.8268
2022.4178 83.6884
2022.4205 81.2004
2022.4233 82.9326
2022.4260 81.0152
2022.4288 82.6779
2022.4315 78.6110
2022.4342 82.8941
2022.4370 81.8175
2022.4397 82.4310
2022.4425 85.8245
2022.4452 85.2982
2022.4479 83.3719
2022.4507 81.3555
2022.4534 83.6692
2022.4562 84.7628
2022.4589 85.3864
2022.4616 82.0698
2022.4644 86.0631
2022.4671 86.3262
2022.4699 83.2892
2022.4726 84.0319
2022.4753 84.4143
2022.4781 82.2064
2022.4808 86.1883
2022.4836 87.9398
2022.4863 87.2809
2022.4890 86.1316
2022.4918 86.2719
2022.4945 84.1517
2022.4973 82.0109
2022.5000 82.5786
2022.5027 79.4850
2022.5055 79.9399
2022.5082 82.8036
2022.5110 83.2161
2022.5137 84.3876
2022.5164 85.2781
2022.5192 86.9078
2022.5219 89.7068
2022.5247 86.2351
2022.5274 80.5029
2022.5301 80.9302
2022.5329 84.0872
2022.5356 92.6740
2022.5384 90.5206
2022.5411 93.4273
2022.5438 94.5440
2022.5466 98.3809
2022.5493 98.6081
2022.5521 98.5956
2022.5548 100.0537
2022.5575 99.7723
2022.5603 90.1217
2022.5630 90.5918
2022.5658 90.6828
2022.5685 84.7449
2022.5712 84.6380
2022.5740 84.9024
2022.5767 86.2380
2022.5794 84.4751
2022.5822 84.2936
2022.5849 84.7431
2022.5877 91.0634
2022.5904 93.8045
2022.5931 91.4664
2022.5959 89.0988
2022.5986 87.4719
2022.6014 89.7755
2022.6041 88.3597
2022.6068 86.8142
2022.6096 86.5491
2022.6123 85.9444
2022.6151 85.8099
2022.6178 100.3255
2022.6205 106.4414
2022.6233 102.5073
2022.6260 101.1332
2022.6288 101.1592
2022.6315 100.3450
2022.6342 86.8907
2022.6370 90.2462
2022.6397 89.9814
2022.6425 90.0563
2022.6452 86.6608
2022.6479 88.3949
2022.6507 87.8485
2022.6534 91.5815
2022.6562 88.5140
2022.6589 92.0457
2022.6616 90.1568
2022.6644 89.2271
2022.6671 89.2168
2022.6699 92.8364
2022.6726 89.9357
2022.6753 88.1548
2022.6781 87.1836
2022.6808 91.0223
2022.6836 94.6107
2022.6863 95.1789
2022.6890 91.0768
2022.6918 90.0345
2022.6945 92.5819
2022.6973 92.0491
2022.7000 91.8360
2022.7027 90.7827
2022.7055 92.3991
2022.7082 90.9652
2022.7110 89.8210
2022.7137 91.3466
2022.7164 87.7519
2022.7192 87.6869
2022.7219 88.7217
2022.7247 90.8261
2022.7274 88.4702
2022.7301 87.8341
2022.7329 91.6976
2022.7356 90.0308
2022.7384 92.7837
2022.7411 95.6663
2022.7438 91.9286
2022.7466 89.2805
2022.7493 87.4321
2022.7521 86.3032
2022.7548 84.8338
2022.7575 86.7039
2022.7603 87.1134
2022.7630 84.3924
2022.7658 89.2209
2022.7685 86.9388
2022.7712 89.2662
2022.7767 89.1294
2022.7794 88.9651
2022.7822 87.0103
2022.7849 84.7749
2022.7877 90.2790
2022.7904 90.2225
2022.7931 91.2054
2022.7959 84.9277
2022.7986 88.6295
2022.8014 86.0606
2022.8041 84.8112
2022.8068 83.5112
2022.8096 83.1506
2022.8123 83.1694
2022.8151 84.6476
2022.8178 86.4751
2022.8205 83.2121
2022.8233 85.8184
2022.8260 88.8441
2022.8288 88.0392
2022.8315 90.9737
2022.8342 85.3076
2022.8370 84.9512
2022.8397 86.1544
2022.8425 86.7872
2022.8452 87.0496
2022.8479 85.1716
2022.8507 82.5932
2022.8534 89.8745
2022.8562 87.2054
2022.8589 84.4360
2022.8616 82.0161
2022.8644 88.4960
2022.8671 85.2854
2022.8699 89.3445
2022.8726 88.7233
2022.8753 88.3617
2022.8781 83.6797
2022.8808 92.8774
2022.8836 84.6848
2022.8863 88.3318
2022.8890 86.3985
2022.8918 87.3048
2022.8945 91.7808
2022.8973 88.9365
2022.9000 87.1419
2022.9027 84.8069
2022.9055 81.2917
2022.9082 82.8561
2022.9110 89.3701
2022.9137 83.1439
2022.9164 88.4174
2022.9192 85.0608
2022.9219 85.8740
2022.9247 86.2172
2022.9274 83.7902
2022.9301 86.1930
2022.9329 85.7557
2022.9356 87.1983
2022.9384 86.1307
2022.9411 88.7730
2022.9438 85.7550
2022.9466 85.8769
2022.9493 87.8186
2022.9521 86.5602
2022.9548 82.8515
2022.9575 85.8326
2022.9603 82.7635
2022.9630 83.6341
2022.9658 80.1845
2022.9685 84.6947
2022.9712 82.7247
2022.9740 83.0344
2022.9767 81.7038
2022.9795 85.7630
2022.9822 85.9319
2022.9849 84.6105
2022.9877 83.8488
2022.9904 85.4668
2022.9931 86.9345
2022.9959 86.2019
2022.9986 84.6190
