2008.0260 1.8867
2008.0287 -1.8992
2008.0314 -4.5762
2008.0342 -8.5641
2008.0369 -5.9325
2008.0396 -11.2413
2008.0423 -4.0802
2008.0451 -5.6289
2008.0478 -7.5671
2008.0505 -5.7547
2008.0533 -7.5613
2008.0560 -8.5667
2008.0587 -9.7606
2008.0615 -6.8628
2008.0642 -8.4730
2008.0669 -7.1209
2008.0697 -8.7964
2008.0724 -8.7391
2008.0751 -5.3288
2008.0779 -5.4752
2008.0806 -5.0081
2008.0833 -11.5274
2008.0861 -11.1534
2008.0888 -7.5364
2008.0915 -6.2166
2008.0943 -10.7343
2008.0970 -6.7498
2008.0997 -6.6232
2008.1025 -4.5449
2008.1052 -4.3550
2008.1079 -5.9040
2008.1107 -7.2419
2008.1134 -3.9691
2008.1161 -3.9459
2008.1189 -4.0724
2008.1216 -12.1689
2008.1243 -6.3058
2008.1270 -7.2932
2008.1298 -7.6313
2008.1325 -4.0506
2008.1352 -5.9411
2008.1380 -5.5532
2008.1407 -5.9971
2008.1434 -1.6731
2008.1462 -4.2715
2008.1489 -6.0724
2008.1516 -4.9261
2008.1544 -10.9929
2008.1571 -11.7231
2008.1598 -9.7969
2008.1626 -10.5345
2008.1653 -12.0148
2008.1680 -6.3175
2008.1708 -3.5123
2008.1735 -6.9691
2008.1762 -8.0777
2008.1790 -12.5780
2008.1817 -11.9197
2008.1844 -9.3628
2008.1872 -8.8669
2008.1899 -11.0220
2008.1926 -13.1979
2008.1954 -7.8444
2008.1981 -10.5313
2008.2008 -11.2885
2008.2035 -14.4157
2008.2063 -12.4929
2008.2090 -6.7098
2008.2117 -12.4563
2008.2145 -15.8521
2008.2172 -18.9772
2008.2199 -16.1614
2008.2227 -13.9944
2008.2254 -18.5561
2008.2281 -16.2664
2008.2309 -13.0850
2008.2336 -13.5018
2008.2363 -12.1767
2008.2391 -10.4593
2008.2418 -14.6497
2008.2445 -11.5075
2008.2473 -8.8934
2008.2500 -8.9492
2008.2527 -8.2949
2008.2555 -9.4804
2008.2582 -10.7058
2008.2609 -4.9311
2008.2637 -14.3462
2008.2664 -11.5811
2008.2691 -7.5958
2008.2719 -10.3803
2008.2746 -13.0745
2008.2773 -10.4485
2008.2801 -11.7922
2008.2828 -13.9356
2008.2855 -11.9287
2008.2882 -11.5614
2008.2910 -7.9838
2008.2937 -8.0258
2008.2964 -12.3375
2008.2992 -7.9387
2008.3019 -8.7495
2008.3046 -9.0998
2008.3074 -13.8197
2008.3101 -12.5891
2008.3128 -15.0580
2008.3156 -13.9164
2008.3183 -15.4143
2008.3210 -15.5716
2008.3238 -14.3183
2008.3265 -7.6244
2008.3292 -8.8600
2008.3320 -9.8350
2008.3347 -6.9997
2008.3374 -9.3640
2008.3402 -12.5479
2008.3429 -11.9816
2008.3456 -9.4150
2008.3484 -13.4381
2008.3511 -10.1110
2008.3538 -12.0437
2008.3566 -16.4962
2008.3593 -14.3186
2008.3620 -3.1708
2008.3648 -15.0229
2008.3675 -13.9049
2008.3702 -12.2269
2008.3729 -15.9088
2008.3757 -11.7608
2008.3784 -11.1127
2008.3811 -6.7247
2008.3839 -14.0868
2008.3866 -10.1189
2008.3893 -8.0212
2008.3921 -1.8736
2008.3948 -5.7762
2008.3975 -1.1590
2008.4003 -4.3720
2008.4030 -2.9453
2008.4057 -1.4088
2008.4085 -1.3126
2008.4112 -4.2668
2008.4139 -10.9114
2008.4167 -4.8470
2008.4194 -5.2536
2008.4221 -6.0112
2008.4249 -0.0996
2008.4276 0.3313
2008.4303 -2.2485
2008.4331 -1.8290
2008.4358 -0.6300
2008.4385 -4.0814
2008.4413 -2.0832
2008.4440 -5.3853
2008.4467 -5.5377
2008.4495 -4.9501
2008.4522 -8.4027
2008.4549 -11.5052
2008.4576 -10.8777
2008.4604 -8.8500
2008.4631 -4.5620
2008.4658 -8.1637
2008.4686 -7.7950
2008.4713 -8.9159
2008.4740 -5.6262
2008.4768 -8.4059
2008.4795 -6.6248
2008.4822 -6.4930
2008.4850 -6.4003
2008.4877 -10.6467
2008.4904 -10.4820
2008.4932 -11.7963
2008.4959 -12.2194
2008.4986 -13.4400
2008.5014 -6.1571
2008.5041 -5.3409
2008.5068 -12.9816
2008.5096 -11.5393
2008.5123 -9.2245
2008.5150 -7.9971
2008.5178 -7.9276
2008.5205 -4.0960
2008.5232 -8.5426
2008.5260 -8.3177
2008.5287 -10.0014
2008.5314 -6.6840
2008.5342 -13.2456
2008.5369 -12.2666
2008.5396 -11.0770
2008.5423 -6.4372
2008.5451 -7.2674
2008.5478 -7.2778
2008.5505 -11.2285
2008.5533 -10.7798
2008.5560 -8.0020
2008.5587 -11.4053
2008.5615 -5.3398
2008.5642 0.4642
2008.5669 -4.5235
2008.5697 -2.4631
2008.5724 -6.5248
2008.5751 -8.3290
2008.5779 -5.7857
2008.5806 -7.9852
2008.5833 -10.8872
2008.5861 -10.7809
2008.5888 -12.3562
2008.5915 -8.7531
2008.5943 -16.0613
2008.5970 -13.8508
2008.5997 -12.7814
2008.6025 -14.1531
2008.6052 -10.2457
2008.6079 -14.5490
2008.6107 -12.8331
2008.6134 -11.9076
2008.6161 -10.1627
2008.6189 -10.6080
2008.6216 -14.9836
2008.6243 -16.0392
2008.6270 -20.8748
2008.6298 -21.1602
2008.6325 -18.3654
2008.6352 -17.9001
2008.6380 -26.0544
2008.6407 -17.1480
2008.6434 -20.2808
2008.6462 -17.3728
2008.6489 -26.9339
2008.6516 -21.1638
2008.6544 -18.2425
2008.6571 -23.9898
2008.6598 -22.0457
2008.6626 -18.1700
2008.6653 -17.3725
2008.6680 -15.6718
2008.6708 -12.3278
2008.6735 -7.0307
2008.6762 -15.7707
2008.6790 -11.6282
2008.6817 -16.1634
2008.6844 -17.4365
2008.6872 -16.8177
2008.6899 -17.9575
2008.6926 -16.6160
2008.6954 -18.6235
2008.6981 -22.3802
2008.7008 -22.6864
2008.7035 -23.3924
2008.7063 -17.3884
2008.7090 -16.7847
2008.7117 -22.7415
2008.7145 -12.7792
2008.7172 -18.8579
2008.7199 -16.5979
2008.7227 -17.3895
2008.7254 -14.4429
2008.7281 -21.7185
2008.7309 -16.9064
2008.7336 -15.4570
2008.7363 -17.6504
2008.7391 -17.8270
2008.7418 -19.0570
2008.7445 -21.2406
2008.7473 -21.7482
2008.7500 -20.5991
2008.7527 -24.2413
2008.7555 -21.0648
2008.7582 -14.1095
2008.7609 -18.4655
2008.7637 -21.1626
2008.7664 -18.2409
2008.7691 -17.0503
2008.7719 -17.2908
2008.7746 -12.6023
2008.7773 -15.4050
2008.7801 -14.1686
2008.7828 -11.2833
2008.7855 -13.6789
2008.7882 -13.4355
2008.7910 -11.5030
2008.7937 -18.0613
2008.7964 -16.2106
2008.7992 -12.1707
2008.8019 -16.4615
2008.8046 -17.2532
2008.8074 -16.8857
2008.8101 -13.0788
2008.8128 -19.3327
2008.8156 -13.8973
2008.8183 -11.4225
2008.8210 -14.4784
2008.8238 -11.3248
2008.8265 -13.8018
2008.8292 -17.1194
2008.8320 -11.1175
2008.8347 -7.0766
2008.8374 -13.7767
2008.8402 -10.0079
2008.8429 -13.9400
2008.8456 -14.9229
2008.8484 -17.1065
2008.8511 -15.7608
2008.8538 -12.4757
2008.8566 -12.3810
2008.8593 -14.6667
2008.8620 -10.1327
2008.8648 -10.1989
2008.8675 -13.3252
2008.8702 -16.6815
2008.8729 -16.5078
2008.8757 -18.8739
2008.8784 -14.9797
2008.8811 -11.7852
2008.8839 -11.0502
2008.8866 -16.8347
2008.8893 -12.5087
2008.8921 -11.0419
2008.8948 -9.2543
2008.8975 -15.4858
2008.9003 -14.4064
2008.9030 -14.0358
2008.9057 -14.6742
2008.9085 -10.3313
2008.9112 -12.4870
2008.9139 -10.9213
2008.9167 -9.7042
2008.9194 -6.6661
2008.9221 -6.9769
2008.9249 -7.9769
2008.9276 -8.3561
2008.9303 -9.5545
2008.9331 -9.0122
2008.9358 -2.7094
2008.9385 -1.9960
2008.9413 -5.7921
2008.9440 -3.3179
2008.9467 -1.6433
2008.9495 -4.3085
2008.9522 -2.9735
2008.9549 -1.8584
2008.9576 -1.4933
2008.9604 -0.4982
2008.9631 2.7168
2008.9658 -2.0084
2008.9686 -2.3438
2008.9713 0.3305
2008.9740 -4.7256
2008.9768 2.8178
2008.9795 -2.3493
2008.9822 -2.8370
2008.9850 0.2046
2008.9877 -2.0345
2008.9904 0.0056
2008.9932 -1.3052
2008.9959 2.8531
2008.9986 1.3803
2009.0014 2.3765
2009.0041 4.1824
2009.0068 1.5980
2009.0096 1.1334
2009.0123 -2.3215
2009.0151 -3.3565
2009.0178 -3.7118
2009.0205 -6.1173
2009.0233 -5.1829
2009.0260 -5.9388
2009.0288 -4.2348
2009.0315 -6.6910
2009.0342 -5.0973
2009.0370 -1.7138
2009.0397 -0.4205
2009.0425 -2.7172
2009.0452 -2.8341
2009.0479 -4.1111
2009.0507 -7.6982
2009.0534 -4.5055
2009.0562 -5.9128
2009.0589 -5.4901
2009.0616 -4.5976
2009.0644 -0.7851
2009.0671 -5.3727
2009.0699 -8.0703
2009.0726 -5.4680
2009.0753 -1.3657
2009.0781 -4.8534
2009.0808 -4.7211
2009.0836 0.2306
2009.0863 -1.5088
2009.0890 -4.1391
2009.0918 -6.2604
2009.0945 -6.1324
2009.0973 -5.9752
2009.1000 -1.8587
2009.1027 0.3873
2009.1055 -0.9671
2009.1082 -1.0120
2009.1110 -3.6972
2009.1137 1.9374
2009.1164 -2.1182
2009.1192 -1.9738
2009.1219 0.8106
2009.1247 -6.2949
2009.1274 -1.8602
2009.1301 -8.7253
2009.1329 -4.8900
2009.1356 -3.7543
2009.1384 -3.9480
2009.1411 -3.1712
2009.1438 -2.8536
2009.1466 -2.6353
2009.1493 -4.1761
2009.1521 -3.6560
2009.1548 -5.8549
2009.1575 -7.0627
2009.1603 -8.5093
2009.1630 -8.6743
2009.1658 -5.2554
2009.1685 -7.6127
2009.1712 -2.8263
2009.1740 -1.4266
2009.1767 -1.7238
2009.1795 -4.0582
2009.1822 -6.3199
2009.1849 -1.9794
2009.1877 -3.2567
2009.1904 -1.0123
2009.1931 -7.2263
2009.1959 -2.1291
2009.1986 -3.9007
2009.2014 -4.8517
2009.2041 -0.0021
2009.2068 -1.8923
2009.2096 -2.5024
2009.2123 -2.4429
2009.2151 -5.4638
2009.2178 -7.2756
2009.2205 -1.2484
2009.2233 -2.3924
2009.2260 -4.0081
2009.2288 -0.3056
2009.2315 1.6449
2009.2342 -1.4070
2009.2370 -5.0415
2009.2397 -11.6989
2009.2425 -11.1994
2009.2452 -8.4632
2009.2479 -12.4794
2009.2507 -14.1167
2009.2534 -12.7051
2009.2562 -12.6444
2009.2589 -11.4445
2009.2616 -12.3055
2009.2644 -11.7372
2009.2671 -3.1695
2009.2699 -5.2024
2009.2726 -4.4658
2009.2753 -6.4596
2009.2781 -11.3437
2009.2808 -1.1281
2009.2836 -0.3726
2009.2863 -1.7972
2009.2890 -7.4419
2009.2918 -6.0965
2009.2945 -8.3710
2009.2973 -10.0552
2009.3000 -7.7991
2009.3027 -5.8227
2009.3055 -5.3858
2009.3082 -4.6284
2009.3110 -7.9604
2009.3137 -2.0817
2009.3164 -7.8923
2009.3192 -8.0020
2009.3219 -8.7208
2009.3247 -6.6286
2009.3274 -9.2153
2009.3301 -10.3008
2009.3329 -4.3448
2009.3356 -4.2974
2009.3384 -2.0386
2009.3411 -11.0586
2009.3438 -17.6176
2009.3466 -8.9255
2009.3493 -12.9626
2009.3521 -13.4889
2009.3548 -15.0246
2009.3575 -13.4097
2009.3603 -8.8745
2009.3630 -12.5090
2009.3658 -9.5134
2009.3685 -8.9576
2009.3712 -11.1820
2009.3740 -11.2465
2009.3767 -15.3514
2009.3794 -11.5667
2009.3822 -16.4625
2009.3849 -14.4190
2009.3877 -14.0662
2009.3904 -17.1943
2009.3931 -8.7435
2009.3959 -9.5237
2009.3986 -10.0053
2009.4014 -7.8881
2009.4041 -7.7125
2009.4068 -5.2384
2009.4096 -10.2660
2009.4123 -10.5455
2009.4151 -11.5269
2009.4178 -8.8302
2009.4205 -10.7553
2009.4233 -11.0320
2009.4260 -14.1902
2009.4288 -11.0498
2009.4315 -11.3407
2009.4342 -13.6427
2009.4370 -14.4258
2009.4397 -6.5698
2009.4425 -9.7646
2009.4452 -13.4500
2009.4479 -13.7260
2009.4507 -14.3524
2009.4534 -16.9691
2009.4562 -18.7460
2009.4589 -16.3930
2009.4616 -15.3498
2009.4644 -12.6565
2009.4671 -9.8329
2009.4699 -8.5088
2009.4726 -11.8342
2009.4753 -12.4889
2009.4781 -14.5528
2009.4808 -17.8358
2009.4836 -14.8977
2009.4863 -14.6984
2009.4890 -10.4679
2009.4918 -12.9660
2009.4945 -15.8725
2009.4973 -19.6276
2009.5000 -16.7824
2009.5027 -15.0171
2009.5055 -8.6717
2009.5082 -7.3161
2009.5110 -5.7904
2009.5137 -10.6444
2009.5164 -10.1582
2009.5192 -8.4918
2009.5219 -8.8250
2009.5247 -2.4578
2009.5274 -11.4003
2009.5301 -15.0924
2009.5329 -15.2641
2009.5356 -15.2852
2009.5384 -12.3659
2009.5411 -7.9060
2009.5438 -12.5856
2009.5466 -11.8046
2009.5493 -8.6329
2009.5521 -11.4506
2009.5548 -11.9476
2009.5575 -7.9639
2009.5603 -8.3994
2009.5630 -10.3841
2009.5658 -7.2880
2009.5685 -13.9211
2009.5712 -9.6432
2009.5740 -12.2745
2009.5767 -7.9948
2009.5794 -4.4141
2009.5822 -4.1124
2009.5849 -3.5892
2009.5877 -5.7748
2009.5904 -1.9791
2009.5931 -6.4123
2009.5959 -4.0144
2009.5986 -3.6356
2009.6014 -3.8059
2009.6041 -3.9255
2009.6068 -7.6944
2009.6096 -6.3528
2009.6123 -9.0307
2009.6151 -20.8382
2009.6178 -19.0655
2009.6205 -15.7926
2009.6233 -16.4497
2009.6260 -13.6968
2009.6288 -10.2640
2009.6315 -11.3014
2009.6342 -1.8991
2009.6370 -6.4673
2009.6397 -5.0960
2009.6425 -7.5253
2009.6452 -8.2753
2009.6479 -4.9161
2009.6507 -5.9778
2009.6534 -8.4505
2009.6562 -5.1943
2009.6589 -3.5593
2009.6616 -7.9756
2009.6644 -6.4333
2009.6671 -12.1018
2009.6699 -12.3904
2009.6726 -12.4990
2009.6753 -8.2178
2010.0397 -2.9522
2010.0425 -1.4873
2010.0452 -2.3621
2010.0479 0.2233
2010.0507 -1.7610
2010.0534 0.4450
2010.0562 0.2413
2010.0589 0.4479
2010.0616 -5.9651
2010.0644 -11.3378
2010.0671 -1.3002
2010.0699 -3.7321
2010.0726 -2.6137
2010.0753 -2.8348
2010.0781 -3.0755
2010.0808 -5.0257
2010.0836 -3.1252
2010.0863 -8.1840
2010.0890 -3.0320
2010.0918 -2.9093
2010.0945 -2.9659
2010.0973 -6.2620
2010.1000 -5.7275
2010.1027 -5.5424
2010.1055 -6.8370
2010.1082 -3.7811
2010.1110 -6.1848
2010.1137 -6.5783
2010.1164 -8.1115
2010.1192 -5.4345
2010.1219 -7.0973
2010.1247 -9.0800
2010.1274 -7.3827
2010.1301 -5.5953
2010.1329 -5.7780
2010.1356 -9.8208
2010.1384 -8.5138
2010.1411 -9.6169
2010.1438 -8.8603
2010.1466 -5.9939
2010.1493 -4.5379
2010.1521 -4.6123
2010.1548 -5.1972
2010.1575 -4.3625
2010.1603 -7.3183
2010.1630 -7.1747
2010.1658 -6.9513
2010.1685 -3.4378
2010.1712 -1.1145
2010.1740 -2.4812
2010.1767 -4.1580
2010.1795 -3.0849
2010.1822 -2.4118
2010.1849 -2.1588
2010.1877 -2.0259
2010.1904 -4.7830
2010.1931 -7.0702
2010.1959 -5.8474
2010.1986 -5.3347
2010.2014 -2.4421
2010.2041 -3.4495
2010.2068 -4.8570
2010.2096 -7.1045
2010.2123 -3.5621
2010.2151 -4.9597
2010.2178 -0.6874
2010.2205 -4.4152
2010.2233 -2.3230
2010.2260 -3.4608
2010.2288 -4.7187
2010.2315 -2.0466
2010.2342 -1.7546
2010.2370 -1.6626
2010.2397 -0.7607
2010.2425 -0.8788
2010.2452 -3.6669
2010.2479 -2.0255
2010.2507 -0.6448
2010.2534 -3.9548
2010.2562 2.5045
2010.2589 -2.1568
2010.2616 -1.1786
2010.2644 -6.6909
2010.2671 -3.9637
2010.2699 -5.6168
2010.2726 -1.6803
2010.2753 -0.4541
2010.2781 -1.4781
2010.2808 -3.2424
2010.2836 -1.2367
2010.2863 -4.5211
2010.2890 -4.3656
2010.2918 -3.9700
2010.2945 -5.8744
2010.2973 -8.6986
2010.3000 -5.8727
2010.3027 0.2035
2010.3055 -1.3301
2010.3082 -3.3933
2010.3110 -4.3561
2010.3137 -0.8585
2010.3164 -3.1104
2010.3192 -3.3218
2010.3219 -4.6326
2010.3247 -5.1027
2010.3274 -7.0021
2010.3301 -7.0908
2010.3329 -8.2386
2010.3356 -5.2656
2010.3384 -9.8117
2010.3411 -8.0269
2010.3438 -9.5114
2010.3466 -11.3150
2010.3493 -8.0178
2010.3521 -9.1898
2010.3548 -7.1210
2010.3575 -8.2214
2010.3603 -8.3911
2010.3630 -10.4900
2010.3658 -10.7282
2010.3685 -3.7657
2010.3712 -4.7825
2010.3740 -4.0685
2010.3767 -4.0139
2010.3794 -4.8786
2010.3822 -3.7826
2010.3849 -1.3460
2010.3877 -8.1087
2010.3904 -3.4009
2010.3931 -3.6423
2010.3959 -5.4532
2010.3986 -3.1035
2010.4014 2.4368
2010.4041 1.8176
2010.4068 0.5291
2010.4096 -6.1790
2010.4123 -2.4065
2010.4151 3.7965
2010.4178 -1.1203
2010.4205 2.0633
2010.4233 -2.2328
2010.4260 -1.6585
2010.4288 -2.9139
2010.4315 -1.3789
2010.4342 -2.1136
2010.4370 -5.4779
2010.4397 -4.6718
2010.4425 -5.7253
2010.4452 -1.6684
2010.4479 -3.2212
2010.4507 -7.1835
2010.4534 -7.1855
2010.4562 -5.5670
2010.4589 -6.5081
2010.4616 -3.6188
2010.4644 -1.1291
2010.4671 -5.1289
2010.4699 -7.0083
2010.4726 -6.5173
2010.4753 -8.6858
2010.4781 -7.8038
2010.4808 -6.9314
2010.4836 -8.7485
2010.4863 -3.6251
2010.4890 -3.5113
2010.4918 -3.7969
2010.4945 -5.9321
2010.4973 -5.5668
2010.5000 -4.9410
2010.5027 -6.1548
2010.5055 -6.1082
2010.5082 -2.7012
2010.5110 -3.1939
2010.5137 1.3538
2010.5164 1.3416
2010.5192 3.7498
2010.5219 -5.2319
2010.5247 -4.0833
2010.5274 -5.1447
2010.5301 -13.4659
2010.5329 -3.4070
2010.5356 -4.8480
2010.5384 -5.7190
2010.5411 -8.3901
2010.5438 -5.0411
2010.5466 -6.6323
2010.5493 -0.7135
2010.5521 -4.1548
2010.5548 -6.3063
2010.5575 -6.8280
2010.5603 -3.9399
2010.5630 2.7379
2010.5658 -0.6746
2010.5685 -3.6973
2010.5712 -5.9704
2010.5740 -6.9139
2010.5767 -6.2978
2010.5794 -3.7221
2010.5822 -3.3468
2010.5849 -3.6615
2010.5877 -5.4361
2010.5904 -8.0707
2010.5931 0.0848
2010.5959 -4.6898
2010.5986 -5.8445
2010.6014 -6.1192
2010.6041 -3.5741
2010.6068 -1.7891
2010.6096 -2.7843
2010.6123 0.4603
2010.6151 5.0947
2010.6178 1.7888
2010.6205 -3.6974
2010.6233 -6.4740
2010.6260 -12.0409
2010.6288 -7.2482
2010.6315 -6.9260
2010.6342 -6.2442
2010.6370 -5.1929
2010.6397 -2.9621
2010.6425 -6.8019
2010.6452 -5.3622
2010.6479 -6.5632
2010.6507 -7.0048
2010.6534 -8.0371
2010.6562 -6.4701
2010.6589 -6.1239
2010.6616 -9.2584
2010.6644 -6.0737
2010.6671 -7.2296
2010.6699 3.4143
2010.6726 -6.6022
2010.6753 -5.7889
2010.6781 -10.0359
2010.6808 -8.5232
2010.6836 -4.4107
2010.6863 -3.5984
2010.6890 -3.2664
2010.6918 -3.7746
2010.6945 -5.2130
2010.6973 -5.6117
2010.7000 -7.1505
2010.7027 -9.3195
2010.7055 -11.4487
2010.7082 -8.2381
2010.7110 -3.1876
2010.7137 -4.2273
2010.7164 -1.4872
2010.7192 -5.6371
2010.7219 -8.0273
2010.7247 -7.7775
2010.7274 -10.7978
2010.7301 -8.0783
2010.7329 -9.6288
2010.7356 -10.3795
2010.7384 -11.1402
2010.7411 -7.9210
2010.7438 -11.1318
2010.7466 -8.8027
2010.7493 -10.6736
2010.7521 -8.6546
2010.7548 -13.5756
2010.7575 -13.5166
2010.7603 -10.3776
2010.7630 -12.6086
2010.7658 -5.7997
2010.7685 -8.9408
2010.7712 -8.3919
2010.7740 -15.1630
2010.7767 -15.7342
2010.7794 -11.3954
2010.7822 -10.5066
2010.7849 -7.8178
2010.7877 -9.4591
2010.7904 -10.4004
2010.7931 -9.4117
2010.7959 -5.7830
2010.7986 -8.2944
2010.8014 -11.4858
2010.8041 -12.9872
2010.8068 -7.7487
2010.8096 -9.8002
2010.8123 -5.3717
2010.8151 -3.0333
2010.8178 -1.5049
2010.8205 -1.8265
2010.8233 -7.6282
2010.8260 -2.1699
2010.8288 -3.8816
2010.8315 -4.2034
2010.8342 -3.3153
2010.8370 2.3327
2010.8397 -7.0995
2010.8425 -11.7919
2010.8452 -10.5045
2010.8479 -8.8072
2010.8507 -9.6300
2010.8534 -8.3830
2010.8562 -7.7361
2010.8589 -5.9793
2010.8616 -7.6826
2010.8644 -8.4360
2010.8671 -4.0095
2010.8699 -6.8232
2010.8726 -11.3869
2010.8753 -10.6606
2010.8781 -9.0045
2010.8808 -8.4584
2010.8836 -5.8424
2010.8863 -8.1064
2010.8890 -8.1304
2010.8918 -6.9245
2010.8945 -4.6587
2010.8973 -8.0828
2010.9000 -6.7170
2010.9027 -10.2611
2010.9055 -6.4253
2010.9082 -5.7595
2010.9110 -6.3236
2010.9137 -5.7477
2010.9164 -6.0819
2010.9192 -8.9664
2010.9219 -8.6214
2010.9247 -14.1768
2010.9274 -10.3927
2010.9301 -14.7890
2010.9329 -10.1058
2010.9356 -9.4931
2010.9384 -7.8909
2010.9411 -6.3892
2010.9438 -1.1779
2010.9466 7.2128
2010.9493 -0.3869
2010.9521 -1.1772
2010.9548 -3.1380
2010.9575 -3.6594
2010.9603 -0.8412
2010.9630 -3.9336
2010.9658 -6.0166
2010.9685 -3.8001
2010.9712 -4.2341
2010.9740 -2.6488
2010.9767 -4.2740
2010.9795 1.7102
2010.9822 0.3639
2010.9849 0.9669
2010.9877 1.5394
2010.9904 -2.3288
2010.9931 1.2624
2010.9959 0.5531
2010.9986 1.3130
2011.0014 -0.2980
2011.0041 -0.0122
2011.0068 5.6502
2011.0096 -1.4105
2011.0123 2.3159
2011.0151 3.9597
2011.0178 -0.5189
2011.0205 1.5004
2011.0233 1.3679
2011.0260 0.5437
2011.0288 -0.0319
2011.0315 -2.1085
2011.0342 -3.3461
2011.0370 1.0157
2011.0397 1.1871
2011.0425 -0.4416
2011.0452 0.1198
2011.0479 1.5216
2011.0507 0.2540
2011.0534 1.2973
2011.0562 0.3817
2011.0589 4.1374
2011.0616 4.6047
2011.0644 2.7339
2011.0671 4.5952
2011.0699 0.9989
2011.0726 1.2151
2011.0753 4.1642
2011.0781 2.6264
2011.0808 0.9320
2011.0836 2.1194
2011.0863 3.0871
2011.0890 1.8050
2011.0918 0.1831
2011.0945 3.9214
2011.0973 1.3399
2011.1000 0.9485
2011.1027 2.9972
2011.1055 0.6361
2011.1082 1.2151
2011.1110 -0.2959
2011.1137 3.1732
2011.1164 0.4424
2011.1192 2.6415
2011.1219 1.7407
2011.1247 8.0498
2011.1274 -0.9911
2011.1301 4.1379
2011.1329 5.7569
2011.1356 2.9058
2011.1384 5.6045
2011.1411 4.7032
2011.1438 7.9216
2011.1466 7.6799
2011.1493 7.8681
2011.1521 6.1660
2011.1548 3.2236
2011.1575 8.7711
2011.1603 0.1482
2011.1630 4.0151
2011.1658 5.8820
2011.1685 3.5388
2011.1712 2.2056
2011.1740 7.0124
2011.1767 0.9391
2011.1795 4.3059
2011.1822 2.8726
2011.1849 4.5093
2011.1877 2.6359
2011.1904 4.5125
2011.1931 -0.3709
2011.1959 3.1757
2011.1986 0.3223
2011.2014 2.9888
2011.2041 -0.1346
2011.2068 1.2119
2011.2096 -0.7216
2011.2123 4.3148
2011.2151 3.3313
2011.2178 0.8077
2011.2205 2.7641
2011.2233 -0.6395
2011.2260 -0.7431
2011.2288 1.2133
2011.2315 0.1896
2011.2342 -1.3140
2011.2370 0.9823
2011.2397 1.0986
2011.2425 0.5849
2011.2452 0.9012
2011.2479 -1.5230
2011.2507 -0.5380
2011.2534 -0.9337
2011.2562 0.7598
2011.2589 3.2227
2011.2616 2.5850
2011.2644 3.2368
2011.2671 6.2782
2011.2699 0.8192
2011.2726 -6.0902
2011.2753 -0.7597
2011.2781 -6.9395
2011.2808 4.3206
2011.2836 2.0306
2011.2863 5.9807
2011.2890 3.5208
2011.2918 3.8211
2011.2945 2.8216
2011.2973 4.5623
2011.3000 1.2634
2011.3027 4.1949
2011.3055 2.3568
2011.3082 1.5793
2011.3110 -0.7977
2011.3137 2.9160
2011.3164 2.8104
2011.3192 3.9056
2011.3219 4.7217
2011.3247 5.5086
2011.3274 1.8966
2011.3301 2.0958
2011.3329 5.0680
2011.3356 3.8331
2011.3384 1.0011
2011.3411 0.1217
2011.3438 1.9848
2011.3466 1.2200
2011.3493 1.0474
2011.3521 6.2266
2011.3548 5.4974
2011.3575 2.7497
2011.3603 3.6533
2011.3630 -0.1820
2011.3658 -1.1464
2011.3685 5.0898
2011.3712 0.4266
2011.3740 2.2737
2011.3767 2.1009
2011.3794 -0.5419
2011.3822 0.4649
2011.3849 1.3014
2011.3877 2.4771
2011.3904 8.2521
2011.3931 1.1860
2011.3959 -0.1513
2011.3986 1.0899
2011.4014 1.2496
2011.4041 2.6974
2011.4068 -2.2267
2011.4096 -0.3631
2011.4123 1.5982
2011.4151 1.2379
2011.4178 4.9668
2011.4205 5.6152
2011.4233 -1.5971
2011.4260 -2.1999
2011.4288 -3.1332
2011.4315 -1.7169
2011.4342 -0.4410
2011.4370 2.1046
2011.4397 1.4299
2011.4425 5.0749
2011.4452 -1.4101
2011.4479 -2.9753
2011.4507 -4.2006
2011.4534 -2.3358
2011.4562 0.2290
2011.4589 -1.5861
2011.4616 -1.9410
2011.4644 -0.2157
2011.4671 -0.6902
2011.4699 -1.4843
2011.4726 -2.3981
2011.4753 -0.9514
2011.4781 -0.5742
2011.4808 9.9834
2011.4836 13.1817
2011.4863 12.4806
2011.4890 0.6803
2011.4918 2.0806
2011.4945 -0.3282
2011.4973 -3.2662
2011.5000 2.5561
2011.5027 -2.4311
2011.5055 1.3220
2011.5082 2.1454
2011.5110 -3.1708
2011.5137 -0.2868
2011.5164 2.1476
2011.5192 0.3822
2011.5219 -1.4829
2011.5247 -4.4677
2011.5274 -4.1823
2011.5301 -1.9966
2011.5329 -4.8607
2011.5356 -3.8646
2011.5384 -0.0883
2011.5411 1.2482
2011.5438 0.7049
2011.5466 -1.0182
2011.5493 1.6588
2011.5521 1.8760
2011.5548 0.9433
2011.5575 -0.3993
2011.5603 -2.3817
2011.5630 -2.2141
2011.5658 0.5837
2011.5685 8.5915
2011.5712 1.0594
2011.5740 1.7373
2011.5767 -0.6047
2011.5794 2.1633
2011.5822 0.2717
2011.5849 -0.7180
2011.5877 -3.0257
2011.5904 -1.0214
2011.5931 2.9145
2011.5959 -0.0580
2011.5986 1.7408
2011.6014 -3.4193
2011.6041 1.9516
2011.6068 0.0833
2011.6096 -2.7843
2011.6123 0.9584
2011.6151 -3.0686
2011.6178 -2.4055
2011.6205 -8.9025
2011.6233 -4.4499
2011.6260 -2.5777
2011.6288 1.0138
2011.6315 3.0745
2011.6342 2.7642
2011.6370 2.8626
2011.6397 3.8597
2011.6425 -1.9648
2011.6452 -0.1510
2011.6479 0.4108
2011.6507 2.2305
2011.6534 0.9879
2011.6562 0.8129
2011.6589 -0.2748
2011.6616 -0.9854
2011.6644 -2.8390
2011.6671 -5.2250
2011.6699 -5.6827
2011.6726 -2.3021
2011.6753 -2.0229
2011.6781 -2.9252
2011.6808 0.2413
2011.6836 -5.9935
2011.6863 -3.0194
2011.6890 -0.5862
2011.6918 -1.6540
2011.6945 -1.3626
2011.6973 -3.0319
2011.7000 -5.8117
2011.7027 -7.0121
2011.7055 -5.2429
2011.7082 -6.9040
2011.7110 -7.0352
2011.7137 -4.6866
2011.7164 -6.5380
2011.7192 -4.8493
2011.7219 -7.5603
2011.7247 -7.0711
2011.7274 -4.0615
2011.7301 -8.3213
2011.7329 -5.7906
2011.7356 -6.3291
2011.7384 -6.1869
2011.7411 -6.4137
2011.7438 -10.0196
2011.7466 -7.8943
2011.7493 -6.3580
2011.7521 -7.6615
2011.7548 -4.6350
2011.7575 -10.8385
2011.7603 -2.0319
2011.7630 -2.2152
2011.7658 -2.6685
2011.7685 -2.8316
2011.7712 -1.2547
2011.7740 -5.4077
2011.7767 -4.1805
2011.7794 -4.7532
2011.7822 -3.6758
2011.7849 -4.5282
2011.7877 -4.4204
2011.7904 -4.2025
2011.7931 2.6456
2011.7959 -1.5761
2011.7986 3.4325
2011.8014 7.4012
2011.8041 -1.4998
2011.8068 -2.5806
2011.8096 -2.0011
2011.8123 2.9787
2011.8151 4.1287
2011.8178 1.7490
2011.8205 1.5096
2011.8233 -5.4895
2011.8260 -8.2482
2011.8288 -1.1666
2011.8315 0.0653
2011.8342 0.9987
2011.8370 -3.8754
2011.8397 6.6528
2011.8425 1.7931
2011.8452 0.3055
2011.8479 -2.0604
2011.8507 -1.2146
2011.8534 -3.6974
2011.8562 0.3811
2011.8589 0.8708
2011.8616 1.1514
2011.8644 1.1628
2011.8671 -1.2952
2011.8699 2.5073
2011.8726 1.8600
2011.8753 -6.1572
2011.8781 -6.6144
2011.8808 -3.4518
2011.8836 -5.1997
2011.8863 2.0219
2011.8890 -0.1773
2011.8918 0.7826
2011.8945 -0.9986
2011.8973 0.0690
2011.9000 -2.4749
2011.9027 0.4097
2011.9055 1.9725
2011.9082 4.2433
2011.9110 2.0121
2011.9137 5.8785
2011.9164 7.7928
2011.9192 4.4862
2011.9219 1.9791
2011.9247 2.1113
2011.9274 -2.9970
2011.9301 -2.2159
2011.9329 3.6946
2011.9356 5.8745
2011.9384 5.0938
2011.9411 -0.7774
2011.9438 3.0207
2011.9466 1.3883
2011.9493 3.4653
2011.9521 5.3317
2011.9548 4.5676
2011.9575 9.2129
2011.9603 4.3876
2011.9630 3.6817
2011.9658 3.5253
2011.9685 6.8783
2011.9712 4.1807
2011.9740 5.9725
2011.9767 4.9538
2011.9795 8.7645
2011.9822 6.2447
2011.9849 7.6043
2011.9877 8.7033
2011.9904 5.4217
2011.9931 8.7996
2011.9959 6.4770
2011.9986 5.9037
2012.0014 2.9100
2012.0041 6.0655
2012.0068 3.5103
2012.0096 3.6544
2012.0123 3.5979
2012.0150 6.8909
2012.0178 5.2233
2012.0205 2.5153
2012.0232 5.5168
2012.0260 3.4480
2012.0287 8.8589
2012.0314 3.1396
2012.0342 5.0900
2012.0369 2.6503
2012.0396 8.0205
2012.0423 1.8207
2012.0451 4.8408
2012.0478 6.1010
2012.0505 2.7513
2012.0533 2.7718
2012.0560 1.9724
2012.0587 5.1834
2012.0615 3.4546
2012.0642 2.1762
2012.0669 5.6182
2012.0697 3.5507
2012.0724 3.9137
2012.0751 5.3672
2012.0779 2.7214
2012.0806 2.0862
2012.0833 2.4515
2012.0861 3.3068
2012.0888 5.4423
2012.0915 3.1579
2012.0943 7.1837
2012.0970 4.8898
2012.0997 5.7561
2012.1025 3.7129
2012.1052 7.5900
2012.1079 -1.0025
2012.1107 9.1355
2012.1134 5.6240
2012.1161 5.6531
2012.1189 4.5028
2012.1216 4.9832
2012.1243 4.0943
2012.1270 5.3261
2012.1298 2.9687
2012.1325 4.0921
2012.1352 5.1465
2012.1380 4.9718
2012.1407 8.6280
2012.1434 6.9053
2012.1462 5.3136
2012.1489 2.8230
2012.1516 4.9736
2012.1544 4.1754
2012.1571 8.8984
2012.1598 7.1528
2012.1626 6.8284
2012.1653 7.7054
2012.1680 7.2736
2012.1708 4.5330
2012.1735 7.2636
2012.1762 3.9754
2012.1790 3.5783
2012.1817 3.5023
2012.1844 9.1173
2012.1872 2.7134
2012.1899 5.5405
2012.1926 4.6885
2012.1954 2.4274
2012.1981 5.1173
2012.2008 6.0080
2012.2035 3.4095
2012.2063 0.6119
2012.2090 3.8449
2012.2117 3.9788
2012.2145 4.6933
2012.2172 2.7985
2012.2199 2.2043
2012.2227 2.2207
2012.2254 2.6277
2012.2281 2.7552
2012.2309 -2.2568
2012.2336 5.1517
2012.2363 6.8506
2012.2391 4.0399
2012.2418 1.2496
2012.2445 1.1697
2012.2473 1.5200
2012.2500 2.6106
2012.2527 3.7915
2012.2555 2.1027
2012.2582 6.3341
2012.2609 0.2157
2012.2637 4.3474
2012.2664 4.6594
2012.2691 7.8715
2012.2719 6.3237
2012.2746 3.6160
2012.2773 7.0984
2012.2801 7.2609
2012.2828 7.8834
2012.2855 4.5260
2012.2882 6.2785
2012.2910 6.2110
2012.2937 5.5035
2012.2964 5.3959
2012.2992 1.1583
2012.3019 7.0005
2012.3046 8.7326
2012.3074 7.8346
2012.3101 9.1064
2012.3128 14.0980
2012.3156 8.4894
2012.3183 7.0605
2012.3210 3.7615
2012.3238 -3.0179
2012.3265 1.1125
2012.3292 1.1926
2012.3320 -1.0373
2012.3347 2.1931
2012.3374 0.3436
2012.3402 1.3943
2012.3429 -0.6649
2012.3456 1.1960
2012.3484 -0.2732
2012.3511 -0.8323
2012.3538 7.0685
2012.3566 4.5391
2012.3593 0.9196
2012.3620 0.4699
2012.3648 4.0099
2012.3675 0.4396
2012.3702 -1.0710
2012.3729 0.0380
2012.3757 -0.0834
2012.3784 -0.9153
2012.3811 0.6322
2012.3839 -2.3008
2012.3866 2.3256
2012.3893 -0.7786
2012.3921 2.2864
2012.3948 0.6007
2012.3975 0.0442
2012.4003 -2.7931
2012.4030 1.9587
2012.4057 -4.1504
2012.4085 -2.3605
2012.4112 -0.2616
2012.4139 -7.4537
2012.4167 0.0933
2012.4194 4.2594
2012.4221 2.0247
2012.4249 4.0693
2012.4276 4.4932
2012.4303 8.3065
2012.4331 6.5792
2012.4358 6.6013
2012.4385 2.8329
2012.4413 2.8441
2012.4440 -1.3051
2012.4467 6.3654
2012.4495 7.1355
2012.4522 8.5155
2012.4549 7.9152
2012.4576 5.1248
2012.4604 6.8643
2012.4631 5.1737
2012.4658 5.5332
2012.4686 5.0627
2012.4713 3.7223
2012.4740 -0.9879
2012.4768 6.2721
2012.4795 5.1224
2012.4822 -1.4670
2012.4850 1.4439
2012.4877 -0.3548
2012.4904 3.5370
2012.4932 3.0993
2012.4959 2.7022
2012.4986 6.5855
2012.5014 4.3791
2012.5041 3.0529
2012.5068 2.0470
2012.5096 4.0912
2012.5123 7.7557
2012.5150 2.1603
2012.5178 -1.0549
2012.5205 -1.7300
2012.5232 -3.6750
2012.5260 -1.8899
2012.5287 -6.0547
2012.5314 -1.6295
2012.5342 -3.3642
2012.5369 2.2311
2012.5396 0.2764
2012.5423 3.7617
2012.5451 6.4569
2012.5478 4.4521
2012.5505 1.6972
2012.5533 4.4122
2012.5560 1.4471
2012.5587 4.8018
2012.5615 -2.2336
2012.5642 -1.6091
2012.5669 -2.4249
2012.5697 5.7691
2012.5724 1.4629
2012.5751 0.5264
2012.5779 -0.1804
2012.5806 -2.6374
2012.5833 0.6445
2012.5861 1.5645
2012.5888 2.5928
2012.5915 -2.2607
2012.5943 -0.0657
2012.5970 -4.0122
2012.5997 -4.5399
2012.6025 0.7511
2012.6052 -4.2990
2012.6079 -2.3200
2012.6107 -1.0518
2012.6134 1.0156
2012.6161 2.0824
2012.6189 2.1487
2012.6216 1.4247
2012.6243 8.9804
2012.6270 -3.0540
2012.6298 0.0016
2012.6325 2.3773
2012.6352 1.4933
2012.6380 2.4295
2012.6407 -5.0337
2012.6434 -3.7763
2012.6462 -3.3483
2012.6489 0.4506
2012.6516 -1.7095
2012.6544 -3.1886
2012.6571 -4.5565
2012.6598 -2.7031
2012.6626 -4.2482
2012.6653 -0.7217
2012.6680 -8.1321
2012.6708 -4.9691
2012.6735 -9.0531
2012.6762 -1.3644
2012.6790 -7.8131
2012.6817 -1.2795
2012.6844 -6.3640
2012.6872 -7.0768
2012.6899 -8.6282
2012.6926 -3.2384
2012.6954 -1.3577
2012.6981 -3.7764
2012.7008 -7.5747
2012.7035 -6.6830
2012.7063 -6.4514
2012.7090 -5.8103
2012.7117 -3.1799
2012.7145 -4.4305
2012.7172 -8.4324
2012.7199 -8.0659
2012.7227 -5.5411
2012.7254 -12.6384
2012.7281 -7.3781
2012.7309 -6.6204
2012.7336 -2.9856
2012.7363 -4.9939
2012.7391 -4.7557
2012.7418 -2.0812
2012.7445 -6.4206
2012.7473 -6.8543
2012.7500 -7.2812
2012.7527 -5.6086
2012.7555 -5.2164
2012.7582 -5.2645
2012.7609 -5.2029
2012.7637 -6.2817
2012.7664 -6.0107
2012.7691 -4.7801
2012.7719 -0.4598
2012.7746 -7.0797
2012.7773 -2.3800
2012.7801 -5.8005
2012.7828 -1.9912
2012.7855 -5.7922
2012.7882 -5.2235
2012.7910 -4.9350
2012.7937 -4.3267
2012.7964 -4.4587
2012.7992 -9.0808
2012.8019 -6.3832
2012.8046 -4.0357
2012.8074 1.9616
2012.8101 3.8387
2012.8128 0.7757
2012.8156 -1.0375
2012.8183 1.5791
2012.8210 0.3256
2012.8238 -0.2780
2012.8265 2.9083
2012.8292 1.4545
2012.8320 -0.8095
2012.8347 3.2165
2012.8374 1.5823
2012.8402 0.4881
2012.8429 -1.0762
2012.8456 0.6495
2012.8484 2.5451
2012.8511 1.2606
2012.8538 4.1361
2012.8566 -0.6085
2012.8593 -3.9131
2012.8620 -0.1176
2012.8648 4.9678
2012.8675 3.0032
2012.8702 4.3985
2012.8729 -0.3860
2012.8757 1.0794
2012.8784 3.0049
2012.8811 0.5004
2012.8839 2.8359
2012.8866 4.3515
2012.8893 7.2672
2012.8921 3.9530
2012.8948 3.6088
2012.8975 2.4547
2012.9003 3.8307
2012.9030 1.5768
2012.9057 5.0131
2012.9085 6.6094
2012.9112 6.9259
2012.9139 6.5225
2012.9167 7.7293
2012.9194 8.3064
2012.9221 5.9738
2012.9249 7.1815
2012.9276 9.6394
2012.9303 3.6775
2012.9331 7.8559
2012.9358 6.5445
2012.9385 9.3833
2012.9413 6.7722
2012.9440 8.6313
2012.9467 6.0005
2012.9495 3.0099
2012.9522 5.3893
2012.9549 8.2889
2012.9576 8.0385
2012.9604 7.5381
2012.9631 8.6978
2012.9658 8.2775
2012.9686 4.0272
2012.9713 1.7869
2012.9740 5.9865
2012.9768 7.0361
2012.9795 8.7356
2012.9822 5.8950
2012.9850 6.8644
2012.9877 9.7235
2012.9904 9.4126
2012.9932 11.7015
2012.9959 11.3202
2012.9986 8.6587
2013.0014 11.1468
2013.0041 9.6931
2013.0068 6.6775
2013.0096 9.2103
2013.0123 8.7017
2013.0151 7.1217
2013.0178 7.3606
2013.0205 8.1385
2013.0233 6.0956
2013.0260 10.6921
2013.0288 6.2381
2013.0315 10.3838
2013.0342 8.3694
2013.0370 9.0550
2013.0397 9.1808
2013.0425 8.9471
2013.0452 5.7538
2013.0479 6.4313
2013.0507 5.4596
2013.0534 3.6291
2013.0562 4.8197
2013.0589 8.5717
2013.0616 5.2553
2013.0644 4.9806
2013.0671 8.5679
2013.0699 8.7271
2013.0726 8.5687
2013.0753 5.1826
2013.0781 8.5591
2013.0808 7.5783
2013.0836 8.7197
2013.0863 6.9225
2013.0890 6.9166
2013.0918 6.3021
2013.0945 8.5387
2013.0973 9.8365
2013.1000 8.4654
2013.1027 8.7054
2013.1055 9.7063
2013.1082 9.0481
2013.1110 10.2608
2013.1137 9.5943
2013.1164 9.2185
2013.1192 6.3034
2013.1219 9.3789
2013.1247 5.3249
2013.1274 4.0615
2013.1301 6.4584
2013.1329 5.9557
2013.1356 8.5433
2013.1384 6.1712
2013.1411 8.9092
2013.1438 5.6874
2013.1466 0.8456
2013.1493 2.8638
2013.1521 6.7419
2013.1548 9.6899
2013.1575 4.5777
2013.1603 4.6852
2013.1630 4.9526
2013.1658 5.3200
2013.1685 6.8576
2013.1712 8.8854
2013.1740 7.2532
2013.1767 5.7713
2013.1795 7.6894
2013.1822 5.3577
2013.1849 4.5360
2013.1877 8.2844
2013.1904 6.0928
2013.1931 5.7113
2013.1959 5.4999
2013.1986 7.7684
2013.2014 6.1070
2013.2041 7.3755
2013.2068 7.1041
2013.2096 9.9425
2013.2123 8.5210
2013.2151 7.2394
2013.2178 5.6277
2013.2205 4.4659
2013.2233 4.5040
2013.2260 3.6219
2013.2288 5.3998
2013.2315 11.1975
2013.2342 7.6450
2013.2370 9.2624
2013.2397 7.5496
2013.2425 9.8065
2013.2452 12.0433
2013.2479 10.7899
2013.2507 8.8363
2013.2534 9.3124
2013.2562 6.5784
2013.2589 10.1441
2013.2616 5.8496
2013.2644 11.0549
2013.2671 11.0198
2013.2699 7.0345
2013.2726 8.9789
2013.2753 9.4529
2013.2781 7.8967
2013.2808 6.1001
2013.2836 4.8131
2013.2863 4.1758
2013.2890 7.0180
2013.2918 6.6199
2013.2945 6.1914
2013.2973 4.8624
2013.3000 -2.4171
2013.3027 2.3831
2013.3055 4.2427
2013.3082 6.0219
2013.3110 1.9505
2013.3137 3.6886
2013.3164 1.0562
2013.3192 3.1433
2013.3219 4.6098
2013.3247 5.1457
2013.3274 1.7310
2013.3301 3.1156
2013.3329 5.6689
2013.3356 5.3008
2013.3384 1.0814
2013.3411 0.4608
2013.3438 2.7891
2013.3466 1.9164
2013.3493 4.9027
2013.3521 2.3782
2013.3548 1.8029
2013.3575 4.5469
2013.3603 1.1204
2013.3630 0.0034
2013.3658 2.0959
2013.3685 4.2682
2013.3712 1.4002
2013.3740 -2.6279
2013.3767 -6.1861
2013.3794 -1.1842
2013.3822 3.1978
2013.3849 2.3500
2013.3877 2.7125
2013.3904 1.5254
2013.3931 -0.0312
2013.3959 -1.8372
2013.3986 -1.3626
2013.4014 -2.0673
2013.4041 0.1189
2013.4068 1.0061
2013.4096 3.1342
2013.4123 0.8734
2013.4151 3.0332
2013.4178 1.6631
2013.4205 1.8230
2013.4233 0.4130
2013.4260 2.3332
2013.4288 3.1734
2013.4315 4.6539
2013.4342 1.0045
2013.4370 0.8653
2013.4397 2.2563
2013.4425 1.4076
2013.4452 -1.5009
2013.4479 -3.8791
2013.4507 -1.0069
2013.4534 6.9055
2013.4562 -0.7016
2013.4589 -2.8385
2013.4616 -2.7749
2013.4644 -0.7309
2013.4671 -3.3365
2013.4699 8.6884
2013.4781 9.5660
2013.4836 6.8505
2013.4863 6.7186
2013.4890 5.0973
2013.4918 -3.3934
2013.4945 0.3066
2013.4973 0.6572
2013.5000 3.6884
2013.5027 4.5701
2013.5055 1.2423
2013.5082 3.7350
2013.5110 -2.5718
2013.5137 4.4419
2013.5164 1.9361
2013.5192 0.7108
2013.5219 3.1759
2013.5247 6.8515
2013.5274 -1.0925
2013.5301 -2.4360
2013.5329 -3.4191
2013.5356 -1.7118
2013.5384 -2.5941
2013.5411 -0.9859
2013.5438 0.0626
2013.5466 0.0516
2013.5493 4.7609
2013.5521 4.7306
2013.5548 4.4206
2013.5575 7.6511
2013.5603 4.7818
2013.5630 0.7830
2013.5658 -0.4456
2013.5685 -0.6738
2013.5712 -0.2717
2013.5740 1.1707
2013.5767 -1.0866
2013.5794 -0.1336
2013.5822 3.6597
2013.5849 4.9434
2013.5877 5.6874
2013.5904 8.3718
2013.5931 5.9566
2013.5959 7.1216
2013.5986 0.5569
2013.6014 0.3525
2013.6041 5.5782
2013.6068 2.3942
2013.6096 4.9903
2013.6123 4.5066
2013.6151 -0.9070
2013.6178 9.7495
2013.6205 7.0261
2013.6233 -4.1573
2013.6260 5.5493
2013.6288 5.5759
2013.6315 6.3025
2013.6342 3.3590
2013.6370 3.6555
2013.6397 2.4218
2013.6425 0.5880
2013.6452 3.1740
2013.6479 3.2898
2013.6507 2.4955
2013.6534 4.2909
2013.6562 3.0560
2013.6589 2.3508
2013.6616 2.6853
2013.6644 4.0795
2013.6671 5.1235
2013.6699 4.8374
2013.6726 5.5312
2013.6753 -0.0851
2013.6781 -1.3015
2013.6808 1.7819
2013.6836 2.3251
2013.6863 -0.3819
2013.6890 -1.9491
2013.6918 -1.1766
2013.6945 2.0657
2013.6973 2.4477
2013.7000 3.0094
2013.7027 -0.9093
2013.7055 3.9417
2013.7082 3.5123
2013.7110 3.2624
2013.7137 2.5822
2013.7164 10.7015
2013.7192 2.5903
2013.7219 6.4786
2013.7247 5.0865
2013.7274 7.6837
2013.7301 11.4404
2013.7329 9.3266
2013.7356 2.0521
2013.7384 5.1069
2013.7411 3.7212
2013.7438 9.4747
2013.7466 3.4976
2013.7493 6.7395
2013.7521 0.2697
2013.7548 6.0481
2013.7575 1.3548
2013.7603 5.0600
2013.7630 3.3936
2013.7658 2.4059
2013.7685 7.4869
2013.7712 5.0468
2013.7740 10.3157
2013.7767 8.6037
2013.7794 10.2308
2013.7822 11.8472
2013.7849 10.0831
2013.7877 8.9785
2013.7904 10.1035
2013.7959 10.7529
2013.9274 7.4218
2013.9301 5.2880
2013.9329 7.0923
2013.9356 6.4648
2013.9384 3.6958
2013.9411 4.6754
2013.9438 7.9738
2013.9466 9.9011
2013.9493 10.2977
2013.9521 7.2136
2013.9548 11.6391
2013.9575 7.5142
2013.9603 7.6593
2013.9630 6.0045
2013.9658 7.0400
2013.9685 10.1559
2013.9712 10.0425
2013.9740 7.9899
2013.9767 7.9783
2013.9795 10.9580
2013.9822 12.4790
2013.9849 7.5116
2013.9877 13.4459
2013.9904 9.1722
2013.9931 10.0106
2013.9959 8.5513
2013.9986 8.3345
2014.0014 8.5701
2014.0041 8.6660
2014.0068 7.8820
2014.0096 10.2482
2014.0123 8.9044
2014.0151 10.3707
2014.0178 2.7671
2014.0205 6.4336
2014.0233 10.0402
2014.0260 6.1869
2014.0288 8.2037
2014.0315 8.8307
2014.0342 14.9378
2014.0370 12.5850
2014.0397 7.5523
2014.0425 8.1598
2014.0452 9.4074
2014.0479 11.1751
2014.0507 13.1430
2014.0534 12.0311
2014.0562 10.4293
2014.0589 6.7277
2014.0616 8.2462
2014.0644 9.4749
2014.0671 10.3538
2014.0699 8.9228
2014.0726 10.3721
2014.0753 10.0315
2014.0781 13.0311
2014.0808 12.4909
2014.0836 12.2109
2014.0863 11.8310
2014.0890 8.8911
2014.0918 12.5214
2014.0945 11.0818
2014.0973 12.7422
2014.1000 7.1628
2014.1027 7.9334
2014.1055 11.6241
2014.1082 12.5149
2014.1110 13.4858
2014.1137 15.4367
2014.1164 12.4477
2014.1192 18.2887
2014.1219 16.1098
2014.1247 13.6210
2014.1274 14.8822
2014.1301 14.6835
2014.1329 10.1348
2014.1356 9.4861
2014.1384 6.6675
2014.1411 8.5189
2014.1438 11.2703
2014.1466 11.9517
2014.1493 11.8232
2014.1521 11.9747
2014.1548 11.1561
2014.1575 14.1676
2014.1603 15.9691
2014.1630 11.3607
2014.1658 17.1725
2014.1685 17.8547
2014.1712 16.3273
2014.1740 15.0702
2014.1767 18.9535
2014.1795 19.3472
2014.1822 12.1513
2014.1849 13.0658
2014.1877 13.3507
2014.1904 13.2460
2014.1931 10.3618
2014.1959 8.3180
2014.1986 14.1546
2014.2014 9.0517
2014.2041 8.3593
2014.2068 7.5473
2014.2096 8.7458
2014.2123 13.3848
2014.2151 8.8943
2014.2178 8.5543
2014.2205 4.0749
2014.2233 9.7159
2014.2260 7.0275
2014.2288 8.2496
2014.2315 8.2422
2014.2342 8.8954
2014.2370 6.7792
2014.2397 11.7035
2014.2425 5.5484
2014.2452 7.5539
2014.2479 5.0430
2014.2507 8.2382
2014.2534 6.9792
2014.2562 8.5856
2014.2589 15.3570
2014.2616 10.1928
2014.2644 11.3928
2014.2671 8.3964
2014.2699 4.5634
2014.2726 8.9131
2014.2753 8.6253
2014.2781 7.6094
2014.2808 9.3151
2014.2836 7.2320
2014.2863 13.3296
2014.2890 10.8475
2014.2918 9.2054
2014.2945 10.6727
2014.2973 13.1790
2014.3000 8.1439
2014.3027 10.7471
2014.3055 6.9681
2014.3082 1.9964
2014.3110 10.8016
2014.3137 2.5334
2014.3164 8.0213
2014.3192 4.9349
2014.3219 2.3137
2014.3247 4.7274
2014.3274 9.2054
2014.3301 1.6482
2014.3329 7.6097
2014.3356 10.1508
2014.3384 6.5214
2014.3411 7.7317
2014.3438 3.8616
2014.3466 2.4811
2014.3493 8.7304
2014.3521 4.3494
2014.3548 3.3482
2014.3575 4.9868
2014.3603 6.2452
2014.3630 7.8035
2014.3658 10.1817
2014.3685 11.9398
2014.3712 14.0279
2014.3740 8.1160
2014.3767 3.5041
2014.3794 9.7423
2014.3822 8.7606
2014.3849 4.6091
2014.3877 4.1177
2014.3904 3.9665
2014.3931 4.9955
2014.3959 0.6248
2014.3986 4.0844
2014.4014 5.0344
2014.4041 6.2247
2014.4068 7.2054
2014.4096 2.6965
2014.4123 6.1981
2014.4151 4.6805
2014.4178 4.6140
2014.4205 3.1584
2014.4233 3.3037
2014.4260 4.2396
2014.4288 1.4963
2014.4315 0.0034
2014.4342 -1.8690
2014.4370 -1.6811
2014.4397 0.7370
2014.4425 1.8853
2014.4452 5.5035
2014.4479 6.5316
2014.4507 13.1696
2014.4534 12.0872
2014.4562 13.4144
2014.4589 9.0911
2014.4616 7.7872
2014.4644 2.0725
2014.4671 4.5070
2014.4699 1.3106
2014.4726 1.0332
2014.4753 -0.0155
2014.4781 6.2847
2014.4808 -7.3565
2014.4836 -0.3392
2014.4863 7.7566
2014.4890 3.2107
2014.4918 -0.9770
2014.4945 1.3234
2014.4973 6.9721
2014.5000 5.7501
2014.5027 0.2676
2014.5055 -0.4452
2014.5082 -1.6585
2014.5110 7.2779
2014.5137 3.6940
2014.5164 8.7297
2014.5192 11.6050
2014.5219 12.2901
2014.5247 7.4150
2014.5274 6.1796
2014.5301 3.5739
2014.5329 7.9581
2014.5356 5.1920
2014.5384 3.6259
2014.5411 1.0795
2014.5438 5.4031
2014.5466 8.6965
2014.5493 4.9499
2014.5521 4.9832
2014.5548 4.6264
2014.5575 2.5897
2014.5603 5.0030
2014.5630 2.5162
2014.5658 5.9296
2014.5685 9.0030
2014.5712 2.1465
2014.5740 -1.3600
2014.5767 -0.9462
2014.5794 3.1977
2014.5822 -1.8383
2014.5849 1.9756
2014.5877 3.5793
2014.5904 6.1229
2014.5931 7.0464
2014.5959 5.4198
2014.5986 3.4131
2014.6014 6.4063
2014.6041 4.7395
2014.6068 4.1226
2014.6096 6.5756
2014.6123 3.5087
2014.6151 5.2817
2014.6178 2.0347
2014.6205 4.1177
2014.6233 7.2808
2014.6260 6.5939
2014.6288 5.3170
2014.6315 0.6702
2014.6342 1.3034
2014.6370 0.5168
2014.6397 5.3402
2014.6425 2.9138
2014.6452 -0.5425
2014.6479 2.0113
2014.6507 -2.3247
2014.6534 -1.7105
2014.6562 -3.8962
2014.6589 1.1983
2014.6616 0.1130
2014.6644 5.0579
2014.6671 3.6439
2014.6699 5.9617
2014.6726 5.1013
2014.6753 8.0525
2014.6781 2.7754
2014.6808 3.3897
2014.6836 4.8255
2014.6863 5.4526
2014.6890 5.4110
2014.6918 1.3005
2014.6945 2.7411
2014.6973 3.9327
2014.7000 1.7653
2014.7027 2.0287
2014.7055 1.0228
2014.7082 0.3076
2014.7110 -1.1570
2014.7137 3.2189
2014.7164 7.2352
2014.7192 3.1219
2014.7219 0.6288
2014.7247 4.0559
2014.7274 2.2730
2014.7301 -1.8598
2014.7329 3.4973
2014.7356 -0.1758
2014.7384 1.6509
2014.7411 2.6573
2014.7438 -0.9068
2014.7466 3.4686
2014.7493 5.8039
2014.7521 6.7610
2014.7548 9.4601
2014.7575 8.5911
2014.7603 7.3338
2014.7630 6.6380
2014.7658 4.0735
2014.7685 8.7602
2014.7712 3.6279
2014.7740 6.5963
2014.7767 5.1254
2014.7794 7.4649
2014.7822 4.8447
2014.7849 7.0346
2014.7877 8.2144
2014.7904 6.3240
2014.7931 5.2331
2014.7959 3.7816
2014.7986 11.3394
2014.8014 1.3961
2014.8041 4.1717
2014.8068 2.5960
2014.8096 2.6989
2014.8123 6.7900
2014.8151 8.6793
2014.8178 7.6866
2014.8205 4.5617
2014.8233 -4.1056
2014.8260 10.7345
2014.8288 5.3720
2014.8315 3.7765
2014.8342 2.4785
2014.8370 5.9583
2014.8397 1.7562
2014.8425 1.0721
2014.8452 2.0262
2014.8479 0.1185
2014.8507 4.3992
2014.8534 4.0382
2014.8562 4.0257
2014.8589 2.7718
2014.8616 3.6965
2014.8644 0.8699
2014.8671 6.0021
2014.8699 -1.1268
2014.8726 0.6033
2014.8753 2.1023
2014.8781 5.5006
2014.8808 2.1080
2014.8836 -0.2153
2014.8863 4.0507
2014.8890 2.7462
2014.8918 4.3912
2014.8945 3.0658
2014.8973 4.0201
2014.9000 4.9842
2014.9027 0.5181
2014.9055 7.3819
2014.9082 9.9457
2014.9110 8.4396
2014.9137 8.0837
2014.9164 6.9878
2014.9192 11.3706
2014.9219 5.8221
2014.9247 6.7524
2014.9274 10.6816
2014.9301 8.6898
2014.9329 10.9171
2014.9356 11.1837
2014.9384 10.4898
2014.9411 11.8053
2014.9438 9.3206
2014.9466 7.7956
2014.9493 7.3505
2014.9521 13.3954
2014.9548 11.7405
2014.9575 11.2160
2014.9603 3.5818
2014.9630 10.9181
2014.9658 6.8552
2014.9685 9.9030
2014.9712 5.9618
2014.9740 13.2816
2014.9767 7.5926
2014.9795 10.2549
2014.9822 10.2986
2014.9849 8.1638
2014.9877 9.1508
2014.9904 6.0196
2014.9931 7.2303
2014.9959 8.8030
2014.9986 6.8180
2015.0014 3.2250
2015.0041 8.5025
2015.0068 8.5002
2015.0096 13.4381
2015.0123 9.8061
2015.0151 9.1444
2015.0178 10.2928
2015.0205 10.6613
2015.0233 9.6700
2015.0260 9.3188
2015.0288 8.9877
2015.0315 11.4167
2015.0342 10.4658
2015.0370 6.5250
2015.0397 9.6241
2015.0425 8.6434
2015.0452 6.6626
2015.0479 4.8619
2015.0507 12.4212
2015.0534 11.9004
2015.0562 12.2496
2015.0589 9.6788
2015.0616 11.4279
2015.0644 7.0069
2015.0671 9.8059
2015.0699 12.6448
2015.0726 7.1035
2015.0753 10.0622
2015.0781 13.6707
2015.0808 9.3790
2015.0836 11.1267
2015.0863 13.6434
2015.0890 7.2492
2015.0918 13.0743
2015.0945 13.0086
2015.0973 12.8823
2015.1000 10.8356
2015.1027 10.8186
2015.1055 10.2813
2015.1082 11.4139
2015.1110 8.2764
2015.1137 9.5391
2015.1164 10.5019
2015.1192 10.4951
2015.1219 12.3087
2015.1247 16.9128
2015.1274 14.2975
2015.1301 13.7630
2015.1329 16.2394
2015.1356 13.8067
2015.1384 18.2452
2015.1411 12.8448
2015.1438 13.4257
2015.1466 14.0881
2015.1493 11.2819
2015.1521 8.9474
2015.1548 13.6647
2015.1575 12.9838
2015.1603 13.6048
2015.1630 12.6178
2015.1658 9.4719
2015.1685 12.6068
2015.1712 12.9925
2015.1740 13.1890
2015.1767 17.6863
2015.1795 14.1042
2015.1822 16.0828
2015.1849 17.1120
2015.1877 12.3717
2015.1904 11.0119
2015.1931 12.4625
2015.1959 12.2536
2015.1986 13.0250
2015.2014 14.0867
2015.2041 11.1586
2015.2068 9.7108
2015.2096 10.4231
2015.2123 11.4256
2015.2151 12.0381
2015.2178 8.9306
2015.2205 12.3531
2015.2233 14.8255
2015.2260 9.6778
2015.2288 8.5399
2015.2315 8.6518
2015.2342 7.5535
2015.2370 4.2048
2015.2397 7.7458
2015.2425 6.3963
2015.2452 9.5364
2015.2479 7.8562
2015.2507 6.7061
2015.2534 10.7858
2015.2562 9.8956
2015.2589 6.5653
2015.2616 7.0050
2015.2644 4.5547
2015.2671 3.7544
2015.2699 5.9740
2015.2726 5.9337
2015.2753 5.3233
2015.2781 2.2329
2015.2808 3.6926
2015.2836 5.4022
2015.2863 7.9918
2015.2890 7.2314
2015.2918 6.3810
2015.2945 4.9606
2015.2973 7.7902
2015.3000 7.2599
2015.3027 13.3695
2015.3055 8.4591
2015.3082 -0.1112
2015.3110 11.8485
2015.3137 7.1382
2015.3164 8.8679
2015.3192 10.5077
2015.3219 11.8474
2015.3247 8.2572
2015.3274 10.3470
2015.3301 9.8172
2015.3329 4.5195
2015.3356 0.5741
2015.3384 6.9509
2015.3411 10.9496
2015.3438 7.7901
2015.3466 3.3122
2015.3493 5.0557
2015.3521 4.3504
2015.3548 2.6562
2015.3575 6.4529
2015.3603 5.2502
2015.3630 3.6681
2015.3658 5.3563
2015.3685 4.6947
2015.3712 4.1430
2015.3740 3.1511
2015.3767 1.1989
2015.3794 2.2761
2015.3822 4.6725
2015.3849 9.3380
2015.3877 13.6825
2015.3904 12.7156
2015.3931 8.1873
2015.3959 4.9973
2015.3986 7.1855
2015.4014 9.6217
2015.4041 11.5657
2015.4068 6.1373
2015.4096 5.2465
2015.4123 7.2228
2015.4151 9.5265
2015.4178 9.5776
2015.4205 9.0564
2015.4233 4.4430
2015.4260 4.8075
2015.4288 7.9701
2015.4315 4.8910
2015.4342 4.9603
2015.4370 5.4183
2015.4397 1.2149
2015.4425 7.4305
2015.4452 -3.3648
2015.4479 1.7191
2015.4507 0.2024
2015.4534 2.8052
2015.4562 0.4277
2015.4589 9.3601
2015.4616 14.0526
2015.4644 7.2052
2015.4671 4.3381
2015.4699 4.8716
2015.4726 3.7857
2015.4753 1.6107
2015.4781 3.7166
2015.4808 8.7537
2015.4836 9.7021
2015.4863 4.7519
2015.4890 10.0834
2015.4918 11.9667
2015.4945 8.6818
2015.4973 6.2090
2015.5000 3.8771
2015.5027 2.3861
2015.5055 1.0158
2015.5082 2.2462
2015.5110 1.7773
2015.5137 3.6188
2015.5164 4.6808
2015.5192 6.3432
2015.5219 3.5859
2015.5247 0.9089
2015.5274 0.7521
2015.5301 3.1254
2015.5329 6.5187
2015.5356 5.4420
2015.5384 4.1852
2015.5411 4.8983
2015.5438 3.0711
2015.5466 4.6936
2015.5493 7.3957
2015.5521 6.0074
2015.5548 5.5386
2015.5575 5.6691
2015.5603 5.5191
2015.5630 4.9983
2015.5658 5.4167
2015.5685 3.9542
2015.5712 0.4209
2015.5740 -3.9835
2015.5767 -1.7590
2015.5794 0.1044
2015.5822 0.1767
2015.5849 4.3182
2015.5877 6.3093
2015.5904 6.7598
2015.5931 4.0198
2015.5959 9.4893
2015.5986 1.6185
2015.6014 4.7373
2015.6041 5.0957
2015.6068 3.8739
2015.6096 5.9418
2015.6123 4.7995
2015.6151 3.6270
2015.6178 2.0143
2015.6205 4.9316
2015.6233 2.7088
2015.6260 4.3060
2015.6288 6.3032
2015.6315 4.9404
2015.6342 2.9377
2015.6370 -1.5648
2015.6397 -0.4272
2015.6425 2.5906
2015.6452 2.0987
2015.6479 -1.1930
2015.6507 5.3557
2015.6534 0.9447
2015.6562 2.5341
2015.6589 4.7440
2015.6616 4.4343
2015.6644 4.1052
2015.6671 5.0363
2015.6699 2.8075
2015.6726 -0.4113
2015.6753 3.8700
2015.6781 3.8113
2015.6808 2.9428
2015.6836 2.3944
2015.6863 5.9161
2015.6890 4.7679
2015.6918 5.0799
2015.6945 3.8520
2015.6973 3.0344
2015.7000 3.0269
2015.7027 6.4296
2015.7055 5.8126
2015.7082 7.1358
2015.7110 8.0392
2015.7137 11.7129
2015.7164 6.4769
2015.7192 5.0611
2015.7219 15.4457
2015.7247 7.7106
2015.7274 1.2558
2015.7301 2.2314
2015.7329 5.1673
2015.7356 4.7836
2015.7384 4.5503
2015.7411 4.1974
2015.7438 7.9549
2015.7466 2.6928
2015.7493 2.1813
2015.7521 -0.0092
2015.7548 -0.2886
2015.7575 -0.7369
2015.7603 4.4056
2015.7630 3.2790
2015.7658 4.8432
2015.7685 1.6382
2015.7712 -1.0362
2015.7740 4.4800
2015.7767 5.8368
2015.7794 -0.9260
2015.7822 0.1017
2015.7849 0.4097
2015.7877 3.3579
2015.7904 2.7763
2015.7931 7.1849
2015.7959 6.5936
2015.7986 9.3622
2015.8014 9.0108
2015.8041 8.4092
2015.8068 8.1775
2015.8096 7.0054
2015.8123 8.3131
2015.8151 7.1603
2015.8178 4.7271
2015.8205 3.7133
2015.8233 5.8890
2015.8260 7.3139
2015.8288 4.5182
2015.8315 7.1616
2015.8342 3.1842
2015.8370 7.3758
2015.8397 9.7167
2015.8425 9.2069
2015.8452 5.5663
2015.8479 5.7351
2015.8507 5.9734
2015.8534 5.6511
2015.8562 4.6984
2015.8589 2.5352
2015.8616 7.9918
2015.8644 9.4480
2015.8671 6.7740
2015.8699 6.2198
2015.8726 5.4856
2015.8753 6.7213
2015.8781 3.1669
2015.8808 3.7627
2015.8836 10.5285
2015.8863 10.6146
2015.8890 9.2609
2015.8918 8.7174
2015.8945 9.0144
2015.8973 12.9317
2015.9000 9.9795
2015.9027 8.9278
2015.9055 7.0768
2015.9082 5.7363
2015.9110 9.2166
2015.9137 10.0476
2015.9164 6.8597
2015.9192 11.7246
2015.9219 11.8724
2015.9247 6.8030
2015.9274 6.5961
2015.9301 9.8215
2015.9329 6.6391
2015.9356 7.9485
2015.9384 11.9997
2015.9411 12.3824
2015.9438 12.3264
2015.9466 9.2915
2015.9493 8.4175
2015.9521 9.5942
2015.9548 10.0114
2015.9575 6.4089
2015.9603 10.2365
2015.9630 6.3339
2015.9658 12.5711
2015.9685 8.2378
2015.9712 6.9337
2015.9740 10.5688
2015.9767 10.8527
2015.9795 6.1852
2015.9822 11.6463
2015.9849 14.2556
2015.9877 13.9730
2015.9904 11.3183
2015.9931 12.7212
2015.9959 9.9716
2015.9986 9.2993
2016.0014 6.1638
2016.0041 10.0242
2016.0068 9.5506
2016.0096 7.8433
2016.0123 6.6527
2016.0150 7.6889
2016.0178 1.9524
2016.0205 4.9634
2016.0232 5.0823
2016.0260 8.1493
2016.0287 4.9848
2016.0314 11.5991
2016.0342 7.2524
2016.0369 9.3751
2016.0396 7.2775
2016.0423 5.5799
2016.0451 9.8526
2016.0478 9.1059
2016.0505 9.0601
2016.0533 7.6056
2016.0560 9.1926
2016.0587 8.6214
2016.0615 8.5124
2016.0642 4.9358
2016.0669 4.2020
2016.0697 4.0413
2016.0724 7.6739
2016.0751 6.4502
2016.0779 10.8406
2016.0806 8.5752
2016.0833 9.6130
2016.0861 10.2823
2016.0888 12.7728
2016.0915 10.6346
2016.0943 12.9375
2016.0970 9.5014
2016.0997 12.7762
2016.1025 14.6017
2016.1052 10.6280
2016.1079 11.4548
2016.1107 12.1222
2016.1134 8.6598
2016.1161 10.9278
2016.1189 9.5160
2016.1216 5.8742
2016.1243 11.5223
2016.1270 14.8903
2016.1298 10.0781
2016.1325 11.0255
2016.1352 13.2425
2016.1380 12.6189
2016.1407 17.8646
2016.1434 15.1596
2016.1462 10.5337
2016.1489 14.0168
2016.1516 11.2189
2016.1544 13.3097
2016.1571 14.8993
2016.1598 16.1875
2016.1626 11.7543
2016.1653 10.0605
2016.1680 8.9165
2016.1708 9.0423
2016.1735 12.1478
2016.1762 11.0331
2016.1790 12.6482
2016.1817 11.4031
2016.1844 8.3978
2016.1872 9.4222
2016.1899 12.7165
2016.1926 12.8605
2016.1954 10.7144
2016.1981 13.6081
2016.2008 13.2416
2016.2035 10.9549
2016.2063 9.5281
2016.2090 10.2511
2016.2117 2.3640
2016.2145 11.0367
2016.2172 8.0693
2016.2199 7.8818
2016.2227 5.8841
2016.2254 7.8363
2016.2281 2.6283
2016.2309 9.2203
2016.2336 9.4521
2016.2363 12.5539
2016.2391 8.1755
2016.2418 7.1871
2016.2445 8.8286
2016.2473 7.4994
2016.2500 7.9983
2016.2527 7.8355
2016.2555 8.8210
2016.2582 9.1349
2016.2609 13.1875
2016.2637 10.9688
2016.2664 13.3390
2016.2691 15.0483
2016.2719 13.9767
2016.2746 14.1244
2016.2773 10.8616
2016.2801 12.4884
2016.2828 11.3950
2016.2855 9.5214
2016.2882 11.3679
2016.2910 13.7145
2016.2937 15.6614
2016.2964 17.1788
2016.2992 16.0067
2016.3019 11.4554
2016.3046 10.1950
2016.3074 11.0955
2016.3101 10.6372
2016.3128 10.7602
2016.3156 17.9947
2016.3183 16.8407
2016.3210 13.6784
2016.3238 11.7680
2016.3265 11.6495
2016.3292 13.4733
2016.3320 12.0923
2016.3347 16.7978
2016.3374 16.0194
2016.3402 12.1366
2016.3429 15.1290
2016.3456 10.4861
2016.3484 9.6074
2016.3511 7.1126
2016.3538 9.5011
2016.3566 9.5725
2016.3593 12.6764
2016.3620 11.2422
2016.3648 12.2397
2016.3675 10.0682
2016.3702 9.8973
2016.3729 10.9067
2016.3757 9.9057
2016.3784 10.1141
2016.3811 13.8013
2016.3839 14.1469
2016.3866 17.2203
2016.3893 18.2813
2016.3921 17.0993
2016.3948 10.8738
2016.3975 13.0645
2016.4003 9.2508
2016.4030 7.1923
2016.4057 7.9686
2016.4085 6.0492
2016.4112 10.1436
2016.4139 10.4527
2016.4167 10.8211
2016.4194 7.5295
2016.4221 7.2178
2016.4249 7.7860
2016.4276 8.3041
2016.4303 7.8522
2016.4331 7.3102
2016.4358 9.5282
2016.4385 10.4160
2016.4413 8.5338
2016.4440 7.9015
2016.4467 3.0791
2016.4495 6.1267
2016.4522 15.3941
2016.4549 13.3315
2016.4576 9.0388
2016.4604 13.3760
2016.4631 13.5032
2016.4658 10.6402
2016.4686 8.8272
2016.4713 10.0341
2016.4740 8.6808
2016.4768 6.4276
2016.4795 5.8142
2016.4822 5.1607
2016.4850 2.4171
2016.4877 3.4935
2016.4904 4.0398
2016.4932 8.4459
2016.4959 5.3520
2016.4986 6.2780
2016.5014 7.4840
2016.5041 6.5800
2016.5068 8.9359
2016.5096 9.1118
2016.5123 4.6176
2016.5150 7.2835
2016.5178 6.7993
2016.5205 3.5051
2016.5232 3.9608
2016.5260 5.0065
2016.5287 8.7522
2016.5314 8.0579
2016.5342 8.3435
2016.5369 10.8391
2016.5396 10.2947
2016.5423 7.4202
2016.5451 10.1657
2016.5478 5.2612
2016.5505 7.9867
2016.5533 9.4821
2016.5560 5.3875
2016.5587 5.9828
2016.5615 3.7082
2016.5642 1.3435
2016.5669 7.3187
2016.5697 6.7640
2016.5724 8.6592
2016.5751 9.2044
2016.5779 8.0195
2016.5806 8.5646
2016.5833 3.6886
2016.5861 4.1599
2016.5888 7.8889
2016.5915 5.9256
2016.5943 6.3804
2016.5970 7.8134
2016.5997 11.6447
2016.6025 7.2747
2016.6052 7.3234
2016.6079 7.8312
2016.6107 5.4981
2016.6134 6.1144
2016.6161 5.0602
2016.6189 3.8959
2016.6216 3.6215
2016.6243 4.7973
2016.6270 9.5634
2016.6298 8.6301
2016.6325 9.2076
2016.6352 11.6860
2016.6380 11.2256
2016.6407 8.7765
2016.6434 12.6290
2016.6462 12.3732
2016.6489 11.4294
2016.6516 11.0377
2016.6544 12.5683
2016.6571 9.8914
2016.6598 7.7773
2016.6626 8.4461
2016.6653 6.4381
2016.6680 1.9838
2016.6708 0.0331
2016.6735 3.5357
2016.6762 6.7616
2016.6790 6.4304
2016.6817 7.8620
2016.6844 7.8260
2016.6872 4.8024
2016.6899 5.1608
2016.6926 5.8310
2016.6954 5.5628
2016.6981 10.7860
2016.7008 12.2304
2016.7035 12.4556
2016.7063 6.5616
2016.7090 4.6781
2016.7117 5.1748
2016.7145 7.9015
2016.7172 4.9780
2016.7199 7.8341
2016.7227 9.4496
2016.7254 9.9242
2016.7281 6.9176
2016.7309 7.2798
2016.7336 4.7504
2016.7363 9.1892
2016.7391 13.5460
2016.7418 10.1406
2016.7445 2.5427
2016.7473 5.6122
2016.7500 5.2097
2016.7527 1.4772
2016.7555 4.5949
2016.7582 4.9827
2016.7609 3.3804
2016.7637 5.8381
2016.7664 7.2456
2016.7691 7.7030
2016.7719 4.9901
2016.7746 1.8370
2016.7773 4.1835
2016.7801 4.0395
2016.7828 0.4651
2016.7855 3.9502
2016.7882 2.4547
2016.7910 3.7585
2016.7937 -1.3484
2016.7964 5.9940
2016.7992 2.5556
2016.8019 7.8862
2016.8046 5.3360
2016.8074 6.6947
2016.8101 10.3424
2016.8128 9.1890
2016.8156 3.1844
2016.8183 6.4985
2016.8210 5.0314
2016.8238 5.0729
2016.8265 7.0831
2016.8292 8.5118
2016.8320 7.7689
2016.8347 5.1451
2016.8374 6.3306
2016.8402 18.3155
2016.8429 3.0797
2016.8456 5.5332
2016.8484 7.4060
2016.8511 3.8882
2016.8538 -0.4903
2016.8593 -0.4794
2016.8620 0.4801
2016.8648 2.0588
2016.8675 0.5869
2016.8702 -0.9757
2016.8729 0.1110
2016.8757 0.5371
2016.8784 1.3224
2016.8811 4.0970
2016.8839 4.8510
2016.8866 1.9243
2016.8893 6.7168
2016.8921 2.9587
2016.8948 2.7799
2016.8975 0.6604
2016.9003 2.8301
2016.9030 -0.1408
2016.9057 0.3976
2016.9085 0.6053
2016.9112 4.5822
2016.9139 0.8785
2016.9167 6.8042
2016.9194 1.6497
2016.9221 5.3653
2016.9249 5.7608
2016.9276 1.0563
2016.9303 7.0818
2016.9331 10.5473
2016.9358 6.9127
2016.9385 7.7681
2016.9413 10.1335
2016.9440 10.4088
2016.9467 13.7441
2016.9495 10.8894
2016.9522 11.2146
2016.9549 9.5898
2016.9576 9.6450
2016.9604 11.5601
2016.9631 6.0252
2016.9658 3.7103
2016.9686 9.1853
2016.9713 10.0502
2016.9740 6.8852
2016.9768 7.8800
2016.9795 7.1649
2016.9822 7.5597
2016.9850 10.8944
2016.9877 7.9491
2016.9904 9.7238
2016.9932 9.6484
2016.9959 6.5429
2016.9986 10.1774
2017.0014 9.4018
2017.0041 7.7161
2017.0068 4.8104
2017.0096 9.9547
2017.0123 7.9288
2017.0151 8.3530
2017.0178 7.3071
2017.0205 6.1011
2017.0233 11.3051
2017.0260 8.9791
2017.0288 8.3531
2017.0315 10.6770
2017.0342 9.1308
2017.0370 10.4547
2017.0397 10.8985
2017.0425 6.4023
2017.0452 8.9560
2017.0479 8.6298
2017.0507 8.4335
2017.0534 12.4672
2017.0562 12.0409
2017.0589 11.4446
2017.0616 11.1183
2017.0644 11.8520
2017.0671 13.9456
2017.0699 16.3893
2017.0726 13.3230
2017.0753 13.4166
2017.0781 15.0203
2017.0808 14.4040
2017.0836 17.0568
2017.0863 12.0681
2017.0890 14.5378
2017.0918 15.4862
2017.0945 12.2334
2017.0973 11.2595
2017.1000 11.8145
2017.1027 12.3386
2017.1055 10.9619
2017.1082 15.8746
2017.1110 13.4167
2017.1137 12.4784
2017.1164 17.8197
2017.1192 11.3909
2017.1219 13.1719
2017.1247 14.3330
2017.1274 12.7242
2017.1301 12.7657
2017.1329 11.0275
2017.1356 9.7798
2017.1384 8.7327
2017.1411 13.2263
2017.1438 11.9008
2017.1466 11.7362
2017.1493 12.3226
2017.1521 8.5603
2017.1548 10.7592
2017.1575 10.8795
2017.1603 14.4113
2017.1630 11.5955
2017.1658 3.6963
2017.1685 8.4939
2017.1712 10.5878
2017.1740 13.7675
2017.1767 8.9127
2017.1795 8.9528
2017.1822 13.3275
2017.1849 10.7362
2017.1877 12.4686
2017.1904 10.4741
2017.1931 12.4523
2017.1959 11.8827
2017.1986 14.2149
2017.2014 11.9385
2017.2041 13.4330
2017.2068 18.1079
2017.2096 15.5627
2017.2123 16.9071
2017.2151 15.0006
2017.2178 19.4627
2017.2205 18.2930
2017.2233 15.8410
2017.2260 12.9462
2017.2288 16.7082
2017.2315 13.3666
2017.2342 15.2109
2017.2370 14.8307
2017.2397 16.5654
2017.2425 10.5546
2017.2452 15.5680
2017.2479 10.9262
2017.2507 14.9403
2017.2534 11.0408
2017.2562 12.7779
2017.2589 7.0619
2017.2616 14.2832
2017.2644 17.8619
2017.2671 16.4184
2017.2699 16.6630
2017.2726 18.3461
2017.2753 18.7078
2017.2781 15.3285
2017.2808 14.3385
2017.2836 14.2781
2017.2863 12.8376
2017.2890 15.4272
2017.2918 11.5474
2017.2945 13.7283
2017.2973 13.8803
2017.3000 17.1036
2017.3027 11.6186
2017.3055 17.5956
2017.3082 17.8549
2017.3110 14.0267
2017.3137 15.7714
2017.3164 16.6392
2017.3192 12.8405
2017.3219 13.7755
2017.3247 11.5446
2017.3274 11.5281
2017.3301 11.7258
2017.3329 14.2661
2017.3356 15.8785
2017.3384 8.3628
2017.3411 9.7088
2017.3438 10.8064
2017.3466 12.5654
2017.3493 10.7256
2017.3521 12.0469
2017.3548 10.5292
2017.3575 11.0422
2017.3603 9.7059
2017.3630 9.5900
2017.3658 12.0343
2017.3685 12.2588
2017.3712 13.7833
2017.3740 9.1275
2017.3767 11.7613
2017.3794 13.4347
2017.3822 17.1473
2017.3849 12.6891
2017.3877 13.4299
2017.3904 11.1495
2017.3931 12.5578
2017.3959 9.4346
2017.3986 9.9297
2017.4014 7.7730
2017.4041 6.7143
2017.4068 9.1834
2017.4096 13.4703
2017.4123 6.9646
2017.4151 9.3577
2017.4178 12.3307
2017.4205 12.3935
2017.4233 12.2363
2017.4260 13.2689
2017.4288 12.2915
2017.4315 9.7139
2017.4342 14.8262
2017.4370 12.2284
2017.4397 9.8104
2017.4425 6.6623
2017.4452 3.5241
2017.4479 5.1958
2017.4507 8.8873
2017.4534 8.5686
2017.4562 8.9898
2017.4589 1.8109
2017.4616 1.9918
2017.4644 7.8225
2017.4671 11.6531
2017.4699 11.1635
2017.4726 8.6437
2017.4753 11.3038
2017.4781 15.1936
2017.4808 12.9733
2017.4836 9.1528
2017.4863 7.2422
2017.4890 13.2113
2017.4918 6.6202
2017.4945 2.9889
2017.4973 5.9474
2017.5000 7.9254
2017.5027 7.1729
2017.5055 9.9899
2017.5082 9.3765
2017.5110 9.4827
2017.5137 11.4485
2017.5164 8.6741
2017.5192 10.3594
2017.5219 10.9445
2017.5247 5.7393
2017.5274 6.3641
2017.5301 3.1387
2017.5329 7.4533
2017.5356 7.2678
2017.5384 8.4024
2017.5411 6.8870
2017.5438 6.2017
2017.5466 3.4065
2017.5493 4.8315
2017.5521 10.9667
2017.5548 11.8522
2017.5575 8.2979
2017.5603 5.6840
2017.5630 4.0304
2017.5658 6.4873
2017.5685 5.5146
2017.5712 8.6224
2017.5740 6.3107
2017.5767 11.4195
2017.5794 11.8990
2017.5822 9.6593
2017.5849 6.4315
2017.5877 7.2356
2017.5904 6.1314
2017.5931 4.8990
2017.5959 7.6080
2017.5986 7.7784
2017.6014 5.4600
2017.6041 3.1928
2017.6068 3.4365
2017.6096 2.5811
2017.6123 6.1164
2017.6151 8.9623
2017.6178 6.8787
2017.6205 3.9553
2017.6233 4.1522
2017.6260 -1.0209
2017.6288 3.4259
2017.6315 3.4225
2017.6342 4.9788
2017.6370 4.3745
2017.6397 7.3497
2017.6425 7.2741
2017.6452 7.2277
2017.6479 4.9102
2017.6507 10.4616
2017.6534 8.6917
2017.6562 8.5904
2017.6589 5.7776
2017.6616 3.4431
2017.6644 5.4468
2017.6671 3.4492
2017.6699 -1.4889
2017.6726 3.9125
2017.6753 11.7634
2017.6781 3.9537
2017.6808 5.0336
2017.6836 11.8031
2017.6863 2.7321
2017.6890 11.0408
2017.6918 7.7190
2017.6945 5.6469
2017.6973 5.0144
2017.7000 6.8017
2017.7027 7.8286
2017.7055 7.5352
2017.7082 14.1116
2017.7110 7.2677
2017.7137 8.7837
2017.7164 6.3194
2017.7192 6.9949
2017.7219 8.0003
2017.7247 5.9856
2017.7274 6.6507
2017.7301 7.3958
2017.7329 5.2408
2017.7356 7.2657
2017.7384 6.1106
2017.7411 7.3154
2017.7438 7.4803
2017.7466 10.9852
2017.7493 5.8600
2017.7521 5.2536
2017.7548 11.6960
2017.7575 3.8272
2017.7603 1.5473
2017.7630 9.5864
2017.7658 4.1747
2017.7685 3.0021
2017.7712 2.1388
2017.7740 6.9649
2017.7767 9.6905
2017.7794 5.8056
2017.7822 7.9204
2017.7849 2.2949
2017.7877 3.2093
2017.7904 2.0936
2017.7931 2.6778
2017.7959 5.7022
2017.7986 4.0268
2017.8014 7.0617
2017.8041 6.5969
2017.8068 10.9626
2017.8096 9.3188
2017.8123 6.5057
2017.8151 5.2333
2017.8178 6.3017
2017.8205 7.8911
2017.8233 6.2514
2017.8260 6.5429
2017.8288 8.5455
2017.8315 5.7094
2017.8342 3.9381
2017.8370 3.1546
2017.8397 2.1085
2017.8425 4.2490
2017.8452 1.8457
2017.8479 3.0679
2017.8507 9.2951
2017.8534 9.1567
2017.8562 10.6920
2017.8589 6.6606
2017.8616 10.9019
2017.8644 9.3853
2017.8671 10.8101
2017.8699 13.7058
2017.8726 14.5119
2017.8753 12.8978
2017.8781 11.6528
2017.8808 12.0865
2017.8836 12.0282
2017.8863 9.9373
2017.8890 13.6833
2017.8918 14.7256
2017.8945 14.3736
2017.8973 13.9068
2017.9000 14.2245
2017.9027 11.6561
2017.9055 14.5012
2017.9082 12.8591
2017.9110 15.3893
2017.9137 10.3511
2017.9164 17.2551
2017.9192 15.5276
2017.9219 15.3399
2017.9247 15.8419
2017.9274 12.7037
2017.9301 9.6052
2017.9329 13.4665
2017.9356 14.0975
2017.9384 15.2383
2017.9411 12.3788
2017.9438 5.4191
2017.9466 9.5791
2017.9493 10.3090
2017.9521 10.7686
2017.9548 14.7979
2017.9575 10.7971
2017.9603 15.2260
2017.9630 14.5148
2017.9658 12.7833
2017.9685 15.5816
2017.9712 13.5797
2017.9740 18.3376
2017.9767 10.0454
2017.9795 10.0329
2017.9822 8.1002
2017.9849 9.2874
2017.9877 9.9944
2017.9904 11.0512
2017.9931 11.9578
2017.9959 14.0043
2017.9986 12.0606
2018.0014 13.9368
2018.0041 13.1429
2018.0068 15.6490
2018.0096 12.7651
2018.0123 13.2712
2018.0151 13.5673
2018.0178 13.8034
2018.0205 13.3594
2018.0233 13.9355
2018.0260 12.5315
2018.0288 16.7175
2018.0315 14.0435
2018.0342 13.8994
2018.0370 15.8954
2018.0397 16.2213
2018.0425 12.4273
2018.0452 15.9632
2018.0479 16.6991
2018.0507 18.8249
2018.0534 18.1208
2018.0562 18.2866
2018.0589 14.8324
2018.0616 18.1182
2018.0644 15.7140
2018.0671 16.1798
2018.0699 17.9755
2018.0726 21.5813
2018.0753 19.7170
2018.0781 18.4427
2018.0808 17.5983
2018.0836 20.6235
2018.0863 19.2378
2018.0890 15.2612
2018.0918 17.6439
2018.0945 15.3259
2018.0973 10.2573
2018.1000 13.2382
2018.1027 15.4085
2018.1055 15.4885
2018.1082 10.5582
2018.1110 16.6777
2018.1137 16.5270
2018.1164 17.6061
2018.1192 17.2653
2018.1219 15.0945
2018.1247 14.9638
2018.1274 13.7033
2018.1301 13.7731
2018.1329 13.8532
2018.1356 9.6637
2018.1384 14.9848
2018.1411 15.5364
2018.1438 12.6086
2018.1466 9.9615
2018.1493 14.9552
2018.1521 12.8898
2018.1548 10.8352
2018.1575 13.2017
2018.1603 13.2393
2018.1630 14.4987
2018.1658 12.1637
2018.1685 16.2747
2018.1712 15.3611
2018.1740 13.9128
2018.1767 16.1592
2018.1795 14.5200
2018.1822 12.9549
2018.1849 15.6735
2018.1877 12.9353
2018.1904 19.4000
2018.1931 16.4073
2018.1959 15.8767
2018.1986 16.0079
2018.2014 16.3405
2018.2041 16.5142
2018.2068 14.7785
2018.2096 16.0932
2018.2123 16.2977
2018.2151 17.7518
2018.2178 18.4951
2018.2233 14.9076
2018.2260 18.2961
2018.2288 18.7823
2018.2315 12.4157
2018.2342 19.5361
2018.2370 21.4031
2018.2425 15.8851
2018.2452 14.1394
2018.2479 8.6504
2018.2507 7.7598
2018.2534 19.7376
2018.2562 10.9540
2018.2589 13.0091
2018.2616 9.9330
2018.2644 11.7660
2018.2671 10.2880
2018.2699 13.5494
2018.2726 10.3101
2018.2753 12.8604
2018.2781 11.6003
2018.2808 11.9401
2018.2836 11.3497
2018.2863 13.3195
2018.2890 14.8895
2018.2918 13.3698
2018.2945 10.4006
2018.2973 14.0320
2018.3000 13.7042
2018.3027 11.7372
2018.3055 14.9413
2018.3082 17.8265
2018.3110 16.2131
2018.3137 12.3610
2018.3164 11.9706
2018.3192 9.0818
2018.3219 12.0249
2018.3247 6.9399
2018.3274 10.0871
2018.3301 8.5663
2018.3329 10.0965
2018.3356 6.3876
2018.3384 7.0693
2018.3411 8.5917
2018.3438 10.0647
2018.3466 11.3183
2018.3493 10.3324
2018.3521 11.0669
2018.3548 13.0417
2018.3575 12.3969
2018.3603 12.0323
2018.3630 13.3979
2018.3658 16.8237
2018.3685 13.5795
2018.3712 7.9954
2018.3740 16.7912
2018.3767 16.7669
2018.3794 9.0025
2018.3822 9.8479
2018.3849 10.7830
2018.3877 10.8977
2018.3904 9.3121
2018.3931 8.8460
2018.3959 7.0894
2018.3986 9.3822
2018.4014 12.1944
2018.4041 11.5160
2018.4068 10.6568
2018.4096 4.2868
2018.4123 13.0859
2018.4151 10.3147
2018.4178 17.8336
2018.4205 13.1726
2018.4233 11.9918
2018.4260 10.7510
2018.4288 9.1102
2018.4315 14.4194
2018.4342 15.3985
2018.4370 14.4876
2018.4397 15.5866
2018.4425 15.6854
2018.4452 14.4641
2018.4479 7.8225
2018.4507 8.5308
2018.4534 11.7187
2018.4562 12.6864
2018.4589 7.6337
2018.4616 8.4907
2018.4644 7.0973
2018.4671 13.8935
2018.4699 11.8392
2018.4726 10.5844
2018.4753 9.2891
2018.4781 10.0632
2018.4808 6.7768
2018.4836 9.5897
2018.4863 7.9820
2018.4890 7.5136
2018.4918 10.2145
2018.4945 11.0946
2018.4973 11.3741
2018.5000 8.7634
2018.5027 9.3126
2018.5055 6.7117
2018.5082 8.8008
2018.5110 14.5398
2018.5137 11.0187
2018.5164 16.8575
2018.5192 16.6063
2018.5219 13.5850
2018.5247 13.6336
2018.5274 14.6521
2018.5301 9.7106
2018.5329 10.6091
2018.5356 15.6374
2018.5384 13.1357
2018.5411 16.5439
2018.5438 12.1221
2018.5466 10.9902
2018.5493 14.7982
2018.5521 17.9462
2018.5548 10.3741
2018.5575 14.2720
2018.5603 16.4498
2018.5630 16.8375
2018.5658 13.0152
2018.5685 11.5828
2018.5712 10.6104
2018.5740 7.9179
2018.5767 9.0354
2018.5794 10.1328
2018.5822 7.1302
2018.5849 8.9175
2018.5877 10.5148
2018.5904 12.0621
2018.5931 12.4394
2018.5959 11.0667
2018.5986 10.4640
2018.6014 8.5312
2018.6041 13.8885
2018.6068 12.0057
2018.6096 11.6029
2018.6123 13.3601
2018.6151 16.3173
2018.6178 12.8245
2018.6205 10.2217
2018.6233 8.8889
2018.6260 6.4760
2018.6288 6.6332
2018.6315 23.2004
2018.6342 6.8776
2018.6370 10.1047
2018.6397 11.0819
2018.6425 11.1091
2018.6452 8.0763
2018.6479 13.4835
2018.6507 8.8707
2018.6534 8.3679
2018.6562 11.2652
2018.6589 12.8224
2018.6616 13.6597
2018.6644 11.7069
2018.6671 13.8942
2018.6699 13.1416
2018.6726 13.7491
2018.6753 14.2967
2018.6781 14.8744
2018.6836 15.2300
2018.6863 12.1179
2018.6890 11.4759
2018.6918 11.8040
2018.6945 11.8322
2018.6973 9.9404
2018.7000 10.4887
2018.7027 9.9971
2018.7055 10.6556
2018.7082 9.8441
2018.7110 8.6027
2018.7137 7.6814
2018.7164 6.7501
2018.7192 6.3489
2018.7219 4.2878
2018.7247 5.6467
2018.7274 2.2957
2018.7301 6.3448
2018.7329 6.4839
2018.7356 7.5031
2018.7384 10.9324
2018.7411 5.5717
2018.7466 8.8805
2018.7493 10.1306
2018.7521 7.2348
2018.7548 7.0334
2018.7575 2.7562
2018.7603 6.6127
2018.7630 5.6927
2018.7658 5.6159
2018.7685 3.8619
2018.7712 3.8905
2018.7740 3.7614
2018.7767 5.5041
2018.7794 5.0286
2018.7822 6.4543
2018.7849 12.7211
2018.7877 10.5886
2018.7904 8.8565
2018.7931 7.9945
2018.7959 14.6323
2018.7986 11.7996
2018.8014 9.4761
2018.8041 9.5314
2018.8068 11.6553
2018.8096 13.3275
2018.8123 13.3776
2018.8151 12.3154
2018.8178 8.2505
2018.8205 15.2427
2018.8233 10.5415
2018.8260 12.3268
2018.8288 15.3782
2018.8315 13.9254
2018.8342 9.6494
2018.8370 10.7314
2018.8397 10.4616
2018.8425 14.1701
2018.8452 12.7671
2018.8479 16.5226
2018.8507 12.9367
2018.8534 14.5297
2018.8562 16.2217
2018.8589 11.5827
2018.8616 16.5529
2018.8644 14.8924
2018.8671 15.0114
2018.8699 15.1800
2018.8726 14.5883
2018.8753 13.0164
2018.8781 17.3145
2018.8808 16.0427
2018.8836 13.5411
2018.8863 13.1598
2018.8890 15.3291
2018.8918 13.3889
2018.8945 13.4895
2018.8973 13.5709
2018.9000 11.4734
2018.9027 11.0069
2018.9055 13.4017
2018.9082 11.0679
2018.9110 12.4156
2018.9137 10.0549
2018.9164 10.7460
2018.9192 8.0289
2018.9219 9.1236
2018.9247 7.4499
2018.9274 8.5176
2018.9301 14.2667
2018.9329 10.5070
2018.9356 11.1083
2018.9384 9.1605
2018.9411 10.5734
2018.9438 10.8870
2018.9466 13.4510
2018.9493 11.5753
2018.9521 11.7199
2018.9548 12.0844
2018.9575 9.9389
2018.9603 10.3531
2018.9630 10.5970
2018.9658 11.3903
2018.9685 12.3930
2018.9712 12.9248
2018.9740 13.4358
2018.9767 16.2456
2018.9795 14.6241
2018.9822 14.5913
2018.9849 13.5070
2018.9877 12.7511
2018.9904 13.3733
2018.9931 14.4935
2018.9959 14.9417
2018.9986 14.3777
2019.0014 12.7812
2019.0041 15.3917
2019.0068 12.5293
2019.0096 17.1243
2019.0123 16.7168
2019.0151 18.9070
2019.0178 18.3352
2019.0205 14.8016
2019.0233 14.9163
2019.0260 13.3597
2019.0288 14.2119
2019.0315 12.7631
2019.0342 18.9236
2019.0370 16.4735
2019.0397 16.4831
2019.0425 18.1426
2019.0452 17.8522
2019.0479 17.5621
2019.0507 16.7425
2019.0534 15.2437
2019.0562 15.8458
2019.0589 12.6991
2019.0616 14.4138
2019.0644 19.0200
2019.0671 17.2681
2019.0699 15.1782
2019.0726 17.8305
2019.0753 17.1753
2019.0781 14.7327
2019.0808 17.3930
2019.0836 12.4149
2019.0863 10.5168
2019.0890 14.2388
2019.0918 15.2709
2019.0945 15.2131
2019.0973 17.8355
2019.1000 18.1279
2019.1027 16.4705
2019.1055 16.9832
2019.1082 10.8061
2019.1110 15.1592
2019.1137 13.6724
2019.1164 11.0758
2019.1192 13.2993
2019.1219 13.1631
2019.1247 14.4171
2019.1274 15.4813
2019.1301 13.3056
2019.1329 12.5903
2019.1356 11.2151
2019.1384 13.7802
2019.1411 12.9456
2019.1438 15.2212
2019.1466 14.0071
2019.1493 16.2033
2019.1521 14.8998
2019.1548 14.1865
2019.1575 14.8536
2019.1603 11.3110
2019.1630 14.0486
2019.1658 14.7561
2019.1685 13.8935
2019.1712 16.4607
2019.1740 14.2878
2019.1767 14.1849
2019.1795 10.1220
2019.1822 13.2890
2019.1849 14.5160
2019.1877 15.7831
2019.1904 14.2003
2019.1931 12.8876
2019.1959 15.8450
2019.1986 16.9926
2019.2014 17.6804
2019.2041 16.2684
2019.2068 12.0266
2019.2096 8.7151
2019.2123 12.1239
2019.2151 15.0931
2019.2178 14.7126
2019.2205 16.1525
2019.2233 19.8328
2019.2260 16.5636
2019.2288 15.5648
2019.2315 18.6765
2019.2342 17.8188
2019.2370 17.2016
2019.2397 15.4251
2019.2425 16.9691
2019.2452 13.2038
2019.2479 14.0689
2019.2507 15.7142
2019.2534 16.9595
2019.2562 14.6251
2019.2589 12.4207
2019.2616 15.5665
2019.2644 12.3023
2019.2671 14.2383
2019.2699 17.7243
2019.2726 15.3604
2019.2753 12.3366
2019.2781 8.8028
2019.2808 14.3491
2019.2836 13.6254
2019.2863 10.6818
2019.2890 7.8782
2019.2918 15.2546
2019.2945 14.5210
2019.2973 12.2674
2019.3000 13.2138
2019.3027 14.0402
2019.3055 14.4165
2019.3082 10.5628
2019.3110 9.8390
2019.3137 9.0352
2019.3164 13.0713
2019.3192 13.1774
2019.3219 12.4134
2019.3247 13.9292
2019.3274 15.8750
2019.3301 16.8306
2019.3329 16.5659
2019.3356 15.4010
2019.3384 20.1657
2019.3411 18.9303
2019.3438 19.7346
2019.3466 18.3787
2019.3493 17.5327
2019.3521 13.3666
2019.3548 15.1604
2019.3575 13.3741
2019.3603 5.3579
2019.3630 11.7116
2019.3658 11.3554
2019.3685 9.3992
2019.3712 11.8332
2019.3740 9.2072
2019.3767 9.7515
2019.3794 8.1559
2019.3822 6.6906
2019.3849 5.0455
2019.3877 3.8407
2019.3904 6.2262
2019.3931 4.6821
2019.3959 7.0883
2019.3986 8.8150
2019.4014 6.8521
2019.4041 8.5697
2019.4068 8.1777
2019.4096 8.4063
2019.4123 7.8555
2019.4151 4.1453
2019.4178 9.6856
2019.4205 10.6265
2019.4233 11.8179
2019.4260 9.0698
2019.4370 2.8116
2019.4397 2.3555
2019.4425 1.7596
2019.4452 9.4340
2019.4479 6.8287
2019.4507 9.1535
2019.4534 8.6386
2019.4562 11.3638
2019.4589 7.5090
2019.4616 7.5544
2019.4644 10.3698
2019.4671 10.6853
2019.4699 11.8607
2019.4726 15.3260
2019.4753 12.6213
2019.4781 14.4965
2019.4808 12.5116
2019.4836 16.2365
2019.4863 15.8611
2019.4890 16.2256
2019.4918 15.4697
2019.4945 14.3836
2019.4973 14.7172
2019.5000 16.8407
2019.5027 14.2640
2019.5055 11.1373
2019.5082 14.0205
2019.5110 15.9036
2019.5137 11.9166
2019.5164 12.8696
2019.5192 10.3926
2019.5219 11.2354
2019.5247 14.5283
2019.5274 14.2611
2019.5301 13.7439
2019.5329 16.0967
2019.5356 16.8194
2019.5384 14.4022
2019.5411 10.3149
2019.5438 13.8677
2019.5466 13.8505
2019.5493 12.6133
2019.5521 12.5861
2019.5548 12.5090
2019.5575 13.6519
2019.5603 16.0448
2019.5630 17.5478
2019.5658 16.8309
2019.5685 16.7141
2019.5712 17.5373
2019.5740 18.9006
2019.5767 17.1540
2019.5794 14.6775
2019.5822 15.4614
2019.5849 14.0376
2019.5877 16.6861
2019.5904 17.7667
2019.5931 14.4193
2019.5959 16.2338
2019.5986 12.4898
2019.6014 12.1173
2019.6041 9.8960
2019.6068 10.2157
2019.6096 13.8564
2019.6123 17.5077
2019.6151 17.0096
2019.6178 15.4718
2019.6205 7.4841
2019.6233 9.5864
2019.6260 19.2385
2019.6288 18.1602
2019.6315 17.2813
2019.6342 16.1116
2019.6370 15.2110
2019.6397 16.0992
2019.6425 15.3861
2019.6452 17.5016
2019.6479 14.6353
2019.6507 13.5071
2019.6534 18.9970
2019.6562 17.4845
2019.6589 12.0297
2019.6616 10.0623
2019.6644 9.2820
2019.6671 12.6702
2019.6699 14.3982
2019.6726 16.7360
2019.6753 16.5736
2019.6781 11.9810
2019.6808 11.2483
2019.6836 12.4054
2019.6863 11.1024
2019.6890 6.8292
2019.6918 13.2960
2019.6945 10.6827
2019.6973 6.4393
2019.7000 6.1658
2019.7027 6.9724
2019.7055 8.7588
2019.7082 9.8853
2019.7110 9.0817
2019.7137 10.0282
2019.7164 10.6647
2019.7192 11.2912
2019.7219 13.2178
2019.7247 12.6444
2019.7274 11.0311
2019.7301 11.3580
2019.7329 9.8849
2019.7356 9.7220
2019.7384 5.7492
2019.7411 4.1265
2019.7438 6.6140
2019.7466 14.0717
2019.7493 12.9796
2019.7521 17.6875
2019.7548 14.4854
2019.7575 13.7433
2019.7603 10.4812
2019.7630 10.3991
2019.7658 9.5271
2019.7685 9.7450
2019.7712 14.7029
2019.7740 12.2409
2019.7767 10.4488
2019.7794 8.3968
2019.7822 7.8947
2019.7849 8.5427
2019.7877 12.6907
2019.7904 13.6486
2019.7931 13.8166
2019.7959 13.7545
2019.7986 5.3425
2019.8014 2.3505
2019.8041 3.4284
2019.8068 7.7764
2019.8096 5.0943
2019.8123 12.1423
2019.8151 13.6602
2019.8178 12.6082
2019.8205 16.5961
2019.8233 13.1641
2019.8260 3.5620
2019.8288 12.4099
2019.8315 17.3378
2019.8342 16.7357
2019.8370 16.3035
2019.8397 18.0213
2019.8425 15.9890
2019.8452 12.3466
2019.8479 15.3642
2019.8507 14.1417
2019.8534 18.0091
2019.8562 15.8764
2019.8589 18.6437
2019.8616 14.0909
2019.8644 18.3881
2019.8671 15.0651
2019.8699 15.1121
2019.8726 16.1990
2019.8753 14.9159
2019.8781 16.5426
2019.8808 18.6193
2019.8836 9.4958
2019.8863 9.9923
2019.8890 7.2187
2019.8918 8.1550
2019.8945 13.4312
2019.8973 11.1674
2019.9000 10.5334
2019.9027 11.8793
2019.9055 11.1152
2019.9082 17.2809
2019.9110 13.8266
2019.9137 14.0721
2019.9164 13.8269
2019.9192 16.7771
2019.9219 15.7623
2019.9247 14.2628
2019.9274 12.8890
2019.9301 15.3712
2019.9329 27.6998
2019.9356 18.1051
2019.9384 18.5974
2019.9411 17.2971
2019.9438 20.0045
2019.9466 20.3200
2019.9493 18.6638
2019.9712 20.2778
2019.9822 21.6888
2019.9849 21.4427
2019.9877 23.6398
2019.9904 23.4704
2019.9931 25.5448
2019.9959 24.4534
2019.9986 19.1565
2020.0014 18.3138
2020.0041 19.7020
2020.0068 22.4705
2020.0096 21.0492
2020.0123 15.8482
2020.0150 18.9675
2020.0178 19.9569
2020.0205 20.2667
2020.0232 21.1366
2020.0260 20.0667
2020.0287 19.2471
2020.0314 17.6376
2020.0342 17.5984
2020.0369 20.8793
2020.0396 18.8004
2020.0423 18.6416
2020.0451 19.5730
2020.0478 13.7146
2020.0505 17.6263
2020.0533 19.5882
2020.0560 15.0801
2020.0587 17.6322
2020.0615 19.0344
2020.0642 19.8267
2020.0669 23.2191
2020.0697 15.5215
2020.0724 23.0841
2020.0751 18.1267
2020.0779 15.5794
2020.0806 20.2421
2020.0833 16.0549
2020.0861 19.6578
2020.0915 19.5141
2020.0943 19.7974
2020.0970 20.1609
2020.0997 18.5345
2020.1025 18.1683
2020.1052 20.8622
2020.1079 14.2963
2020.1107 19.5005
2020.1134 19.2749
2020.1161 19.7694
2020.1189 21.3741
2020.1216 20.0090
2020.1243 21.1041
2020.1270 21.0693
2020.1298 17.1047
2020.1325 17.4903
2020.1352 17.3261
2020.1380 21.5120
2020.1407 20.0782
2020.1434 21.8446
2020.1462 19.6411
2020.1489 16.5879
2020.1516 20.7048
2020.1544 19.7520
2020.1571 18.7694
2020.1598 15.7870
2020.1626 20.9451
2020.1653 20.0074
2020.1680 18.9245
2020.1708 20.1661
2020.1735 18.2620
2020.1762 19.6018
2020.1790 18.0952
2020.1817 22.9917
2020.1844 22.4612
2020.1872 19.7934
2020.1899 20.4577
2020.1926 26.6340
2020.1954 29.9020
2020.2008 30.6814
2020.2035 29.2122
2020.2063 26.0833
2020.2090 22.9645
2020.2117 25.3253
2020.2145 23.5654
2020.2172 23.9146
2020.2199 23.2624
2020.2227 22.6086
2020.2254 23.6729
2020.2281 27.6748
2020.2309 26.2742
2020.2336 28.5306
2020.2363 24.8037
2020.2391 26.3333
2020.2418 26.0389
2020.2445 28.1504
2020.2473 23.9671
2020.2500 24.1889
2020.2527 20.4562
2020.2555 24.2492
2020.2582 21.8483
2020.2609 26.0839
2020.2637 24.4763
2020.2664 26.5859
2020.2691 28.6030
2020.2719 25.5079
2020.2746 23.4411
2020.2773 30.9728
2020.2801 23.0435
2020.2828 22.4934
2020.2855 21.8629
2020.2882 17.9124
2020.2910 19.3323
2020.2937 15.6627
2020.2964 25.4642
2020.2992 24.5771
2020.3019 22.1017
2020.3046 22.4783
2020.3074 19.1474
2020.3101 22.7492
2020.3128 21.7841
2020.3156 20.7625
2020.3183 24.6247
2020.3210 28.1711
2020.3238 26.2520
2020.3265 23.6477
2020.3292 23.5886
2020.3320 16.1931
2020.3347 18.0599
2020.3374 19.0888
2020.3402 16.3498
2020.3429 17.9826
2020.3456 16.0770
2020.3484 19.1128
2020.3511 18.0799
2020.3538 17.5782
2020.3566 14.9773
2020.3593 18.4672
2020.3620 18.7076
2020.3648 18.4185
2020.3675 18.1495
2020.3702 17.5906
2020.3729 17.1615
2020.3757 16.9920
2020.3784 20.0321
2020.3811 18.5415
2020.3839 21.4000
2020.3866 18.2874
2020.3893 17.9837
2020.3921 16.2785
2020.3948 17.3417
2020.3975 19.3932
2020.4003 21.2327
2020.4030 17.8101
2020.4057 19.0252
2020.4085 20.6379
2020.4112 23.2378
2020.4139 25.0455
2020.4167 19.4529
2020.4194 23.3303
2020.4221 29.1476
2020.4249 32.4348
2020.4276 20.5521
2020.4303 20.0293
2020.4331 26.7465
2020.4358 24.9436
2020.4385 25.3507
2020.4413 23.9478
2020.4440 25.8348
2020.4467 20.2618
2020.4495 21.3188
2020.4522 20.1457
2020.4549 23.3526
2020.4576 22.6595
2020.4604 21.5663
2020.4631 21.7232
2020.4658 23.5500
2020.4686 18.2367
2020.4713 21.1335
2020.4740 19.3302
2020.4768 18.2269
2020.4795 16.5335
2020.4822 14.6902
2020.4850 12.6368
2020.4877 15.3734
2020.4904 17.8599
2020.4932 14.2365
2020.4959 14.9430
2020.4986 15.9795
2020.5014 14.8861
2020.5041 18.2827
2020.5068 15.8394
2020.5096 17.6860
2020.5123 18.7527
2020.5150 18.5594
2020.5178 22.7860
2020.5205 20.4526
2020.5232 18.6592
2020.5260 22.6157
2020.5287 17.8122
2020.5314 17.4885
2020.5342 19.1849
2020.5369 22.6611
2020.5396 22.4472
2020.5423 16.0232
2020.5451 20.1290
2020.5478 18.9148
2020.5505 11.7104
2020.5533 17.4258
2020.5560 16.7811
2020.5587 16.5662
2020.5615 20.0911
2020.5642 21.9058
2020.5669 21.5203
2020.5697 24.7345
2020.5724 19.7986
2020.5751 23.6024
2020.5779 21.3759
2020.5806 23.3992
2020.5833 22.0502
2020.5861 22.3365
2020.5888 22.5982
2020.5915 21.1957
2020.5943 21.6194
2020.5970 19.9594
2020.5997 17.6360
2020.6025 21.0697
2020.6052 20.7205
2020.6079 19.6090
2020.6107 18.8552
2020.6134 19.5896
2020.6161 19.8824
2020.6189 16.9739
2020.6216 14.2044
2020.6243 14.1742
2020.6270 16.5936
2020.6298 14.4429
2020.6325 17.5823
2020.6352 18.6921
2020.6380 9.3528
2020.6407 11.9844
2020.6434 15.5074
2020.6462 25.6020
2020.6489 23.0885
2020.6516 20.1272
2020.6544 16.0684
2020.6571 12.8323
2020.6598 21.1794
2020.6626 14.5298
2020.6653 20.3037
2020.6680 17.9784
2020.6708 21.5933
2020.6735 20.9182
2020.6762 19.4631
2020.6790 19.1882
2020.6817 14.9834
2020.6844 16.9787
2020.6872 18.0141
2020.6899 19.0196
2020.6926 17.1153
2020.6954 19.7011
2020.6981 23.0271
2020.7008 22.1932
2020.7035 17.6895
2020.7063 13.2059
2020.7090 16.4225
2020.7117 15.8794
2020.7145 14.3964
2020.7172 18.0536
2020.7199 18.3711
2020.7227 17.1587
2020.7254 17.4166
2020.7281 17.7247
2020.7309 15.0731
2020.7336 14.0518
2020.7363 14.4407
2020.7391 18.2998
2020.7418 20.9893
2020.7445 18.2490
2020.7473 18.0390
2020.7500 20.6393
2020.7527 26.4796
2020.7555 23.6600
2020.7582 20.9705
2020.7609 23.1210
2020.7637 24.7716
2020.7664 22.0023
2020.7691 21.8231
2020.7719 21.9840
2020.7746 22.7751
2020.7773 19.9063
2020.7801 22.7076
2020.7828 21.2090
2020.7855 26.3707
2020.7882 26.0024
2020.7910 26.4544
2020.7937 22.1166
2020.7964 24.3489
2020.7992 23.0014
2020.8019 21.5342
2020.8046 23.8071
2020.8074 24.3903
2020.8101 21.5138
2020.8128 22.4475
2020.8156 25.1814
2020.8183 16.7856
2020.8210 23.2200
2020.8238 22.5848
2020.8265 18.4298
2020.8292 22.9251
2020.8320 22.8208
2020.8347 21.4770
2020.8374 18.8237
2020.8402 22.2911
2020.8429 18.5091
2020.8456 18.2075
2020.8484 15.0065
2020.8511 13.6560
2020.8538 15.0060
2020.8566 12.0764
2020.8593 19.1072
2020.8620 18.3785
2020.8648 22.3300
2020.8675 21.0420
2020.8702 21.3342
2020.8729 17.5368
2020.8757 16.9596
2020.8784 17.2627
2020.8811 15.0660
2020.8839 11.0394
2020.8866 10.8831
2020.8893 10.7369
2020.8921 15.2508
2020.8948 17.9548
2020.8975 17.5889
2020.9003 18.0830
2020.9030 16.9972
2020.9057 15.7013
2020.9085 15.8655
2020.9112 18.6095
2020.9139 21.4536
2020.9167 14.8077
2020.9194 20.3834
2020.9221 16.7505
2020.9249 17.8991
2020.9276 23.0189
2020.9303 22.7599
2020.9331 13.3819
2020.9358 20.0549
2020.9385 21.5586
2020.9413 19.6630
2020.9440 13.6580
2020.9467 22.3935
2020.9495 19.7193
2020.9522 22.5953
2020.9549 23.6214
2020.9576 23.7775
2020.9604 21.5035
2020.9631 18.9792
2020.9658 19.7545
2020.9686 19.6794
2020.9713 23.0936
2020.9740 20.3272
2020.9768 22.8799
2020.9795 20.7116
2020.9822 19.2423
2020.9850 24.7918
2020.9877 20.7600
2020.9904 20.9367
2020.9932 25.2819
2020.9959 22.9155
2020.9986 23.0073
2021.0014 21.7270
2021.0041 23.5331
2021.0068 27.7156
2021.0096 27.0947
2021.0123 21.7208
2021.0151 22.3241
2021.0178 23.4048
2021.0205 23.4432
2021.0233 22.4396
2021.0260 21.5342
2021.0288 23.9773
2021.0315 20.1391
2021.0342 20.7399
2021.0370 19.8699
2021.0397 18.7394
2021.0425 17.4687
2021.0452 17.0381
2021.0479 18.7477
2021.0507 19.0578
2021.0534 18.5787
2021.0562 18.4607
2021.0589 13.8940
2021.0616 21.8989
2021.0644 25.9656
2021.0671 20.9744
2021.0699 25.1155
2021.0726 22.5792
2021.0753 19.5358
2021.0781 20.0855
2021.0808 19.8785
2021.0836 26.9434
2021.0863 23.3784
2021.0890 23.9634
2021.0918 25.7186
2021.0945 23.9338
2021.0973 25.7392
2021.1000 21.8647
2021.1027 20.6603
2021.1055 19.1060
2021.1082 22.7618
2021.1110 17.8977
2021.1137 20.7437
2021.1164 24.1299
2021.1192 24.9361
2021.1219 24.8825
2021.1247 23.8990
2021.1274 21.8357
2021.1301 21.0524
2021.1329 19.9693
2021.1356 23.6963
2021.1384 15.1735
2021.1411 20.0807
2021.1438 23.3481
2021.1466 27.3157
2021.1493 23.9534
2021.1521 24.3612
2021.1548 26.2691
2021.1575 24.5572
2021.1603 25.2855
2021.1630 21.8839
2021.1658 22.2926
2021.1685 20.3417
2021.1712 23.6011
2021.1740 25.3808
2021.1767 20.1807
2021.1795 21.7709
2021.1822 23.8312
2021.1849 24.8418
2021.1877 23.3624
2021.1904 23.0132
2021.1931 27.3141
2021.1959 23.8550
2021.1986 26.7760
2021.2014 23.9869
2021.2041 26.7679
2021.2068 27.2987
2021.2096 24.7295
2021.2123 20.6902
2021.2151 24.3908
2021.2178 25.9112
2021.2205 28.7614
2021.2233 24.0114
2021.2726 28.8759
2021.2753 25.9296
2021.2781 27.5627
2021.2808 28.8852
2021.2836 26.1874
2021.2863 29.8794
2021.2890 32.8111
2021.2918 32.2428
2021.2945 24.4145
2021.2973 26.7065
2021.3000 29.5587
2021.3027 30.3113
2021.3055 23.8344
2021.3082 15.5481
2021.3110 21.2326
2021.3137 20.4579
2021.3164 22.4141
2021.3192 23.6415
2021.3219 21.7100
2021.3247 20.2398
2021.3274 22.2811
2021.3301 23.9838
2021.3329 19.4777
2021.3356 18.9428
2021.3384 21.9488
2021.3411 22.1858
2021.3438 24.5037
2021.3466 25.5423
2021.3493 27.0617
2021.3521 27.3216
2021.3548 28.0521
2021.3575 29.2831
2021.3603 29.3744
2021.3630 28.0461
2021.3658 25.3779
2021.3685 21.3199
2021.3712 29.3320
2021.3740 25.1540
2021.3767 29.3060
2021.3794 27.8477
2021.3822 25.0892
2021.3849 23.2904
2021.3877 24.2811
2021.3904 23.6014
2021.3931 25.0110
2021.3959 22.2100
2021.3986 23.4283
2021.4014 23.3558
2021.4041 24.2323
2021.4068 25.9179
2021.4096 23.9424
2021.4123 26.5357
2021.4151 26.5679
2021.4178 21.9188
2021.4205 23.3686
2021.4233 25.4574
2021.4260 27.6252
2021.4288 24.1821
2021.4315 27.1583
2021.4342 29.2838
2021.4370 27.2586
2021.4397 30.7429
2021.4425 29.9368
2021.4452 28.9803
2021.4479 30.2335
2021.4507 26.5366
2021.4534 30.8695
2021.4562 31.3224
2021.4589 30.8854
2021.4616 30.2785
2021.4644 30.5818
2021.4671 30.8554
2021.4699 34.4795
2021.4726 29.7240
2021.4753 28.8791
2021.4781 25.8648
2021.4808 28.8813
2021.4836 25.5886
2021.4863 26.2567
2021.4890 25.5859
2021.4918 21.2161
2021.4945 26.0775
2021.4973 30.3102
2021.5000 28.8141
2021.5027 29.3594
2021.5055 27.8557
2021.5082 23.7332
2021.5110 27.9816
2021.5137 19.3910
2021.5164 25.8411
2021.5192 25.2719
2021.5219 20.6034
2021.5247 25.2955
2021.5274 24.7879
2021.5301 23.8808
2021.5329 19.1139
2021.5356 24.1172
2021.5384 26.6306
2021.5411 25.8540
2021.5438 24.2174
2021.5466 25.1405
2021.5493 24.3934
2021.5521 25.5860
2021.5548 20.8981
2021.5575 20.4297
2021.5603 22.1907
2021.5630 23.7909
2021.5658 20.6504
2021.5685 25.8490
2021.5712 23.2867
2021.5740 21.7933
2021.5767 24.4887
2021.5794 24.3129
2021.5822 26.9358
2021.5849 26.6972
2021.5877 27.3673
2021.5904 31.5962
2021.5931 30.9838
2021.5959 29.1105
2021.5986 29.7062
2021.6014 27.4311
2021.6041 22.9052
2021.6068 20.9486
2021.6096 21.1515
2021.6123 22.7140
2021.6151 25.3461
2021.6178 22.5380
2021.6205 26.4897
2021.6233 21.0714
2021.6260 21.6631
2021.6288 19.9250
2021.6315 18.5071
2021.6342 23.1296
2021.6370 17.7025
2021.6397 21.5160
2021.6425 24.1201
2021.6452 21.9550
2021.6479 26.3607
2021.6507 24.1874
2021.6534 21.2151
2021.6562 22.4440
2021.6589 23.3642
2021.6616 22.2056
2021.6644 25.7686
2021.6671 19.4930
2021.6699 15.4287
2021.6726 22.1657
2021.6753 22.4339
2021.6781 27.0031
2021.6808 22.9532
2021.6836 20.4541
2021.6863 26.1358
2021.6890 21.1282
2021.6918 23.7110
2021.6945 23.8743
2021.6973 22.7579
2021.7000 23.2718
2021.7027 26.6557
2021.7055 21.7897
2021.7082 23.2836
2021.7110 22.8773
2021.7137 20.5207
2021.7164 22.7038
2021.7192 23.3163
2021.7219 22.2783
2021.7247 26.4195
2021.7274 24.6800
2021.7301 26.5395
2021.7329 26.9381
2021.7356 24.4356
2021.7384 26.9818
2021.7411 25.5267
2021.7438 25.7303
2021.7466 24.3223
2021.7493 24.3429
2021.7521 23.8931
2021.7548 27.5230
2021.7575 27.5827
2021.7603 33.0722
2021.7630 31.5715
2021.7658 30.5206
2021.7685 28.5296
2021.7712 23.2685
2021.7740 23.1672
2021.7767 28.2458
2021.7794 22.8043
2021.7822 21.4127
2021.7849 23.2311
2021.7877 19.9295
2021.7904 12.7678
2021.7931 18.9661
2021.7959 23.7244
2021.7986 20.1728
2021.8014 19.4512
2021.8041 20.5496
2021.8068 22.9482
2021.8096 25.1668
2021.8123 24.5755
2021.8151 20.1444
2021.8178 24.3934
2021.8205 17.2526
2021.8233 17.6120
2021.8260 18.0415
2021.8288 16.0613
2021.8315 16.7313
2021.8342 15.7913
2021.8370 20.7709
2021.8397 13.6604
2021.8425 17.4596
2021.8452 16.3286
2021.8479 18.8375
2021.8507 18.7863
2021.8534 17.2151
2021.8562 17.8038
2021.8589 21.8726
2021.8616 15.7314
2021.8644 19.1403
2021.8671 16.7894
2021.8699 20.9087
2021.8726 22.2682
2021.8753 17.4779
2021.8781 20.0579
2021.8808 21.6283
2021.8836 20.5890
2021.8863 21.5202
2021.8918 22.3239
2021.8945 24.3566
2021.8973 25.1198
2021.9000 22.3236
2021.9027 24.1181
2021.9055 27.0133
2021.9082 24.6292
2021.9110 27.6159
2021.9137 31.0233
2021.9164 30.3616
2021.9192 30.8304
2021.9219 24.0095
2021.9247 25.1091
2021.9274 25.4189
2021.9301 28.5992
2021.9329 23.2697
2021.9356 22.0005
2021.9384 22.9916
2021.9411 25.2129
2021.9438 28.4145
2021.9466 26.1862
2021.9493 25.7082
2021.9521 24.2802
2021.9548 24.3424
2021.9575 25.7047
2021.9603 28.5971
2021.9630 29.1595
2021.9658 30.3920
2021.9685 27.7445
2021.9712 22.7670
2021.9740 21.1194
2021.9767 28.1518
2021.9795 23.4941
2021.9822 24.7064
2021.9849 26.8184
2021.9877 27.8604
2021.9904 24.4522
2021.9931 26.0737
2021.9959 24.1051
2021.9986 24.6962
2022.0014 27.6671
2022.0041 24.8779
2022.0068 25.4886
2022.0096 24.2493
2022.0123 20.0199
2022.0151 19.9505
2022.0178 23.0510
2022.0205 26.3115
2022.0233 25.5519
2022.0260 27.6023
2022.0288 29.0927
2022.0315 26.3330
2022.0342 26.8334
2022.0370 23.7937
2022.0397 22.8040
2022.0425 25.0943
2022.0452 24.6746
2022.0479 26.6149
2022.0507 27.8952
2022.0534 27.0155
2022.0562 25.4159
2022.0589 23.9062
2022.0616 22.8866
2022.0644 23.9871
2022.0671 27.4975
2022.0699 28.7180
2022.0726 27.0386
2022.0753 25.0092
2022.0781 30.2699
2022.0808 32.3706
2022.0836 30.8024
2022.0863 27.4564
2022.0890 25.5922
2022.0918 27.3497
2022.0945 24.4587
2022.0973 27.7791
2022.1000 23.5806
2022.1027 28.3332
2022.1055 19.4565
2022.1082 22.9504
2022.1110 22.5148
2022.1137 22.8694
2022.1164 23.0341
2022.1192 25.3586
2022.1219 25.7829
2022.1247 23.1667
2022.1274 19.7299
2022.1301 20.6022
2022.1329 24.4435
2022.1356 24.1136
2022.1384 23.3523
2022.1411 29.2195
2022.1438 21.4649
2022.1466 25.4584
2022.1493 23.4798
2022.1521 19.0689
2022.1548 23.5756
2022.1575 24.2696
2022.1603 23.0007
2022.1630 21.6692
2022.1658 24.4569
2022.1685 26.3942
2022.1712 21.1110
2022.1740 22.2073
2022.1767 26.6833
2022.1795 28.2789
2022.1822 24.2342
2022.1849 26.3591
2022.1877 30.2237
2022.1904 30.0080
2022.1931 28.6020
2022.1959 28.4558
2022.1986 29.3594
2022.2014 27.9828
2022.2041 24.7960
2022.2068 29.0091
2022.2096 30.0520
2022.2123 28.9548
2022.2151 33.2575
2022.2178 30.9002
2022.2205 25.9728
2022.2233 33.8054
2022.2260 33.5580
2022.2288 29.5306
2022.2315 30.2032
2022.2342 30.8160
2022.2370 29.1288
2022.2397 28.1817
2022.2425 30.6448
2022.2452 26.5680
2022.2479 24.9507
2022.2507 23.2524
2022.2534 30.9532
2022.2562 27.2332
2022.2589 29.3724
2022.2616 21.8111
2022.2644 28.8092
2022.2671 24.5369
2022.2699 23.7244
2022.2726 24.7817
2022.2753 20.8589
2022.2781 21.8061
2022.2808 19.7035
2022.2836 21.3311
2022.2863 22.0691
2022.2890 20.0976
2022.2918 21.3466
2022.2945 19.1463
2022.2973 15.7268
2022.3000 28.9082
2022.3027 29.9006
2022.3055 16.9241
2022.3082 16.1088
2022.3110 17.7249
2022.3137 17.4123
2022.3164 19.6714
2022.3192 22.8020
2022.3219 17.7944
2022.3247 37.1687
2022.3274 36.0949
2022.3301 25.0331
2022.3329 22.1427
2022.3356 24.7636
2022.3384 19.6556
2022.3411 25.1887
2022.3438 26.4229
2022.3466 23.1980
2022.3493 19.6341
2022.3521 23.9011
2022.3548 25.7388
2022.3575 22.8473
2022.3603 23.6964
2022.3630 30.3462
2022.3658 25.2965
2022.3685 25.5373
2022.3712 23.7785
2022.3740 27.4700
2022.3767 26.9219
2022.3794 30.7739
2022.3822 25.4062
2022.3849 23.5786
2022.3877 28.1509
2022.3904 31.6133
2022.3931 27.1356
2022.3959 24.5978
2022.3986 22.2397
2022.4014 20.4814
2022.4041 27.1327
2022.4068 19.6637
2022.4096 22.8241
2022.4123 24.8641
2022.4151 22.9638
2022.4178 22.7036
2022.4205 22.4434
2022.4233 26.9632
2022.4260 31.3331
2022.4288 26.1331
2022.4315 29.1631
2022.4342 32.7231
2022.4370 23.9031
2022.4397 26.4831
2022.4425 24.7632
2022.4452 23.7932
2022.4479 30.6633
2022.4507 21.0834
2022.4534 23.4735
2022.4562 24.7735
2022.4589 26.1236
2022.4616 19.4636
2022.4644 22.8936
2022.4671 22.7536
2022.4699 21.2835
2022.4726 21.9335
2022.4753 24.8833
2022.4781 22.7632
2022.4808 25.5030
2022.4836 25.4727
2022.4863 25.1124
2022.4890 26.2320
2022.4918 26.8915
2022.4945 29.9210
2022.4973 25.0003
2022.5000 29.4686
2022.5027 25.2260
2022.5055 27.8224
2022.5082 30.1080
2022.5110 24.3428
2022.5137 26.0068
2022.5164 24.8502
2022.5192 25.6530
2022.5219 27.7453
2022.5247 27.4471
2022.5274 23.4485
2022.5301 19.8296
2022.5329 26.4104
2022.5356 34.0810
2022.5384 25.5015
2022.5411 28.7319
2022.5438 28.9723
2022.5466 30.0828
2022.5493 29.4335
2022.5521 29.0043
2022.5548 30.2954
2022.5575 30.9768
2022.5603 22.9887
2022.5630 28.7410
2022.5658 30.7838
2022.5685 33.4172
2022.5712 24.4613
2022.5740 26.1561
2022.5767 29.4018
2022.5794 18.7982
2022.5822 20.7457
2022.5849 26.9347
2022.5877 26.6852
2022.5904 26.3770
2022.5931 28.4200
2022.5959 24.9743
2022.5986 25.0595
2022.6014 26.2058
2022.6041 30.1729
2022.6068 33.1207
2022.6096 24.2492
2022.6123 25.5582
2022.6151 22.1877
2022.6178 26.8575
2022.6205 29.3176
2022.6233 27.2478
2022.6288 24.9182
2022.6315 23.9682
2022.6342 23.5280
2022.6370 28.4473
2022.6397 27.7662
2022.6425 32.0746
2022.6452 31.3822
2022.6479 25.4891
2022.6507 24.8151
2022.6534 27.7401
2022.6562 27.3340
2022.6589 29.1667
2022.6616 28.8981
2022.6644 28.0982
2022.6671 29.4072
2022.6699 33.0858
2022.6726 31.5538
2022.6753 28.8714
2022.6781 27.7885
2022.6808 28.0850
2022.6836 32.6611
2022.6863 34.6568
2022.6890 30.0119
2022.6918 27.4866
2022.6945 29.3908
2022.6973 26.3646
2022.7000 30.9779
2022.7027 31.4808
2022.7055 33.2632
2022.7082 33.2652
2022.7110 33.8268
2022.7137 32.6179
2022.7164 27.6887
2022.7192 28.1389
2022.7219 27.6588
2022.7247 29.5583
2022.7274 27.1974
2022.7301 25.1260
2022.7329 31.6543
2022.7356 26.7522
2022.7384 28.2397
2022.7411 32.8968
2022.7438 29.4436
2022.7466 28.0099
2022.7493 23.9660
2022.7521 23.3919
2022.7548 23.5276
2022.7575 23.3532
2022.7603 28.4485
2022.7630 26.1336
2022.7658 27.1283
2022.7685 23.7928
2022.7712 27.3169
2022.7740 27.6805
2022.7767 28.3138
2022.7794 29.9066
2022.7822 30.3788
2022.7849 24.5106
2022.7877 30.3117
2022.7904 28.9123
2022.7931 35.0921
2022.7959 28.1514
2022.7986 30.6299
2022.8014 23.4076
2022.8041 23.6746
2022.8068 23.9607
2022.8096 22.8460
2022.8123 24.4403
2022.8151 28.2538
2022.8178 22.1163
2022.8205 22.7178
2022.8233 23.4382
2022.8260 21.5176
2022.8288 21.1859
2022.8315 26.8731
2022.8342 21.4394
2022.8370 23.0151
2022.8397 25.3203
2022.8425 27.4650
2022.8452 26.6393
2022.8479 22.4832
2022.8507 25.1468
2022.8534 28.2300
2022.8562 26.7229
2022.8589 24.0156
2022.8616 22.1481
2022.8644 25.1104
2022.8671 24.4825
2022.8699 28.3946
2022.8726 27.7466
2022.8753 27.1386
2022.8781 19.4006
2022.8808 29.9226
2022.8836 25.2848
2022.8863 27.3370
2022.8890 26.6095
2022.8918 27.4621
2022.8945 28.4850
2022.8973 27.8282
2022.9000 25.8716
2022.9027 23.9155
2022.9055 23.1697
2022.9082 22.1244
2022.9110 25.4895
2022.9137 22.5151
2022.9164 25.1813
2022.9192 25.5274
2022.9219 26.7136
2022.9247 26.3297
2022.9274 22.2458
2022.9301 22.9119
2022.9329 24.8580
2022.9356 24.0442
2022.9384 23.7103
2022.9411 26.2265
2022.9438 22.3227
2022.9466 25.5389
2022.9493 27.1052
2022.9521 30.7516
2022.9548 23.8580
2022.9575 27.5044
2022.9603 23.7010
2022.9630 26.7276
2022.9658 19.1043
2022.9685 24.3211
2022.9712 20.1480
2022.9740 22.0750
2022.9767 19.5221
2022.9795 20.7993
2022.9822 23.6867
2022.9849 23.0942
2022.9877 22.9118
2022.9904 23.1696
2022.9931 23.1576
2022.9959 21.2357
2022.9986 21.0639
