2010.0123 1.2670
2010.0151 5.1532
2010.0178 0.7091
2010.0205 4.8749
2010.0233 7.4505
2010.0260 3.9360
2010.0288 3.7714
2010.0315 4.8468
2010.0342 4.9621
2010.0370 3.3875
2010.0425 4.6385
2010.0452 3.9943
2010.0479 5.6202
2010.0507 4.7063
2010.0534 5.6627
2010.0562 4.4393
2010.0589 5.6363
2010.0616 3.0637
2010.0644 7.8414
2010.0671 6.0997
2010.0699 7.1383
2010.0726 7.2576
2010.0753 11.0373
2010.0781 11.6377
2010.0808 12.7886
2010.0836 12.2001
2010.0863 9.2918
2010.0890 11.3037
2010.0918 8.3558
2010.0945 4.8982
2010.0973 -1.1392
2010.1000 1.2036
2010.1027 0.4866
2010.1055 0.5797
2010.1082 4.9130
2010.1110 5.4365
2010.1137 7.8001
2010.1164 5.8739
2010.1192 4.0377
2010.1219 1.7317
2010.1247 0.2358
2010.1274 1.2199
2010.1301 4.9442
2010.1329 3.6085
2010.1356 0.8328
2010.1384 -4.3428
2010.1411 -0.1283
2010.1438 -0.9939
2010.1466 1.4406
2010.1493 4.7851
2010.1521 4.1595
2010.1548 4.9240
2010.1575 5.5384
2010.1603 1.7728
2010.1630 2.9271
2010.1658 1.8615
2010.1685 4.0659
2010.1712 6.3504
2010.1740 6.8250
2010.1767 3.1896
2010.1795 3.8843
2010.1822 5.0790
2010.1849 8.9438
2010.1877 7.1986
2010.1904 6.9934
2010.1931 4.6682
2010.1959 5.3031
2010.1986 5.5780
2010.2014 6.6829
2010.2041 6.9377
2010.2068 5.5926
2010.2096 4.8775
2010.2123 7.5924
2010.2151 5.8172
2010.2178 8.9520
2010.2205 5.4168
2010.2233 5.0916
2010.2260 5.9363
2010.2288 0.0710
2010.2315 2.2257
2010.2342 3.3603
2010.2370 4.9548
2010.2397 0.5693
2010.2425 3.2637
2010.2452 0.6980
2010.2479 1.0620
2010.2507 3.4354
2010.2534 4.9584
2010.2562 8.2708
2010.2589 2.6928
2010.2616 5.1844
2010.2644 1.7556
2010.2671 4.4865
2010.2699 3.0071
2010.2726 6.1775
2010.2753 8.3176
2010.2781 5.1076
2010.2808 0.5374
2010.2836 3.7670
2010.2863 0.8367
2010.2890 1.3863
2010.2918 1.1259
2010.2945 1.7955
2010.2973 -1.3748
2010.3000 0.0251
2010.3027 8.1550
2010.3055 3.2452
2010.3082 0.9556
2010.3110 3.6963
2010.3137 -0.2827
2010.3164 3.3886
2010.3192 -3.7097
2010.3219 3.9924
2010.3247 -1.0450
2010.3274 -0.9519
2010.3301 -0.5784
2010.3329 -0.1144
2010.3356 -0.2100
2010.3384 -4.7753
2010.3411 -1.3102
2010.3438 -1.0346
2010.3466 -1.5087
2010.3493 4.7777
2010.3521 1.1144
2010.3548 6.4916
2010.3575 4.6291
2010.3603 1.4671
2010.3630 -1.3545
2010.3658 -0.7057
2010.3685 4.4036
2010.3712 3.9132
2010.3740 3.0433
2010.3767 4.5438
2010.3794 2.8948
2010.3822 4.2861
2010.3849 4.1580
2010.3877 3.4502
2010.3904 1.4029
2010.3931 3.1261
2010.3959 2.9297
2010.3986 3.4238
2010.4014 9.3883
2010.4041 8.6433
2010.4068 10.1887
2010.4096 8.3746
2010.4123 9.8710
2010.4151 13.1777
2010.4178 10.8846
2010.4205 12.7318
2010.4233 10.8891
2010.5384 16.2184
2010.5411 6.6315
2010.5438 11.1345
2010.5466 9.5273
2010.5493 14.4401
2012.0068 11.0015
2012.0096 14.0807
2012.0123 16.3794
2012.0150 19.8276
2012.0178 17.8153
2012.0205 14.0526
2012.0232 14.9295
2012.0260 15.4461
2012.0287 16.9624
2012.0314 13.2585
2012.0342 17.0143
2012.0369 16.0101
2012.0396 18.8757
2012.0423 15.3613
2012.0451 16.5068
2012.0478 17.7124
2012.0505 13.9281
2012.0533 18.1838
2012.0560 13.8598
2012.0587 17.4659
2012.0615 16.9723
2012.0642 14.7090
2012.0669 19.4261
2012.0697 13.7435
2012.0724 15.1813
2012.0751 17.1597
2012.0779 15.7385
2012.0806 14.6880
2012.0833 14.2678
2012.0861 16.3179
2012.0888 17.9582
2012.0915 16.9387
2012.0943 18.8494
2012.0970 18.1605
2012.0997 17.5517
2012.1025 16.0733
2012.1052 20.1551
2012.1079 13.7071
2012.1107 20.3395
2012.1134 14.9222
2012.1161 18.3252
2012.1189 18.9285
2012.1216 13.2621
2012.1243 12.3161
2012.1270 14.3204
2012.1298 15.8150
2012.1325 18.9201
2012.1352 16.7354
2012.1380 13.6712
2012.1407 19.3973
2012.1434 17.8439
2012.1462 16.3608
2012.1489 16.1982
2012.1516 21.9959
2012.1544 14.6441
2012.1571 17.2528
2012.1598 19.3019
2012.1626 16.0714
2012.1653 16.1822
2012.1680 16.9141
2012.1708 11.7372
2012.1735 18.2013
2012.1762 24.3264
2012.1790 19.3124
2012.1817 16.9291
2012.1844 19.8166
2012.1872 12.1847
2012.1899 18.1333
2012.1926 15.7824
2012.1954 23.4218
2012.1981 24.8415
2012.2008 18.9314
2012.2035 14.2514
2012.2063 13.7513
2012.2090 14.9113
2012.2117 9.2110
2013.0507 16.0306
2013.0534 14.8108
2013.0562 17.8718
2013.0589 20.0836
2013.0616 18.0362
2013.0644 16.4798
2013.0671 18.5243
2013.0699 20.2798
2013.0726 19.5363
2013.0753 15.8238
2013.0781 22.5125
2013.0808 18.0122
2013.0836 19.1327
2013.0863 18.4236
2013.0890 17.2749
2013.0918 18.1865
2013.0945 19.1986
2013.0973 21.4109
2013.1000 19.4936
2013.1027 23.4067
2013.1055 21.9001
2013.1082 21.5738
2013.1110 21.7378
2013.1137 22.1921
2013.1164 21.4766
2013.1192 18.4515
2013.1219 22.3767
2013.1247 19.5221
2013.1274 18.2977
2013.1301 18.9936
2013.1329 17.8798
2013.1356 17.2961
2013.1384 18.2927
2013.1411 23.3695
2013.1438 22.2065
2013.1466 22.6737
2013.1493 13.8110
2013.1521 18.7785
2013.1548 21.7162
2013.1575 18.0241
2013.1603 18.3021
2013.1630 16.9702
2013.1658 15.9184
2013.1685 17.9665
2013.1712 20.0448
2013.1740 19.3630
2013.1767 16.1213
2013.1795 20.0796
2013.1822 16.7979
2013.1849 15.5563
2013.1877 20.2747
2013.1904 18.8931
2013.1931 19.3115
2013.1959 18.6900
2013.1986 23.0585
2013.2014 20.7570
2013.2041 17.2956
2013.2068 17.1841
2013.2096 21.8727
2013.2123 21.2713
2013.2151 19.4800
2013.2178 18.6986
2013.2205 16.5273
2013.2233 17.8360
2013.2260 19.5447
2013.2288 21.0634
2013.2315 21.5422
2013.2342 19.3110
2013.2370 21.2397
2013.2397 16.1585
2013.2425 19.5074
2013.2452 26.0062
2013.2479 23.8752
2013.2507 21.3246
2013.2534 22.4042
2013.2562 19.8642
2013.2589 20.4144
2013.2616 19.6748
2013.2644 19.4555
2013.2671 23.2063
2013.2699 18.6473
2013.2726 25.7584
2013.2753 22.5697
2013.2781 21.0510
2013.2808 22.7224
2013.2836 17.9339
2013.2863 21.3253
2013.2890 18.3968
2013.2918 22.0182
2013.2945 20.0996
2013.2973 20.4709
2013.3000 15.7621
2013.3027 13.4632
2013.3055 14.9642
2013.3082 17.4349
2013.3110 15.2255
2013.3137 17.3059
2013.3164 18.7860
2013.3192 20.5458
2013.3219 20.8554
2013.3247 20.5646
2013.3274 21.2435
2013.3301 19.3017
2013.3329 23.6774
2013.3356 20.2604
2013.3384 15.1209
2013.3411 16.2891
2013.3438 16.9451
2013.3466 13.7091
2013.3493 18.7913
2013.3521 14.5120
2013.3548 16.3211
2013.3575 19.2291
2013.3603 15.8659
2013.3630 15.6519
2013.3658 17.7071
2013.3685 21.3318
2013.3931 19.7995
2013.3959 16.5687
2013.3986 24.6494
2013.4014 23.3316
2013.4041 18.4657
2013.4068 23.0917
2013.4096 19.3799
2013.4123 17.9004
2013.4151 13.5329
2013.4178 18.8567
2013.4205 17.9618
2013.4233 18.5480
2013.4260 17.3953
2013.4397 16.3142
2013.4589 11.8894
2013.4616 15.9014
2013.5548 25.4499
2013.5575 30.6151
2013.5658 18.7235
2013.5685 16.8208
2013.5712 16.8986
2013.5767 13.9566
2013.5849 25.7493
2013.6014 15.5994
2013.6041 22.2940
2013.6151 12.4946
2013.6178 13.7300
2013.6205 17.1455
2013.6342 19.4615
2013.6397 13.3704
2013.6425 21.4644
2013.6452 16.4680
2013.6479 14.6612
2013.6507 15.9738
2013.6534 20.3360
2013.6562 19.4676
2013.6644 17.1085
2013.6671 17.6377
2013.6699 17.5968
2013.6726 20.0758
2013.6753 12.4648
2013.6781 10.8836
2013.6808 16.0923
2013.6836 16.3309
2013.6863 15.5094
2013.6890 8.7777
2013.7000 9.8796
2013.7027 12.3572
2013.7055 14.4146
2013.7082 13.5119
2013.7110 12.0889
2013.7137 11.4758
2013.7164 20.8825
2013.7192 13.7889
2013.7219 16.1252
2013.7247 15.6412
2013.7274 15.1871
2013.7301 16.2927
2013.7329 10.9280
2013.7356 13.0731
2013.7384 12.7780
2013.7411 13.7926
2013.7438 21.6270
2013.7466 15.3611
2013.7493 14.6549
2013.7521 15.4887
2013.7548 19.1025
2013.7575 13.4362
2013.7603 15.4099
2013.7630 14.7736
2013.7658 11.7573
2013.7685 16.2309
2013.7712 15.7445
2013.7740 17.9681
2013.7767 18.7016
2013.7794 20.8351
2013.7822 19.1485
2013.7849 16.1719
2013.7877 17.5852
2013.7904 17.3185
2013.7931 16.3818
2013.7959 16.7250
2013.7986 18.9081
2013.8014 18.2112
2013.8041 16.2942
2013.8068 17.4072
2013.8096 18.6601
2013.8123 19.6729
2013.8151 17.8157
2013.8178 20.9884
2013.8205 18.0311
2013.8233 20.5436
2013.8260 21.7461
2013.8288 20.9385
2013.8315 20.0809
2013.8342 17.8232
2013.8370 21.6554
2013.8397 22.2476
2013.8425 25.3197
2013.8452 24.5517
2013.8479 22.3138
2013.8507 16.5758
2013.8534 22.2378
2013.8562 22.6397
2013.8589 27.6916
2013.8616 22.4435
2013.8644 20.2253
2013.8671 20.2872
2013.8699 19.2190
2013.8726 18.0909
2013.8753 21.5927
2013.8781 20.2345
2013.8808 21.1563
2013.8836 20.0382
2013.8863 20.6300
2013.8890 25.2219
2013.8918 20.3437
2013.8945 18.4156
2013.8973 21.7175
2014.1630 23.4638
2014.1658 26.9743
2014.1685 25.3651
2014.1712 25.9462
2014.1740 23.9475
2014.1767 28.1191
2014.1795 28.6110
2014.1822 25.4032
2014.1849 24.4256
2014.1877 25.5582
2014.1904 26.5211
2014.1931 20.7843
2014.1959 24.7376
2014.2014 21.8150
2014.2041 20.6991
2014.2068 19.1333
2014.2096 22.2977
2014.2123 24.5723
2014.2151 21.3071
2014.2178 17.0021
2014.2205 13.8773
2014.2233 18.0926
2014.2260 21.1481
2014.2288 23.3537
2014.2315 21.3895
2014.2342 23.7555
2014.2370 19.7915
2014.2397 23.0177
2014.2425 21.7541
2014.2452 22.1505
2014.2479 18.7772
2014.2507 22.5743
2014.2534 22.4417
2014.2562 23.5294
2014.2589 24.5573
2014.2616 25.0856
2014.2644 27.0041
2014.2671 25.1827
2014.2699 24.1016
2014.2726 25.1005
2014.2753 24.3496
2014.2781 22.4788
2014.2808 25.5581
2014.2836 20.5174
2014.2863 19.9866
2014.2890 22.0659
2014.2918 26.2251
2014.2945 26.1843
2014.2973 28.0533
2014.3000 22.3922
2014.3027 31.8109
2014.3055 24.3895
2014.3082 19.8678
2014.3110 22.6659
2014.3137 22.0437
2014.3164 21.7013
2014.3192 20.6985
2014.3219 16.1353
2014.3247 20.7718
2014.3274 26.2179
2014.3301 19.4735
2014.3329 19.2991
2014.3356 21.5046
2014.3384 21.8101
2014.3411 24.1555
2014.3438 23.0409
2014.3466 22.9162
2014.3493 23.4415
2014.3521 20.6767
2014.3548 19.9519
2014.3575 22.9670
2014.3603 26.5820
2014.3630 33.4171
2014.3658 33.6420
2014.6123 24.0994
2014.6151 20.8333
2014.6233 26.7832
2014.6288 20.8990
2014.6342 22.2045
2014.6452 23.8362
2014.6479 23.7396
2014.6507 16.7631
2014.6534 23.2470
2014.6562 19.5712
2014.6589 20.5258
2014.6616 17.2008
2014.6644 27.5962
2014.6671 24.4020
2014.6699 26.0278
2014.6726 25.2337
2014.6781 25.7758
2014.6808 27.0220
2014.6836 32.6282
2014.6863 24.6946
2014.6890 28.4710
2014.6918 25.5976
2014.6945 23.8943
2014.6973 25.0210
2014.7000 23.9379
2014.7027 22.8950
2014.7055 22.5621
2014.7082 21.2393
2014.7110 23.4967
2014.7137 21.2242
2014.7164 26.8519
2014.7192 20.7297
2014.7219 25.2476
2014.7247 23.5657
2014.7274 27.4839
2014.7301 20.0023
2014.7329 25.0008
2014.7356 21.9795
2014.7384 25.5883
2014.7411 28.8273
2014.7438 16.3765
2014.7466 17.4359
2014.7493 19.0758
2014.7521 25.0587
2014.7548 25.6746
2014.7575 26.8634
2014.7603 25.4148
2014.7630 23.5786
2014.7658 23.3746
2014.7685 23.9525
2014.7712 22.9021
2014.7740 23.3732
2014.7767 22.8755
2014.7794 22.2689
2014.7822 20.3831
2014.7849 24.3778
2014.7877 22.3628
2014.7904 20.0980
2014.7931 21.7831
2014.7959 20.1778
2014.7986 21.2719
2014.8014 32.4052
2014.8041 22.8775
2014.8068 23.4286
2014.8096 20.7581
2014.8123 24.4860
2014.8151 22.3219
2014.8178 25.1656
2014.8205 25.5369
2014.8233 22.0756
2014.8260 28.7315
2014.8288 25.4742
2014.8315 25.0337
2014.8342 24.8013
2014.8370 23.7186
2014.8397 21.7657
2014.8425 17.8825
2014.8452 18.0691
2014.8479 16.7556
2014.8507 18.4118
2014.8534 20.5179
2014.8562 19.0639
2014.8589 17.5197
2014.8616 21.6355
2014.8644 19.0812
2014.8671 23.2068
2014.8699 18.5723
2014.8726 17.5278
2014.8753 20.5134
2014.8781 23.4089
2014.8808 17.6444
2014.8836 19.8600
2014.8863 19.5857
2014.8890 18.8515
2014.8918 19.9973
2014.8945 17.1433
2014.8973 16.5294
2014.9000 21.8757
2014.9027 15.8322
2014.9055 22.3988
2014.9082 23.1057
2014.9110 22.8528
2014.9137 21.4202
2014.9164 23.1177
2014.9192 24.6854
2014.9219 19.2331
2014.9247 21.4709
2014.9274 24.3986
2014.9301 25.4564
2014.9329 25.5942
2014.9356 27.3821
2014.9384 24.5999
2014.9411 28.0678
2014.9438 25.4357
2014.9466 21.9136
2014.9493 22.8415
2014.9521 25.8194
2014.9548 27.0873
2014.9575 27.5752
2014.9603 22.8331
2014.9630 28.1409
2014.9658 22.8488
2014.9685 26.4066
2014.9712 21.0245
2014.9740 26.5023
2014.9767 24.2800
2014.9795 26.0277
2014.9822 25.9854
2014.9849 19.5831
2014.9877 25.3507
2014.9904 21.8683
2014.9931 17.0658
2014.9959 22.0933
2014.9986 24.3807
2015.0014 23.6481
2015.0041 23.9653
2015.0068 29.9723
2015.0096 23.3092
2015.0123 22.1559
2015.0151 24.2925
2015.0178 25.8490
2015.0205 24.5553
2015.0233 21.8416
2015.0260 24.6477
2015.0288 23.6037
2015.0315 25.3696
2015.0342 23.5754
2015.0370 21.2612
2015.0397 21.0468
2015.0425 22.7824
2015.0452 22.7179
2015.0973 25.5285
2015.1000 24.8273
2015.1027 25.2255
2015.1055 21.1231
2015.1082 23.0503
2015.1110 24.7671
2015.1137 26.6337
2015.1164 27.2702
2015.1192 25.6866
2015.1219 29.7131
2015.1247 31.3297
2015.1274 28.7765
2015.1301 29.3638
2015.1329 29.5514
2015.1356 26.8296
2015.1384 29.8585
2015.1411 27.3281
2015.1438 26.7785
2015.1466 27.7999
2015.1493 26.2523
2015.1521 24.1659
2015.1548 25.7107
2015.1575 25.6268
2015.1603 26.3543
2015.1630 25.7533
2015.1658 24.4034
2015.1685 24.7445
2015.1712 26.5365
2015.1740 27.1695
2015.1767 31.9232
2015.1795 26.3679
2015.1822 26.9333
2015.1849 28.1894
2015.1877 24.6563
2015.1904 24.2738
2015.1931 27.6019
2015.1959 26.9906
2015.1986 27.6699
2015.2014 28.2397
2015.2041 25.5199
2015.2068 23.0006
2015.2096 26.3916
2015.2123 26.4830
2015.2151 26.7447
2015.2178 23.5667
2015.2205 27.2689
2015.2260 34.4538
2015.2288 29.4064
2015.2315 26.1591
2015.2342 22.1718
2015.2370 22.3545
2015.2397 25.7272
2015.2425 22.6697
2015.2452 27.8521
2015.2534 25.8218
2015.2562 25.1161
2015.2589 24.8209
2015.2616 23.2961
2015.2644 23.4317
2015.2671 18.5676
2015.2699 19.6537
2015.3082 27.0138
2015.3110 24.6786
2015.3137 23.8830
2015.3164 24.9469
2015.3192 30.3703
2015.3219 29.6730
2015.3247 25.0851
2015.3274 26.2365
2015.3301 29.3272
2015.3329 27.7572
2015.3356 25.6264
2015.3384 29.5948
2015.3411 30.5326
2015.3438 29.1096
2015.3466 22.3260
2015.3493 22.6316
2015.3521 20.8165
2015.3548 25.3508
2015.3575 28.2744
2015.3603 27.8273
2015.3630 20.7096
2015.3658 29.9612
2015.6178 20.7256
2015.6288 26.6221
2015.6315 28.8211
2015.6342 23.1100
2015.6370 25.9789
2015.6397 21.1177
2015.6425 26.9463
2015.6479 20.3232
2015.6507 30.3914
2015.6534 28.2895
2015.6562 27.8773
2015.6589 27.3349
2015.6616 27.9823
2015.6644 26.1495
2015.6671 25.6864
2015.6699 20.9129
2015.6726 22.3390
2015.6753 28.3948
2015.6781 24.4303
2015.6808 18.6256
2015.6836 21.4306
2015.6863 26.2254
2015.6890 31.1000
2015.6918 27.5844
2015.6945 28.6887
2015.6973 24.1628
2015.7000 28.5669
2015.7027 30.7708
2015.7055 30.4948
2015.7082 30.8687
2015.7110 30.5326
2015.7137 29.3865
2015.7164 30.3605
2015.7192 32.7046
2015.7219 35.3388
2015.7247 25.7431
2015.7274 24.9475
2015.7301 30.7821
2015.7356 25.0620
2015.7384 25.5273
2015.7411 32.4129
2015.7438 31.1087
2015.7466 28.0149
2015.7493 25.6315
2015.7521 25.7085
2015.7548 24.7660
2015.7575 26.7439
2015.7603 26.1022
2015.7630 27.0908
2015.7658 27.3298
2015.7685 26.0191
2015.7712 25.5787
2015.7740 24.8385
2015.7767 27.6086
2015.7794 19.2388
2015.7822 23.2792
2015.7849 21.3998
2015.7877 26.0404
2015.7904 25.3112
2015.7931 28.4620
2015.7959 27.6928
2015.7986 30.6636
2015.8014 29.5544
2015.8041 24.9451
2015.8068 24.2857
2015.8096 27.7562
2015.8123 26.1766
2015.8151 23.5068
2015.8178 23.2267
2015.8205 24.5465
2015.8233 26.5260
2015.8260 26.5652
2015.8288 24.7541
2015.8315 26.1726
2015.8342 23.6404
2015.8370 26.5870
2015.8397 27.3727
2015.8425 23.6473
2015.8452 26.1411
2015.8479 26.9342
2015.8507 26.2265
2015.8534 25.9582
2015.8562 24.2994
2015.8589 22.3401
2015.8616 26.5304
2015.8644 25.2304
2015.8671 23.7802
2015.8699 22.4399
2015.8726 24.8195
2015.8753 23.7192
2015.8781 21.8490
2015.8808 24.9389
2015.8836 30.4692
2015.8863 26.8997
2015.8890 28.8108
2015.8918 28.7623
2015.8945 28.1945
2015.8973 27.8173
2015.9000 26.4809
2015.9027 26.5153
2015.9055 26.9407
2015.9082 25.7870
2015.9110 32.2645
2015.9137 32.0731
2015.9164 25.8331
2015.9192 28.6452
2015.9219 28.3495
2015.9247 25.3557
2015.9274 24.6538
2015.9301 24.0135
2015.9329 28.3248
2015.9356 23.5175
2015.9384 22.3715
2015.9411 20.7266
2015.9603 22.8318
2015.9630 22.8707
2015.9658 26.3895
2015.9685 26.0080
2015.9712 23.1461
2015.9740 23.7835
2015.9767 25.4803
2015.9795 21.4261
2015.9822 25.2010
2015.9849 29.4147
2015.9877 29.3870
2015.9904 27.1880
2015.9931 28.0374
2015.9959 25.8950
2015.9986 27.0308
2016.0861 27.6449
2016.0888 27.3617
2016.0915 27.8590
2016.0943 26.5765
2016.0970 24.9543
2016.0997 26.0724
2016.1025 26.1407
2016.1052 27.1792
2016.1079 25.4179
2016.1107 25.1667
2016.1134 25.4656
2016.1161 28.9745
2016.1189 26.6634
2016.1216 25.7124
2016.1243 29.6313
2016.1270 30.5601
2016.1298 26.7788
2016.1325 28.0573
2016.1352 28.2757
2016.1380 36.2438
2016.1407 34.3217
2016.1434 31.5194
2016.1462 27.4967
2016.1489 31.2336
2016.1516 27.0102
2016.1544 28.6463
2016.1571 29.1820
2016.1598 29.3772
2016.1626 25.2419
2016.1653 25.6564
2016.1680 29.6008
2016.1708 31.1351
2016.1735 31.0492
2016.1762 30.2333
2016.1790 31.1272
2016.1817 31.6611
2016.1844 28.2048
2016.1872 28.4585
2016.1899 32.8720
2016.1926 31.5055
2016.1954 30.7190
2016.1981 32.6623
2016.2008 32.1956
2016.2035 28.4789
2016.2063 29.5520
2016.2090 30.3052
2016.2117 20.5482
2016.2145 30.2313
2016.2172 25.1543
2016.2199 30.6573
2016.2227 24.3802
2016.2254 31.7231
2016.2281 31.5660
2016.2309 29.4489
2016.2336 28.7118
2016.2363 31.1747
2016.2391 30.9775
2016.2418 25.9204
2016.2445 27.8033
2016.2473 27.4960
2016.2500 27.2183
2016.2527 28.0700
2016.2555 26.8313
2016.2582 28.1522
2016.2609 33.3928
2016.2637 31.3830
2016.2664 30.7029
2016.2691 33.9426
2016.2719 33.6320
2016.2746 34.1813
2016.2773 31.4104
2016.2801 32.3295
2016.2828 31.9484
2016.2855 29.2974
2016.2882 30.3664
2016.2910 30.1854
2016.2937 30.6545
2016.2964 33.6738
2016.2992 29.9632
2016.3019 27.4929
2016.3046 28.4428
2016.3074 27.1430
2016.3101 26.2935
2016.3128 25.9744
2016.3156 31.1256
2016.3183 38.4874
2016.3210 33.5996
2016.3238 29.1523
2016.3265 29.3956
2016.3292 29.0595
2016.3320 30.6856
2016.3347 31.5145
2016.3374 30.5062
2016.3402 29.8903
2016.3429 29.0967
2017.1329 27.9401
2017.1356 27.4524
2017.1384 30.2353
2017.1411 30.3788
2017.1438 29.2932
2017.1466 30.7184
2017.1493 28.8746
2017.1521 25.2519
2017.1548 27.9904
2017.1575 33.1902
2017.1603 30.7014
2017.1630 32.3946
2017.1658 26.5719
2017.1685 29.2537
2017.1712 31.9294
2017.1740 31.0890
2017.1767 28.7219
2017.1795 30.9181
2017.1822 31.8571
2017.1849 28.4986
2017.1877 29.3524
2017.1904 31.5883
2017.1931 33.1757
2017.1959 33.5746
2017.1986 33.1045
2017.2014 33.0353
2017.2041 29.8965
2017.2068 36.2679
2017.2096 32.7793
2017.2123 36.2602
2017.2151 35.2905
2017.2178 38.0797
2017.2205 37.0077
2017.2233 31.7541
2017.2260 28.5587
2017.2288 32.1910
2017.2315 31.8709
2017.2342 31.3481
2017.2370 31.6621
2017.2397 35.4729
2017.2425 32.5600
2017.2452 33.4531
2017.2479 32.4634
2017.2507 33.6923
2017.2534 28.7399
2017.2562 29.1562
2017.2589 31.1914
2017.2616 38.3356
2017.2644 35.9989
2017.2671 33.0515
2017.2699 33.7633
2017.2726 34.5845
2017.2753 34.7553
2017.2781 34.4857
2017.2808 34.0958
2017.2836 35.2057
2017.2863 33.3256
2017.2890 37.6056
2017.2918 36.7157
2017.2945 38.5761
2017.2973 33.6668
2017.3000 35.1781
2017.3027 25.5499
2017.3055 33.9524
2017.3082 35.8557
2017.3110 35.9399
2017.3137 28.4051
2017.3164 30.7014
2017.3192 40.4489
2017.3219 33.8378
2017.3247 28.1181
2017.3274 36.0699
2017.3301 31.1633
2017.3329 33.8078
2017.3356 33.4231
2017.3384 30.7393
2017.3411 32.4763
2017.3438 34.5839
2017.3466 34.8821
2017.3493 32.6508
2017.3521 34.0000
2017.6425 37.5419
2017.6452 38.3810
2017.6534 35.4388
2017.6562 39.3781
2017.6589 37.0174
2017.6616 35.7967
2017.6644 36.9060
2017.6671 35.0154
2017.6699 35.4948
2017.6726 33.9044
2017.6753 33.0440
2017.6781 37.4637
2017.6808 36.2835
2017.6836 42.1734
2017.6863 31.2834
2017.6890 35.1935
2017.6918 34.5837
2017.6945 32.7440
2017.6973 35.3443
2017.7000 33.2947
2017.7027 36.5553
2017.7055 35.4659
2017.7082 39.4965
2017.7110 34.7673
2017.7137 33.5382
2017.7164 32.4091
2017.7192 34.3702
2017.7219 34.8713
2017.7247 33.3225
2017.7274 33.2138
2017.7301 32.0751
2017.7329 33.0466
2017.7356 34.8181
2017.7384 34.0597
2017.7411 33.3514
2017.7438 32.8832
2017.7466 33.2151
2017.7493 29.5571
2017.7521 29.4101
2017.7548 30.9241
2017.7575 38.0990
2017.7603 38.5147
2017.7630 40.4011
2017.7658 37.0282
2017.7685 41.3459
2017.7712 38.7142
2017.7740 40.7529
2017.7767 38.0120
2017.7794 35.5914
2017.7822 37.0410
2017.7849 33.2908
2017.7877 32.7907
2017.7904 29.5006
2017.7931 30.2205
2017.7959 31.0202
2017.7986 28.2898
2017.8014 31.6490
2017.8041 31.0379
2017.8068 35.1864
2017.8096 32.9744
2017.8123 32.4219
2017.8151 32.2286
2017.8178 32.0147
2017.8205 35.2200
2017.8233 34.9844
2017.8260 31.5879
2017.8288 33.2204
2017.8315 30.7818
2017.8342 29.3925
2017.8370 30.3431
2017.8397 29.2135
2017.8425 29.6737
2017.8452 33.2236
2017.8479 32.9335
2017.8507 36.1331
2017.8534 36.1526
2017.8562 35.1418
2017.8589 36.4609
2017.8616 38.2299
2017.8644 33.7186
2017.8671 36.4672
2017.8699 35.4456
2017.8726 35.3938
2017.8753 36.3719
2017.8781 36.4798
2017.8808 35.6076
2017.8836 31.3652
2017.8863 32.7126
2017.8890 32.4698
2017.8918 33.9069
2017.8945 36.0939
2017.8973 33.3307
2017.9000 35.3773
2017.9027 29.3538
2017.9055 31.7902
2017.9082 33.6864
2017.9110 33.3924
2017.9137 29.8384
2017.9164 37.3441
2017.9192 35.3198
2017.9219 34.5554
2017.9247 35.8009
2017.9274 33.3463
2017.9301 35.2317
2017.9329 34.4670
2017.9356 36.0822
2017.9384 35.3074
2017.9411 29.6926
2017.9438 31.5477
2017.9466 42.1329
2017.9493 34.7680
2017.9521 35.0731
2017.9548 34.5082
2017.9575 34.7033
2017.9603 39.2584
2017.9630 36.2336
2017.9658 31.2388
2017.9685 33.8240
2017.9712 34.0393
2017.9740 33.2747
2017.9767 34.3901
2017.9795 30.4156
2017.9822 28.5411
2017.9849 28.0868
2017.9877 29.2925
2017.9904 30.2184
2017.9931 33.8044
2017.9959 33.9704
2017.9986 32.0366
2018.0014 33.9530
2018.0041 32.8793
2018.0068 35.7457
2018.0096 31.5721
2018.0123 32.3386
2018.0151 33.0450
2018.0178 33.2315
2018.0205 34.0080
2018.0233 36.3645
2018.0260 33.1211
2018.0288 35.3876
2018.0315 34.2142
2018.0342 37.3508
2018.0370 36.1974
2018.0397 35.1341
2018.0425 33.0407
2018.0452 35.2674
2018.0479 35.3941
2018.0507 38.9108
2018.0534 39.7376
2018.0562 38.2643
2018.0589 35.6311
2018.0616 37.9579
2018.0644 36.4147
2018.0671 36.7215
2018.0699 35.9583
2018.0726 39.1452
2018.0753 39.3820
2018.0781 38.9789
2018.0808 37.6658
2018.0836 40.9027
2018.0863 41.4696
2018.0890 38.5665
2018.0918 36.4735
2018.0945 37.0705
2018.0973 34.6575
2018.1000 37.0745
2018.1027 45.7316
2018.1055 43.6087
2018.1082 34.9959
2018.1110 38.0031
2018.1137 39.5703
2018.1164 39.4676
2018.1192 38.1050
2018.1219 36.7224
2018.1247 36.8699
2018.1274 34.5175
2018.1301 36.0251
2018.1329 37.2928
2018.1356 36.2005
2018.1384 37.1084
2018.1411 38.6663
2018.1438 36.6144
2018.1466 33.8825
2018.1493 36.7507
2018.1521 35.7790
2018.1548 33.7874
2018.1575 35.1659
2018.1603 35.9045
2018.1630 36.9233
2018.1658 36.6322
2018.1685 38.0814
2018.1712 37.2708
2018.1740 37.3203
2018.1767 37.4201
2018.1795 36.1300
2018.1822 36.3401
2018.1849 37.5903
2018.1877 33.3107
2018.1904 40.0513
2018.1931 36.8519
2018.1959 36.9327
2018.1986 37.3136
2018.2014 36.1646
2018.2041 37.8557
2018.2068 37.6768
2018.2096 35.1280
2018.2123 38.9993
2018.2151 40.0207
2018.2178 39.0721
2018.2205 40.2135
2018.2233 31.4749
2018.2260 36.5464
2018.2288 36.5579
2018.2315 33.9393
2018.2342 40.5508
2018.2370 38.9622
2018.2397 37.2836
2018.2425 45.9650
2018.2452 45.8063
2018.2479 46.2577
2018.2507 43.8994
2018.2534 45.4812
2018.2562 45.5333
2018.2589 50.9455
2018.2616 45.0679
2018.2644 48.2005
2018.2671 44.0831
2018.2699 44.5859
2018.2726 44.5688
2018.2753 47.3417
2018.2781 48.4347
2018.2808 48.4577
2018.2836 45.5907
2018.2863 49.4438
2018.2890 49.3968
2018.2918 48.6398
2018.2945 48.0527
2018.2973 46.5355
2018.3000 42.4482
2018.3027 40.2509
2018.3055 43.2634
2018.3110 45.6379
2018.3192 38.3532
2018.6014 38.8963
2018.6370 34.4936
2018.6397 37.2765
2018.6425 38.4892
2018.6479 32.6536
2018.6507 37.4953
2018.6534 31.0167
2018.6562 31.6078
2018.6589 36.3984
2018.6616 39.4288
2018.6671 47.2481
2018.6699 38.4267
2018.6726 40.2847
2018.6753 41.3420
2018.6781 41.6688
2018.6808 45.8450
2018.6836 38.3008
2018.6863 35.5061
2018.6890 35.7710
2018.6918 33.7656
2018.6945 37.0599
2018.6973 36.4539
2018.7000 35.0278
2018.7027 37.7715
2018.7055 34.6950
2018.7082 35.0786
2018.7110 31.4421
2018.7137 32.8256
2018.7164 33.2093
2018.7192 34.0530
2018.7219 35.9470
2018.7247 29.8111
2018.7274 30.8356
2018.7301 32.6803
2018.7329 31.8954
2018.7356 32.8910
2018.7384 31.6070
2018.7411 35.2135
2018.7466 38.0582
2018.7493 38.8065
2018.7521 35.0250
2018.7548 35.1837
2018.7575 33.6225
2018.7603 32.1516
2018.7630 36.0108
2018.7658 36.2601
2018.7685 36.5295
2018.7712 34.1791
2018.7740 35.4987
2018.7767 35.0084
2018.7794 35.0482
2018.7822 37.4980
2018.7849 39.4379
2018.7877 36.7778
2018.7904 35.2677
2018.7931 35.8176
2018.7959 39.6275
2018.7986 34.0873
2018.8014 33.7471
2018.8041 34.8369
2018.8068 38.2466
2018.8096 37.8261
2018.8123 38.2456
2018.8151 37.2950
2018.8178 36.9342
2018.8205 35.9433
2018.8233 40.8223
2018.8260 39.3810
2018.8288 37.3796
2018.8315 38.4680
2018.8342 36.5061
2018.8370 35.9240
2018.8397 36.0715
2018.8425 38.7688
2018.8452 39.3358
2018.8479 40.1427
2018.8507 36.0593
2018.8534 36.2457
2018.8562 39.5320
2018.8589 37.0981
2018.8616 40.8541
2018.8644 38.0299
2018.8671 37.9357
2018.8699 39.5014
2018.8726 37.0471
2018.8753 34.5827
2018.8781 34.2683
2018.8808 36.4938
2018.8836 35.8994
2018.8863 35.4851
2018.8890 36.1908
2018.8918 36.1465
2018.8945 37.0024
2018.8973 33.2083
2018.9000 33.2344
2018.9027 33.6907
2018.9055 35.5471
2018.9082 33.3837
2018.9110 34.9104
2018.9137 31.6674
2018.9164 35.4848
2018.9192 32.3535
2018.9219 30.5234
2018.9247 29.2746
2018.9274 30.5468
2018.9301 34.0601
2018.9329 35.0942
2018.9356 33.6692
2018.9384 32.6748
2018.9411 33.8810
2018.9438 33.9178
2018.9466 36.7149
2018.9493 34.5423
2018.9521 36.0699
2018.9548 33.6376
2018.9575 33.7652
2018.9603 36.5227
2018.9630 31.7501
2018.9658 33.7771
2018.9685 34.7436
2018.9712 36.6797
2018.9740 28.3551
2018.9767 39.6398
2018.9795 37.1736
2018.9822 40.4265
2018.9849 36.7484
2018.9877 36.8691
2018.9904 36.9586
2018.9931 37.4968
2018.9959 37.2435
2018.9986 37.9586
2019.0014 39.5821
2019.0041 37.0739
2019.0068 36.9741
2019.0096 41.0128
2019.0123 40.8801
2019.0151 43.3661
2019.0178 40.2109
2019.0205 37.4746
2019.0233 40.1173
2019.0260 36.3091
2019.0288 37.9402
2019.0315 37.4906
2019.0342 41.8805
2019.0370 39.6199
2019.0397 38.6690
2019.0425 38.1878
2019.0452 39.0165
2019.0479 39.9352
2019.0507 41.0440
2019.0534 38.7329
2019.0562 39.8421
2019.0589 38.4018
2019.0616 36.2419
2019.0644 41.4426
2019.0671 42.0741
2019.0699 38.4764
2019.0726 43.2896
2019.0753 40.7938
2019.0781 39.9792
2019.0808 38.2658
2019.0836 38.1128
2019.0863 33.3994
2019.0890 38.1056
2019.0918 40.1815
2019.0945 40.0872
2019.0973 42.3027
2019.1000 43.6582
2019.1027 40.5736
2019.1055 41.7892
2019.1082 39.1149
2019.1110 38.3208
2019.1137 38.9371
2019.1164 39.1937
2019.1192 40.3608
2019.1219 39.9684
2019.1247 41.4166
2019.1274 40.5955
2019.1301 37.1452
2019.1329 37.4157
2019.1356 35.6371
2019.1384 37.5495
2019.1411 39.4329
2019.1438 37.2875
2019.1466 39.7433
2019.1493 38.2504
2019.1521 37.1489
2019.1548 39.8788
2019.1575 40.7402
2019.1603 34.7432
2019.1630 38.7276
2019.1658 39.2323
2019.1685 38.9170
2019.1712 39.7418
2019.1740 39.5967
2019.1767 37.2316
2019.1795 36.0165
2019.1822 39.4615
2019.1849 39.2866
2019.1877 40.1517
2019.1904 40.1068
2019.1931 41.6120
2019.1959 43.6572
2019.1986 40.7324
2019.2014 41.7977
2019.2041 40.7130
2019.2068 39.6283
2019.2096 35.0936
2019.2123 39.3490
2019.2151 37.6744
2019.2178 40.3197
2019.2205 40.3651
2019.2233 39.1806
2019.2260 43.8260
2019.2288 41.5814
2019.2315 42.6069
2019.2342 42.2623
2019.2370 40.3277
2019.2397 42.8732
2019.2425 42.6886
2019.2452 40.3540
2019.2479 40.3196
2019.2507 42.8754
2019.2534 40.8514
2019.2562 39.8276
2019.2589 39.0440
2019.2616 42.7805
2019.2644 39.2772
2019.2671 42.2339
2019.2699 42.6107
2019.2726 41.4876
2019.2753 46.6944
2019.2781 34.9113
2019.2808 37.7881
2019.2836 35.8048
2019.2863 36.2014
2019.2890 39.7079
2019.2918 37.9743
2019.2945 40.6105
2019.2973 38.7165
2019.3000 39.3723
2019.3027 36.6678
2019.3055 39.6330
2019.3082 43.0780
2019.3110 44.4526
2019.3137 40.2768
2019.3164 39.4706
2019.3192 38.9141
2019.3219 40.8571
2019.3247 41.2496
2019.3274 40.0017
2019.3301 38.0532
2019.3329 37.1143
2019.3356 46.8049
2019.3384 47.1252
2019.3438 45.4345
2019.3466 46.0337
2019.3493 45.4226
2019.3521 44.1411
2019.3548 42.9694
2019.3575 44.9974
2019.3603 41.1852
2019.6178 43.2126
2019.6205 44.4074
2019.6233 39.6421
2019.6507 48.3992
2019.6534 50.6442
2019.6562 46.0493
2019.6589 42.5845
2019.6616 39.8898
2019.6644 37.6853
2019.6671 37.9209
2019.6699 43.4663
2019.6808 45.2679
2019.6836 44.2033
2019.6863 43.7488
2019.6890 41.6142
2019.6918 42.1897
2019.6945 39.8453
2019.6973 38.0909
2019.7000 34.9066
2019.7027 38.8125
2019.7055 41.7184
2019.7082 48.7945
2019.7110 46.7907
2019.7137 42.7570
2019.7164 42.2035
2019.7192 41.8702
2019.7219 44.7871
2019.7247 45.8742
2019.7274 41.3915
2019.7301 41.4090
2019.7329 41.4868
2019.7356 38.0048
2019.7384 40.1731
2019.7411 39.7717
2019.7438 42.5606
2019.7466 46.1598
2019.7493 46.7694
2019.7521 48.3101
2019.7548 46.3318
2019.7575 45.3846
2019.7630 43.0431
2019.7658 42.0287
2019.7685 42.9152
2019.7712 46.2324
2019.7740 42.0203
2019.7767 40.9889
2019.7794 39.7680
2019.7822 39.9078
2019.7849 41.1280
2019.7877 42.9787
2019.7904 43.5198
2019.7931 44.5412
2019.7959 46.3429
2019.7986 42.5048
2019.8014 40.3469
2019.8041 41.8191
2019.8068 36.9114
2019.8096 36.1937
2019.8123 34.9859
2019.8151 36.5881
2019.8178 36.1401
2019.8205 39.9918
2019.8233 39.9734
2019.8260 37.3846
2019.8288 40.9854
2019.8315 39.6458
2019.8342 40.4264
2019.8370 42.2477
2019.8397 40.6997
2019.8425 41.0523
2019.8534 49.6879
2019.8562 38.9528
2019.8589 35.3279
2019.8616 38.9833
2019.8644 43.0788
2019.8671 41.7644
2019.8699 43.3200
2019.8726 42.0256
2019.8753 40.5711
2019.8781 39.9864
2019.8808 38.1516
2019.8836 39.1965
2019.8863 36.6611
2019.8890 37.3952
2019.8918 32.5690
2019.8945 35.4422
2019.8973 38.2949
2019.9000 37.9370
2019.9027 40.0584
2019.9055 39.6590
2019.9082 41.8589
2019.9110 39.8279
2019.9137 34.2359
2019.9164 40.7326
2019.9192 41.6752
2019.9219 41.7134
2019.9247 40.6676
2019.9301 36.4852
2019.9329 39.5490
2019.9356 35.9900
2019.9384 36.6584
2019.9411 35.7944
2019.9438 38.9084
2019.9466 39.8907
2019.9493 38.4014
2019.9521 37.5010
2019.9548 35.7897
2019.9575 38.6978
2019.9603 36.0056
2019.9630 38.5333
2019.9658 38.0312
2019.9685 34.3797
2019.9712 38.9790
2019.9740 36.9693
2019.9767 40.7111
2019.9795 40.5045
2019.9822 38.9198
2019.9849 40.5174
2019.9877 43.5875
2019.9904 42.7003
2019.9931 42.2063
2019.9959 45.0356
2019.9986 39.2886
2020.0451 44.8252
2020.0478 40.9235
2020.0505 42.6219
2020.0533 39.1205
2020.0560 41.1791
2020.0587 41.3279
2020.0615 41.4668
2020.0642 43.0559
2020.0669 45.4451
2020.0697 41.8744
2020.0724 43.1138
2020.0751 45.4134
2020.0779 41.1332
2020.0806 44.2231
2020.0833 40.1231
2020.0861 43.5931
2020.0888 44.6731
2020.0915 43.9030
2020.0943 43.2630
2020.0970 42.1331
2020.0997 41.6331
2020.1025 41.2232
2020.1052 47.8133
2020.1079 43.1734
2020.1107 43.7136
2020.1134 43.9339
2020.1161 43.1142
2020.1189 43.5946
2020.1216 43.7250
2020.1243 43.6955
2020.1270 43.9562
2020.1298 39.1068
2020.1325 40.6376
2020.1352 40.5485
2020.1380 41.0295
2020.1407 43.2806
2020.1434 43.8719
2020.1462 43.1132
2020.1489 41.8547
2020.1516 43.1263
2020.1544 44.4881
2020.1571 43.7000
2020.1598 39.2721
2020.1626 46.0944
2020.1653 43.3876
2020.1680 41.4519
2020.1708 40.9273
2020.1735 40.5235
2020.1762 41.1206
2020.1790 41.2885
2020.1817 43.5470
2020.1844 45.4862
2020.1872 40.8358
2020.1899 43.9959
2020.1926 42.0864
2020.1954 43.9472
2020.1981 47.8181
2020.2008 47.9092
2020.2035 47.4804
2020.2063 47.2115
2020.2090 41.0224
2020.2117 42.1532
2020.2145 39.9437
2020.2172 42.6739
2020.2199 41.4236
2020.2227 40.6827
2020.2254 43.5513
2020.2281 47.7292
2020.2309 46.9664
2020.2336 47.6527
2020.2363 45.6681
2020.2391 46.9225
2020.2418 47.1558
2020.2445 46.0280
2020.2473 40.4492
2020.2500 40.2801
2020.2527 41.1409
2020.2555 42.8015
2020.2582 40.6718
2020.2609 43.9520
2020.2637 44.0820
2020.2664 46.1218
2020.2691 47.2514
2020.2719 44.5309
2020.2746 45.1702
2020.2773 50.0693
2020.2801 43.3683
2020.2828 47.3872
2020.2855 36.9359
2020.2882 38.7845
2020.2910 42.3529
2020.2937 44.7913
2020.2964 44.0295
2020.2992 45.8776
2020.3019 43.5056
2020.3046 43.3235
2020.3074 39.8114
2020.3101 44.2491
2020.3128 43.4768
2020.3156 44.9044
2020.6134 44.6224
2020.6325 36.3679
2020.6352 35.4776
2020.6407 34.2180
2020.6434 37.2587
2020.6462 44.4098
2020.6489 45.3013
2020.6516 40.7933
2020.6544 34.1059
2020.6598 40.1128
2020.6626 43.3373
2020.6653 46.8925
2020.6680 42.4280
2020.6708 43.3837
2020.6735 45.5096
2020.6762 48.9556
2020.6790 45.7619
2020.6817 43.8683
2020.6844 46.0748
2020.6872 48.7516
2020.6899 44.7584
2020.6926 44.0354
2020.6954 44.7225
2020.6981 41.6098
2020.7008 50.1371
2020.7035 43.6146
2020.7063 42.2322
2020.7090 45.6498
2020.7117 44.3876
2020.7145 40.0254
2020.7172 44.0034
2020.7199 45.6313
2020.7227 43.0394
2020.7254 40.4975
2020.7281 44.5856
2020.7309 41.3038
2020.7336 42.1220
2020.7363 41.9402
2020.7391 43.4085
2020.7418 41.8968
2020.7445 41.3250
2020.7473 42.4633
2020.7500 45.3716
2020.7527 47.1599
2020.7555 47.7583
2020.7582 43.0868
2020.7609 50.7954
2020.7637 48.9841
2020.7664 44.5029
2020.7691 45.4718
2020.7719 44.6708
2020.7746 44.4200
2020.7773 42.4993
2020.7801 43.6187
2020.7828 43.4183
2020.7855 47.2780
2020.7882 47.2279
2020.7910 47.2080
2020.7937 42.5583
2020.7964 46.2887
2020.7992 43.5694
2020.8019 43.1903
2020.8046 44.2413
2020.8074 42.8626
2020.8101 43.3441
2020.8128 44.2159
2020.8156 45.7879
2020.8183 37.1702
2020.8210 40.6927
2020.8238 41.3255
2020.8265 41.8286
2020.8292 41.4819
2020.8320 41.9856
2020.8347 39.6005
2020.8374 44.4271
2020.8402 48.5352
2020.8429 44.3648
2020.8456 39.2358
2020.8484 36.8180
2020.8511 36.2814
2020.8538 38.3458
2020.8566 35.1712
2020.8593 40.5073
2020.8620 37.4343
2020.8648 40.9518
2020.8675 40.0198
2020.8702 40.8983
2020.8729 38.5470
2020.8757 40.5360
2020.8784 37.9850
2020.8811 37.8641
2020.8839 35.6630
2020.8921 36.6480
2020.8948 36.8854
2020.8975 38.5322
2020.9003 36.7682
2020.9030 37.4434
2020.9057 36.7376
2020.9085 36.2208
2020.9112 38.3827
2020.9139 42.5234
2020.9167 35.8430
2020.9194 40.8420
2020.9221 36.2508
2020.9249 38.9493
2020.9276 40.3374
2020.9303 41.6953
2020.9331 36.3528
2020.9358 39.2400
2020.9385 41.8569
2020.9413 38.8435
2020.9440 38.4298
2020.9467 43.2358
2020.9495 41.9915
2020.9522 45.0769
2020.9549 46.6420
2020.9576 48.5268
2020.9604 45.6113
2020.9631 44.0356
2020.9658 44.2495
2020.9686 43.5431
2020.9713 46.8865
2020.9740 41.1095
2020.9768 45.1323
2020.9795 48.8248
2020.9822 45.9270
2020.9850 48.9989
2020.9877 45.7406
2020.9904 45.1020
2020.9932 49.4530
2020.9959 47.0539
2020.9986 46.9844
2021.0014 46.0745
2021.0041 46.6326
2021.0068 49.5787
2021.0096 50.9730
2021.0123 45.6556
2021.0151 45.1768
2021.0178 49.0066
2021.0205 47.0153
2021.0233 48.1130
2021.0260 48.0200
2021.0288 49.9263
2021.0315 46.0522
2021.0342 45.5179
2021.0370 45.3434
2021.0397 46.5290
2021.0425 43.4849
2021.0452 43.3212
2021.0479 45.8781
2021.0507 44.7257
2021.0534 43.3244
2021.0562 41.3141
2021.0589 43.6051
2021.0616 47.5576
2021.0644 48.7017
2021.0671 42.1876
2021.0699 46.1756
2021.0726 42.5056
2021.0753 38.6481
2021.0781 40.4930
2021.0808 38.2606
2021.0836 46.7696
2021.0863 42.9188
2021.0890 43.9382
2021.0918 45.0177
2021.0945 47.0374
2021.0973 47.5872
2021.1000 39.9272
2021.1027 43.3173
2021.1055 42.4875
2021.1082 45.9978
2021.1110 51.6282
2021.1137 45.6088
2021.1164 47.2594
2021.1192 47.9402
2021.1219 48.2410
2021.1247 48.3719
2021.1274 46.3029
2021.1301 46.6940
2021.1329 42.9551
2021.1356 42.2563
2021.1384 38.6376
2021.1411 44.7289
2021.1438 47.9002
2021.1466 49.1216
2021.1493 47.0131
2021.1521 47.4445
2021.1548 50.3060
2021.1575 49.2475
2021.1603 52.5190
2021.1630 49.3306
2021.1658 45.8522
2021.1685 44.6139
2021.1712 46.8357
2021.1740 49.7576
2021.1767 44.5496
2021.1795 45.7516
2021.1822 47.6837
2021.1849 44.3959
2021.1877 45.6380
2021.1904 50.5702
2021.1931 49.9025
2021.1959 48.1247
2021.1986 50.8570
2021.2014 45.1292
2021.2041 51.6015
2021.2068 50.5137
2021.2096 49.1059
2021.2123 48.9980
2021.2151 49.1701
2021.2178 48.9322
2021.2205 52.2842
2021.2233 47.6161
2021.2260 50.3379
2021.2288 51.8697
2021.2315 53.3114
2021.2342 54.2029
2021.2370 52.0944
2021.2397 50.9957
2021.2425 50.7469
2021.2452 54.8780
2021.2479 49.1184
2021.2507 49.3677
2021.2534 52.8659
2021.2562 51.6032
2021.2589 57.4295
2021.2616 55.7849
2021.2644 51.9696
2021.2671 48.3436
2021.2699 54.2169
2021.2726 48.4897
2021.2753 47.0120
2021.2781 50.5939
2021.2808 49.0754
2021.2836 49.0166
2021.2863 51.2276
2021.2890 55.0885
2021.2918 52.4093
2021.2945 45.4801
2021.2973 49.2510
2021.3000 46.9020
2021.6342 45.0902
2021.6370 46.9869
2021.6397 42.6735
2021.6425 47.2199
2021.6452 46.5261
2021.6479 44.3121
2021.6534 46.3031
2021.6562 47.8782
2021.6616 44.7370
2021.6644 46.9207
2021.6671 42.5440
2021.6699 41.6471
2021.6726 43.9699
2021.6753 42.7326
2021.6781 46.3251
2021.6808 48.1574
2021.6836 43.8395
2021.6863 50.0315
2021.6890 48.2934
2021.6918 50.1653
2021.6945 47.4270
2021.6973 50.0187
2021.7000 46.8003
2021.7027 50.8120
2021.7055 41.7936
2021.7082 48.8053
2021.7110 46.8870
2021.7137 44.2987
2021.7164 42.5305
2021.7192 47.6525
2021.7219 45.3245
2021.7247 49.3267
2021.7274 48.4990
2021.7301 52.6215
2021.7329 52.5141
2021.7356 50.7970
2021.7384 51.4901
2021.7411 50.4435
2021.7438 46.1771
2021.7466 46.1410
2021.7493 47.4652
2021.7521 45.3701
2021.7548 46.3755
2021.7575 47.1814
2021.7603 51.6379
2021.7630 52.2448
2021.7658 51.8822
2021.7685 52.6400
2021.7712 49.4681
2021.7740 44.9866
2021.7767 48.3453
2021.7794 46.0743
2021.7822 45.9436
2021.7849 51.0830
2021.7877 43.3125
2021.7904 44.7122
2021.7931 47.6820
2021.7959 47.6317
2021.7986 44.0115
2021.8014 43.5113
2021.8041 45.4810
2021.8068 47.1005
2021.8096 54.1200
2021.8123 47.5992
2021.8151 48.1283
2021.8178 46.3270
2021.8205 42.1555
2021.8233 42.9237
2021.8260 49.5515
2021.8288 42.6289
2021.8315 47.7059
2021.8342 41.4322
2021.8370 42.9376
2021.8397 41.7223
2021.8425 42.7662
2021.8452 45.3494
2021.8479 40.8920
2021.8507 45.1740
2021.8534 45.1455
2021.8562 43.0366
2021.8589 44.2273
2021.8616 41.9577
2021.8644 46.1678
2021.8671 43.9277
2021.8699 43.4975
2021.8726 46.3273
2021.8753 51.2870
2021.8781 47.2167
2021.8808 43.6966
2021.8836 46.5166
2021.8863 46.0169
2021.8918 50.1083
2021.8945 45.9796
2021.8973 49.0914
2021.9000 44.6337
2021.9027 49.1666
2021.9055 49.2901
2021.9082 50.5144
2021.9110 52.5994
2021.9137 53.4453
2021.9164 52.9922
2021.9192 56.0715
2021.9219 58.9632
2021.9247 43.1672
2021.9274 54.0232
2021.9301 52.6911
2021.9329 49.4007
2021.9356 46.8218
2021.9384 49.0543
2021.9411 52.6680
2021.9438 52.4327
2021.9466 52.4082
2021.9493 50.2044
2021.9521 38.9110
2021.9548 52.2580
2021.9575 49.7651
2021.9603 53.3422
2021.9630 55.7591
2021.9658 52.6855
2021.9685 55.1214
2021.9712 44.5766
2021.9740 43.6609
2021.9767 54.0541
2021.9795 52.4960
2021.9822 54.0265
2021.9849 56.0054
2021.9877 57.1125
2021.9904 51.7676
2021.9931 55.5706
2021.9959 54.1913
2021.9986 51.2696
2022.0014 56.0654
2022.0041 53.9904
2022.0068 53.8048
2022.0096 54.8787
2022.0123 49.2621
2022.0151 48.2051
2022.0178 51.8177
2022.0205 56.4700
2022.0233 55.7219
2022.0260 56.6836
2022.0288 57.5751
2022.0315 52.8064
2022.0342 53.5275
2022.0370 51.7285
2022.0397 52.4195
2022.0425 52.8005
2022.0452 54.3114
2022.0479 55.2525
2022.0507 53.6136
2022.0534 55.5749
2022.0562 52.9364
2022.0589 52.6482
2022.0616 48.3402
2022.0644 51.7025
2022.0671 54.6052
2022.0699 55.6982
2022.0726 56.1317
2022.0753 51.0157
2022.0781 54.8803
2022.0808 55.9953
2022.0836 58.1108
2022.0863 53.8065
2022.0890 54.3324
2022.0918 55.3885
2022.0945 50.9448
2022.0973 56.0512
2022.1000 55.4677
2022.1027 57.3344
2022.1055 48.6911
2022.1082 57.8879
2022.1110 50.3648
2022.1137 52.5017
2022.1164 54.1087
2022.1192 55.4657
2022.1219 56.0326
2022.1247 53.6795
2022.1274 48.9564
2022.1301 51.7732
2022.1329 53.7800
2022.1356 55.9267
2022.1384 52.6232
2022.1411 59.7096
2022.1438 52.6259
2022.1466 56.5020
2022.1493 51.5779
2022.1521 50.9436
2022.1548 53.3092
2022.1575 54.7444
2022.1603 53.8895
2022.1630 53.0442
2022.1658 54.7685
2022.1685 54.8225
2022.1712 57.4060
2022.1740 56.3892
2022.1767 55.1521
2022.1795 58.9245
2022.1822 56.1267
2022.1849 56.7085
2022.1877 57.2001
2022.1904 59.0313
2022.1931 56.5823
2022.1959 56.9630
2022.1986 57.6235
2022.2014 55.3838
2022.2041 54.3938
2022.2068 57.1037
2022.2096 57.4633
2022.2123 61.2828
2022.2151 63.6922
2022.2178 61.0013
2022.2205 53.6004
2022.2233 60.8094
2022.2260 61.6282
2022.2288 58.0270
2022.2315 56.2157
2022.2342 54.6544
2022.2370 55.1730
2022.3548 49.6873
2022.3575 50.5729
2022.3603 50.7789
2022.3630 54.2953
2022.3658 54.9419
2022.3685 53.1687
2022.3712 51.4356
2022.3740 58.9827
2022.3767 53.4198
2022.3794 56.2768
2022.3822 51.2939
2022.3849 52.6708
2022.3877 54.5875
2022.3904 57.9840
2022.3931 51.3403
2022.3959 51.4062
2022.3986 54.2417
2022.4014 50.0368
2022.4041 44.7614
2022.4068 52.9755
2022.4096 47.3290
2022.4123 55.6718
2022.4151 53.4444
2022.4178 51.3172
2022.4205 50.4100
2022.4233 52.3830
2022.4260 53.8161
2022.4288 52.0693
2022.4315 48.6125
2022.4342 54.8657
2022.4370 54.6890
2022.4397 60.1522
2022.4425 59.9953
2022.4452 56.3484
2022.4479 53.6814
2022.4507 52.3743
2022.4534 51.0370
2022.4562 50.7596
2022.4589 51.2720
2022.4616 47.7841
2022.4644 52.1061
2022.4671 53.1678
2022.4699 50.8292
2022.4726 52.2403
2022.4753 52.9411
2022.4781 55.4215
2022.4808 59.1515
2022.4836 58.6112
2022.4863 53.5304
2022.4890 52.9593
2022.4918 56.1676
2022.4945 54.5454
2022.4973 51.5928
2022.5000 53.0595
2022.5027 51.8057
2022.5055 55.7414
2022.5082 56.9666
2022.5110 55.5814
2022.5137 55.4257
2022.5164 55.7997
2022.5192 57.0834
2022.5219 58.1667
2022.5247 54.8998
2022.5274 54.4627
2022.5301 50.0053
2022.5329 52.1079
2022.5356 61.6002
2022.5384 58.5126
2022.5411 59.3848
2022.5438 54.8671
2022.5466 54.4494
2022.5493 57.0117
2022.5521 56.6741
2022.5548 55.1967
2022.5575 54.5695
2022.5603 54.1524
2022.5630 55.7156
2022.5658 56.4490
2022.5685 52.5128
2022.5712 51.7769
2022.5740 50.6315
2022.5767 50.8364
2022.5794 49.9018
2022.5822 49.5876
2022.5849 49.3035
2022.5877 54.1595
2022.5904 51.9955
2022.5931 62.3715
2022.5959 57.2576
2022.5986 54.2637
2022.6014 58.3099
2022.6041 57.8661
2022.6068 57.5523
2022.6096 51.6585
2022.6123 54.8748
2022.6151 53.2812
2022.6178 53.2575
2022.6205 53.6939
2022.6233 53.2003
2022.6260 52.9767
2022.6288 53.8032
2022.6315 55.7597
2022.6342 52.3962
2022.6370 56.1427
2022.6397 56.9192
2022.6425 60.7858
2022.6452 54.0023
2022.6479 52.0789
2022.6507 52.8255
2022.6534 56.7322
2022.6562 57.5588
2022.6589 59.1454
2022.6616 57.8321
2022.6644 53.1588
2022.6671 56.0156
2022.6699 59.7826
2022.6726 59.2999
2022.6753 56.3875
2022.6781 54.5252
2022.6808 56.6032
2022.6836 60.2013
2022.6863 64.0896
2022.6890 58.7980
2022.6918 57.4265
2022.6945 58.7452
2022.6973 56.5039
2022.7000 58.9027
2022.7027 60.8415
2022.7055 57.2004
2022.7082 59.3493
2022.7110 54.9381
2022.7137 53.9070
2022.7164 52.0258
2022.7192 54.5546
2022.7219 55.4132
2022.7247 54.5918
2022.7274 53.5903
2022.7301 52.9886
2022.7329 57.1368
2022.7356 54.5849
2022.7384 58.0427
2022.7411 60.4103
2022.7438 57.0977
2022.7466 57.5749
2022.7493 55.0516
2022.7521 53.5265
2022.7548 54.0095
2022.7575 52.0108
2022.7603 53.5105
2022.7630 51.4887
2022.7658 55.5755
2022.7685 55.2410
2022.7712 60.5755
2022.7740 59.0789
2022.7767 55.7215
2022.7794 58.2733
2022.7822 57.0845
2022.7849 51.9352
2022.7877 57.2455
2022.7904 55.5256
2022.7931 58.6955
2022.7959 53.9155
2022.7986 55.1256
2022.8014 53.3659
2022.8041 53.1665
2022.8068 52.4677
2022.8096 48.3695
2022.8123 49.5721
2022.8151 52.9455
2022.8178 51.7999
2022.8205 52.3154
2022.8233 52.3022
2022.8260 49.2303
2022.8288 50.1100
2022.8315 53.9912
2022.8342 51.7242
2022.8370 53.0091
2022.8397 52.4556
2022.8425 55.4637
2022.8452 54.9532
2022.8479 49.6740
2022.8507 52.3260
2022.8534 56.1290
2022.8562 55.6730
2022.8589 50.7278
2022.8616 51.7133
2022.8644 55.8894
2022.8671 55.4959
2022.8699 56.9827
2022.8726 55.5997
2022.8753 55.6868
2022.8781 51.9038
2022.8808 60.3607
2022.8836 54.5872
2022.8863 56.1533
2022.8890 56.5489
2022.8918 59.3038
2022.8945 61.9079
2022.8973 61.6010
2022.9000 56.6832
2022.9027 53.7741
2022.9055 54.4438
2022.9082 55.0920
2022.9110 60.6388
2022.9137 53.8838
2022.9164 54.8372
2022.9192 53.5398
2022.9219 51.0618
2022.9247 52.3031
2022.9274 51.5037
2022.9301 54.5038
2022.9329 55.5031
2022.9356 55.4819
2022.9384 53.8500
2022.9411 59.7575
2022.9438 59.5444
2022.9466 53.3506
2022.9493 57.8162
2022.9521 59.3412
2022.9548 56.5855
2022.9575 55.9393
2022.9603 55.9424
2022.9630 57.6149
2022.9658 54.6668
2022.9685 59.8481
2022.9712 54.7588
2022.9740 58.2989
2022.9767 57.4983
2022.9795 56.5872
2022.9822 59.0755
2022.9849 56.6332
2022.9877 56.7003
2022.9904 57.2467
2022.9931 57.4626
2022.9959 55.5779
2022.9986 55.7627
