2009.2493 0.2769
2009.2521 2.6623
2009.2548 4.7074
2009.2575 7.0522
2009.2603 5.7566
2009.2630 6.1907
2009.2658 8.2446
2009.2685 7.6482
2010.0000 6.4577
2010.0027 5.4104
2010.0055 0.6630
2010.0082 4.3656
2010.0110 5.0082
2010.0137 7.1907
2010.0164 2.6332
2010.0192 4.3356
2010.0219 4.4380
2010.0247 2.3303
2010.0274 4.9727
2010.0301 5.9450
2010.0329 4.0572
2010.0356 2.7494
2010.0384 3.9916
2010.0411 2.3138
2010.0438 1.3660
2010.0466 1.7681
2010.0493 -1.3198
2010.0521 4.6023
2010.0548 5.5944
2010.0575 3.1264
2010.0603 2.6685
2010.0630 1.1905
2010.0658 4.1826
2010.0685 2.7446
2010.0712 5.1866
2010.0740 5.7286
2010.0767 2.3106
2010.0795 5.4826
2010.0822 5.8046
2010.0849 3.6764
2010.0877 7.3280
2010.0904 2.4294
2010.0932 4.8207
2010.0959 6.9518
2010.0986 3.0628
2010.1014 3.9238
2010.1041 4.1246
2010.1068 8.1354
2010.1096 7.0062
2010.1123 5.9170
2010.1151 4.7678
2010.1178 7.9287
2010.1205 4.2496
2010.1233 6.8705
2010.1260 4.6316
2010.1288 9.3528
2010.1315 6.4642
2010.1342 6.8357
2010.1370 6.7374
2010.1397 4.9693
2010.1425 3.1314
2010.1452 5.9238
2010.1479 6.4065
2010.1507 10.5294
2010.1534 9.7627
2010.1562 10.2863
2010.1589 10.7003
2010.1616 11.5246
2010.1644 6.6297
2010.1671 8.8157
2010.1699 8.2228
2010.1726 3.7306
2010.1753 6.4694
2010.1781 6.0589
2010.1808 8.6191
2010.1836 10.0401
2010.1863 7.8616
2010.1890 2.4237
2010.1918 6.1763
2010.1945 4.6394
2010.1973 2.3029
2010.2000 5.6467
2010.2027 1.8208
2010.2055 4.2452
2010.2082 3.8098
2010.2110 5.7544
2010.2137 1.2092
2010.2164 8.1740
2010.2192 -0.4212
2010.2219 4.6835
2010.2247 4.3380
2010.2274 1.3724
2010.2301 7.0365
2010.2329 5.1703
2010.2356 7.7237
2010.2384 5.0368
2010.2411 6.4194
2010.2438 2.8915
2010.2466 3.1930
2010.2493 9.7839
2010.2521 3.2942
2010.2548 7.4640
2010.2575 8.0134
2010.2603 4.0824
2010.2630 1.8311
2010.2658 6.2696
2010.2685 6.3578
2010.2712 7.4459
2010.2740 4.1138
2010.2767 6.9018
2010.2795 2.2298
2010.2822 7.5279
2010.2849 5.0661
2010.2877 5.0546
2010.2904 2.4833
2010.2932 -0.3576
2010.2959 -4.6682
2010.2986 5.0317
2010.3014 8.2521
2010.3041 -1.4669
2010.3068 9.1747
2010.3096 11.0270
2010.3123 9.6500
2010.3151 8.3439
2010.3178 5.4086
2010.3205 -1.6258
2010.3233 -1.7991
2010.3260 -0.7615
2010.3288 0.4873
2010.3315 2.9168
2010.3342 5.1165
2010.3370 4.7164
2010.3397 4.2266
2010.3425 2.9170
2010.3452 2.8076
2010.3479 3.6883
2010.3507 1.7992
2010.3534 3.5503
2010.3562 3.6515
2010.3589 5.0028
2010.3616 2.2243
2010.3644 1.1158
2010.3671 1.0174
2010.3699 -0.3309
2010.3726 4.6308
2010.3753 6.2126
2010.3781 8.1844
2010.3808 4.2563
2010.3836 2.4481
2010.3863 3.9499
2010.3890 7.5917
2010.3918 5.0735
2010.3945 9.3052
2010.3973 4.3568
2010.4000 9.3884
2010.4027 14.5398
2010.4055 -6.4688
2010.4082 0.4724
2010.4110 10.8335
2010.4137 12.1345
2010.4164 7.1154
2010.4192 8.2464
2010.4219 15.1674
2010.4247 15.7083
2010.4274 10.4892
2010.4301 7.0502
2010.4329 1.1311
2010.4356 9.5120
2010.4384 5.3330
2010.4411 4.4839
2010.4438 9.7748
2010.4466 6.8857
2010.4493 6.2966
2010.4521 4.5176
2010.4548 6.1585
2010.4575 6.9894
2010.4603 12.8703
2010.4630 7.6212
2010.4658 7.5420
2010.4685 3.5729
2010.4712 4.0838
2010.4740 4.1847
2010.4767 -2.4244
2010.4795 4.5664
2010.4822 5.8073
2010.4849 7.0082
2010.4877 7.6290
2010.4904 7.9399
2010.4932 6.4407
2010.4959 8.7416
2010.4986 7.1824
2010.5014 6.7330
2010.5041 7.5836
2010.5068 9.2341
2010.5096 7.1045
2010.5123 4.0647
2010.5151 0.5248
2010.5178 7.2048
2010.5205 5.9346
2010.5233 3.6244
2010.5260 7.6639
2010.5288 5.3233
2010.5315 -2.6074
2010.5342 2.0717
2010.5370 3.9406
2010.5397 0.4694
2010.5425 7.6980
2010.5452 7.9464
2010.5479 7.9047
2010.5507 11.0527
2010.5534 9.9006
2010.5562 8.7882
2010.5589 8.4857
2010.5616 11.6129
2010.5644 11.3800
2010.6712 4.9487
2010.6795 9.0988
2010.6822 10.5891
2010.6849 12.2896
2010.6877 7.5803
2010.7041 5.6895
2010.7096 9.9752
2010.7178 -6.2231
2010.7205 -3.4183
2010.7288 8.2195
2010.7315 1.4865
2010.7370 -7.5876
2010.7589 4.5826
2010.7699 13.3862
2010.7726 3.1700
2010.7753 3.0648
2010.7781 3.6003
2010.7808 4.3266
2010.7836 2.8935
2010.7863 -0.4491
2010.7890 0.1786
2010.7918 -1.0333
2010.8082 5.4648
2010.8110 5.4618
2010.8137 7.8882
2010.8164 9.0339
2010.8219 5.5928
2010.8247 10.9458
2010.8767 9.6530
2010.8795 10.5494
2010.8822 11.7649
2010.8849 4.5692
2010.8877 10.5522
2010.8904 12.0440
2010.8932 12.2343
2010.8959 9.7631
2010.8986 7.5203
2010.9014 7.2258
2010.9041 7.9094
2010.9068 5.0912
2010.9096 8.4109
2010.9123 10.9686
2010.9151 9.4241
2010.9178 9.4783
2010.9205 6.3122
2010.9233 4.7560
2010.9260 6.6995
2010.9288 5.7729
2010.9315 5.8660
2010.9342 3.0490
2010.9370 3.6318
2010.9397 2.6744
2010.9425 5.3469
2010.9452 9.6493
2010.9479 6.3615
2010.9507 7.4736
2010.9534 3.2556
2010.9562 3.5675
2010.9589 9.6492
2010.9616 6.1110
2010.9644 6.2426
2010.9671 4.1342
2010.9699 4.6557
2010.9726 3.1172
2010.9753 2.4486
2010.9781 4.3201
2010.9808 5.6915
2010.9836 6.5529
2010.9863 5.2543
2010.9890 3.9057
2010.9918 5.3972
2010.9945 3.7887
2010.9973 6.3302
2011.0000 2.4818
2011.0027 3.5433
2011.0055 7.6447
2011.0082 6.7360
2011.0110 9.3172
2011.0137 7.6782
2011.0164 4.9491
2011.0192 6.9200
2011.0219 8.8608
2011.0247 3.2915
2011.0274 6.9422
2011.0301 -1.1671
2011.0329 1.9636
2011.0356 7.5842
2011.0384 4.9949
2011.0411 6.5456
2011.0438 7.9263
2011.0466 6.1871
2011.0493 7.7879
2011.0521 10.4888
2011.0548 9.9298
2011.0575 8.1909
2011.0603 -0.8878
2011.0630 10.9735
2011.0658 10.3950
2011.0685 8.7867
2011.0712 7.8685
2011.0740 8.8705
2011.0767 8.0727
2011.0795 7.0452
2011.0822 4.3981
2011.0849 10.1034
2011.0877 10.5112
2011.0904 3.8712
2011.0932 10.4535
2011.0959 9.9777
2011.0986 5.0537
2011.1014 2.3714
2011.1041 7.5305
2011.1068 6.8110
2011.1096 10.6126
2011.1123 8.0452
2011.1151 7.7586
2011.1178 -2.6273
2011.1205 3.4373
2011.1233 11.7222
2011.1260 7.4972
2011.1288 9.5922
2011.1315 7.4171
2011.1342 6.7416
2011.1370 8.1756
2011.1397 8.1390
2011.1425 13.4815
2011.1452 11.4930
2011.1479 12.9233
2011.1507 13.3224
2011.1534 11.8899
2011.1562 14.2657
2011.1589 9.7797
2011.1616 7.9517
2011.1644 13.9026
2011.1671 10.7632
2011.1699 9.3636
2011.1726 12.2937
2011.1753 10.9636
2011.1781 13.3332
2011.1808 9.3227
2011.1836 8.8619
2011.1863 8.1508
2011.1890 6.5996
2011.1918 4.7381
2011.1945 7.7164
2011.1973 7.4745
2011.2000 7.4523
2011.2027 10.6700
2011.2055 11.1775
2011.2082 8.9747
2011.2110 9.2018
2011.2137 9.7286
2011.2164 9.9853
2011.2192 10.9217
2011.2219 4.6680
2011.2247 5.9041
2011.2274 1.6300
2011.2301 4.4157
2011.2329 4.5012
2011.2356 5.9766
2011.2384 6.2518
2011.2411 6.2068
2011.2438 7.8916
2011.2466 4.6662
2011.2493 7.7199
2011.2521 7.4427
2011.2548 4.7746
2011.2575 5.1357
2011.2603 6.6261
2011.2630 7.0559
2011.2658 12.0151
2011.2685 9.4239
2011.2712 8.3922
2011.2740 10.7201
2011.2767 9.0478
2011.2795 12.0252
2011.2822 10.1125
2011.2849 13.0598
2011.2877 6.6770
2011.2904 8.2843
2011.2932 9.1318
2011.2959 9.7895
2011.2986 7.7374
2011.3014 7.4658
2011.3041 10.9445
2011.3068 5.4738
2011.3096 -3.1764
2011.3123 5.2641
2011.3151 5.7352
2011.3178 7.8272
2011.3205 6.0600
2011.3233 10.1638
2011.3260 10.0885
2011.3288 12.5543
2011.3315 12.1418
2011.3342 14.3313
2011.3370 5.5327
2011.3397 8.0459
2011.3425 8.3707
2011.3452 7.6870
2011.3479 12.9246
2011.3507 14.9235
2011.3534 13.3134
2011.3562 10.2242
2011.3589 11.8658
2011.3616 13.1980
2011.3644 16.4508
2011.3671 17.4738
2011.3699 3.5071
2011.3726 -1.8495
2011.3753 17.1337
2011.3781 11.8268
2011.3808 8.5495
2011.3836 13.7016
2011.3863 12.3232
2011.3890 17.7939
2011.3918 16.1937
2011.3945 16.7524
2011.3973 9.4100
2011.4000 4.0761
2011.4027 9.5508
2011.4055 4.7038
2011.4082 12.0350
2011.4110 12.0643
2011.4137 10.7718
2011.4164 9.1889
2011.4192 8.6858
2011.4219 9.9126
2011.4247 13.0192
2011.4274 13.5457
2011.4301 14.6720
2011.4329 14.8981
2011.4356 12.5440
2011.4384 16.5797
2011.4411 16.5152
2011.4438 8.9705
2011.4466 5.9057
2011.4493 6.6406
2011.4521 7.9352
2011.4548 10.3697
2011.4575 10.7239
2011.4603 9.7779
2011.4630 12.8717
2011.4658 16.3652
2011.4685 10.3984
2011.4712 5.5614
2011.4740 7.6741
2011.4767 7.7966
2011.4795 15.4388
2011.4822 11.9507
2011.4849 9.3123
2011.4877 5.6736
2011.4904 10.0847
2011.4932 4.2954
2011.4959 5.0658
2011.4986 8.9760
2011.5014 7.8758
2011.5041 12.7055
2011.5068 13.2449
2011.5096 9.5441
2011.5123 10.1331
2011.5151 8.8119
2011.5178 5.4406
2011.5205 7.6692
2011.5233 4.2477
2011.5260 7.2261
2011.5288 10.0444
2011.5753 -0.7455
2011.5973 -2.5855
2011.6055 2.6813
2011.6082 0.0139
2011.6110 -6.8934
2011.6137 -7.9205
2011.6247 7.1126
2011.6274 -2.9137
2011.6301 -6.3099
2011.6438 -4.7089
2011.6466 0.5256
2011.6493 -7.5896
2011.6795 -8.3281
2011.6904 -6.2788
2011.6959 6.3877
2011.6986 6.6063
2011.7014 -1.1047
2011.7041 5.9246
2011.7123 -2.7954
2011.7151 0.1653
2011.7178 -0.2837
2011.7205 3.4978
2011.7233 4.2095
2011.7260 8.7217
2011.7288 9.9843
2011.7315 3.3772
2011.7342 5.8606
2011.7370 5.6743
2011.7397 4.4485
2011.7425 1.9131
2011.7452 4.2581
2011.7479 5.3536
2011.7507 -0.2803
2011.7534 -0.8034
2011.7562 -0.5959
2011.7589 5.5624
2011.7616 4.8212
2011.7644 3.3106
2011.7671 0.9405
2011.7699 7.2808
2011.7726 4.4115
2011.7753 2.9625
2011.7781 7.6638
2011.7808 1.2554
2011.7836 5.0371
2011.7863 3.3889
2011.7890 4.4907
2011.7918 2.5126
2011.7945 4.6244
2011.7973 8.3961
2011.8000 -2.8124
2011.8027 2.5889
2011.8055 1.2699
2011.8082 -2.6094
2011.8110 9.5009
2011.8137 12.5708
2011.8164 12.7602
2011.8192 4.6390
2011.8219 3.3472
2011.8247 5.6448
2011.8274 9.0616
2011.8301 11.7177
2011.8329 8.0530
2011.8356 5.9083
2011.8384 6.1935
2011.8411 3.2787
2011.8438 3.6338
2011.8466 0.0390
2011.8493 3.6641
2011.8521 -1.2108
2011.8548 3.6943
2011.8575 8.9793
2011.8603 13.2244
2011.8630 6.6494
2011.8658 3.6544
2011.8685 8.0594
2011.8712 8.8844
2011.8740 4.7894
2011.8767 4.5744
2011.8795 5.4793
2011.8822 8.3242
2011.8849 9.2591
2011.8877 3.2241
2011.8904 6.8590
2011.8932 5.4538
2011.8959 5.6487
2011.8986 2.9536
2011.9014 8.6484
2011.9041 9.8433
2011.9068 10.9281
2011.9096 11.0930
2011.9123 12.7878
2011.9151 12.8526
2011.9178 10.6975
2011.9205 11.1325
2011.9233 2.6275
2011.9260 9.4326
2011.9288 8.8178
2011.9315 10.7330
2011.9342 16.6082
2011.9370 13.1935
2011.9397 6.7788
2011.9425 5.9940
2011.9452 8.1592
2011.9479 11.5844
2011.9507 18.9296
2011.9534 11.4846
2011.9562 11.2596
2011.9589 13.8846
2011.9616 4.6294
2011.9644 5.1141
2011.9671 12.6687
2011.9699 10.1232
2011.9726 13.4275
2011.9753 15.9617
2011.9781 9.4456
2011.9808 12.0694
2011.9836 2.6230
2011.9863 14.6264
2011.9890 12.9196
2011.9918 12.1225
2011.9945 11.4952
2011.9973 11.4276
2012.0000 9.3498
2012.0027 9.8712
2012.0055 10.3113
2012.0082 12.2002
2012.0109 13.6381
2012.0137 14.3149
2012.0164 12.7507
2012.0191 9.8857
2012.0219 9.6198
2012.0246 3.7832
2012.0273 15.9159
2012.0301 9.5080
2012.0328 7.3296
2012.0355 10.2507
2012.0383 13.4714
2012.0410 12.8919
2012.0437 12.5120
2012.0464 12.7120
2012.0492 12.3319
2012.0519 13.4417
2012.0546 7.4316
2012.0574 10.4216
2012.0601 11.0418
2012.0628 13.3022
2012.0656 10.2530
2012.0683 15.6941
2012.0710 16.8657
2012.0738 16.2179
2012.0765 13.1206
2012.0792 9.2640
2012.0820 12.8581
2012.0847 14.4924
2012.0874 14.3966
2012.0902 13.6509
2012.0929 12.1452
2012.0956 13.5295
2012.0984 3.4539
2012.1011 9.3682
2012.1038 14.8527
2012.1093 15.6217
2012.1120 16.2063
2012.1148 15.0909
2012.1175 15.0056
2012.1202 17.8604
2012.1230 13.2853
2012.1257 15.5903
2012.1284 5.1653
2012.1311 14.2405
2012.1339 14.0657
2012.1366 12.3511
2012.1393 14.2466
2012.1421 14.8522
2012.1448 12.1479
2012.1475 12.9937
2012.1503 15.2397
2012.1530 12.9858
2012.1557 18.5420
2012.1585 13.9684
2012.1612 13.8150
2012.1639 11.5520
2012.1667 14.9401
2012.1694 11.0090
2012.1721 14.3488
2012.1749 11.6495
2012.1776 15.4508
2012.1803 13.0029
2012.1831 12.3955
2012.1858 8.5786
2012.1885 14.3822
2012.1913 12.1762
2012.1940 11.9006
2012.1967 11.9451
2012.1995 7.3199
2012.2022 10.6748
2012.2049 9.8097
2012.2077 12.6147
2012.2104 14.1595
2012.2131 11.1642
2012.2158 12.0887
2012.2186 12.8729
2012.2213 10.0467
2012.2240 10.1901
2012.2268 7.6531
2012.2295 5.6454
2012.2322 6.2572
2012.2350 11.5982
2012.2377 6.3185
2012.2404 4.2580
2012.2432 5.4566
2012.2459 4.9742
2012.2486 6.1912
2012.2514 7.2776
2012.2541 8.0436
2012.2568 6.5991
2012.2596 6.9743
2012.2623 5.7191
2012.2650 3.8036
2012.2678 7.4578
2012.2705 10.9617
2012.2732 15.5954
2012.2760 13.4990
2012.2787 9.0825
2012.2814 14.9958
2012.2842 12.3491
2012.2869 10.8524
2012.2896 11.4157
2012.2923 9.7291
2012.2951 10.1825
2012.2978 7.6461
2012.3005 13.0699
2012.3033 16.6038
2012.3060 17.8381
2012.3087 18.2126
2012.3115 21.0474
2012.3142 15.5826
2012.3169 15.1182
2012.3197 21.2742
2012.3224 17.2407
2012.3251 15.8677
2012.3279 15.5553
2012.3306 17.0833
2012.3333 12.9515
2012.3361 15.8198
2012.3388 15.8783
2012.3415 12.8768
2012.3443 11.3354
2012.3470 15.5640
2012.3497 17.3328
2012.3525 20.4216
2012.3552 16.0404
2012.3579 18.3693
2012.3607 12.9982
2012.3634 22.2771
2012.3661 17.4761
2012.3689 16.1450
2012.3716 14.6139
2012.3743 12.3329
2012.3770 11.1618
2012.3798 13.0106
2012.3825 7.1795
2012.3852 7.7082
2012.3880 11.7469
2012.3907 9.8856
2012.3934 13.8441
2012.3962 19.1426
2012.3989 17.4010
2012.4016 17.5293
2012.4044 15.2074
2012.4071 14.6154
2012.4098 15.5233
2012.4126 16.5011
2012.4153 20.1787
2012.4180 15.2063
2012.4208 18.8239
2012.4235 18.6714
2012.4262 17.3689
2012.4290 19.9864
2012.4317 19.3038
2012.4344 22.7912
2012.4372 19.4485
2012.4399 20.0659
2012.4426 15.2032
2012.4454 14.8105
2012.4481 17.7978
2012.4508 14.3450
2012.4536 16.2323
2012.4563 16.2995
2012.4590 15.8168
2012.4617 17.4440
2012.4645 15.8913
2012.4672 12.7786
2012.4699 15.3958
2012.4727 13.9031
2012.4754 17.6804
2012.4781 14.4577
2012.4809 13.5851
2012.4836 11.6324
2012.4863 13.0198
2012.4891 12.7972
2012.4918 8.7047
2012.4945 8.2521
2012.4973 11.5297
2012.5000 12.6073
2012.5027 13.1949
2012.5055 17.5527
2012.5082 15.1105
2012.5109 16.9084
2012.5137 14.6664
2012.5164 19.2745
2012.6202 11.0544
2012.6230 12.0068
2012.6448 15.1287
2012.6557 11.2894
2012.6585 15.2444
2012.6612 12.3281
2012.6639 21.5804
2012.6667 17.0718
2012.6694 17.6830
2012.6721 13.6140
2012.6749 17.1550
2012.6776 12.1158
2012.6803 11.2564
2012.6831 7.2969
2012.6858 5.9872
2012.6885 12.4874
2012.6913 14.7474
2012.6940 12.8672
2012.6967 11.4968
2012.6995 9.6863
2012.7022 14.2656
2012.7049 14.7546
2012.7077 16.0035
2012.7104 12.6122
2012.7131 14.1206
2012.7158 4.9888
2012.7186 4.0068
2012.7213 6.4146
2012.7240 2.6421
2012.7268 5.4894
2012.7295 7.2564
2012.7322 8.9832
2012.7350 8.8997
2012.7377 11.1160
2012.7404 11.6720
2012.7432 4.6677
2012.7459 2.7431
2012.7486 5.4983
2012.7514 3.0733
2012.7541 5.4584
2012.7568 4.0534
2012.7596 9.0984
2012.7623 6.3034
2012.7650 7.4283
2012.7678 10.3133
2012.7705 13.1582
2012.7732 11.1931
2012.7760 9.0081
2012.7787 6.2030
2012.7814 12.6379
2012.7842 11.8228
2012.7869 11.1877
2012.7896 10.7525
2012.7923 10.3874
2012.7951 9.8123
2012.7978 6.6872
2012.8005 10.5921
2012.8033 9.7770
2012.8060 11.6119
2012.8087 14.7968
2012.8115 12.0518
2012.8142 16.6167
2012.8169 16.7216
2012.8197 15.4466
2012.8224 11.7716
2012.8251 11.3166
2012.8279 9.8716
2012.8306 13.2066
2012.8333 14.9817
2012.8361 13.9968
2012.8388 14.0520
2012.8415 9.2173
2012.8443 14.1326
2012.8470 14.1579
2012.8497 10.1733
2012.8525 15.1887
2012.8552 12.1841
2012.8579 9.7896
2012.8607 7.4251
2012.8634 5.7906
2012.8661 9.6961
2012.8689 13.0616
2012.8716 13.1271
2012.8743 13.9426
2012.8770 7.3081
2012.8798 4.9636
2012.8825 10.1390
2012.8852 11.6945
2012.8880 12.7999
2012.8907 18.8152
2012.8934 14.5805
2012.8962 10.5758
2012.8989 15.4210
2012.9016 11.0462
2012.9044 11.9713
2012.9071 12.5963
2012.9098 10.0713
2012.9126 15.4062
2012.9153 13.0310
2012.9180 14.1651
2012.9208 12.8579
2012.9235 13.5196
2012.9262 16.9602
2012.9290 11.1899
2012.9317 15.4386
2012.9344 13.1165
2012.9372 15.9636
2012.9399 16.5900
2012.9426 14.3158
2012.9454 14.2410
2012.9481 8.3058
2012.9508 10.8302
2012.9536 14.8442
2012.9563 16.1280
2012.9590 14.8416
2012.9617 15.8051
2012.9645 15.9186
2012.9672 13.1921
2012.9699 10.9558
2012.9727 11.8296
2012.9754 14.2637
2012.9781 15.5981
2012.9809 14.6029
2012.9836 14.0983
2012.9863 13.3441
2012.9891 13.1107
2012.9918 15.2779
2012.9945 13.5659
2012.9973 15.4147
2013.0000 12.3245
2013.0027 11.4848
2013.0055 12.5153
2013.0082 13.1459
2013.0110 12.7666
2013.0137 11.1375
2013.0164 15.8485
2013.0192 16.9696
2013.0219 13.9709
2013.0247 17.8523
2013.0274 16.1839
2013.0301 12.8655
2013.0329 14.5773
2013.0356 18.3492
2013.0384 15.5012
2013.0411 12.7033
2013.0438 16.5956
2013.0466 11.4879
2013.0493 11.3904
2013.0521 11.8830
2013.0548 11.7957
2013.0575 11.9484
2013.0603 12.7013
2013.0630 9.0043
2013.0658 18.0874
2013.0685 16.6606
2013.0712 13.6338
2013.0740 10.2372
2013.0767 15.6206
2013.0795 15.5242
2013.0822 16.9278
2013.0849 15.2916
2013.0877 17.0456
2013.0904 15.1997
2013.0932 13.9041
2013.0959 15.1987
2013.0986 18.1534
2013.1014 15.1084
2013.1041 15.6035
2013.1068 16.2588
2013.1096 16.8843
2013.1123 16.9000
2013.1151 14.4759
2013.1178 14.1620
2013.1205 13.9283
2013.1233 12.2748
2013.1260 13.5114
2013.1288 15.5283
2013.1315 11.8754
2013.1342 18.4326
2013.1370 16.3001
2013.1397 11.8578
2013.1425 9.0856
2013.1452 8.5137
2013.1479 8.3819
2013.1507 12.4504
2013.1534 14.7890
2013.1562 11.0979
2013.1589 15.8369
2013.1616 10.0262
2013.1644 10.0659
2013.1671 10.5763
2013.1699 13.4874
2013.1726 11.0790
2013.1753 10.7214
2013.1781 14.1443
2013.1808 10.4677
2013.1836 11.6318
2013.1863 15.7763
2013.1890 14.2814
2013.1918 10.8070
2013.1945 11.7530
2013.1973 13.9495
2013.2000 14.9264
2013.2027 14.7336
2013.2055 16.6213
2013.2082 18.7593
2013.2110 13.2677
2013.2137 13.9563
2013.2164 13.7453
2013.2192 11.7245
2013.2219 13.3940
2013.2247 14.9237
2013.2274 15.2736
2013.2301 14.0137
2013.2329 13.2639
2013.2356 12.4643
2013.2384 14.9547
2013.2411 16.8453
2013.2438 21.0260
2013.2466 20.5369
2013.2493 20.4397
2013.2521 19.4143
2013.2548 15.7706
2013.2575 16.7085
2013.2603 14.1277
2013.2630 11.0282
2013.2658 10.0998
2013.2685 16.2322
2013.2712 11.9354
2013.2740 25.0691
2013.2767 16.4833
2013.2795 15.9077
2013.2822 16.0722
2013.2849 23.0466
2013.2877 22.5608
2013.2904 21.5446
2013.2932 3.3978
2013.2959 18.8403
2013.2986 15.3019
2013.3014 18.4324
2013.3041 21.0318
2013.3068 11.1197
2013.3096 14.6962
2013.3123 19.4509
2013.3151 13.3137
2013.3178 15.5145
2013.3205 16.7932
2013.3233 15.2495
2013.3260 9.4732
2013.3288 10.6443
2013.3315 19.5340
2013.3342 18.0736
2013.3370 13.3132
2013.3397 11.1528
2013.3425 9.3024
2013.3452 13.9820
2013.3479 16.3915
2013.3507 5.8711
2013.3534 5.3206
2013.3562 13.3401
2013.3589 7.4896
2013.3616 8.1491
2013.3644 13.5586
2013.3671 12.5281
2013.3699 6.4576
2013.3726 4.2970
2013.3753 5.9765
2013.3781 7.4159
2013.3808 13.0553
2013.3836 12.4948
2013.3863 9.8842
2013.3890 13.3736
2013.3918 12.5430
2013.3945 13.4724
2013.3973 17.1518
2013.4000 17.6412
2013.4027 14.6906
2013.4055 18.5599
2013.4082 20.0693
2013.4110 15.9787
2013.4137 16.5181
2013.4164 11.5675
2013.4192 10.0768
2013.4219 8.7062
2013.4247 8.8456
2013.4274 9.7150
2013.4301 12.1744
2013.4329 16.2038
2013.4356 11.7932
2013.4384 14.0426
2013.4411 9.5220
2013.4438 8.5914
2013.4466 7.2208
2013.4493 8.8502
2013.4521 7.8196
2013.4548 7.3490
2013.4575 4.7084
2013.4603 3.1778
2013.4630 8.7671
2013.4658 7.8265
2013.4685 13.2459
2013.4712 12.7352
2013.4740 12.1446
2013.4767 15.2539
2013.4795 14.6633
2013.4822 13.0126
2013.4849 8.9119
2013.4877 11.3212
2013.4904 6.0005
2013.4932 4.9998
2013.4959 7.2591
2013.4986 3.1283
2013.5014 5.8973
2013.5041 6.9962
2013.5068 5.5249
2013.5096 4.4135
2013.5123 9.1719
2013.5151 8.8603
2013.5178 10.1185
2013.5205 11.5466
2013.5233 15.0446
2013.5260 8.2825
2013.5288 6.1003
2013.5315 5.6580
2013.5342 8.1957
2013.5370 3.5333
2013.5397 6.8808
2013.5425 8.0783
2013.5452 3.8558
2013.5479 7.1032
2013.5507 12.1906
2013.5534 7.8379
2013.5562 13.9553
2013.5589 5.8726
2013.5616 0.7000
2013.5644 1.6173
2013.5671 0.5647
2013.5699 -0.0779
2013.5726 -0.9605
2013.5753 -2.0730
2013.5781 0.1445
2013.5808 1.8121
2013.5836 3.5395
2013.5863 8.8066
2013.5890 9.0034
2013.5918 8.2500
2013.5945 6.9463
2013.5973 7.6224
2013.6000 5.7983
2013.6027 6.7540
2013.6055 4.9995
2013.6082 5.0050
2013.6110 4.9503
2013.6137 4.0456
2013.6164 6.8908
2013.6192 5.2660
2013.6219 6.2212
2013.6247 7.4365
2013.6274 3.2118
2013.6301 -0.4329
2013.6329 -7.5774
2013.6356 -0.3518
2013.6384 -3.2061
2013.6411 -1.3902
2013.6438 -4.7141
2013.6466 -3.8077
2013.6493 -2.5811
2013.6521 4.5657
2013.6548 6.1029
2013.6575 5.0103
2013.6603 3.1282
2013.6630 5.8864
2013.6658 7.9950
2013.6685 9.4048
2013.6712 6.6655
2013.6740 8.1573
2013.6767 12.1399
2013.6795 10.5534
2013.6822 12.5877
2013.6849 11.3227
2013.6877 7.0183
2013.6904 6.6745
2013.6932 10.1411
2013.6959 7.9782
2013.6986 6.5956
2013.7014 7.8633
2013.7041 9.1913
2013.7068 5.2293
2013.7096 8.1474
2013.7123 9.1655
2013.7151 11.3436
2013.7178 10.3015
2013.7205 12.1092
2013.7233 6.7566
2013.7260 10.0136
2013.7288 12.5302
2013.7315 9.4963
2013.7342 7.7219
2013.7370 9.0168
2013.7397 6.5710
2013.7425 5.7244
2013.7452 9.1870
2013.7479 14.1686
2013.7507 7.5298
2013.7534 13.4009
2013.7562 10.4120
2013.7589 10.4630
2013.7616 11.0240
2013.7644 4.9950
2013.7671 13.6660
2013.7699 17.7869
2013.7726 16.1677
2013.7753 16.4986
2013.7781 19.2094
2013.7808 14.6001
2013.7836 6.4109
2013.7863 12.8016
2013.7890 15.4223
2013.7918 17.5330
2013.7945 12.0836
2013.7973 16.1142
2013.8000 14.8948
2013.8027 13.5554
2013.8055 16.6360
2013.8082 11.9865
2013.8110 16.3270
2013.8137 17.3075
2013.8164 20.7180
2013.8192 15.1485
2013.8219 16.8889
2013.8247 21.3694
2013.8274 22.0798
2013.8301 19.6702
2013.8329 17.1506
2013.8356 14.8312
2013.8384 22.2819
2013.8411 20.3626
2013.8438 18.0435
2013.8466 18.7845
2013.8493 16.8854
2013.8521 19.8565
2013.8548 19.0675
2013.8575 20.7185
2013.8603 17.4595
2013.8630 17.1804
2013.8658 17.8412
2013.8685 15.0820
2013.8712 9.3226
2013.8740 16.9431
2013.8767 13.4435
2013.8795 6.7437
2013.8822 15.2136
2013.8849 13.8434
2013.8877 16.7429
2013.8904 13.0322
2013.8932 11.6212
2013.8959 12.3499
2013.8986 15.0783
2013.9014 16.6963
2013.9041 10.3340
2013.9068 7.4613
2013.9096 11.8582
2013.9123 13.5747
2013.9151 13.0507
2013.9178 10.4161
2013.9205 12.0006
2013.9233 10.4842
2013.9260 10.2570
2013.9288 8.1790
2013.9315 9.2603
2013.9342 13.7410
2013.9370 15.7611
2013.9397 12.9606
2013.9425 17.7396
2013.9452 14.4881
2013.9479 13.5062
2013.9507 13.6240
2013.9534 16.6215
2013.9562 12.7687
2013.9589 12.8356
2013.9616 11.6825
2013.9644 11.0192
2013.9671 15.9558
2013.9699 16.6624
2013.9726 17.0291
2013.9753 13.2158
2013.9781 13.4227
2013.9808 17.6898
2013.9836 16.5971
2013.9863 18.8847
2013.9890 15.7526
2013.9918 18.0309
2013.9945 14.1496
2013.9973 17.2288
2014.0000 17.9885
2014.0027 16.6685
2014.0055 14.8083
2014.0082 18.2081
2014.0110 18.4077
2014.0137 16.6174
2014.0164 15.3970
2014.0192 17.3166
2014.0219 14.5062
2014.0247 14.3958
2014.0274 15.0254
2014.0301 13.8251
2014.0329 19.6749
2014.0356 15.6148
2014.0384 13.6947
2014.0411 20.1248
2014.0438 16.4951
2014.0466 19.0955
2014.0493 17.7361
2014.0521 16.9469
2014.0548 18.0579
2014.0575 14.9192
2014.0603 15.8607
2014.0630 14.8525
2014.0658 14.5345
2014.0685 16.6869
2014.0712 16.6996
2014.0740 16.8126
2014.0767 18.8060
2014.0795 18.1298
2014.0822 17.9340
2014.0849 19.8086
2014.0877 15.4937
2014.0904 19.2892
2014.0932 17.9851
2014.0959 20.1214
2014.0986 17.4381
2014.1014 16.0451
2014.1041 19.2625
2014.1068 19.9402
2014.1096 17.9382
2014.1123 16.6765
2014.1151 16.1151
2014.1178 14.4740
2014.1205 16.4331
2014.1233 13.2225
2014.1260 18.7921
2014.1288 21.0419
2014.1315 16.5819
2014.1342 11.8720
2014.1370 9.1423
2014.1397 16.7828
2014.1425 18.0334
2014.1452 17.3641
2014.1479 15.7249
2014.1507 23.0858
2014.1534 18.4467
2014.1562 22.6577
2014.1589 19.6688
2014.1616 15.3398
2014.1644 22.3609
2014.1671 17.6819
2014.1699 17.2230
2014.1726 12.1140
2014.1753 17.8750
2014.1781 21.9061
2014.1808 16.8971
2014.1836 16.0581
2014.1863 14.5692
2014.1890 17.6202
2014.1918 17.0713
2014.1945 15.9224
2014.1973 16.5635
2014.2000 15.5746
2014.2027 11.2157
2014.2055 11.6768
2014.2082 13.2080
2014.2110 22.2792
2014.2137 16.7204
2014.2164 19.9516
2014.2192 13.8829
2014.2219 18.7042
2014.2247 19.0155
2014.2274 17.5169
2014.2301 12.8483
2014.2329 21.3798
2014.2356 13.4213
2014.2384 16.3728
2014.2411 16.6944
2014.2438 23.3261
2014.2466 26.4878
2014.2493 24.3895
2014.2521 22.1012
2014.2548 22.2629
2014.2575 20.8946
2014.2603 22.4864
2014.2630 31.6681
2014.2658 22.8699
2014.2685 19.2317
2014.2712 22.8534
2014.2740 23.9452
2014.2767 18.6370
2014.2795 24.9688
2014.2822 24.4906
2014.2849 19.2924
2014.2877 19.7241
2014.2904 22.3959
2014.2932 25.9877
2014.2959 27.7295
2014.2986 23.0013
2014.3014 25.2930
2014.3041 17.1748
2014.3068 16.8265
2014.3096 20.5883
2014.3123 13.5600
2014.3151 17.1517
2014.3178 13.1035
2014.3205 13.5752
2014.3233 15.3568
2014.3260 13.3485
2014.3288 3.3802
2014.3315 2.7518
2014.3342 8.2034
2014.3370 12.7950
2014.3397 12.2866
2014.3425 12.7482
2014.3452 11.8697
2014.3479 16.6612
2014.3507 15.4027
2014.3534 11.8042
2014.3562 15.8857
2014.3589 13.5471
2014.3616 16.2286
2014.3644 17.0900
2014.3671 20.6215
2014.3699 20.4529
2014.3726 18.2443
2014.3753 9.7457
2014.3781 12.9271
2014.3808 12.7185
2014.3836 14.2499
2014.3863 13.9613
2014.3890 13.1727
2014.3918 14.2840
2014.3945 11.8954
2014.3973 13.0568
2017.1699 16.5676
2017.1726 10.3989
2017.1753 11.4117
2017.1781 12.5058
2017.1808 15.0912
2017.1836 12.2077
2017.1863 11.8852
2017.1890 13.9836
2017.1918 15.4227
2017.1945 13.9326
2017.1973 15.3629
2017.2000 15.3436
2017.2027 13.6746
2017.2055 14.6158
2017.2082 13.4170
2017.2110 16.5682
2017.2137 18.6491
2017.2164 15.5297
2017.2192 16.0499
2017.2219 10.4495
2017.2247 10.1685
2017.2274 8.2766
2017.2301 10.1538
2017.2329 9.5600
2017.2356 10.6150
2017.2384 17.9687
2017.2411 9.6410
2017.2438 14.8718
2017.2466 11.8310
2017.2493 14.1391
2017.2521 15.1561
2017.2548 19.0222
2017.2575 15.6775
2017.2603 13.6919
2017.2630 14.8857
2017.2658 15.8988
2017.2685 17.4614
2017.2712 17.5935
2017.2740 18.2252
2017.2767 22.0366
2017.2795 15.4677
2017.2822 12.6387
2017.2849 19.3396
2017.2877 21.8005
2017.2904 25.0015
2017.2932 15.9326
2017.2959 15.4640
2017.2986 23.7856
2017.3014 14.3977
2017.3041 18.1602
2017.3068 20.2533
2017.3096 22.5670
2017.3123 22.7913
2017.3151 23.7265
2017.3178 19.9025
2017.3205 19.9695
2017.3233 18.7474
2017.3260 20.8265
2017.3288 17.2567
2017.3315 18.9579
2017.3342 15.1299
2017.3370 13.3825
2017.3397 12.0058
2017.3425 18.5897
2017.3452 16.0040
2017.3479 19.2789
2017.3507 20.5942
2017.3534 14.7098
2017.3562 17.0357
2017.3589 19.7919
2017.3616 16.7082
2017.3644 22.8647
2017.3671 23.4713
2017.3699 20.2779
2017.3726 19.7145
2017.3753 18.5210
2017.3781 21.6974
2017.3808 21.4835
2017.3836 16.5195
2017.3863 16.7951
2017.3890 17.5304
2017.3918 16.6452
2017.3945 14.9096
2017.3973 13.4235
2017.4000 15.7568
2017.4027 14.7894
2017.4055 15.6514
2017.4082 15.7427
2017.4110 9.7131
2017.4137 14.6927
2017.4164 10.5120
2017.4192 10.9709
2017.4219 16.0594
2017.4247 21.0977
2017.4274 17.6657
2017.4301 18.0035
2017.4329 15.7010
2017.4356 17.0384
2017.4384 15.8756
2017.4411 17.0127
2017.4438 12.7497
2017.4466 13.2366
2017.4493 12.6435
2017.4521 17.4803
2017.4548 13.8872
2017.4575 14.8540
2017.4603 11.2209
2017.4630 13.0379
2017.4658 20.0951
2017.4685 13.2423
2017.4712 15.1097
2017.4740 16.4073
2017.4767 20.4551
2017.4795 14.8632
2017.4822 14.5515
2017.4849 14.9601
2017.4877 15.5991
2017.4904 14.8184
2017.4932 16.0380
2017.4959 5.2381
2017.4986 12.8385
2017.5014 15.5391
2017.5041 14.3499
2017.5068 21.5408
2017.5096 15.4919
2017.5123 14.1332
2017.5151 15.0246
2017.5178 15.0762
2017.5205 16.1678
2017.5233 13.3396
2017.5260 12.8814
2017.5288 9.6333
2017.5315 15.0953
2017.5342 15.9374
2017.5370 16.4195
2017.5397 20.7016
2017.5425 16.1137
2017.5452 13.9858
2017.5479 17.4279
2017.5507 16.0900
2017.5534 17.4721
2017.5562 16.8241
2017.5589 15.4261
2017.5616 11.2879
2017.5644 13.0197
2017.5671 13.4214
2017.5699 14.7730
2017.5726 14.7745
2017.5753 21.4858
2017.5781 23.3770
2017.5808 21.2480
2017.5836 16.2387
2017.5863 11.6087
2017.5890 16.9783
2017.5918 12.9974
2017.5945 13.4261
2017.5973 15.9644
2017.6000 12.2723
2017.6027 12.0699
2017.6055 10.7372
2017.6082 9.2343
2017.6110 11.5112
2017.6137 17.2479
2017.6164 10.9645
2017.6192 13.2910
2017.6219 12.1275
2017.6247 14.8739
2017.6274 13.8404
2017.6301 14.8070
2017.6329 12.3137
2017.6356 15.0105
2017.6384 17.0675
2017.6411 16.3248
2017.6438 19.5723
2017.6466 17.4301
2017.6493 22.8382
2017.6521 19.8868
2017.6548 21.5357
2017.6575 19.5452
2017.6603 19.4551
2017.6630 24.2055
2017.6658 19.0868
2017.6685 17.8405
2017.6712 20.1466
2017.6740 18.9051
2017.6767 17.1356
2017.6795 12.3280
2017.6822 16.0122
2017.6849 10.4879
2017.6877 17.3750
2017.6904 15.9033
2017.6932 13.6626
2017.6959 17.1827
2017.6986 15.6134
2017.7014 16.9246
2017.7041 14.0061
2017.7068 18.7676
2017.7096 13.6991
2017.7123 14.3903
2017.7151 15.1110
2017.7178 14.6811
2017.7205 17.8104
2017.7233 15.4386
2017.7260 13.4457
2017.7288 15.4014
2017.7315 18.2755
2017.7342 15.9979
2017.7370 16.2384
2017.7397 15.0267
2017.7425 15.2628
2017.7452 13.9464
2017.7479 12.6274
2017.7507 10.6370
2017.7534 11.3865
2017.7562 9.9860
2017.7589 9.2753
2017.7616 13.8947
2017.7644 14.0239
2017.7671 14.7231
2017.7699 12.0622
2017.7726 14.6213
2017.7753 15.3703
2017.7781 13.7792
2017.7808 13.8580
2017.7836 12.6368
2017.7863 13.0655
2017.7890 11.0542
2017.7918 12.2827
2017.7945 13.7812
2017.7973 14.6797
2017.8000 16.8380
2017.8027 12.7563
2017.8055 16.3845
2017.8082 14.1226
2017.8110 13.5507
2017.8137 15.2986
2017.8164 16.0565
2017.8192 18.1443
2017.8219 18.7321
2017.8247 18.6398
2017.8274 17.2674
2017.8301 15.2649
2017.8329 16.1923
2017.8356 15.7197
2017.8384 15.9772
2017.8411 15.1546
2017.8438 13.2421
2017.8466 13.9795
2017.8493 10.3270
2017.8521 13.7944
2017.8548 13.9419
2017.8575 18.8593
2017.8603 19.2468
2017.8630 14.5342
2017.8658 16.7216
2017.8685 14.7491
2017.8712 13.6165
2017.8740 17.8839
2017.8767 16.4213
2017.8795 15.8288
2017.8822 15.5662
2017.8849 14.3635
2017.8877 14.2209
2017.8904 13.3183
2017.8932 14.8757
2017.8959 13.6730
2017.8986 15.2604
2017.9014 9.9177
2017.9041 13.7650
2017.9068 12.5723
2017.9096 12.6796
2017.9123 7.2869
2017.9151 14.8241
2017.9178 15.0514
2017.9205 15.4686
2017.9233 10.9158
2017.9260 13.2129
2017.9288 15.5601
2017.9315 15.5672
2017.9342 16.3943
2017.9370 16.0914
2017.9397 9.1685
2017.9425 14.5855
2017.9452 11.6725
2017.9479 10.7495
2017.9507 7.0564
2017.9534 13.1233
2017.9562 11.5802
2017.9589 15.4971
2017.9616 14.0939
2017.9644 8.1307
2017.9671 11.3875
2017.9699 9.5943
2017.9726 6.6010
2017.9753 9.7377
2017.9781 7.1344
2017.9808 7.5310
2017.9836 8.8876
2017.9863 8.8042
2017.9890 8.2007
2017.9918 10.3272
2017.9945 11.7337
2017.9973 11.7001
2018.0000 14.0165
2018.0027 14.9527
2018.0055 14.1785
2018.0082 10.4539
2018.0110 13.5590
2018.0137 12.7338
2018.0164 13.6883
2018.0192 13.7826
2018.0219 10.2366
2018.0247 8.3103
2018.0274 12.7339
2018.0301 12.9773
2018.0329 15.2205
2018.0356 14.9436
2018.0384 13.9966
2018.0411 7.2895
2018.0438 12.3923
2018.0466 15.5751
2018.0493 13.5179
2018.0521 17.5906
2018.0548 16.8034
2018.0575 10.6663
2018.0603 14.1592
2018.0630 12.9522
2018.0658 15.3253
2018.0685 16.7486
2018.0712 21.4220
2018.0740 17.0256
2018.0767 16.0094
2018.0795 15.2834
2018.0822 19.4577
2018.0849 21.8620
2018.0877 17.0865
2018.0904 15.5910
2018.0932 17.9855
2018.0959 11.3202
2018.0986 10.2350
2018.1014 17.3500
2018.1041 7.1151
2018.1068 19.2703
2018.1096 21.6357
2018.1123 13.7013
2018.1151 15.5571
2018.1178 12.5631
2018.1205 18.3593
2018.1233 18.5758
2018.1260 14.0324
2018.1288 16.9294
2018.1315 16.8766
2018.1342 14.1941
2018.1370 15.0619
2018.1397 17.1400
2018.1425 17.4384
2018.1452 12.1271
2018.1479 14.7262
2018.1507 12.8356
2018.1534 14.5055
2018.1562 11.6656
2018.1589 10.7062
2018.1616 10.6772
2018.1644 13.4192
2018.1671 13.0426
2018.1699 9.6973
2018.1726 12.5333
2018.1753 14.0105
2018.1781 9.4388
2018.1808 12.4580
2018.1836 12.6681
2018.1863 10.0091
2018.1890 13.1707
2018.1918 11.1930
2018.1945 11.0658
2018.1973 15.4190
2018.2000 13.9326
2018.2027 13.4565
2018.2055 14.6105
2018.2082 13.4446
2018.2110 15.1487
2018.2137 14.3127
2018.2164 11.4965
2018.2192 14.4200
2018.2219 10.0731
2018.2247 13.0758
2018.2274 15.4579
2018.2301 10.1794
2018.2329 12.2201
2018.2356 11.0200
2018.2384 12.4590
2018.2411 15.5370
2018.2438 14.8339
2018.2466 15.8198
2018.2493 9.5256
2018.2521 18.1514
2018.2548 14.7474
2018.2575 12.8333
2018.2603 11.6992
2018.2630 18.2651
2018.2658 14.8410
2018.2685 13.1468
2018.2712 15.4925
2018.2740 22.1782
2018.2767 20.6536
2018.2795 19.2590
2018.2822 16.7041
2018.2849 16.0391
2018.2877 21.0238
2018.2904 15.2883
2018.2932 17.5625
2018.2959 13.9164
2018.2986 14.6100
2018.3014 13.6833
2018.3041 20.6962
2018.3068 21.4487
2018.3096 17.2709
2018.3123 13.9226
2018.3151 12.5139
2018.3178 16.6947
2018.3205 14.7750
2018.3233 16.8048
2018.3260 10.6440
2018.3288 14.5927
2018.3315 14.7711
2018.3342 18.0395
2018.3370 17.7179
2018.3397 18.6963
2018.3425 20.0747
2018.3452 17.4830
2018.3479 19.4314
2018.3507 17.5798
2018.3534 18.1881
2018.3562 21.0864
2018.3589 16.7248
2018.3616 12.2731
2018.3644 19.4915
2018.3671 21.7898
2018.3699 22.0681
2018.3726 24.6364
2018.3753 23.2547
2018.3781 15.8931
2018.3808 15.0714
2018.3836 11.6497
2018.3863 18.2780
2018.3890 15.8763
2018.3918 18.6546
2018.3945 18.7329
2018.3973 20.7612
2018.4000 17.6195
2018.4027 20.2078
2018.4055 15.0560
2018.4082 16.2943
2018.4110 14.5226
2018.4137 18.1209
2018.4164 11.9692
2018.4192 13.2774
2018.4247 8.3739
2018.4274 1.4921
2018.4301 1.5203
2018.4356 -1.6634
2018.4384 0.8948
2018.4411 3.9029
2018.4438 8.4211
2018.4466 9.3992
2018.4493 5.9074
2018.4521 3.0855
2018.4548 7.5137
2018.4575 10.4118
2018.4603 10.9000
2018.4630 4.6882
2018.4658 6.1564
2018.4685 9.5246
2018.4712 14.8328
2018.4740 12.3611
2018.4767 13.7093
2018.4795 15.0476
2018.4822 14.3759
2018.4849 10.8943
2018.4877 10.1026
2018.4904 14.0610
2018.4932 12.4394
2018.4959 11.9379
2018.4986 9.5270
2018.5014 13.2973
2018.5041 10.7787
2018.5068 13.5912
2018.5096 17.0147
2018.5123 15.6491
2018.5151 19.7344
2018.5178 15.7705
2018.5205 17.1373
2018.5233 18.6147
2018.5260 18.1228
2018.5288 14.9113
2018.5315 17.7704
2018.5342 16.4398
2018.5370 13.1795
2018.5397 18.4495
2018.5425 18.0996
2018.5452 14.4299
2018.5479 24.1402
2018.5507 17.8306
2018.5534 15.4408
2018.5562 18.6708
2018.5589 18.5907
2018.5616 18.5302
2018.5644 15.3394
2018.5671 15.6982
2018.5699 15.8965
2018.5726 17.9342
2018.5753 18.2013
2018.5781 16.8477
2018.5808 16.3733
2018.5836 17.4584
2018.5863 18.3633
2018.5890 20.1279
2018.5918 19.3223
2018.5945 20.6264
2018.5973 20.5104
2018.6000 19.4842
2018.6027 20.8679
2018.6055 16.3215
2018.6082 14.4949
2018.6110 14.7282
2018.6137 14.7315
2018.6164 17.6247
2018.6192 16.1378
2018.6219 12.7209
2018.6247 14.4741
2018.6274 17.3772
2018.6301 15.9504
2018.6329 16.4536
2018.6356 17.1369
2018.6384 15.6902
2018.6411 16.9537
2018.6438 17.8373
2018.6466 14.5610
2018.6493 14.7749
2018.6521 10.9489
2018.6548 11.1932
2018.6575 15.8276
2018.6603 19.4323
2018.6630 17.1972
2018.6658 20.3825
2018.6685 17.9986
2018.6712 20.1556
2018.6740 20.5535
2018.6767 21.2120
2018.6795 21.7113
2018.6822 14.5912
2018.6849 10.3517
2018.6877 13.4426
2018.6904 11.6340
2018.6932 14.2558
2018.6959 11.2178
2018.6986 10.0501
2018.7014 14.3126
2018.7041 9.9451
2018.7068 10.5777
2018.7096 14.2403
2018.7123 10.5728
2018.7151 12.5352
2018.7178 12.0873
2018.7205 11.4991
2018.7233 8.8006
2018.7260 10.3617
2018.7288 10.4423
2018.7315 10.3324
2018.7342 7.6719
2018.7370 7.0706
2018.7397 13.1387
2018.7452 15.5523
2018.7479 13.1478
2018.7507 13.9921
2018.7534 13.3751
2018.7562 10.7170
2018.7589 12.5078
2018.7616 12.6976
2018.7644 10.4865
2018.7671 13.1146
2018.7699 11.5319
2018.7726 13.7886
2018.7753 14.7247
2018.7781 12.5603
2018.7808 12.2955
2018.7836 16.3403
2018.7863 13.6650
2018.7890 10.6295
2018.7918 8.2339
2018.7945 14.1683
2018.7973 11.8929
2018.8000 17.2376
2018.8027 12.9826
2018.8055 10.5580
2018.8082 13.7838
2018.8110 12.5301
2018.8137 14.5571
2018.8164 13.7547
2018.8192 14.2032
2018.8219 14.2425
2018.8247 13.8727
2018.8274 10.5640
2018.8301 11.7565
2018.8329 14.5100
2018.8356 11.8742
2018.8384 7.5289
2018.8411 2.2341
2018.8438 8.6897
2018.8466 10.8457
2018.8493 9.7121
2018.8521 7.5889
2018.8548 11.0460
2018.8575 7.2833
2018.8603 9.5108
2018.8630 9.1485
2018.8658 9.3364
2018.8685 9.1544
2018.8712 8.6524
2018.8740 8.5005
2018.8767 11.5686
2018.8795 10.8666
2018.8822 5.7346
2018.8849 4.3025
2018.8877 6.4502
2018.8904 9.5777
2018.8932 6.1950
2018.8959 7.4720
2018.8986 9.5187
2018.9014 4.5151
2018.9041 12.4011
2018.9068 11.2267
2018.9096 4.4319
2018.9123 5.0765
2018.9151 2.6607
2018.9178 6.3245
2018.9205 7.3284
2018.9233 6.7823
2018.9260 7.8161
2018.9288 -1.0701
2018.9315 8.8635
2018.9342 4.6071
2018.9370 1.1005
2018.9397 6.6838
2018.9425 9.7368
2018.9452 7.5297
2018.9479 7.7423
2018.9507 2.4346
2018.9534 3.6166
2018.9562 4.2483
2018.9589 4.7897
2018.9616 6.6306
2018.9644 11.0812
2018.9671 8.7013
2018.9699 10.0010
2018.9726 7.3202
2018.9753 11.1289
2018.9781 9.8870
2018.9808 11.1046
2018.9836 9.7216
2018.9863 10.6279
2018.9890 11.3337
2018.9918 11.5188
2018.9945 14.3931
2018.9973 12.5368
2019.0000 15.5397
2019.0027 15.4019
2019.0055 13.7136
2019.0082 14.8348
2019.0110 9.0055
2019.0137 17.0257
2019.0164 15.2955
2019.0192 14.1549
2019.0219 8.3440
2019.0247 7.0828
2019.0274 13.0013
2019.0301 10.8396
2019.0329 14.2176
2019.0356 12.6356
2019.0384 16.2433
2019.0411 14.3810
2019.0438 14.1486
2019.0466 14.4162
2019.0493 12.8838
2019.0521 12.6315
2019.0548 13.5592
2019.0575 13.7971
2019.0603 14.5251
2019.0630 15.9432
2019.0658 15.9917
2019.0685 15.6403
2019.0712 12.6993
2019.0740 14.7686
2019.0767 13.1183
2019.0795 12.2583
2019.0822 13.3188
2019.0849 11.7892
2019.0877 14.6996
2019.0904 10.6700
2019.0932 11.6804
2019.0959 12.2707
2019.0986 14.5911
2019.1014 13.2616
2019.1041 15.4921
2019.1068 15.2627
2019.1096 17.7333
2019.1123 13.3841
2019.1151 10.8350
2019.1178 12.1360
2019.1205 5.8272
2019.1233 10.1785
2019.1260 7.2501
2019.1288 6.3718
2019.1315 9.2737
2019.1342 7.4859
2019.1370 9.3183
2019.1397 9.0910
2019.1425 6.8440
2019.1452 9.4772
2019.1479 11.4208
2019.1507 11.0247
2019.1534 9.7090
2019.1562 12.9236
2019.1589 8.9486
2019.1616 10.3939
2019.1644 12.8598
2019.1671 9.7263
2019.1699 7.8534
2019.1726 10.9910
2019.1753 9.8092
2019.1781 9.0179
2019.1808 11.1371
2019.1836 9.5368
2019.1863 10.4469
2019.1890 14.4075
2019.1918 17.8985
2019.1945 8.8299
2019.1973 12.4117
2019.2000 12.9338
2019.2027 12.8663
2019.2055 16.0791
2019.2082 13.5122
2019.2110 11.7456
2019.2137 10.5593
2019.2164 6.6732
2019.2192 7.4173
2019.2219 17.7816
2019.2247 19.9461
2019.2274 16.4107
2019.2301 18.0455
2019.2329 17.7804
2019.2356 16.6954
2019.2384 18.3505
2019.2411 19.0656
2019.2438 11.9908
2019.2466 17.9261
2019.2493 14.9216
2019.2521 17.7676
2019.2548 15.0539
2019.2575 13.3805
2019.2603 20.3473
2019.2630 19.2844
2019.2658 21.8618
2019.2685 19.4593
2019.2712 16.0870
2019.2740 18.1748
2019.2767 10.0828
2019.2795 8.8208
2019.2822 11.6389
2019.2849 8.5770
2019.2877 14.8651
2019.2904 15.3932
2019.2932 18.1612
2019.2959 17.5091
2019.2986 16.8769
2019.3014 13.5746
2019.3041 7.2321
2019.3068 11.0594
2019.3096 10.9865
2019.3123 12.2333
2019.3151 5.8998
2019.3178 10.2361
2019.3205 11.4020
2019.3233 16.7075
2019.3260 16.3826
2019.3288 16.5673
2019.3315 12.9918
2019.3342 10.0062
2019.3370 16.4705
2019.3397 9.6547
2019.3425 12.1888
2019.3452 14.3628
2019.3479 18.0766
2019.3507 18.9303
2019.3534 8.0937
2019.3562 9.9370
2019.3589 12.1802
2019.3616 13.1230
2019.3644 17.8557
2019.3671 13.5881
2019.3699 13.6803
2019.3726 20.0521
2019.3753 15.9837
2019.3781 15.1250
2019.3808 12.2660
2019.3836 10.9866
2019.3863 10.4169
2019.3890 9.2668
2019.3918 6.8163
2019.3945 8.4255
2019.3973 11.8642
2019.4000 9.7625
2019.4027 10.2304
2019.4055 9.5778
2019.4082 6.9648
2019.4110 12.1713
2019.4137 10.5773
2019.4164 10.9333
2019.4192 9.0691
2019.4219 -1.3851
2019.4247 1.6406
2019.4274 -0.3738
2019.4301 2.2618
2019.4329 -0.6827
2019.4356 3.8728
2019.4384 3.4582
2019.4411 5.9435
2019.4438 10.1888
2019.4466 6.6740
2019.4493 1.2692
2019.4521 4.4843
2019.4548 6.7594
2019.4575 7.9044
2019.4603 4.4294
2019.4630 4.5443
2019.4658 4.4292
2019.4685 7.6241
2019.4712 10.9189
2019.4740 14.2937
2019.4767 9.0385
2019.4795 9.4032
2019.4822 15.6279
2019.4849 13.5326
2019.4877 14.3472
2019.4904 14.8918
2019.4932 16.0264
2019.4959 12.8310
2019.4986 11.2756
2019.5014 12.3501
2019.5041 6.4446
2019.5068 11.1291
2019.5096 12.0836
2019.5123 5.0881
2019.5151 4.4025
2019.5178 10.0369
2019.5205 12.9413
2019.5233 14.0756
2019.5260 13.7600
2019.5288 15.4743
2019.5315 12.5086
2019.5342 13.8029
2019.5370 25.2071
2019.5397 17.6114
2019.5425 24.6656
2019.5452 18.8498
2019.5479 13.9539
2019.5507 13.0781
2019.5534 12.5622
2019.5562 13.4863
2019.5589 16.5204
2019.5616 27.4045
2019.5644 16.6185
2019.5671 17.6125
2019.5699 17.8365
2019.5726 18.4105
2019.5753 16.5245
2019.5781 15.0384
2019.5808 14.6124
2019.5836 15.2759
2019.5863 17.5689
2019.5890 14.5113
2019.5918 13.6432
2019.5945 11.5946
2019.5973 12.4356
2019.6000 13.0861
2019.6027 12.7263
2019.6055 13.8862
2019.6082 15.7758
2019.6110 17.5652
2019.6137 14.1144
2019.6164 13.3434
2019.6192 14.3123
2019.6219 12.0411
2019.6247 17.3000
2019.6274 15.7388
2019.6301 16.0577
2019.6329 17.0967
2019.6356 15.2859
2019.6384 15.7252
2019.6411 14.5347
2019.6438 12.8245
2019.6466 10.3547
2019.6493 11.7252
2019.6521 12.4660
2019.6548 12.1973
2019.6575 10.2991
2019.6603 7.4014
2019.6630 6.7343
2019.6658 12.5577
2019.6685 14.1718
2019.6712 19.5865
2019.6740 11.8917
2019.6767 13.1975
2019.6795 6.2238
2019.6822 7.1806
2019.6849 10.0680
2019.6877 10.0558
2019.6904 15.8541
2019.6932 17.7228
2019.6959 11.7120
2019.6986 13.1817
2019.7014 15.2617
2019.7041 14.0421
2019.7068 18.1329
2019.7096 20.9040
2019.7123 20.0455
2019.7151 15.8372
2019.7178 16.3993
2019.7205 19.4817
2019.7233 20.2344
2019.7260 16.5673
2019.7288 14.4104
2019.7315 16.0038
2019.7342 11.2074
2019.7370 15.0812
2019.7397 11.7051
2019.7425 14.5892
2019.7452 17.0534
2019.7479 21.1178
2019.7507 21.2826
2019.7534 18.7183
2019.7562 18.8946
2019.7589 15.7617
2019.7616 14.3794
2019.7644 14.7577
2019.7671 17.2265
2019.7699 17.4758
2019.7726 15.3054
2019.7753 13.6254
2019.7781 14.2457
2019.7808 15.4063
2019.7836 11.4570
2019.7863 15.3878
2019.7890 15.9387
2019.7918 22.0396
2019.7945 22.7504
2019.7973 17.5712
2019.8000 12.7417
2019.8027 11.9521
2019.8055 10.3222
2019.8082 8.9019
2019.8110 8.5013
2019.8137 6.1302
2019.8164 5.5986
2019.8192 8.3464
2019.8219 10.6036
2019.8247 9.5702
2019.8274 7.5560
2019.8301 5.5010
2019.8329 7.0153
2019.8356 13.4792
2019.8384 13.9429
2019.8411 13.8964
2019.8438 13.2596
2019.8466 12.0925
2019.8493 11.6051
2019.8521 10.4874
2019.8548 10.7493
2019.8575 9.6110
2019.8603 10.5022
2019.8630 8.3831
2019.8658 13.5537
2019.8685 16.4338
2019.8712 11.5435
2019.8740 12.0828
2019.8767 10.8517
2019.8795 10.0001
2019.8822 10.1681
2019.8849 8.5356
2019.8877 7.8926
2019.8904 7.3891
2019.8932 4.6351
2019.8959 8.5305
2019.8986 12.3954
2019.9014 8.0798
2019.9041 3.9136
2019.9068 12.4768
2019.9096 14.6594
2019.9123 10.7013
2019.9151 8.7227
2019.9178 11.6735
2019.9205 -2.8562
2019.9233 6.1636
2019.9260 5.3130
2019.9288 7.5521
2019.9315 12.1707
2019.9342 10.2391
2019.9370 6.2572
2019.9397 10.0950
2019.9425 11.2725
2019.9452 14.1000
2019.9479 9.4272
2019.9507 9.4943
2019.9534 10.0514
2019.9562 10.7983
2019.9589 7.3653
2019.9616 9.2323
2019.9644 7.0693
2019.9671 8.8165
2019.9699 12.1437
2019.9726 4.6311
2019.9753 10.7786
2019.9781 8.6764
2019.9808 13.4445
2019.9836 9.0928
2019.9863 13.5514
2019.9890 18.4704
2019.9918 15.2198
2019.9945 13.6296
2019.9973 9.2399
2020.0000 9.5406
2020.0027 11.7416
2020.0055 14.3927
2020.0082 15.6838
2020.0109 14.0050
2020.0137 14.6562
2020.0164 16.0475
2020.0191 14.7288
2020.0219 17.9802
2020.0246 18.4516
2020.0273 14.9631
2020.0301 14.0746
2020.0328 9.9162
2020.0355 13.9779
2020.0383 10.8096
2020.0410 16.7114
2020.0437 19.0633
2020.0464 13.6553
2020.0492 17.7473
2020.0519 14.6894
2020.0546 12.9516
2020.0574 13.1039
2020.0601 8.1263
2020.0628 14.5987
2020.0656 14.3813
2020.0683 9.3339
2020.0710 13.9467
2020.0738 9.5695
2020.0765 9.0925
2020.0792 13.5255
2020.0820 10.7087
2020.0847 13.0720
2020.0874 9.3656
2020.0902 13.3693
2020.0929 18.5232
2020.0956 13.4172
2020.0984 8.0314
2020.1011 11.8158
2020.1038 12.4803
2020.1066 5.7250
2020.1093 2.3399
2020.1120 12.6548
2020.1148 7.4700
2020.1175 6.8852
2020.1202 12.1106
2020.1230 10.1262
2020.1257 9.6518
2020.1284 5.9876
2020.1311 8.2635
2020.1339 8.2695
2020.1366 6.5457
2020.1393 7.1019
2020.1421 14.9282
2020.1448 13.3147
2020.1475 12.3212
2020.1503 8.4378
2020.1530 13.6645
2020.1557 8.7313
2020.1585 4.8182
2020.1612 14.8751
2020.1639 13.6023
2020.1667 13.8498
2020.1694 13.0778
2020.1721 11.7061
2020.1749 13.7649
2020.1776 12.0240
2020.1803 13.4534
2020.1831 19.1932
2020.1858 17.3333
2020.1885 16.7937
2020.1913 15.5645
2020.1940 16.5355
2020.1967 17.6468
2020.1995 18.2384
2020.2022 16.8403
2020.2049 16.6724
2020.2077 11.9647
2020.2104 15.4173
2020.2131 12.1901
2020.2158 17.2630
2020.2186 16.5362
2020.2213 10.4996
2020.2240 8.0831
2020.2268 17.7968
2020.2295 15.0806
2020.2322 22.8545
2020.2350 22.2486
2020.2377 15.4828
2020.2404 14.6170
2020.2432 16.1514
2020.2459 11.5959
2020.2486 11.6216
2020.2514 11.1389
2020.2541 16.3976
2020.2568 8.3076
2020.2596 11.5089
2020.2623 12.4912
2020.2650 18.2744
2020.2678 22.1485
2020.2705 21.5633
2020.2732 15.8886
2020.2760 23.2744
2020.2787 11.4506
2020.2814 13.2569
2020.2842 15.7533
2020.2869 11.1497
2020.2896 12.7759
2020.2923 15.6219
2020.2951 15.2474
2020.2978 18.4624
2020.3005 13.8267
2020.3033 18.0303
2020.3060 13.8729
2020.3087 17.6445
2020.3115 18.7650
2020.3142 18.2142
2020.3169 18.8020
2020.3197 18.9883
2020.3224 18.5129
2020.3251 8.5058
2020.3279 9.1567
2020.3306 9.6560
2020.3333 16.6846
2020.3361 17.7827
2020.3388 20.9603
2020.3415 15.5675
2020.3443 18.0642
2020.3470 17.4605
2020.3497 16.1365
2020.3525 18.2121
2020.3552 10.3175
2020.3579 5.2626
2020.3607 17.6276
2020.3634 14.6523
2020.3661 14.0969
2020.3689 12.4914
2020.3716 14.2359
2020.3743 9.0703
2020.3770 11.4247
2020.3798 12.7992
2020.3825 12.4337
2020.3852 7.7984
2020.3880 15.8332
2020.3907 15.0682
2020.3934 14.9134
2020.3962 17.0488
2022.3205 6.5571
2022.3233 13.2679
2022.3260 11.8892
2022.3288 13.8810
2022.3315 11.3731
2022.3342 11.3654
2022.3397 0.4503
2022.3425 12.2030
2022.3452 9.0458
2022.3479 11.9187
2022.3507 21.7217
2022.3534 13.4149
2022.3562 10.3682
2022.3589 9.4016
2022.3616 11.1251
2022.3644 8.9388
2022.3671 9.1825
2022.3699 13.4264
2022.3726 12.6603
2022.3753 11.9544
2022.3781 10.5186
2022.3808 3.8128
2022.3836 7.1672
2022.3863 11.1017
2022.3890 11.6362
2022.3918 6.4709
2022.3945 7.7856
2022.3973 13.3404
2022.4000 5.6653
2022.4027 9.7303
2022.4055 11.0153
2022.4082 6.0104
2022.4110 7.3756
2022.4137 14.5909
2022.4164 12.3065
2022.4192 7.4724
2022.4219 15.3286
2022.4247 23.6851
2022.4274 20.5318
2022.4301 13.4687
2022.4329 13.2359
2022.4356 8.1532
2022.4384 14.5607
2022.4411 15.7983
2022.4438 14.5660
2022.4466 13.0438
2022.4493 6.9117
2022.4521 27.4297
2022.4575 38.0256
2022.4603 28.1336
2022.4630 34.9515
2022.4658 33.9094
2022.4685 29.2872
2022.4712 26.6349
2022.4740 31.4625
2022.4767 15.9599
2022.4795 20.1672
2022.4822 19.2342
2022.4849 18.9611
2022.4877 25.9977
2022.4904 21.5941
2022.4932 19.6703
2022.4959 19.3261
2022.4986 21.0413
2022.5014 25.3456
2022.5041 17.0091
2022.5068 20.7018
2022.5096 21.9038
2022.5123 16.6852
2022.5151 14.5760
2022.5178 12.4163
2022.5205 12.3061
2022.5233 12.6656
2022.5260 8.7747
2022.5288 7.6836
2022.5315 14.2723
2022.5342 19.1909
2022.5370 24.8994
2022.5397 19.7979
2022.5425 16.1365
2022.5452 16.1552
2022.5479 14.7141
2022.5507 11.0132
2022.5534 11.8127
2022.5562 8.8725
2022.5589 9.7528
2022.5616 12.6836
2022.5644 14.6750
2022.5671 12.3871
2022.5699 9.3098
2022.5726 18.4733
2022.5753 7.1276
2022.5781 9.0728
2022.5808 11.8590
2022.5836 14.8258
2022.5863 17.9232
2022.5890 15.2309
2022.5918 24.4691
2022.5945 14.9176
2022.5973 18.8566
2022.6000 15.5759
2022.6027 17.8256
2022.6055 26.5156
2022.6082 20.3259
2022.6110 12.7165
2022.6137 18.2475
2022.6164 10.9787
2022.6192 12.1902
2022.6219 7.9720
2022.6247 11.5139
2022.6274 16.7762
2022.6301 17.7486
2022.6329 13.1812
2022.6356 18.6940
2022.6384 17.9770
2022.6411 17.8302
2022.6438 9.2934
2022.6466 13.5768
2022.6493 11.6804
2022.6521 9.9340
2022.6548 13.0877
2022.6575 23.9915
2022.6603 17.5753
2022.6630 23.6492
2022.6658 15.3831
2022.6685 15.5475
2022.6712 16.6124
2022.6740 10.5177
2022.6767 14.2135
2022.6795 14.0595
2022.6822 17.6360
2022.6849 17.4927
2022.6877 19.5797
2022.6904 10.2669
2022.6932 14.1443
2022.6959 13.1418
2022.6986 14.1895
2022.7014 18.3873
2022.7041 14.8652
2022.7068 9.5030
2022.7096 8.6909
2022.7123 9.9786
2022.7151 9.8164
2022.7178 11.2539
2022.7205 13.3814
2022.7233 14.3086
2022.7260 11.0556
2022.7288 13.9724
2022.7315 12.4789
2022.7342 12.7450
2022.7370 16.7508
2022.7397 27.9562
2022.7425 17.0812
2022.7452 16.0456
2022.7479 11.6696
2022.7507 10.4827
2022.7534 9.9945
2022.7562 11.1151
2022.7589 14.6247
2022.7616 7.1932
2022.7644 13.9209
2022.7671 10.7276
2022.7699 20.5736
2022.7726 16.0389
2022.7753 13.8636
2022.7781 18.3178
2022.7808 10.1115
2022.7836 9.2849
2022.7863 15.8080
2022.7890 13.9008
2022.7918 15.5935
2022.7945 11.0662
2022.7973 9.7089
2022.8000 8.1717
2022.8027 7.6447
2022.8055 6.4680
2022.8082 6.8516
2022.8110 6.4056
2022.8137 8.3302
2022.8164 6.6853
2022.8192 17.9111
2022.8219 5.8177
2022.8247 5.2850
2022.8274 1.8833
2022.8301 11.1226
2022.8329 2.2930
2022.8356 5.5052
2022.8384 6.1091
2022.8411 8.3046
2022.8438 11.1916
2022.8466 8.9500
2022.8493 4.5696
2022.8521 10.4603
2022.8548 7.7420
2022.8575 6.1945
2022.8603 4.6279
2022.8630 10.2018
2022.8658 12.0562
2022.8685 12.8410
2022.8712 9.0860
2022.8740 11.4712
2022.8767 10.4864
2022.8795 20.6514
2022.8822 9.6062
2022.8849 8.6007
2022.8877 14.3346
2022.8904 13.8080
2022.8932 13.6706
2022.8959 12.4923
2022.8986 12.7331
2022.9014 6.2727
2022.9041 8.4411
2022.9068 9.3582
2022.9096 10.8238
2022.9123 9.8578
2022.9151 11.5201
2022.9178 7.2809
2022.9205 8.0405
2022.9233 11.5191
2022.9260 6.8465
2022.9288 7.8529
2022.9315 9.9982
2022.9342 8.9025
2022.9370 8.0457
2022.9397 9.3280
2022.9425 10.3592
2022.9452 11.3595
2022.9479 8.8189
2022.9507 11.3873
2022.9534 6.9748
2022.9562 10.3814
2022.9589 7.3771
2022.9616 6.9920
2022.9644 7.1260
2022.9671 11.1292
2022.9699 7.0816
2022.9726 12.5233
2022.9753 5.3441
2022.9781 11.0542
2022.9808 7.7736
2022.9836 3.9323
2022.9890 2.7075
2022.9918 5.5642
2022.9945 3.6101
2022.9973 1.2355
2023.0000 5.9603
