2009.9959 -1.7853
2009.9986 -4.6753
2010.0014 -2.3459
2010.0041 -2.5898
2010.0068 -5.7671
2010.0096 -0.9277
2010.0123 -4.6512
2010.0151 -3.6974
2010.0178 -6.5259
2010.0205 -4.6665
2010.0233 -1.8189
2010.0260 -2.3029
2010.0288 -0.8881
2010.0315 -0.8843
2010.0342 -3.3811
2010.0370 -5.1084
2010.0397 -4.6658
2010.0425 -0.3031
2010.0452 -1.9499
2010.0479 -0.9660
2010.0507 -1.9912
2010.0534 -0.2250
2010.0562 -2.4173
2010.0589 -1.2978
2010.0616 -1.7562
2010.0644 -7.3022
2010.0671 -4.1055
2010.0699 -3.2159
2010.0726 -1.9331
2010.0753 -0.5967
2010.0781 -3.7266
2010.0808 -4.2024
2010.0836 -2.6659
2010.0863 -3.3291
2010.0890 -2.3121
2010.0918 -1.6247
2010.0945 -2.7970
2010.0973 -3.1791
2010.1000 -4.6709
2010.1027 -6.9224
2010.1055 -6.9636
2010.1082 -3.1546
2010.1110 -4.1654
2010.1137 -2.1159
2010.1164 -4.3262
2010.1192 -4.6063
2010.1219 -10.3261
2010.1247 -8.8558
2010.1274 -1.2452
2010.1301 5.4756
2010.1329 3.8865
2010.1356 3.0476
2010.1384 2.5989
2010.1411 -4.7296
2010.1438 -6.1580
2010.1466 -5.8163
2010.1493 -1.0444
2010.1521 -0.8223
2010.1548 -3.0802
2010.1575 -1.1979
2010.1603 -4.7055
2010.1630 -5.8630
2010.1658 -8.3505
2010.1685 -2.9879
2010.1712 -2.0153
2010.1740 -4.3827
2010.1767 -6.0200
2010.1795 -8.4573
2010.1822 -8.0646
2010.1849 -0.9719
2010.1877 -4.3192
2010.1904 -6.3664
2010.1931 -7.9936
2010.1959 -9.9309
2010.1986 -7.3981
2010.2014 -5.2053
2010.2041 -5.1825
2010.2068 -5.1197
2010.2096 -10.9069
2010.2123 -4.9742
2010.2151 -5.5214
2010.2178 -2.1887
2010.2205 -5.0059
2010.2233 -4.3132
2010.2260 -4.9805
2010.2288 -5.8379
2010.2315 -4.1852
2010.2342 -4.9726
2010.2370 -1.4400
2010.2397 -3.6375
2010.2425 -2.5250
2010.2452 -6.1225
2010.2479 -8.0402
2010.2507 -6.8282
2010.2534 -7.8065
2010.2562 -4.9551
2010.2589 -8.7639
2010.2616 -5.7029
2010.2644 -8.6420
2010.2671 -4.7914
2010.2699 -4.7209
2010.2726 -4.1906
2010.2753 -2.6304
2010.2781 -1.6203
2010.2808 0.8198
2010.2836 1.1098
2010.2863 -4.1302
2010.2890 -6.3403
2010.2918 -6.7303
2010.2945 -5.2403
2010.2973 -6.1903
2010.3000 -5.7502
2010.3027 -2.9100
2010.3055 -4.6996
2010.3082 -4.7592
2010.3110 -3.6086
2010.3137 -0.7378
2010.3164 -3.0769
2010.3192 -2.1957
2010.3219 -5.2443
2010.3247 -5.0726
2010.3274 -6.1807
2010.3301 -5.9982
2010.3329 -6.6641
2010.3356 -3.4881
2010.3384 -6.4503
2010.3411 -5.5108
2010.3438 -6.6697
2010.3466 -9.5969
2010.3493 -5.4128
2010.3521 -7.0971
2010.3548 -3.0802
2010.3575 -8.3820
2010.3603 -10.3925
2010.3630 -11.0120
2010.3658 -9.6804
2010.3685 -5.6678
2010.3712 -2.9444
2010.3740 -3.4800
2010.3767 -4.2950
2010.3794 -4.2992
2010.3822 -5.4429
2010.3849 -4.7460
2010.3877 -4.2786
2010.3904 -4.1209
2010.3931 -5.8528
2010.3959 -6.8345
2010.3986 -6.2461
2010.4014 -1.6875
2010.4041 -0.2689
2010.4068 -4.7304
2010.4096 -6.4719
2010.4123 -4.6837
2010.4151 -3.4449
2010.4178 -4.6846
2010.4205 -1.4730
2010.4233 -4.4999
2010.4260 -2.3356
2010.4288 -4.7099
2010.4315 -6.7431
2010.4342 -4.5150
2010.4370 -3.7557
2010.4397 -5.6952
2010.4425 -4.3637
2010.4452 -4.3411
2010.4479 -4.6974
2010.4507 -8.4927
2010.4534 -8.5871
2010.4562 -8.9805
2010.4589 -10.6431
2010.4616 -6.5947
2010.4644 -8.0356
2010.4671 -11.4156
2010.4699 -16.2249
2010.4726 -7.6535
2010.6068 -1.8722
2010.6096 1.8910
2010.6123 6.8120
2010.6151 13.0113
2010.6178 -2.0506
2010.6479 0.5509
2010.6507 -0.1866
2010.6534 -0.6290
2010.6562 -0.1755
2010.6589 -1.0158
2010.6616 -4.3593
2010.6644 2.7845
2010.6671 -1.1079
2010.6699 0.5697
2010.6726 0.4875
2010.6753 3.8153
2010.6781 -2.9768
2010.6808 -0.5688
2010.6836 1.7894
2010.7055 -3.9402
2010.7082 -12.6506
2010.7110 -6.9807
2010.7137 -7.9205
2010.7164 -6.8902
2010.7192 -2.6695
2010.7219 0.8914
2010.7247 -1.7374
2010.7274 -3.9259
2010.7301 -1.9241
2010.7329 -6.0219
2010.7356 -6.5994
2010.7384 -9.5666
2010.7411 -6.0735
2010.7438 -5.4299
2010.7466 -5.0460
2010.7493 -9.8517
2010.7521 -9.0274
2010.7548 -12.8730
2010.7575 -12.8486
2010.7603 -5.9542
2010.7630 -9.3797
2010.7658 -1.1751
2010.7685 -3.4506
2010.7712 -4.1361
2010.7740 -5.5615
2010.7767 -3.9569
2010.7794 -6.8023
2010.7822 -4.7876
2010.7849 -4.0730
2010.7877 -3.7484
2010.7904 -7.1837
2010.7931 -6.3891
2010.7959 -5.9444
2010.7986 -4.9898
2010.8014 -3.9051
2010.8041 -6.0305
2010.8068 -2.6759
2010.8096 -5.6912
2010.8123 -4.5466
2010.8151 -4.3721
2010.8178 -6.1275
2010.8205 -2.2130
2010.8233 -5.0985
2010.8260 -3.3640
2010.8288 -2.6495
2010.8315 -1.7551
2010.8342 -3.4798
2010.8370 0.3972
2010.8397 -7.2043
2010.8425 -9.7145
2010.8452 -5.8236
2010.8479 -1.5318
2010.8507 -6.0794
2010.8534 -2.3264
2010.8562 -0.7332
2010.8589 -3.2199
2010.8616 -4.3667
2010.8644 -4.6339
2010.8671 -0.7915
2010.8699 -4.1299
2010.8726 -7.0393
2010.8753 -7.7897
2010.8781 -5.3315
2010.8808 -3.1249
2010.8836 0.2501
2010.8863 -2.5570
2010.8890 -2.4461
2010.8918 0.4924
2010.8945 0.7384
2010.8973 -4.7385
2010.9000 -2.0782
2010.9027 -3.2611
2010.9055 -1.4474
2010.9082 -0.7272
2010.9110 1.1092
2010.9137 0.4117
2010.9164 2.2099
2010.9192 -0.6466
2010.9219 -2.4178
2010.9247 -3.6033
2010.9274 -3.2029
2010.9301 -7.9865
2010.9329 -3.7336
2010.9356 -5.0842
2010.9384 -4.1778
2010.9411 -3.3744
2010.9438 -3.1936
2010.9466 -2.1751
2010.9493 -2.0388
2010.9521 -1.2644
2010.9548 -3.4417
2010.9575 -5.4303
2010.9603 -1.3100
2010.9630 -2.6907
2010.9658 -2.9720
2010.9685 -3.5937
2010.9712 -1.2655
2010.9740 -2.6473
2010.9767 -3.7486
2010.9795 -0.5594
2010.9822 3.1606
2010.9849 -1.6982
2010.9877 -2.4157
2010.9904 -5.2516
2010.9931 -2.7057
2010.9959 -4.1777
2010.9986 1.0027
2011.0014 -1.8548
2011.0041 -1.6524
2011.0068 0.6494
2011.0096 -4.1492
2011.0123 -0.5581
2011.0151 2.7126
2011.0178 -0.9869
2011.0205 -0.2166
2011.0233 -4.1465
2011.0288 -1.4462
2011.0315 -1.6159
2011.0342 -2.6655
2011.0370 0.0151
2011.0397 -0.9340
2011.0425 0.5572
2011.0452 -1.3911
2011.0479 1.2810
2011.0507 -1.2763
2011.0534 0.9570
2011.0562 0.6410
2011.0589 3.7157
2011.0616 2.7013
2011.0644 3.5177
2011.0671 3.1651
2011.0699 1.7634
2011.0726 -2.6371
2011.0753 -1.3565
2011.0781 -2.4847
2011.0808 -2.6116
2011.0836 -1.3372
2011.0863 1.2784
2011.0890 -1.1447
2011.0918 -1.1468
2011.0945 1.8222
2011.0973 0.3822
2011.1000 0.4231
2011.1027 4.1947
2011.1055 0.2372
2011.1082 -0.1797
2011.1110 -0.3660
2011.1137 1.7883
2011.1164 2.2130
2011.1192 2.4482
2011.1219 0.9536
2011.1247 5.9893
2011.1274 1.0852
2011.1301 3.3012
2011.1329 6.9472
2011.1356 1.7631
2011.1384 2.3890
2011.1411 1.0247
2011.1438 6.3401
2011.1466 4.3252
2011.1493 4.9699
2011.1521 3.4441
2011.1548 2.2977
2011.1575 5.5108
2011.1603 3.2732
2011.1630 2.1349
2011.1658 5.9764
2011.1685 4.9279
2011.1712 2.3794
2011.1740 3.0708
2011.1767 -2.5479
2011.1795 -0.6167
2011.1822 -1.9355
2011.1849 3.0756
2011.1877 2.3766
2011.1904 3.0975
2011.1931 1.2984
2011.1959 0.6392
2011.1986 -0.4302
2011.2014 -1.1396
2011.2041 -1.3491
2011.2068 0.0613
2011.3055 3.3140
2011.3082 1.2114
2011.3110 -2.3901
2011.3137 0.7599
2011.3164 2.6014
2011.3192 3.1746
2011.3219 2.3897
2011.3247 3.9469
2011.3274 -1.2335
2011.3301 -0.1715
2011.3329 1.6237
2011.3356 5.5320
2011.3384 3.3330
2011.3411 2.9266
2011.3438 1.5525
2011.3466 1.7805
2011.3493 2.2204
2011.3521 3.5519
2011.3548 4.5748
2011.3575 2.3489
2011.3603 2.6839
2011.3630 4.5896
2011.3658 5.0158
2011.3685 3.9622
2011.3712 -1.7714
2011.3740 -0.0652
2011.3767 1.1805
2011.3794 -4.2445
2011.3822 -1.0004
2011.3849 2.0425
2011.3877 1.4041
2011.3904 1.2240
2011.3931 0.2620
2011.3959 1.3879
2011.3986 4.7715
2011.5521 5.8261
2011.6726 6.6633
2011.6753 -4.9438
2011.6863 -1.0929
2011.6890 -3.8004
2011.6918 -4.5681
2011.6945 -4.3860
2011.6973 -2.7339
2011.7000 -2.8820
2011.7027 -2.3403
2011.7055 -1.3087
2011.7082 -2.4372
2011.7110 -3.1460
2011.7137 -0.5748
2011.7164 -2.5039
2011.7219 1.7574
2011.7247 0.5078
2011.7274 0.2380
2011.7301 4.2780
2011.7329 -3.4922
2011.7356 -5.5226
2011.7384 -2.3132
2011.7411 0.3760
2011.7438 -1.3151
2011.7466 -5.3064
2011.7493 -4.9678
2011.7521 -1.9394
2011.7959 -2.8865
2011.7986 -2.1999
2011.8014 3.0365
2011.8041 4.1027
2011.8068 5.6288
2011.8096 2.2247
2011.8123 6.4403
2011.8151 7.5158
2011.8178 5.6011
2011.8205 6.0461
2011.8233 0.2310
2011.8260 5.5556
2011.8288 4.7799
2011.8315 8.0441
2011.8342 4.0275
2011.8370 0.8100
2011.8397 5.6716
2011.8425 2.9923
2011.8452 2.4221
2011.8479 -2.7987
2011.8507 4.6498
2011.8534 4.3777
2011.8562 3.8950
2011.8589 6.1020
2011.8616 8.7685
2011.8644 5.4047
2011.8671 5.8506
2011.8699 5.6264
2011.8726 2.3420
2011.8753 1.1876
2011.8781 -0.4368
2011.8808 1.9088
2011.8836 -0.0553
2011.8863 2.5707
2011.8890 0.1770
2011.8918 2.5337
2011.8945 2.4508
2011.8973 -1.3316
2011.9000 -4.0334
2011.9027 -0.1146
2011.9055 2.1448
2011.9082 3.8651
2011.9110 4.3661
2011.9137 5.0081
2011.9164 9.1910
2011.9192 4.8849
2011.9219 -0.7503
2011.9247 -1.8446
2011.9274 -2.0882
2011.9301 -1.6911
2011.9329 3.1867
2011.9356 6.5351
2011.9384 6.5440
2011.9411 -1.5167
2011.9438 3.4429
2011.9466 2.7029
2011.9493 7.3931
2011.9521 8.2835
2011.9548 4.6439
2011.9575 7.3444
2011.9603 4.8448
2011.9630 2.6352
2011.9658 4.1653
2011.9685 5.2152
2011.9712 6.6348
2011.9740 4.0340
2011.9767 3.8127
2011.9795 7.8509
2011.9822 4.9986
2011.9849 5.2255
2011.9877 4.0118
2011.9904 4.2272
2011.9931 7.2618
2011.9959 6.4754
2011.9986 5.9681
2012.0014 2.1598
2012.0041 6.4412
2012.0068 3.7722
2012.0096 4.2131
2012.0123 2.5437
2012.0150 5.7841
2012.0178 4.1442
2012.0205 4.1542
2012.0232 2.0839
2012.0287 9.6529
2012.0314 3.8521
2012.0342 4.6312
2012.0369 3.9401
2012.0396 5.8189
2012.0423 2.5476
2012.0451 6.3362
2012.0478 6.8246
2012.0505 3.9430
2012.0533 5.4113
2012.0560 3.9595
2012.0587 3.9377
2012.0615 5.2858
2012.0642 5.3939
2012.0669 8.2919
2012.0697 7.1400
2012.0724 6.1080
2012.0751 8.6161
2012.0779 4.5641
2012.0806 3.2822
2012.0833 4.8199
2012.0861 7.0468
2012.0888 9.1328
2012.0915 7.4481
2012.0943 9.7728
2012.0970 7.2369
2012.0997 9.6706
2012.1025 6.9138
2012.1052 11.7666
2012.1079 4.2492
2012.1107 11.6416
2012.1134 7.6939
2012.1161 9.2461
2012.1189 6.6384
2012.1216 8.1908
2012.1243 4.7633
2012.1270 4.8361
2012.1298 5.9492
2012.1325 6.0628
2012.1352 7.0168
2012.1380 4.1014
2012.1407 9.2166
2012.1434 6.8025
2012.1462 5.0092
2012.1489 3.1368
2012.1516 -0.0147
2012.1544 -2.7852
2012.1571 0.8153
2012.1598 2.1471
2012.1626 1.7701
2012.1653 1.2248
2012.1680 1.1414
2012.1708 1.2098
2012.1735 1.8199
2012.1762 4.3516
2012.1790 6.8948
2012.1817 6.9095
2012.1844 6.8155
2012.1872 2.1429
2012.1899 3.6016
2012.1926 -0.3986
2012.1954 9.6623
2012.2008 11.7170
2012.2035 0.3708
2012.2063 4.6353
2012.2090 6.6905
2012.2117 5.2664
2012.2145 3.9028
2012.2172 4.1398
2012.2199 5.1072
2012.2227 3.0149
2012.2254 3.2329
2012.2281 2.6210
2012.2309 1.9593
2012.2336 4.8777
2012.2363 -1.3540
2012.2391 0.1242
2012.2418 -3.2177
2012.2445 -5.0300
2012.2473 -4.8222
2012.2500 1.3860
2012.2527 3.3347
2012.2555 3.4638
2012.2582 3.4434
2012.2609 -0.0267
2012.2637 1.4836
2012.2664 3.7241
2012.2691 6.9149
2012.2719 3.7160
2012.2746 3.6472
2012.2773 9.8785
2012.2801 8.8600
2012.2828 8.3615
2012.2855 7.0330
2012.2882 4.7146
2012.2910 5.4661
2012.2937 5.0575
2012.2964 6.4187
2012.2992 3.5099
2012.3019 8.7108
2012.3046 8.3214
2012.3074 6.4118
2012.3648 8.9428
2012.3675 12.2029
2012.3702 3.3026
2012.3729 3.7619
2012.3757 4.4608
2012.3784 4.8594
2012.3811 4.8676
2012.3839 1.4955
2012.3866 4.4530
2012.3893 5.0102
2012.3921 5.7671
2012.3948 5.3637
2012.3975 5.1900
2012.4003 4.2861
2012.4030 3.0718
2012.4057 0.8173
2012.4085 -0.1274
2012.4112 8.7677
2012.4413 4.1662
2012.4440 5.2639
2012.4467 1.6810
2012.4495 7.4076
2012.4522 3.2040
2012.4549 5.2303
2012.4576 7.2466
2012.4604 7.2932
2012.4768 7.3256
2012.4795 8.8480
2012.4822 12.0218
2012.4850 10.8673
2012.4877 9.7846
2012.4904 13.0439
2012.4932 10.9952
2012.4959 9.7388
2012.4986 6.7846
2012.5014 6.2825
2012.5041 6.7023
2012.5178 5.6150
2012.5205 5.9135
2012.5505 5.9335
2012.5533 7.0553
2012.5642 5.4859
2012.5779 1.0517
2012.5806 0.6322
2012.5861 4.5078
2012.5888 3.5429
2012.5943 -3.5714
2012.5970 2.9294
2012.5997 2.5489
2012.6025 4.8375
2012.6052 -0.7550
2012.6079 1.6518
2012.6243 9.2725
2012.6270 5.1871
2012.6325 6.4172
2012.6380 7.1091
2012.6407 5.8661
2012.6571 5.3002
2012.6598 2.4658
2012.6626 4.8631
2012.6653 9.5025
2012.6790 -8.3973
2012.6817 2.3620
2012.6844 1.7338
2012.6872 0.8478
2012.7035 6.4318
2012.7063 2.3632
2012.7117 6.6857
2012.7145 1.6262
2012.7172 -3.0142
2012.7199 -1.8258
2012.7227 0.0912
2012.7254 -6.6535
2012.7281 -0.6501
2012.7309 1.9109
2012.7336 1.6095
2012.7363 3.9052
2012.7391 4.4678
2012.7418 6.7071
2012.7582 -3.9166
2012.7609 -2.2115
2012.7637 3.5128
2012.7664 5.3661
2012.7691 4.5584
2012.7719 3.6398
2012.7746 1.5701
2012.7773 5.1195
2012.7801 3.8577
2012.7828 3.3349
2012.7855 5.8510
2012.7882 2.4259
2012.7910 5.2297
2012.7937 3.3622
2012.7964 3.8636
2012.7992 0.4837
2012.8019 1.2025
2012.8046 3.9600
2012.8074 6.6762
2012.8101 12.6011
2012.8128 10.9345
2012.8156 8.1166
2012.8183 8.4872
2012.8210 7.6263
2012.8238 5.9940
2012.8265 6.7701
2012.8292 4.7448
2012.8320 2.5278
2012.8347 7.4503
2012.8374 6.5426
2012.8402 5.2649
2012.8429 1.7371
2012.8456 6.2091
2012.8484 5.0810
2012.8511 5.7228
2012.8538 6.7845
2012.8566 4.3860
2012.8593 0.5973
2012.8620 3.6185
2012.8648 4.9696
2012.8675 2.5205
2012.8702 7.0511
2012.8729 4.3916
2012.8757 4.2219
2012.8784 4.8721
2012.8811 6.0919
2012.8839 7.8416
2012.8866 7.3711
2012.8893 10.1603
2012.8921 6.5593
2012.8948 8.6181
2012.8975 4.0366
2012.9003 5.3348
2012.9030 4.1828
2012.9057 4.0505
2012.9085 4.7679
2012.9112 9.9550
2012.9139 9.6618
2012.9167 8.9584
2012.9194 8.9548
2012.9221 7.0810
2012.9249 8.5771
2012.9276 11.0030
2012.9303 5.0989
2012.9331 7.7846
2012.9358 7.3902
2012.9385 10.1857
2012.9413 8.5612
2012.9440 8.7365
2012.9467 6.3118
2012.9495 4.4371
2012.9522 6.5323
2012.9549 8.9375
2012.9576 9.3526
2012.9604 6.4677
2012.9631 8.3429
2012.9658 7.2880
2012.9686 5.8332
2012.9713 1.3284
2012.9740 6.6336
2012.9768 6.7289
2012.9795 8.4642
2012.9822 7.0796
2012.9850 6.6750
2012.9877 8.5906
2012.9904 10.0563
2012.9932 6.7420
2012.9959 6.2579
2012.9986 6.6739
2013.0014 8.2699
2013.0041 8.8759
2013.0068 6.2720
2013.0096 8.7881
2013.0123 7.3343
2013.0151 7.3007
2013.0178 5.5472
2013.0205 6.6941
2013.0233 5.2112
2013.0260 8.1987
2013.0288 5.3865
2013.0315 7.9648
2013.0342 6.7035
2013.0370 6.0928
2013.0397 8.0326
2013.0425 7.2730
2013.0452 6.9041
2013.0479 6.4059
2013.0507 6.0984
2013.0534 2.1916
2013.0562 3.1258
2013.0589 3.3607
2013.0616 8.3666
2013.0644 21.4435
2013.0671 13.5313
2013.0699 12.5502
2013.0726 14.1302
2013.0753 13.4714
2013.0781 17.3737
2013.0808 9.7972
2013.0836 10.4931
2013.0863 7.7924
2013.0890 5.9549
2013.0918 7.8905
2013.0945 8.3292
2013.0973 10.0906
2013.1000 9.6948
2013.1027 10.3416
2013.1055 9.0308
2013.1082 8.6223
2013.1110 9.0461
2013.1137 8.9819
2013.1164 8.3097
2013.1192 7.5593
2013.1219 9.8905
2013.1247 6.2933
2013.1274 5.2975
2013.1301 5.5830
2013.1329 7.2097
2013.1356 6.7674
2013.1384 6.2159
2013.1411 5.9753
2013.1438 0.1453
2013.1466 -7.8442
2013.1493 -4.6134
2013.1521 -2.6322
2013.1548 2.6790
2013.1575 11.0702
2013.1603 15.4613
2013.1630 13.9122
2013.1658 12.5432
2013.1685 16.0845
2013.1712 12.4161
2013.1740 0.0379
2013.1767 -2.6501
2013.1795 -0.4078
2013.1822 -6.0653
2013.1849 -3.3826
2013.1877 -0.6496
2013.1904 -1.5165
2013.1931 -4.4331
2013.1959 1.8905
2013.1986 0.0943
2013.2014 1.0183
2013.2041 2.1625
2013.2068 -1.9231
2013.2096 8.1415
2013.2123 11.7463
2013.2151 11.8013
2013.2178 5.9365
2013.2205 1.8618
2013.2233 3.2774
2013.2260 4.8130
2013.2288 3.8689
2013.2315 0.8149
2013.2342 -1.6289
2013.2370 2.0675
2013.2397 2.4240
2013.2425 4.4206
2013.2452 8.0174
2013.2479 4.2458
2013.2507 3.2571
2013.2534 5.1309
2013.2562 4.9071
2013.2589 5.6954
2013.2616 4.5856
2013.2644 6.6673
2013.2671 6.1003
2013.2699 2.4844
2013.2726 6.2394
2013.2753 2.2649
2013.2781 1.6507
2013.2808 2.0366
2013.2836 2.4223
2013.2863 1.3675
2013.2890 4.2120
2013.2918 2.5656
2013.2945 3.6480
2013.2973 3.7688
2013.3000 2.6380
2013.3027 2.8752
2013.3055 4.1401
2013.3082 6.4326
2013.3192 -3.4175
2013.3219 0.2587
2013.3247 8.7509
2013.3274 4.9788
2013.3301 2.9125
2013.3438 1.9606
2013.3466 3.9430
2013.3493 5.3539
2013.3521 3.7734
2013.3548 6.5416
2013.3575 10.8384
2013.3603 6.2941
2013.3630 5.0887
2013.3658 6.8223
2013.3685 8.3150
2013.3712 1.4969
2013.3740 5.5780
2013.3767 23.9484
2013.3794 26.1683
2013.3822 22.0976
2013.4589 1.9512
2013.4671 5.7544
2013.4699 7.8627
2013.5247 10.9357
2013.5521 11.6845
2013.6096 5.5387
2013.6123 0.2154
2013.6151 3.4523
2013.6178 4.9693
2013.6205 6.4565
2013.6233 -2.0661
2013.6260 2.9214
2013.6288 5.9390
2013.6342 1.7346
2013.6370 7.2126
2013.6644 -0.2628
2013.6671 0.6568
2013.6699 -0.5821
2013.6726 0.6305
2013.6781 -0.3805
2013.6808 -1.9743
2013.6836 4.6728
2013.6863 0.8008
2013.6890 -3.0205
2013.6918 -3.0113
2013.6945 0.4585
2013.6973 -2.7814
2013.7000 -1.2911
2013.7027 -4.2507
2013.7137 4.6294
2013.7164 2.5684
2013.7219 5.1544
2013.7247 4.6112
2013.7274 4.4069
2013.7301 6.4115
2013.7329 3.8549
2013.7356 4.2269
2013.7384 2.7473
2013.7411 0.3362
2013.7438 4.5133
2013.7466 -1.7015
2013.7493 0.9118
2013.7521 9.9736
2013.7603 21.0207
2013.7630 15.9470
2013.7658 2.8922
2013.7685 2.9062
2013.7712 -5.7710
2013.7740 -6.1092
2013.7767 -1.9885
2013.7794 0.8613
2013.7822 1.4001
2013.7849 -0.4220
2013.7877 0.3450
2013.7904 1.5613
2013.7931 4.7468
2013.7959 -0.8584
2013.7986 3.4858
2013.8014 2.7294
2013.8041 2.0224
2013.8068 2.1849
2013.8096 2.8769
2013.8123 4.8185
2013.8151 3.1198
2013.8178 6.8207
2013.8205 2.7914
2013.8233 4.3118
2013.8260 5.5321
2013.8288 2.8023
2013.8315 2.3223
2013.8342 1.4923
2013.8370 5.6722
2013.8397 6.1818
2013.8425 8.5213
2013.8452 8.1607
2013.8479 6.3999
2013.8507 6.8589
2013.8534 5.9377
2013.8562 6.0564
2013.8589 15.3149
2013.8616 9.8132
2013.8644 8.6613
2013.8671 9.9993
2013.8699 7.2671
2013.8726 6.8847
2013.8753 7.4521
2013.8781 9.2294
2013.8808 9.5564
2013.8836 10.0733
2013.8863 9.7999
2013.8890 11.6664
2013.8918 8.3726
2013.8945 8.5787
2013.8973 6.8046
2013.9000 7.5702
2013.9027 7.9657
2013.9055 3.9509
2013.9082 3.0860
2013.9110 4.9508
2013.9137 2.3554
2013.9164 6.1197
2013.9192 4.7827
2013.9219 7.0344
2013.9247 7.2849
2013.9274 7.8343
2013.9301 4.8528
2013.9329 4.7603
2013.9356 4.0370
2013.9384 7.9330
2013.9411 4.1685
2013.9438 4.2634
2013.9466 6.7380
2013.9493 5.2822
2013.9521 6.5063
2013.9548 8.2302
2013.9575 7.0542
2013.9603 5.1283
2013.9630 3.5726
2013.9658 3.5472
2013.9685 7.8222
2013.9712 8.3577
2013.9740 7.5038
2013.9767 7.8207
2013.9795 8.8483
2013.9822 8.9369
2013.9849 6.8264
2013.9877 12.8871
2013.9904 7.9990
2013.9931 8.7922
2013.9959 7.3768
2013.9986 6.2930
2014.0014 9.6606
2014.0041 5.4095
2014.0068 2.8495
2014.0096 6.7706
2014.0123 7.6027
2014.0151 7.1858
2014.0178 2.8899
2014.0205 3.4950
2014.0233 8.4711
2014.0260 5.4680
2014.0288 4.7658
2014.0315 6.7844
2014.0342 11.2339
2014.0370 5.9841
2014.0397 7.9051
2014.0425 9.0968
2014.0452 6.3092
2014.0479 8.7323
2014.0507 8.9860
2014.0534 9.1103
2014.0562 9.7252
2014.0589 0.1007
2014.0616 2.5567
2014.0644 5.2931
2014.0671 7.8500
2014.0699 7.0074
2014.0726 6.9151
2014.0753 6.5732
2014.0781 11.1117
2014.0808 11.0504
2014.0836 8.6096
2014.0863 7.1995
2014.0890 5.8599
2014.0918 10.3608
2014.0945 10.3722
2014.0973 11.0340
2014.1000 6.1763
2014.1027 5.0189
2014.1055 7.8718
2014.1082 9.0951
2014.1110 6.7286
2014.1137 10.3523
2014.1164 6.4461
2014.1192 9.8602
2014.1219 13.2443
2014.1247 9.4084
2014.1274 11.6526
2014.1301 10.5368
2014.1329 8.3909
2014.1356 8.8649
2014.1384 6.4488
2014.1411 6.8525
2014.1438 10.7560
2014.1466 10.6293
2014.1493 10.3722
2014.1521 7.6348
2014.1548 9.0871
2014.1575 6.6489
2014.1603 12.8203
2014.1630 8.3010
2014.1658 11.1299
2014.1685 9.4368
2014.1712 11.9919
2014.1740 13.5254
2014.1767 17.8175
2014.1795 17.6683
2014.1822 13.4580
2014.1849 11.8167
2014.1877 11.8446
2014.1904 12.6618
2014.1931 8.8885
2014.1959 5.9549
2014.1986 9.2712
2014.2014 5.9674
2014.2041 6.5737
2014.2068 5.5204
2014.2096 9.7275
2014.2123 14.4152
2014.2151 9.8537
2014.2178 8.6332
2014.2205 6.1437
2014.2233 9.2955
2014.2260 9.7687
2014.2288 10.8635
2014.2315 8.9800
2014.2342 8.5084
2014.2370 4.9289
2014.2397 8.3715
2014.2425 6.7366
2014.2452 5.6341
2014.2479 4.5663
2014.2507 8.6250
2014.2534 9.4897
2014.2562 8.0301
2014.2589 12.1456
2014.2616 9.2060
2014.2644 13.9507
2014.2671 8.4294
2014.2699 9.1517
2014.2726 8.5771
2014.2753 7.4053
2014.2781 7.7658
2014.2808 11.2282
2014.2836 8.4921
2014.2863 7.1571
2014.2890 8.3827
2014.2918 13.8387
2014.2945 11.7345
2014.2973 7.9796
2014.3000 7.7339
2014.3027 14.6367
2014.3055 3.3078
2014.3082 11.1766
2014.3110 21.2128
2014.3137 10.1359
2014.3164 15.0556
2014.3192 12.2015
2014.3219 8.5130
2014.3247 10.8499
2014.3274 8.2217
2014.3301 10.8686
2014.3329 8.5247
2014.3356 7.4409
2014.3384 11.6069
2014.3411 9.0929
2014.3521 5.5561
2014.3548 5.5917
2014.3575 5.5171
2014.3712 14.4218
2014.3740 12.2263
2014.4014 8.2578
2014.4041 10.9895
2014.4068 14.3108
2014.4096 12.7218
2014.4123 13.8625
2014.4973 10.4693
2014.5000 7.9522
2014.5082 -1.7893
2014.5110 9.9297
2014.5137 6.5399
2014.5164 -3.9689
2014.5192 12.7533
2014.5247 16.1396
2014.5274 12.1635
2014.5384 8.1305
2014.5466 4.4706
2014.5493 21.3227
2014.5521 5.8439
2014.5548 1.7940
2014.5575 0.6930
2014.5603 7.5806
2014.5630 10.7167
2014.6589 3.4021
2014.6616 0.2778
2014.6644 6.8737
2014.6671 10.7596
2014.7027 -0.4918
2014.7055 -4.3579
2014.7110 5.6497
2014.7137 11.0736
2014.7164 11.7075
2014.7192 8.3515
2014.7219 8.2956
2014.7247 6.0898
2014.7274 10.6441
2014.7301 4.6586
2014.7329 8.4032
2014.7356 9.3480
2014.7384 5.9830
2014.7411 8.7483
2014.7438 5.1437
2014.7466 9.4295
2014.7493 7.8763
2014.7521 10.2488
2014.7548 13.0073
2014.7575 12.8612
2014.7603 10.8902
2014.7630 10.1536
2014.7658 3.1311
2014.7685 4.9822
2014.7712 3.5864
2014.7740 7.7032
2014.7767 8.6221
2014.7794 7.9928
2014.7822 6.2946
2014.7849 9.6771
2014.7877 10.2398
2014.7904 8.8523
2014.7931 7.5741
2014.7959 5.7347
2014.7986 6.7137
2014.8014 1.5705
2014.8041 5.7046
2014.8068 6.4557
2014.8096 7.3732
2014.8123 11.2767
2014.8151 12.2756
2014.8178 11.2495
2014.8205 10.3880
2014.8233 3.5305
2014.8260 14.1365
2014.8288 9.9457
2014.8315 10.9675
2014.8342 8.2753
2014.8370 10.0730
2014.8397 5.2306
2014.8425 4.9681
2014.8452 3.6754
2014.8479 4.4626
2014.8507 6.4097
2014.8534 7.0466
2014.8562 7.1835
2014.8589 3.6102
2014.8616 6.9469
2014.8644 4.4635
2014.8671 8.1599
2014.8699 6.4063
2014.8726 3.0826
2014.8753 6.5688
2014.8781 8.6050
2014.8808 3.3411
2014.8836 5.6771
2014.8918 5.1049
2014.8945 3.0007
2014.8973 5.0766
2014.9000 7.3223
2014.9027 2.3881
2014.9055 7.0938
2014.9082 9.6295
2014.9110 9.0652
2014.9137 10.1609
2014.9164 8.8065
2014.9192 11.2721
2014.9219 6.5576
2014.9247 6.2430
2014.9274 7.8983
2015.5274 14.3233
2015.5301 12.3809
2015.5329 13.6092
2015.5356 9.8781
2015.5384 10.7477
2015.5411 10.4681
2015.5438 9.0991
2015.5466 9.6910
2015.5493 9.7936
2015.5521 10.5771
2015.5548 11.4114
2015.5575 9.8166
2015.5603 9.6527
2015.5630 0.7598
2015.5986 4.6672
2015.6014 7.3317
2015.6041 9.7471
2015.6068 8.4633
2015.6096 9.1503
2015.6123 5.3478
2015.6151 13.1359
2015.6233 8.7717
2015.6260 15.3805
2015.6288 12.4291
2015.6315 11.1076
2015.6342 10.0556
2015.6370 18.5732
2015.6452 7.1918
2015.6479 8.0262
2015.6507 6.3996
2015.6534 4.2518
2015.6753 6.7758
2015.6781 5.0952
2015.6836 5.8211
2015.6863 10.7977
2015.6890 11.7837
2015.6918 10.4690
2015.6973 5.0084
2015.7000 11.3425
2015.7055 14.7005
2015.7082 14.3844
2015.7110 16.4285
2015.7164 12.9974
2015.7247 9.7244
2015.7274 8.7714
2015.7301 8.4793
2015.7329 9.7781
2015.7356 13.2680
2015.7384 9.6491
2015.7411 9.5015
2015.7438 7.9952
2015.7466 5.5104
2015.7493 8.0573
2015.7959 7.5489
2015.7986 11.1209
2015.8014 15.8124
2015.8041 7.5530
2015.8068 7.9226
2015.8096 4.9112
2015.8123 2.6784
2015.8151 4.1842
2015.8178 11.2085
2015.8205 11.8810
2015.8233 17.8716
2015.8315 6.1803
2015.8342 5.8329
2015.8370 11.6553
2015.8397 13.8574
2015.8425 10.0493
2015.8452 9.2410
2015.8479 11.5524
2015.8507 10.0835
2015.8534 7.9744
2015.8562 4.6751
2015.8589 4.2754
2015.8616 9.0155
2015.8644 9.7653
2015.8671 9.5547
2015.8699 7.3839
2015.8726 8.2727
2015.8753 7.1312
2015.8781 5.1994
2015.8808 6.7373
2015.8836 12.6348
2015.8863 10.5919
2015.8890 12.6287
2015.8918 11.4751
2015.8945 12.4711
2015.8973 11.0068
2015.9000 10.7020
2015.9027 10.1869
2015.9055 10.3713
2015.9082 8.4453
2015.9110 11.0989
2015.9137 10.7721
2015.9164 8.3248
2015.9192 11.1475
2015.9219 8.4902
2015.9247 5.9829
2015.9274 3.5155
2015.9301 8.7481
2015.9329 9.3407
2015.9356 8.7732
2015.9384 9.5458
2015.9411 5.1483
2015.9438 8.9008
2015.9466 7.9233
2015.9493 6.7057
2015.9521 8.5882
2015.9548 6.7106
2015.9575 6.0231
2015.9603 5.6255
2015.9630 3.4479
2015.9658 8.2203
2015.9685 7.3226
2015.9712 3.1650
2015.9740 7.6973
2015.9767 6.6997
2015.9795 3.6620
2015.9822 5.8444
2015.9849 11.1467
2015.9877 12.1190
2015.9904 9.1713
2015.9931 10.4436
2015.9959 8.9759
2015.9986 8.3883
2016.0014 2.4005
2016.0041 4.4424
2016.0068 9.8238
2016.0096 5.0948
2016.0123 4.1255
2016.0150 5.6658
2016.0178 3.6360
2016.0205 0.6859
2016.0232 1.3856
2016.0260 5.2053
2016.0287 3.9049
2016.0314 5.1244
2016.0342 2.9840
2016.0369 4.1136
2016.0396 5.6834
2016.0423 4.1733
2016.0451 4.2935
2016.0478 6.0139
2016.0505 6.8046
2016.0533 5.0856
2016.0560 5.2370
2016.0587 4.9489
2016.0615 3.2413
2016.0642 1.7641
2016.0669 3.0076
2016.0697 2.7517
2016.0724 5.4564
2016.0751 3.8819
2016.0779 9.2981
2016.0806 4.8652
2016.0833 5.0842
2016.0861 5.0966
2016.0888 7.0221
2016.0915 5.1607
2016.0943 8.5820
2016.0970 9.7760
2016.0997 11.4624
2016.1025 12.2910
2016.1052 9.0116
2016.1079 9.1041
2016.1107 10.7983
2016.1134 9.5139
2016.1161 11.3209
2016.1189 10.4489
2016.1216 5.7278
2016.1243 10.4575
2016.1270 12.9476
2016.1298 7.4582
2016.1325 10.2088
2016.1352 10.8394
2016.1380 8.3598
2016.1407 14.6698
2016.1434 14.1692
2016.1462 9.1677
2016.1489 11.3753
2016.1516 8.5117
2016.1544 9.9467
2016.1571 11.9002
2016.1598 11.6419
2016.1626 7.4318
2016.1653 2.9712
2016.2309 14.2973
2016.2336 15.6554
2016.2391 15.2618
2016.2418 3.6200
2016.2445 6.0082
2016.2473 2.5758
2016.2500 0.9215
2016.2527 -0.8046
2016.2555 1.7175
2016.2582 1.7182
2016.2609 3.7574
2016.2637 3.5553
2016.2664 4.0221
2016.2691 5.0080
2016.2719 5.1629
2016.2746 7.9472
2016.2773 7.0109
2016.2801 6.5842
2016.2882 0.2028
2016.2910 4.3457
2016.2937 2.8790
2016.2992 5.5368
2016.3019 3.5918
2016.3046 1.5475
2016.3074 4.2042
2016.6407 1.2536
2016.6817 8.0840
2016.6844 12.2046
2016.6926 13.0499
2016.7145 20.3346
2016.7172 1.6273
2016.7199 3.0094
2016.7227 3.2506
2016.7391 9.4038
2016.7418 1.7913
2016.7445 8.7759
2016.7746 -1.4777
2016.7773 0.5781
2016.7801 5.3631
2016.7828 3.6969
2016.7855 5.2894
2016.7882 0.2602
2016.7910 -3.7610
2016.7937 0.5957
2016.7964 7.6098
2016.8019 -1.4004
2016.8046 6.9847
2016.8101 1.1739
2016.8128 0.3675
2016.8156 0.7467
2016.8183 -0.2888
2016.8265 -6.4359
2016.8347 8.3279
2016.8374 11.5687
2016.8402 8.9970
2016.8429 6.0529
2016.8456 5.1465
2016.8484 6.8380
2016.8511 2.6074
2016.8538 1.1648
2016.8566 -0.1997
2016.8593 5.0940
2016.8620 2.7261
2016.8648 7.8165
2016.8675 8.1155
2016.8702 6.8431
2016.8729 4.2695
2016.8757 7.7346
2016.8784 5.0587
2016.8811 8.0318
2016.8839 7.3440
2016.8866 1.6054
2016.8893 8.0061
2016.8921 4.0163
2016.8975 3.8753
2016.9003 6.0343
2016.9030 2.9631
2016.9057 3.1418
2016.9085 3.1206
2016.9112 5.9595
2016.9139 2.9586
2016.9167 7.1680
2016.9194 3.5378
2016.9221 4.5079
2016.9249 3.4983
2016.9276 4.1190
2016.9303 4.5398
2016.9331 6.5008
2016.9358 3.1418
2016.9385 1.9028
2016.9413 3.7339
2016.9440 5.2448
2016.9467 4.8556
2016.9495 5.3762
2016.9522 4.4166
2016.9549 1.8267
2016.9576 0.9964
2016.9604 3.7057
2016.9631 3.6746
2016.9658 0.1630
2016.9686 3.5909
2016.9713 3.9881
2016.9740 0.9347
2016.9768 1.1806
2016.9795 0.7857
2016.9822 3.4800
2016.9850 5.4334
2016.9877 3.6759
2016.9904 2.9174
2016.9932 2.9679
2016.9959 1.8174
2016.9986 3.9557
2017.0014 4.6429
2017.0041 2.6693
2017.0068 1.5151
2017.0096 7.1802
2017.0123 4.9649
2017.0151 3.8090
2017.0178 4.1026
2017.0205 3.6758
2017.0233 6.4886
2017.0260 6.3111
2017.0288 5.8932
2017.0315 6.6250
2017.0342 5.3565
2017.0370 6.2979
2017.0397 6.3290
2017.0425 2.2800
2017.0452 3.7709
2017.0479 3.9818
2017.0507 3.4026
2017.0534 7.5334
2018.9493 12.9933
2018.9521 14.6549
2018.9548 13.0761
2018.9575 12.5768
2018.9603 12.0171
2018.9630 12.3768
2018.9658 12.6561
2018.9685 12.0749
2018.9712 12.3131
2018.9740 12.2708
2018.9767 16.6979
2018.9795 14.9845
2018.9822 16.0705
2018.9849 14.5659
2018.9877 14.7008
2018.9904 17.0650
2018.9931 15.8287
2018.9959 15.1117
2018.9986 16.4341
2019.0014 17.7957
2019.0041 15.8856
2019.0068 11.2538
2019.0096 16.1605
2019.0123 15.7857
2019.0151 20.1496
2019.0178 17.7822
2019.0205 12.7837
2019.0233 15.7842
2019.0260 13.5538
2019.0288 15.3026
2019.0315 15.4508
2019.0342 19.5784
2019.0370 17.6555
2019.0397 16.7123
2019.0425 16.2589
2019.0452 15.6454
2019.0479 18.6919
2019.0507 19.7884
2019.0534 16.8553
2019.0562 14.8025
2019.0589 13.8401
2019.0616 16.4483
2019.0644 21.7472
2019.0671 19.7969
2019.0699 16.9675
2019.0726 20.5791
2019.0753 20.1418
2019.0781 19.0458
2019.0808 18.7312
2019.0836 13.9272
2019.0863 11.6135
2019.0890 13.6099
2019.0918 12.4065
2019.0945 13.5836
2019.0973 15.1510
2019.1000 18.1989
2019.1027 16.0573
2019.1055 18.9564
2019.1082 14.6861
2019.1110 17.0866
2019.1137 13.6680
2019.1164 12.9503
2019.1192 16.4835
2019.1219 19.6378
2019.1247 19.8232
2019.1274 18.0298
2019.1301 14.5576
2019.1329 14.0468
2019.1356 11.3474
2019.1384 14.7895
2019.1411 14.2331
2019.1438 15.2684
2019.1466 15.1653
2019.1493 16.4140
2019.1521 18.1345
2019.1548 17.9570
2019.1575 18.9914
2019.1603 16.0579
2019.1630 9.6566
2019.1658 19.0083
2019.1685 17.5129
2019.1712 21.1102
2019.1740 18.3401
2019.1767 15.6123
2019.1795 12.2866
2019.1822 16.6929
2019.1849 18.3409
2019.1877 19.1705
2019.1904 17.4914
2019.1931 15.8134
2019.1959 12.1965
2019.1986 15.1902
2019.2014 15.2446
2019.2041 15.3193
2019.2068 14.3542
2019.2096 10.5790
2019.2123 16.6037
2019.2151 16.0079
2019.2178 15.4815
2019.2205 13.7543
2019.2233 13.4361
2019.2260 14.7566
2019.2288 13.4558
2019.2315 13.7434
2019.2342 15.4592
2019.2370 10.5430
2019.2397 13.6347
2019.2425 16.9039
2019.2452 19.1506
2019.2479 17.5959
2019.2507 21.3012
2019.2534 22.3363
2019.2562 18.9715
2019.2589 16.4965
2019.2616 21.4414
2019.2644 19.4862
2019.2671 20.9009
2019.2699 18.8854
2019.2726 17.5398
2019.2753 19.1441
2019.2781 14.4181
2019.2808 18.7820
2019.2836 15.1857
2019.2863 17.5992
2019.2973 17.0810
2019.3000 16.9533
2019.3027 15.2753
2019.3055 11.1471
2019.3274 18.0795
2019.3301 16.4582
2019.6562 26.6125
2019.6589 20.7372
2019.6644 21.5009
2019.6863 21.2813
2019.6918 26.1606
2019.6945 21.2606
2019.6973 14.7609
2019.7000 22.3815
2019.7027 15.5924
2019.7055 19.1236
2019.7082 23.2552
2019.7110 26.4071
2019.7137 14.6995
2019.7164 21.1222
2019.7192 22.8154
2019.7219 19.0991
2019.7247 25.3832
2019.7274 21.2278
2019.7301 20.9329
2019.7329 22.1286
2019.7356 19.4149
2019.7384 15.0717
2019.7411 13.8991
2019.7438 19.0271
2019.7466 21.0258
2019.7493 23.0252
2019.7521 27.1764
2019.7548 19.3292
2019.7575 21.6337
2019.7603 20.2696
2019.7630 22.1469
2019.7658 20.9155
2019.7685 24.3453
2019.7712 26.4761
2019.7740 20.0679
2019.7767 19.4305
2019.7794 18.3939
2019.7822 17.8879
2019.7849 21.4124
2019.7877 24.8974
2019.7959 23.4637
2019.7986 16.6693
2019.8014 12.5248
2019.8041 16.3501
2019.8068 15.5450
2019.8096 14.7496
2019.8123 12.5736
2019.8151 13.6169
2019.8178 9.6695
2019.8205 15.7913
2019.8233 17.3721
2019.8260 14.1719
2019.8288 19.4004
2019.8315 17.9577
2019.8342 18.8741
2019.8370 21.0599
2019.8397 20.5952
2019.8425 17.7299
2019.8452 16.9639
2019.8479 16.5573
2019.8507 15.7200
2019.8534 18.2020
2019.8562 16.5633
2019.8589 20.0438
2019.8616 16.8535
2019.8644 20.4423
2019.8671 19.4803
2019.8699 20.6274
2019.8726 20.5836
2019.8753 17.9888
2019.8781 16.9430
2019.8808 13.8562
2019.8836 15.7084
2019.8863 14.6595
2019.8890 13.6395
2019.8918 13.2084
2019.8945 14.4761
2019.8973 13.5227
2019.9000 16.7580
2019.9027 16.2620
2019.9055 16.5548
2019.9082 18.5762
2019.9110 18.6764
2019.9137 15.8351
2019.9164 16.3119
2019.9192 16.7635
2019.9219 19.2197
2019.9247 16.3408
2019.9274 13.3072
2019.9301 13.4192
2019.9329 16.7873
2019.9356 12.4418
2019.9384 14.4630
2019.9411 13.8414
2019.9438 16.3373
2019.9466 17.8911
2019.9493 14.3331
2019.9521 12.5637
2019.9548 12.0333
2019.9575 14.7923
2019.9603 12.7609
2019.9630 13.2197
2019.9658 13.6988
2019.9685 12.6789
2019.9712 15.7501
2019.9740 13.7028
2019.9767 17.4175
2019.9795 16.6045
2019.9822 18.7342
2019.9849 17.4768
2019.9877 19.8929
2019.9904 19.5428
2019.9931 19.8667
2019.9959 21.4852
2019.9986 16.5086
2020.0014 15.8766
2020.0041 16.8758
2020.0068 18.3957
2020.0096 16.0261
2020.0123 18.7370
2020.0150 15.1686
2020.0178 20.7008
2020.0205 17.4335
2020.0232 16.8268
2020.0260 15.5707
2020.0287 10.1952
2020.0314 15.9703
2020.0342 14.2560
2020.0369 17.7822
2020.0396 14.7590
2020.0423 15.2964
2020.0451 16.6644
2020.0478 14.0030
2020.0505 17.8121
2020.0533 16.0719
2020.0560 17.2022
2020.0587 15.2631
2020.0615 16.1846
2020.0642 15.5566
2020.0669 18.0893
2020.0697 13.7725
2020.0724 18.3663
2020.0751 14.5407
2020.0779 13.0557
2020.0806 16.8912
2020.0833 15.2473
2020.0861 16.6240
2020.0888 18.3811
2020.0915 19.5389
2020.0943 20.1471
2020.0970 18.4460
2020.0997 14.2154
2020.1025 16.8154
2020.1052 22.0960
2020.1079 19.4971
2020.1107 24.4389
2020.1134 25.3813
2020.1161 29.3843
2020.1189 31.2379
2020.1216 29.0121
2020.1243 25.4570
2020.1270 22.6225
2020.1298 17.4687
2020.1325 21.1055
2020.1352 18.2730
2020.1380 18.5412
2020.1407 19.0000
2020.1434 22.3996
2020.1462 24.8698
2020.1489 17.6607
2020.1516 18.5724
2020.1544 19.2048
2020.1571 18.5978
2020.1598 12.6517
2020.1626 14.2166
2020.1653 12.9662
2020.1680 9.7211
2020.1708 11.9511
2020.1735 8.5856
2020.1762 12.6042
2020.1790 14.9164
2020.1817 21.6419
2020.1844 23.8203
2020.1872 21.2911
2020.1899 23.7938
2020.1926 21.4681
2020.1954 21.3635
2020.1981 27.4596
2020.2008 25.8059
2020.2035 24.9121
2020.2063 17.0278
2020.6708 21.6637
2020.6735 20.1453
2020.6762 20.4971
2020.6790 19.7793
2020.7145 11.5457
2020.7172 15.7423
2020.7418 18.8258
2020.7445 16.5256
2020.7473 18.4157
2020.7500 20.1865
2020.7527 21.1585
2020.7828 19.7520
2020.7855 21.9882
2020.7882 23.3654
2020.7910 23.8937
2020.7937 18.1029
2020.7964 20.1632
2020.7992 19.2144
2020.8019 17.2766
2020.8046 18.8596
2020.8210 15.3862
2020.8238 17.1751
2020.8265 17.0748
2020.8292 15.6351
2020.8320 14.9663
2020.8347 15.7516
2020.8374 16.4725
2020.8402 17.5385
2020.8429 16.7094
2020.8456 15.3547
2020.8675 13.0384
2020.8702 15.3158
2020.8729 14.4036
2020.8757 15.1815
2020.8784 12.3691
2020.8811 10.7260
2020.8839 11.3618
2020.8866 7.5562
2020.8893 6.4387
2020.8921 10.8990
2020.8948 11.3566
2020.8975 12.4612
2020.9003 13.1423
2020.9030 12.3997
2020.9057 10.9628
2020.9085 11.7813
2020.9112 14.7048
2020.9139 20.3730
2020.9167 12.9560
2020.9194 14.7071
2020.9221 9.8467
2020.9249 11.3748
2020.9276 13.6614
2020.9303 16.9165
2020.9331 11.5902
2020.9358 12.3725
2020.9385 14.8235
2020.9413 12.7331
2020.9440 11.7514
2020.9467 15.7384
2020.9495 14.5541
2020.9522 17.8987
2020.9549 20.8220
2020.9576 22.6942
2020.9604 16.5953
2020.9631 16.5453
2020.9658 16.4441
2020.9686 16.1920
2020.9713 21.3888
2020.9740 18.0446
2020.9768 18.5895
2020.9795 20.4534
2020.9822 18.0465
2020.9850 21.3186
2020.9877 17.8100
2020.9904 16.6505
2020.9932 20.7102
2020.9959 19.2892
2020.9986 16.7674
2021.0014 18.1946
2021.0041 19.5383
2021.0068 22.4886
2021.0096 23.8456
2021.0123 19.2397
2021.0151 19.0011
2021.0178 20.8003
2021.0205 21.1474
2021.0233 20.5529
2021.0260 19.8369
2021.0288 22.2298
2021.0315 16.4219
2021.0342 17.7235
2021.0370 17.3248
2021.0397 14.1663
2021.0425 12.9281
2021.0452 12.8206
2021.0479 14.9841
2021.0507 14.4389
2021.0534 11.3453
2021.0562 12.3536
2021.0589 14.5640
2021.0616 17.6170
2021.0644 21.2627
2021.0671 17.9315
2021.0699 20.6237
2021.0726 18.7696
2021.0753 16.3395
2021.0781 18.6336
2021.0808 18.0124
2021.0836 23.9854
2021.0863 22.9319
2021.0890 19.9518
2021.0918 21.4947
2021.0945 17.9504
2021.0973 16.4687
2021.1000 11.0493
2021.1027 12.5820
2021.1055 13.2765
2021.1082 13.7825
2021.1110 15.3799
2021.1137 15.5284
2021.1164 16.3877
2021.1192 17.3376
2021.1219 17.6579
2021.1247 17.1682
2021.1274 17.1984
2021.1301 17.6282
2021.1329 14.4273
2021.1356 15.8356
2021.1384 10.9427
2021.1411 16.3584
2021.1438 19.2025
2021.1466 22.1047
2021.1493 19.9548
2021.1521 19.2625
2021.1548 21.8076
2021.1575 22.2498
2021.1603 21.0789
2021.1630 21.6550
2021.1658 17.4697
2021.1685 17.9733
2021.1712 19.7059
2021.1740 22.3577
2021.1767 17.5886
2021.1795 18.8188
2021.1822 20.8584
2021.1849 17.6173
2021.1877 20.2057
2021.1904 22.7937
2021.1931 21.5413
2021.1959 22.2287
2021.1986 23.5958
2021.2014 20.0828
2021.2041 24.1197
2021.2068 25.5166
2021.2096 26.5037
2021.2123 23.6109
2021.2151 24.1683
2021.2178 23.4161
2021.2205 25.0242
2021.2233 18.4929
2021.2260 23.5820
2021.2288 24.4218
2021.2315 26.0424
2021.2342 28.8336
2021.2370 25.0258
2021.2397 24.0388
2021.2425 19.6929
2021.2452 23.5980
2021.2479 20.3142
2021.2507 19.5813
2021.2534 21.1493
2021.2562 20.0183
2021.2589 22.4381
2021.2616 22.6088
2021.2644 16.5804
2021.2671 18.5929
2021.2699 19.3462
2021.2726 18.1904
2021.2753 14.3155
2021.2781 16.0413
2021.2808 14.9880
2021.2836 14.9255
2021.2863 20.5738
2021.2890 22.8529
2021.2918 18.3628
2021.2945 17.2334
2021.2973 13.0848
2021.3000 18.3970
2021.3027 19.3499
2021.3055 14.7835
2021.3082 12.2978
2021.3110 16.5329
2021.3137 15.1887
2021.3164 15.3051
2021.3192 16.6423
2021.3219 13.5701
2021.3247 12.6786
2021.3274 13.9077
2021.3301 14.9282
2021.3329 11.1548
2021.3356 10.8179
2021.3384 13.7369
2021.3411 12.6214
2021.3438 15.0409
2021.3466 13.1850
2021.3493 16.9432
2021.3521 14.6851
2021.3548 17.8700
2021.3575 23.3876
2021.3603 18.8875
2021.3630 19.7690
2021.3658 20.7418
2021.3685 11.7454
2021.3712 16.9893
2021.3740 16.8831
2021.3767 19.6661
2021.3794 20.1181
2021.3822 19.9186
2021.3849 18.8970
2021.3877 18.8528
2021.3904 21.1057
2021.3931 17.8151
2021.3959 14.3005
2021.3986 15.7116
2021.4014 17.4678
2021.4041 14.7486
2021.4068 17.4936
2021.4096 16.0023
2021.4123 20.5542
2021.4151 17.2218
2021.4178 18.5877
2021.4205 15.6620
2021.4233 16.6247
2021.4260 19.7357
2021.4288 17.4952
2021.4315 21.3432
2021.4342 23.7696
2021.4370 24.0845
2021.4397 29.2479
2021.4425 29.4899
2021.4452 23.9905
2021.4479 24.2496
2021.4507 18.1974
2021.4534 18.6237
2021.4562 21.7788
2021.4589 19.4325
2021.4616 22.6050
2021.4644 26.2862
2021.4671 28.0761
2021.4699 27.8348
2021.4726 23.0123
2021.4753 26.9387
2021.4781 20.3938
2021.4808 20.7279
2021.4836 19.4409
2021.4863 19.2427
2021.4890 18.0435
2021.4918 13.9633
2021.4945 17.8621
2021.4973 20.3396
2021.5000 22.3244
2021.5027 22.1764
2021.5055 22.0958
2021.5082 22.4130
2021.5110 24.7681
2021.5137 13.8914
2021.5164 19.3331
2021.5192 17.5135
2021.5219 20.9929
2021.5247 24.4414
2021.5274 23.7394
2021.5301 22.2470
2021.5329 19.1645
2021.5356 16.7022
2021.5384 23.6903
2021.5411 22.0591
2021.5438 20.5488
2021.5466 22.8696
2021.5493 17.9117
2021.5521 19.8056
2021.5548 18.9513
2021.5575 18.7791
2021.5603 19.5693
2021.5630 20.8121
2021.5658 15.7978
2021.5685 16.8166
2021.5712 18.3488
2021.5740 20.8445
2021.5767 18.1941
2021.5794 20.6778
2021.5822 24.7252
2021.5849 27.1634
2021.5877 23.6316
2021.5904 23.3100
2021.5931 24.8985
2021.5959 27.1971
2021.5986 24.7558
2021.6014 21.4046
2021.6041 19.3835
2021.6068 20.1125
2021.6096 16.9715
2021.6123 18.5806
2021.6151 21.8497
2021.6178 20.7689
2021.6205 24.5481
2021.6233 17.4573
2021.6260 17.0165
2021.6288 14.6657
2021.6315 13.5449
2021.6342 17.6141
2021.6370 15.1833
2021.7767 24.2797
2021.7794 23.2262
2021.7822 21.2718
2021.7849 21.0267
2021.7877 19.7610
2021.7904 22.8048
2021.7931 24.3284
2021.7959 22.4519
2021.7986 20.4254
2021.8014 19.0092
2021.8041 19.7433
2021.8068 25.1380
2021.8096 26.4434
2021.8123 24.5296
2021.8151 20.8369
2021.8178 23.4653
2021.8205 20.2950
2021.8233 21.8463
2021.8260 19.3792
2021.8288 18.0140
2021.8315 18.4207
2021.8342 15.6888
2021.8370 16.3974
2021.8397 18.1467
2021.8425 18.0165
2021.8452 17.6368
2021.8479 20.7877
2021.8507 18.1891
2021.8534 19.0311
2021.8562 16.0636
2021.8589 22.8766
2021.8616 15.5701
2021.8644 18.3142
2021.8671 17.3986
2021.8699 21.4136
2021.8726 17.6891
2021.8753 21.0750
2021.8781 19.8813
2021.8808 20.7881
2021.8836 20.8753
2021.8863 21.0430
2021.8918 22.3095
2021.8945 23.2984
2021.8973 24.7676
2021.9000 21.2073
2021.9027 23.4773
2021.9055 25.3476
2021.9082 26.5784
2021.9110 27.1594
2021.9164 26.9728
2021.9192 31.1468
2021.9219 28.6930
2021.9247 26.7312
2021.9274 28.0513
2021.9301 28.9631
2021.9329 22.8864
2021.9384 23.2669
2021.9493 21.0792
2021.9521 23.7687
2021.9548 23.5584
2021.9575 25.0481
2021.9603 25.3578
2021.9630 25.5972
2021.9658 26.8862
2021.9685 30.2846
2021.9712 26.3822
2021.9740 21.7890
2021.9767 27.4546
2021.9795 24.7591
2021.9822 26.2021
2021.9849 29.6036
2021.9877 29.3134
2021.9904 25.4013
2021.9931 28.0871
2021.9959 27.1707
2021.9986 26.4320
2022.0014 30.4507
2022.0041 25.7966
2022.0068 25.1998
2022.0096 22.6406
2022.0123 22.0591
2022.0151 22.2156
2022.0178 24.8302
2022.0205 27.4733
2022.0233 25.6249
2022.0260 28.9753
2022.0288 28.9447
2022.0315 25.1433
2022.0342 26.3913
2022.0370 24.7189
2022.0397 25.3463
2022.0425 24.9238
2022.0452 26.6615
2022.0479 28.4097
2022.0507 31.2284
2022.0534 37.6281
2022.0562 29.1988
2022.0589 29.4408
2022.0616 24.2742
2022.0644 25.1693
2022.0671 25.5764
2022.0699 27.3655
2022.0726 26.4069
2022.0753 23.0908
2022.0781 26.8774
2022.0808 27.0970
2022.0836 30.3381
2022.0863 25.3193
2022.0890 29.1007
2022.0918 27.4222
2022.0945 23.7138
2022.0973 23.3755
2022.1000 23.1173
2022.1027 18.3792
2022.1055 22.3811
2022.1082 21.4831
2022.1110 20.6352
2022.1137 23.4973
2022.1164 25.8794
2022.1192 28.2216
2022.1219 27.6138
2022.1247 25.0360
2022.1274 23.1082
2022.1301 25.3604
2022.1329 25.9425
2022.1356 25.2547
2022.1384 20.8368
2022.1411 29.4088
2022.1438 24.6009
2022.1466 31.7328
2022.1493 28.5347
2022.1521 25.8765
2022.1548 26.7082
2022.1575 28.4298
2022.1603 24.3713
2022.1630 23.3827
2022.1658 25.5640
2022.1685 26.3853
2022.1712 23.3364
2022.1740 25.1276
2022.1767 29.5786
2022.1795 34.0295
2022.1822 30.2804
2022.1849 29.3813
2022.1877 29.9820
2022.3548 25.3398
2022.3575 25.5403
2022.3603 25.3129
2022.3630 19.0071
2022.3658 21.5925
2022.3685 23.5587
2022.3712 18.6153
2022.3740 19.9518
2022.3767 15.2979
2022.3794 20.5532
2022.3822 18.9972
2022.3849 14.6695
2022.3877 20.7898
2022.3904 23.6976
2022.3931 20.5225
2022.3959 17.0040
2022.3986 18.8619
2022.4014 15.5356
2022.4041 18.8348
2022.4068 26.7891
2022.4096 23.6980
2022.4123 24.3911
2022.4151 25.0907
2022.4178 22.9991
2022.4205 23.4165
2022.4233 24.7030
2022.4260 23.0186
2022.4288 20.3035
2022.4315 17.0776
2022.4342 25.1112
2022.4370 21.2343
2022.4397 24.1069
2022.4425 23.2492
2022.4452 25.6312
2022.4479 22.3431
2022.4507 21.2649
2022.4534 17.1867
2022.4562 18.8486
2022.4589 17.5307
2022.4616 13.7531
2022.4644 19.6358
2022.4671 21.2989
2022.4699 20.3526
2022.4726 22.2469
2022.4753 23.2719
2022.4781 25.5077
2022.4808 26.9244
2022.4836 27.4420
2022.4863 26.6607
2022.4890 28.3805
2022.4918 27.7815
2022.4945 29.5238
2022.4973 27.1274
2022.5000 26.7615
2022.5027 25.3960
2022.5055 23.3009
2022.5082 24.9360
2022.5110 24.0915
2022.5137 25.5472
2022.5164 23.9931
2022.5192 21.6592
2022.5219 24.9256
2022.5247 22.4020
2022.5274 22.7886
2022.5301 24.9953
2022.5329 24.7821
2022.5356 28.7489
2022.5384 25.4057
2022.5411 30.3125
2022.5438 28.2692
2022.5466 30.1359
2022.5493 26.3425
2022.5521 23.3589
2022.5548 24.7553
2022.5575 19.6114
2022.5603 19.3873
2022.5630 24.4630
2022.5658 22.9184
2022.5685 19.2936
2022.5712 21.2484
2022.5740 17.0729
2022.5767 22.7670
2022.5794 20.5507
2022.5822 20.3939
2022.5849 20.2662
2022.5877 25.5776
2022.5904 27.3581
2022.5931 28.3379
2022.5959 26.9269
2022.5986 26.2253
2022.6014 28.8830
2022.6041 29.3302
2022.6068 26.2769
2022.6096 25.6032
2022.6123 27.4292
2022.6151 25.8448
2022.6178 26.4202
2022.6205 27.3854
2022.6233 26.1105
2022.6260 24.1856
2022.6288 28.3706
2022.6315 27.5957
2022.6342 26.4710
2022.6370 26.1964
2022.6397 31.3621
2022.6425 32.7181
2022.6452 28.8644
2022.6479 27.0912
2022.6507 28.5885
2022.6534 30.7363
2022.6562 32.2248
2022.6589 34.2639
2022.6616 30.4038
2022.6644 30.6745
2022.6671 29.1075
2022.6699 32.8945
2022.6726 33.5150
2022.6753 30.8888
2022.6781 29.0557
2022.6808 32.1054
2022.6836 32.0176
2022.6863 35.4520
2022.6890 33.3385
2022.6918 30.8567
2022.6945 30.4163
2022.6973 29.9672
2022.7000 31.8189
2022.7027 29.3914
2022.7055 28.4442
2022.7082 29.5472
2022.7110 27.7800
2022.7137 26.5925
2022.7164 22.9742
2022.7192 24.7051
2022.7219 25.6347
2022.7247 25.2129
2022.7274 23.1394
2022.7301 22.0039
2022.7329 25.9261
2022.7356 25.3858
2022.7384 29.0827
2022.7411 32.2066
2022.7438 30.7872
2022.7466 28.8141
2022.7493 27.4871
2022.7521 25.5053
2022.7548 25.8988
2022.7575 23.1281
2022.7603 24.6133
2022.7630 22.6548
2022.7658 27.1630
2022.7685 27.2181
2022.7712 32.3904
2022.7740 32.7503
2022.7767 28.7280
2022.7794 30.6139
2022.7822 28.5983
2022.7849 26.5615
2022.7877 31.6939
2022.7904 29.9556
2022.7931 30.6271
2022.7959 26.5886
2022.7986 28.5805
2022.8014 28.1330
2022.8041 26.9565
2022.8068 26.0513
2022.8096 24.0678
2022.8123 24.2161
2022.8151 27.3067
2022.8178 24.6698
2022.8205 26.2357
2022.8233 27.3148
2022.8260 22.5474
2022.8288 22.8638
2022.8315 28.9242
2022.8342 24.9688
2022.8370 24.8070
2022.8397 24.2586
2022.8425 28.6634
2022.8452 30.3611
2022.8479 25.5814
2022.8507 24.8640
2022.8534 30.3588
2022.8562 28.1353
2022.8589 24.9235
2022.8616 23.6630
2022.8644 28.7535
2022.8671 28.0547
2022.8699 31.0965
2022.8726 31.8386
2022.8753 31.5806
2022.8781 27.0024
2022.8808 34.2836
2022.8836 26.1841
2022.8863 29.8734
2022.8890 28.2515
2022.8918 30.5479
2022.8945 34.0925
2022.8973 32.9350
2022.9000 29.1251
2022.9027 25.5125
2022.9055 25.2971
2022.9082 24.9484
2022.9110 32.0864
2022.9137 32.2306
2022.9164 29.6412
2022.9192 27.2294
2022.9219 28.3556
2022.9247 28.8298
2022.9274 25.4321
2022.9301 29.2524
2022.9329 29.0708
2022.9356 26.9573
2022.9384 27.2719
2022.9411 30.1346
2022.9438 30.1955
2022.9466 26.9446
2022.9493 27.7918
2022.9521 30.9173
2022.9548 26.1410
2022.9575 29.2630
2022.9603 29.2632
2022.9630 29.7018
2022.9658 25.5587
2022.9685 29.4339
2022.9712 26.5875
2022.9740 28.1995
2022.9767 25.5599
2022.9795 28.5887
2022.9822 28.0959
2022.9849 26.7517
2022.9877 27.3759
2022.9904 27.0386
2022.9931 28.0299
2022.9959 25.4197
2022.9986 24.8381
