2009.9986 0.6910
2010.0014 3.3485
2010.0041 3.1044
2010.0068 1.6887
2010.0096 6.5013
2010.0123 3.4025
2010.0151 4.0325
2010.0178 4.8713
2010.0205 3.3790
2010.0233 5.3659
2010.0260 3.8320
2010.0288 4.0775
2010.0315 5.4325
2010.0342 3.7872
2010.0370 1.8516
2010.0397 2.6459
2010.0425 2.5903
2010.0452 3.3449
2010.0479 5.1198
2010.0507 3.9951
2010.0534 6.4610
2010.0562 4.1876
2010.0589 6.4250
2010.0616 4.1834
2010.0644 0.9830
2010.0671 6.0037
2010.0699 1.5159
2010.0726 4.6596
2010.0753 3.7649
2010.0781 3.3520
2010.0808 1.6510
2010.0836 2.6715
2010.0863 1.2331
2010.0890 3.1456
2010.0918 4.0591
2010.0945 2.9533
2010.0973 1.2184
2010.1000 1.0841
2010.1027 0.7804
2010.1055 0.5473
2010.1082 0.3447
2010.1110 0.9625
2010.1137 2.0606
2010.1164 7.0289
2010.1192 3.5975
2010.1219 -0.6338
2010.1247 -1.0550
2010.1274 -0.3463
2010.1301 2.4224
2010.1329 1.0009
2010.1356 -0.9308
2010.1384 0.0471
2010.1411 -0.5752
2010.1438 -1.2381
2010.1466 -0.3914
2010.1493 3.7247
2010.1521 3.3402
2010.1548 3.7649
2010.1575 3.9388
2010.1603 0.2519
2010.1630 2.4642
2010.1658 0.1559
2010.1685 4.3772
2010.1712 5.9382
2010.1740 4.2688
2010.1795 0.1292
2010.1822 -1.2510
2010.1849 4.5785
2010.1877 2.0779
2010.1904 0.3472
2010.1931 -4.1037
2010.1959 -3.9647
2010.1986 -2.6858
2010.2014 -0.8769
2010.2041 -2.2780
2010.2068 -3.7390
2010.2096 -6.0600
2010.2123 -1.1009
2010.2151 -3.2617
2010.2178 1.9477
2010.2205 -2.1528
2010.2233 -1.8330
2010.2260 -1.0130
2010.2288 -3.4527
2010.2315 -0.5221
2010.2342 1.7688
2010.2370 -0.0298
2010.2397 -0.6381
2010.2425 0.3440
2010.2452 -1.6934
2010.2479 0.5497
2010.2507 0.7232
2010.2534 0.5472
2010.2562 2.4916
2010.2589 2.0965
2010.2616 3.6919
2010.2644 -3.2124
2010.2671 -1.0162
2010.2699 -2.0496
2010.2726 3.0474
2010.2753 2.5348
2010.2781 2.3426
2010.2808 -1.4593
2010.2836 3.9693
2010.2863 -3.1218
2010.2890 -1.6625
2010.2918 -1.8229
2010.2945 -3.9630
2010.2973 -5.5527
2010.3000 -3.5120
2010.3027 2.2489
2010.3055 0.2502
2010.3082 -1.6783
2010.3110 -0.5764
2010.3137 1.3157
2010.3164 0.8282
2010.3192 1.2509
2010.3219 -0.7362
2010.3247 -2.9729
2010.3274 -3.1394
2010.3301 -1.2357
2010.3329 -1.3912
2010.3356 0.5041
2010.3384 -4.0300
2010.3411 -4.1133
2010.3438 -3.1359
2010.3466 -5.0078
2010.3493 -2.1392
2010.3521 -2.2598
2010.3548 0.9601
2010.3575 -0.3094
2010.3603 -0.1684
2010.3630 -3.6968
2010.3658 -3.2947
2010.3685 3.1680
2010.3712 2.9210
2010.3740 2.7646
2010.3767 2.5885
2010.3794 1.0129
2010.3822 3.2876
2010.3849 1.2428
2010.3877 0.2182
2010.3904 0.0840
2010.3931 2.2901
2010.3959 1.6264
2010.3986 1.4830
2010.4014 4.9199
2010.4041 10.8169
2010.4068 -0.6558
2010.4096 -1.3284
2010.4123 0.2292
2010.4151 -1.9428
2010.4178 2.7360
2010.4205 5.3355
2010.4233 2.2057
2010.4260 1.2067
2010.4288 -2.1316
2010.4315 -0.6092
2010.4342 -4.2861
2010.4370 -0.8523
2010.4397 -0.8978
2010.4425 -1.6326
2010.4452 -2.7067
2010.4479 -0.1702
2010.4507 -4.0830
2010.4534 -6.4152
2010.4562 -5.4967
2010.4589 -6.7976
2010.4616 -4.4979
2010.4644 -7.3576
2010.4671 -10.5367
2010.4699 -8.3751
2010.4726 -6.1930
2010.4753 -10.2003
2010.4781 -8.3470
2010.4808 -7.7732
2010.4836 -4.5487
2010.4863 -2.5138
2010.4890 -0.9483
2010.4918 -2.5122
2010.4945 -6.0857
2010.4973 -3.1282
2010.5000 -1.8778
2010.5027 -4.0241
2010.5055 -4.5975
2010.5082 -2.2882
2010.5110 -10.5664
2010.5137 -9.4323
2010.5164 -8.6662
2010.5192 -5.6583
2010.5219 -7.1589
2010.5247 -3.6082
2010.5274 -6.1864
2010.5301 -11.3237
2010.5329 -6.1704
2010.5356 -0.9968
2012.0123 11.0899
2012.0150 14.2172
2012.0178 14.1735
2012.0205 11.1290
2012.0232 11.9536
2012.0260 12.8075
2012.0287 16.7407
2012.0314 11.8632
2012.0342 13.9253
2012.0369 11.7668
2012.0396 15.7980
2012.0423 12.0788
2012.0451 13.6693
2012.0478 15.4897
2012.0505 11.9599
2012.0533 14.8400
2012.0560 12.7702
2012.0587 16.6704
2012.0615 11.9608
2012.0642 12.2414
2012.0669 14.4324
2012.0697 12.0836
2012.0724 14.6453
2012.0751 15.4675
2012.0779 12.6203
2012.0806 10.9537
2012.0833 12.1674
2012.0861 13.4008
2012.0888 16.7441
2012.0915 14.0671
2012.0943 18.0000
2012.0970 14.2028
2012.0997 15.6456
2012.1025 13.7283
2012.1052 19.3310
2012.1079 15.6138
2012.1107 19.1667
2012.1134 15.4597
2012.1161 16.9829
2012.1189 16.1563
2012.1216 18.5900
2012.1243 12.9939
2012.1270 14.0082
2012.1298 11.6928
2012.1325 12.6578
2012.1352 11.3833
2012.1380 11.4693
2012.1407 18.1958
2012.1434 12.7828
2012.1462 11.0204
2012.1489 9.6087
2012.1516 11.3977
2012.1544 11.3574
2012.1571 9.8778
2012.1598 13.8890
2012.1626 11.9614
2012.1653 13.0586
2012.1680 14.4213
2012.1708 12.6994
2012.1735 13.3023
2012.1762 13.2299
2012.1790 10.1818
2012.1817 14.1077
2012.1844 16.8271
2012.1872 1.3700
2012.1926 10.4442
2012.1954 11.0850
2012.1981 9.0278
2012.2008 8.5023
2012.2035 8.9382
2012.2063 10.7451
2012.2090 9.9227
2012.2117 9.0007
2012.2145 8.5388
2012.2172 7.5466
2012.2199 9.0638
2012.2227 8.9101
2012.2254 9.9252
2012.2281 9.2188
2012.2309 8.5604
2012.2336 7.3999
2012.2363 6.5668
2012.2391 9.5308
2012.2418 2.6217
2012.2445 3.8590
2012.2555 1.3157
2012.2582 9.1793
2012.2609 3.6427
2012.2637 0.6059
2012.2664 6.5691
2012.2691 4.5221
2012.2719 4.5049
2012.2746 10.0877
2012.2773 17.6005
2012.2801 7.3432
2012.2828 15.9558
2012.3046 5.9579
2012.3074 7.6310
2012.3101 0.3843
2012.3128 3.3878
2012.3156 6.7314
2012.3183 16.2652
2012.3210 19.4093
2012.3374 18.2835
2012.3566 16.4016
2012.3593 13.9149
2012.3620 17.6783
2012.3648 19.7119
2012.3729 12.4725
2012.3757 10.9757
2012.4030 10.9335
2012.4057 14.8578
2012.4085 18.8507
2012.4112 16.7221
2012.4139 12.9416
2012.4167 13.0576
2012.4276 15.3596
2012.4331 18.7495
2012.4522 19.8755
2012.4549 18.5640
2012.4576 18.0723
2012.4686 17.5170
2012.4713 15.2472
2012.4795 20.7755
2012.4822 16.1014
2012.4850 14.3494
2012.4877 9.7895
2012.4986 11.2156
2012.5014 12.7161
2012.5096 22.4505
2012.5123 19.6527
2012.5178 21.1183
2012.5205 17.6714
2012.5260 -4.3016
2012.5287 -0.1278
2012.5314 10.3860
2012.5342 9.8999
2012.5369 8.3239
2012.5396 5.6178
2012.5423 10.7017
2012.5451 13.1755
2012.5478 11.2492
2012.5505 12.1227
2012.5533 4.9560
2012.5560 2.2990
2012.5587 4.2118
2012.5615 1.3642
2012.6189 6.6196
2012.6216 6.5036
2012.6325 7.3294
2012.6380 9.1978
2012.6407 4.3723
2012.6434 4.8469
2012.6462 2.9519
2012.6489 7.0571
2012.6516 6.4927
2012.6544 5.7487
2012.6571 4.1851
2012.6598 8.2419
2012.6626 10.4392
2012.6653 3.6572
2012.6680 6.5672
2012.6708 7.0696
2012.6735 3.7542
2012.6762 10.2208
2012.6790 1.8293
2012.6817 7.7494
2012.6844 3.9509
2012.6872 3.8837
2012.6899 4.5176
2012.6926 7.6724
2012.6954 8.9979
2012.6981 7.3940
2012.7008 5.2304
2012.7035 9.2570
2012.7063 7.8535
2012.7090 5.4199
2012.7117 7.2558
2012.7145 4.5912
2012.7172 1.5458
2012.7199 -3.3405
2012.7227 4.1120
2012.7254 0.8133
2012.7281 2.1830
2012.7309 4.9911
2012.7336 5.7873
2012.7363 5.6315
2012.7391 6.6834
2012.7418 4.4229
2012.7445 0.4698
2012.7473 3.4339
2012.7500 2.7156
2012.7527 7.4062
2012.7555 7.9658
2012.7582 7.7043
2012.7609 8.9618
2012.7637 8.2382
2012.7664 8.7438
2012.7691 11.4683
2012.7719 11.4519
2012.7746 8.8946
2012.7773 13.3564
2012.7801 11.3672
2012.7828 12.6972
2012.7855 12.1364
2012.7882 12.0647
2012.7910 12.8622
2012.7937 11.0389
2012.7964 10.7849
2012.7992 7.6500
2012.8019 10.4745
2012.8046 12.9382
2012.8074 18.2712
2012.8128 20.2151
2012.8156 19.0261
2012.8183 18.7964
2012.8210 19.1562
2012.8238 17.3853
2012.8265 14.5339
2012.8292 12.8519
2012.8320 19.6993
2012.8402 21.0512
2012.9221 18.5441
2012.9249 17.5309
2012.9276 20.0977
2012.9303 17.1045
2012.9331 19.6112
2012.9358 17.3680
2012.9385 18.5347
2012.9413 18.1515
2012.9440 17.1483
2012.9467 16.3450
2012.9495 15.2317
2012.9522 13.6385
2012.9549 18.6252
2012.9576 18.5420
2012.9604 15.7287
2012.9631 15.6354
2012.9658 17.1022
2012.9686 13.2289
2012.9713 11.0656
2012.9740 14.6224
2012.9768 13.2791
2012.9795 15.0158
2012.9822 15.8926
2012.9850 15.6193
2012.9877 16.9960
2012.9904 17.6128
2012.9932 17.1295
2012.9959 16.4862
2012.9986 17.3530
2013.0014 18.8096
2013.0041 17.2256
2013.0068 13.9711
2013.0096 14.5861
2013.0123 14.7907
2013.0151 15.3948
2013.0178 14.5187
2013.0205 16.2723
2013.0233 15.2756
2013.0260 18.3688
2013.0288 15.4319
2013.0315 19.3049
2013.0342 17.3279
2013.0370 17.8010
2013.0397 17.2642
2013.0425 15.5775
2013.0452 13.9710
2013.0479 14.9749
2013.0507 13.9290
2013.0534 11.6935
2013.0562 14.1385
2013.0589 17.4440
2013.0616 16.0800
2013.0644 13.8366
2013.0671 16.7138
2013.0699 16.5918
2013.0726 16.3505
2013.0753 14.9000
2013.0781 19.8005
2013.0808 16.7618
2013.0836 17.8460
2013.0863 17.1150
2013.0890 16.1983
2013.0918 18.1459
2013.0945 20.1174
2013.0973 17.8427
2013.1000 18.9616
2013.1027 18.1838
2013.1055 19.2490
2013.1082 18.6572
2013.1110 19.2480
2013.1137 18.3112
2013.1164 17.0867
2013.1192 14.1541
2013.1219 16.5333
2013.1247 12.9340
2013.1274 12.1360
2013.1301 14.9091
2013.1329 14.3431
2013.1356 16.3377
2013.1384 16.4928
2013.1411 14.7381
2013.1438 7.8633
2013.1466 5.6283
2013.1493 11.0228
2013.1521 13.5766
2013.1548 16.1795
2013.1575 15.7013
2013.1603 14.1917
2013.1630 12.4307
2013.1658 13.8298
2013.1685 15.8091
2013.1712 15.3986
2013.1740 14.3183
2013.1767 10.8682
2013.1795 13.9082
2013.1822 11.0983
2013.1849 11.2885
2013.1877 14.7688
2013.1904 15.0793
2013.1931 13.8297
2013.1959 10.6803
2013.1986 18.8608
2013.2014 15.5514
2013.2041 4.0319
2013.2068 14.9625
2013.2096 16.5130
2013.2123 15.1534
2013.2151 14.7238
2013.2178 16.3141
2013.2205 8.2443
2013.2233 11.3943
2013.2260 8.4042
2013.2288 14.5940
2013.2315 13.1036
2013.2370 16.1222
2013.2397 16.9211
2013.2452 10.6383
2013.2479 22.4069
2013.2507 22.6559
2013.2753 3.3919
2013.2781 16.4705
2013.3082 11.8665
2013.3110 10.4341
2013.3137 19.8902
2013.6699 14.7857
2013.8753 24.4154
2013.9521 27.4760
2013.9548 18.8225
2013.9575 16.5588
2013.9603 16.0449
2013.9630 14.6610
2013.9658 15.1973
2013.9685 18.9839
2013.9712 18.0909
2013.9740 17.7285
2013.9767 17.0670
2013.9795 18.3263
2013.9822 19.6267
2013.9849 16.3784
2013.9877 21.8214
2013.9904 17.0659
2013.9931 18.6322
2013.9959 16.8302
2013.9986 16.7303
2014.0014 20.4222
2014.0041 16.9346
2014.0068 14.9772
2014.0096 17.0700
2014.0123 18.2531
2014.0151 17.7465
2014.0178 13.0003
2014.0205 12.9445
2014.0233 17.7290
2014.0260 16.1540
2014.0288 15.8096
2014.0315 17.3856
2014.0342 22.5322
2014.0370 18.4794
2014.0397 16.5672
2014.0425 16.8456
2014.0452 15.6748
2014.0479 19.5347
2014.0507 17.5254
2014.0534 17.9168
2014.0562 19.5391
2014.0589 13.4023
2014.0616 15.7364
2014.0644 18.6214
2014.0671 20.5674
2014.0699 15.9244
2014.0726 16.3625
2014.0753 17.3016
2014.0781 20.4518
2014.0808 20.3632
2014.0836 18.3653
2014.0863 18.9275
2014.0890 16.3499
2014.0918 20.0225
2014.0945 21.0952
2014.0973 21.3781
2014.1000 18.1011
2014.1027 16.3242
2014.1055 19.3574
2014.1082 19.2508
2014.1110 21.6243
2014.1137 23.5278
2014.1164 17.2515
2014.1192 25.2653
2014.1219 25.2391
2014.1247 19.3330
2014.1274 23.1770
2014.1301 19.4910
2014.1329 17.2751
2014.1356 17.1593
2014.1384 15.3535
2014.1411 15.6177
2014.1438 19.3819
2014.1466 18.9561
2014.1493 21.9904
2014.1521 18.9747
2014.1548 22.2289
2014.1575 20.8132
2014.1603 21.9574
2014.1630 19.1016
2014.1658 20.6258
2014.1685 21.7599
2014.1712 21.2640
2014.1740 20.6981
2014.1767 25.1422
2014.1795 25.4064
2014.1822 21.6706
2014.1849 19.3448
2014.1877 19.2892
2014.1904 21.0936
2014.1931 18.7582
2014.1959 10.4529
2014.1986 18.8977
2014.2014 16.1027
2014.2041 15.8679
2014.2068 11.3133
2014.2370 19.7503
2014.2397 19.2293
2014.2452 12.0786
2014.2479 8.5714
2014.2507 12.7394
2014.2534 13.0822
2014.2562 9.2897
2014.2589 15.6813
2014.2616 10.1469
2014.2644 13.9960
2014.2671 10.7184
2014.2699 5.4638
2014.2726 9.0418
2014.2753 6.9721
2014.2808 9.4185
2014.2836 7.3738
2014.2863 3.2902
2014.2890 8.3573
2014.2918 10.6448
2014.2945 12.0924
2014.2973 8.5097
2014.3000 5.8765
2014.3027 16.8824
2014.3055 2.0971
2014.3082 1.2002
2014.3110 4.6116
2014.3137 1.5508
2014.3219 -9.0379
2014.3247 -0.4905
2014.3274 3.9831
2014.3301 -2.0369
2014.3329 0.5026
2014.3356 2.5521
2014.3384 4.2717
2014.3521 5.8581
2014.4370 1.4735
2014.4534 15.0680
2014.4616 -1.3807
2014.4644 0.7063
2014.4671 4.6532
2014.4699 2.3700
2014.4726 1.4368
2014.4753 2.0435
2014.6205 2.4171
2014.6288 4.4178
2014.6315 13.0025
2014.6342 4.3481
2014.6370 5.7448
2014.6397 3.8629
2014.6425 -1.8575
2014.6452 7.0138
2014.6479 5.5370
2014.6507 0.2624
2014.6534 4.3301
2014.6562 1.0303
2014.6589 4.5233
2014.6616 8.7593
2014.6644 7.6184
2014.6671 4.1592
2014.6699 8.5200
2014.6726 11.2108
2014.6753 3.7717
2014.6781 4.1025
2014.6808 6.5033
2014.6836 7.8242
2014.6863 6.9450
2014.6890 10.1259
2014.6918 4.8368
2014.6945 3.8576
2014.6973 7.8285
2014.7000 5.1494
2014.7027 4.2303
2014.7055 3.5611
2014.7082 3.7320
2014.7110 5.0629
2014.7137 6.7438
2014.7164 12.8147
2014.7192 5.1656
2014.7219 2.4065
2014.7247 -1.2526
2014.7274 4.8383
2014.7301 -2.6808
2014.7356 5.0610
2014.7384 6.0719
2014.7411 8.6728
2014.7438 4.5637
2014.7466 3.1446
2014.7493 10.8355
2014.7521 8.7864
2014.7548 11.8774
2014.7575 11.3883
2014.7603 8.8293
2014.7630 9.7803
2014.7658 6.2613
2014.7685 13.1122
2014.7712 9.3433
2014.7740 10.8543
2014.7767 9.4253
2014.7849 12.3983
2014.7959 13.8623
2014.7986 2.2233
2014.8014 4.5942
2014.8041 15.4252
2014.8068 9.7261
2014.8096 7.9770
2014.8151 24.2188
2014.8178 22.1296
2014.8205 19.1305
2014.8260 32.0820
2014.8288 24.3427
2014.8315 14.7634
2014.8342 27.0422
2014.8370 26.9271
2014.8397 23.0086
2014.8425 20.7566
2014.8452 16.3514
2014.8534 34.4383
2014.8562 20.4720
2014.8589 17.2334
2014.8616 15.2026
2014.8644 10.7199
2014.8671 5.9854
2014.8699 11.0093
2014.8726 14.5017
2014.8753 -0.1871
2014.8781 20.3130
2014.8808 18.4422
2014.8836 16.2607
2014.8890 10.1462
2014.8918 17.7836
2014.8945 14.1610
2014.8973 15.2385
2014.9000 17.6264
2014.9027 11.9648
2014.9055 18.5240
2014.9082 22.0540
2014.9110 20.8050
2014.9137 20.2073
2014.9164 19.3408
2014.9192 21.1239
2014.9219 17.2863
2014.9247 18.1183
2014.9274 21.4197
2014.9301 20.3106
2014.9329 20.2111
2014.9356 22.1513
2014.9384 16.9612
2014.9466 24.4995
2014.9493 18.1887
2014.9521 21.8378
2014.9548 22.4669
2014.9575 21.9861
2014.9603 14.9453
2014.9630 23.5748
2014.9658 19.6744
2014.9685 21.8343
2014.9712 15.9145
2014.9740 22.4551
2014.9767 19.5160
2014.9795 21.6475
2014.9822 21.6794
2014.9849 18.3919
2014.9877 20.4251
2014.9904 17.5789
2014.9931 15.5134
2014.9959 17.7687
2014.9986 18.9447
2015.0014 17.8318
2015.0041 21.4706
2015.0068 17.8510
2015.0151 17.7315
2015.0178 18.3076
2015.0205 18.1949
2015.0233 18.6432
2015.0260 17.7624
2015.0397 16.8288
2015.0425 19.3213
2015.0452 20.8440
2015.0507 24.3795
2015.0534 23.1521
2015.0562 22.2144
2015.0589 18.6464
2015.0616 20.2978
2015.0644 17.3387
2015.0671 20.6288
2015.0699 23.2382
2015.0726 16.5966
2015.0753 18.0440
2015.0781 22.6003
2015.0808 20.8053
2015.0836 23.2185
2015.0863 23.0694
2015.0890 17.0882
2015.0918 24.3651
2015.0945 22.3502
2015.0973 24.9138
2015.1000 20.8360
2015.1027 20.9071
2015.1055 19.8671
2015.1082 22.7162
2015.1110 17.6747
2015.1137 20.9227
2015.1164 20.9005
2015.1192 19.5380
2015.1219 24.9756
2015.1247 27.1035
2015.1274 23.0017
2015.1329 24.0301
2015.1356 23.7506
2015.1384 21.2723
2015.1411 19.0252
2015.1438 19.8096
2015.1466 20.2657
2015.1575 19.5199
2015.1603 22.8369
2015.1685 20.4931
2015.1740 20.7389
2015.1767 22.7101
2015.1849 21.3361
2015.1877 17.6153
2015.1904 18.7163
2015.1931 24.4291
2015.1959 23.5735
2015.2014 23.8871
2015.2096 19.5385
2015.2123 23.1515
2015.2151 22.4558
2015.2178 19.1111
2015.2205 21.5575
2015.2233 9.6749
2015.2260 20.7332
2015.2288 18.4624
2015.2315 16.8023
2015.2342 13.4329
2015.2370 12.0242
2015.2397 15.8060
2015.2425 16.7383
2015.2452 17.3510
2015.2479 15.2948
2015.2507 14.2802
2015.2534 17.3972
2015.2562 16.4255
2015.2589 16.5252
2015.2616 14.3660
2015.2644 13.9879
2015.2671 10.9407
2015.2699 15.3344
2015.2726 13.8688
2015.2753 14.1638
2015.2781 13.0592
2015.2808 10.6151
2015.2836 13.1412
2015.2863 16.2975
2015.2890 10.5638
2015.2918 14.4701
2015.2945 8.0561
2015.2973 5.2918
2015.3000 8.3671
2015.3027 17.3319
2015.3055 11.9060
2015.3082 10.7194
2015.3110 11.8218
2015.3137 13.3933
2015.3575 8.5434
2015.3986 6.8786
2015.4014 11.8424
2015.4041 23.3743
2015.6205 13.4251
2015.6233 5.1297
2015.6260 13.8943
2015.6288 20.0789
2015.6342 15.5580
2015.6370 7.2726
2015.6397 5.1472
2015.6425 8.4518
2015.6452 1.8764
2015.6479 10.3910
2015.6507 14.5656
2015.6534 5.9702
2015.6562 19.6448
2015.6589 11.5394
2015.6616 8.4040
2015.6644 16.0486
2015.6671 6.0634
2015.6699 6.5783
2015.6726 -0.1766
2015.6753 12.0786
2015.6781 7.7041
2015.6808 8.8897
2015.6836 7.8154
2015.6863 8.8213
2015.6890 11.0274
2015.6918 8.5536
2015.6945 7.8999
2015.6973 5.4664
2015.7000 6.9630
2015.7027 7.3597
2015.7055 10.9465
2015.7082 9.4635
2015.7110 10.9405
2015.7137 9.8077
2015.7164 11.0750
2015.7192 14.2323
2015.7219 21.9498
2015.7301 9.9425
2015.7329 3.8403
2015.7356 3.1881
2015.7384 1.1559
2015.7411 2.3838
2015.7438 3.7918
2015.7466 5.2298
2015.7493 1.0281
2015.7521 2.7589
2015.7548 5.5321
2015.7575 1.0375
2015.7603 3.5251
2015.7630 6.3747
2015.7658 6.5059
2015.7685 5.4887
2015.7712 4.6629
2015.7740 6.7882
2015.7767 14.1445
2015.7794 6.5617
2015.7822 8.4395
2015.7849 6.8377
2015.7877 9.9561
2015.8068 4.5968
2015.8096 10.0206
2015.8123 8.3430
2015.8151 12.4038
2015.8178 16.5828
2015.8205 14.9798
2015.8260 18.2572
2015.8288 17.0572
2015.8315 17.9545
2015.8342 11.8498
2015.8370 13.0741
2015.8397 13.7974
2015.8425 15.0198
2015.8452 14.2814
2015.8479 17.3122
2015.8507 12.4823
2015.8534 13.6717
2015.8562 11.6206
2015.8589 12.8690
2015.8616 10.6270
2015.8699 12.1690
2015.8726 10.4259
2015.8753 12.5227
2015.8781 6.8095
2015.8808 10.9264
2015.8836 13.3433
2015.8863 10.7905
2015.8890 12.5679
2015.8918 16.0556
2015.8945 20.5537
2015.8973 18.2022
2015.9000 14.3413
2015.9027 20.0210
2015.9575 12.2329
2015.9603 16.1893
2015.9630 16.4757
2015.9658 23.9020
2015.9685 20.3483
2015.9712 16.4945
2015.9740 19.9106
2015.9767 19.1766
2015.9795 11.1525
2015.9849 26.0537
2015.9877 23.2390
2015.9904 21.6441
2015.9931 22.5989
2015.9959 22.6635
2015.9986 22.0978
2016.0014 14.3915
2016.0041 17.0128
2016.0068 18.9516
2016.0096 21.0782
2016.0123 18.7128
2016.0150 19.3156
2016.0178 15.2269
2016.0205 14.0468
2016.0232 16.3856
2016.0260 16.4636
2016.0287 16.4409
2016.0314 14.8978
2016.0342 15.8345
2016.0369 18.7913
2016.0396 14.6483
2016.0423 16.0758
2016.0451 18.3640
2016.0478 18.2232
2016.0505 19.5736
2016.0533 17.7753
2016.0560 20.0387
2016.0587 18.8539
2016.0615 18.0213
2016.0642 15.7809
2016.0669 15.0531
2016.0697 12.5680
2016.0724 18.2760
2016.0751 15.6271
2016.0779 20.3517
2016.0806 18.9500
2016.0833 20.0210
2016.0861 18.7630
2016.0888 19.7661
2016.0915 16.1901
2016.0943 28.0150
2016.0970 26.5607
2016.0997 26.6972
2016.1025 28.0543
2016.1052 27.7321
2016.1079 25.7105
2016.1107 27.9293
2016.1134 22.0586
2016.1161 21.4082
2016.1189 19.9082
2016.1216 17.1084
2016.1243 21.6387
2016.1270 24.8192
2016.1298 21.3798
2016.1325 21.0503
2016.1352 24.8307
2016.1380 24.2310
2016.1407 22.5710
2016.1434 26.7208
2016.1462 23.2003
2016.1489 23.9493
2016.1516 20.3279
2016.1544 23.3660
2016.1571 23.8234
2016.1598 23.9202
2016.1626 20.3463
2016.1653 18.1922
2016.1680 19.9581
2016.1708 13.0638
2016.1735 15.8495
2016.1762 14.4651
2016.1790 14.1806
2016.1817 14.7161
2016.1844 11.5115
2016.1872 14.7768
2016.1899 17.3821
2016.1926 15.5473
2016.1954 15.4324
2016.1981 17.2875
2016.2008 19.2225
2016.2035 16.3075
2016.2063 19.6024
2016.2719 13.5787
2016.3921 23.1489
2016.5014 31.9486
2016.5396 18.2862
2017.1055 20.1831
2017.1082 25.0433
2017.1110 25.5033
2017.1137 24.5232
2017.1164 26.1829
2017.1192 22.1326
2017.1219 25.9823
2017.1247 25.8020
2017.1274 24.2219
2017.1301 21.8119
2017.1329 20.3221
2017.1356 20.6025
2017.1384 22.5433
2017.1411 23.4344
2017.1438 22.2159
2017.1466 24.2879
2017.1493 23.6304
2017.1521 19.4134
2017.1548 20.9471
2017.1575 21.7114
2017.1603 22.4564
2017.1630 23.4736
2017.1658 16.3910
2017.1685 18.7893
2017.1712 23.3177
2017.1740 23.2556
2017.1767 20.9622
2017.1795 21.8868
2017.1822 26.6688
2017.1849 17.2973
2017.1877 20.0917
2017.1904 23.5914
2017.1931 23.4255
2017.1959 24.6733
2017.1986 24.7243
2017.2014 23.7776
2017.2041 29.1526
2017.2068 31.3085
2017.2096 37.1847
2017.2123 36.8404
2017.2151 34.3149
2017.2178 36.8375
2017.2205 37.3076
2017.2233 31.5543
2017.2260 31.9571
2017.2288 35.0351
2017.2315 27.4678
2017.2342 30.7343
2017.2370 31.0539
2017.2397 33.9961
2017.2425 29.3000
2017.2452 33.8849
2017.2479 29.2133
2017.2507 29.5280
2017.2534 26.4594
2017.2562 32.3278
2017.2589 28.7734
2017.2616 29.5264
2017.2644 33.7771
2017.2671 32.1658
2017.2699 32.5928
2017.2726 35.0783
2017.2753 33.1625
2017.2781 33.7858
2017.2808 33.8784
2017.2836 30.7405
2017.3411 26.3381
2017.3466 24.6015
2018.1000 27.5197
2018.1027 29.3705
2018.1055 29.7506
2018.1082 26.8604
2018.1110 30.1398
2018.1137 30.2591
2018.1164 31.0184
2018.1192 28.2578
2018.1219 28.7576
2018.1247 29.2077
2018.1274 27.1185
2018.1301 26.2300
2018.1329 26.5023
2018.1356 24.8257
2018.1384 28.6203
2018.1411 27.1662
2018.1438 27.3235
2018.1466 25.7724
2018.1493 27.6331
2018.1521 27.3557
2018.1548 24.2904
2018.1575 24.9872
2018.1603 27.0664
2018.1630 28.9478
2018.1658 26.6601
2018.1685 30.8130
2018.1712 30.5166
2018.1740 29.7908
2018.1767 29.5855
2018.1795 28.3508
2018.1822 28.3266
2018.1849 29.7328
2018.1877 23.9995
2018.1904 28.1366
2018.1931 27.3741
2018.1959 25.7920
2018.1986 26.8802
2018.2014 27.3987
2018.2041 26.9774
2018.2068 27.6564
2018.2096 27.7856
2018.2123 28.5850
2018.2151 31.8146
2018.2178 31.6342
2018.2205 30.6340
2018.2233 24.0938
2018.2260 27.6037
2018.2288 29.0236
2018.2315 24.2234
2018.2342 29.4132
2018.2370 28.3229
2018.2397 27.4925
2018.2425 27.5220
2018.2452 28.6113
2018.2479 28.8405
2018.2507 28.5996
2018.2534 30.3086
2018.2562 24.8176
2018.2589 27.0865
2018.2616 25.6154
2018.2644 28.3344
2018.2671 26.7333
2018.2699 27.5522
2018.2726 25.8711
2018.2753 27.9001
2018.2781 27.8492
2018.2808 31.5482
2018.2836 29.0774
2018.2863 31.3566
2018.2890 31.9659
2018.2918 30.6054
2018.2945 30.4749
2018.2973 31.4946
2018.3000 30.1544
2018.3027 26.0943
2018.3055 30.0144
2018.3082 31.8447
2018.3110 29.4451
2018.3137 35.7758
2018.3192 25.7977
2018.3219 31.9690
2018.4315 20.0082
2018.4342 27.6602
2018.6315 30.2215
2018.6342 23.6060
2018.6370 22.3804
2018.6397 24.0344
2018.6425 23.0183
2018.6479 16.7253
2018.6507 9.8485
2018.6534 18.4915
2018.6562 20.4343
2018.6589 17.5870
2018.6644 21.5117
2018.6671 30.7332
2018.6699 24.1734
2018.6726 25.6325
2018.6753 25.0404
2018.6781 26.7872
2018.6808 25.7332
2018.6836 21.9382
2018.6863 19.5626
2018.6890 20.5562
2018.6918 18.3793
2018.6945 24.0618
2018.6973 18.9040
2018.7000 17.5359
2018.7027 17.5175
2018.7055 21.1790
2018.7082 18.9804
2018.7110 17.3519
2018.7137 14.3136
2018.7164 17.3954
2018.7192 13.7776
2018.7219 13.3801
2018.7247 12.8732
2018.7274 12.0268
2018.7301 11.7111
2018.7329 13.7162
2018.7356 8.9621
2018.7384 11.7089
2018.7411 16.6168
2018.7466 19.8059
2018.7493 18.8177
2018.7521 16.8724
2018.7548 16.7900
2018.7575 16.7404
2018.7603 17.8033
2018.7630 16.4985
2018.7658 16.6858
2018.7685 21.4549
2018.7712 16.4856
2018.7740 17.3177
2018.7767 17.3609
2018.7794 14.7350
2018.7822 15.6199
2018.7849 16.3152
2018.7877 13.1908
2018.7904 11.6564
2018.7931 12.2119
2018.7959 16.7368
2018.7986 13.5712
2018.8014 13.2046
2018.8041 10.5369
2018.8068 15.4279
2018.8096 12.4874
2018.8123 11.8251
2018.8151 13.6207
2018.8178 10.2841
2018.8205 17.3151
2018.8233 24.2233
2018.8260 15.0887
2018.8288 19.6409
2018.8315 23.1397
2018.8342 18.7065
2018.8370 17.2528
2018.8397 18.3786
2018.8425 21.2339
2018.8452 19.5187
2018.8479 21.0730
2018.8507 17.9269
2018.8534 16.4404
2018.8562 17.6335
2018.8589 15.0261
2018.8616 19.9884
2018.8644 18.6903
2018.8671 21.1919
2018.8699 14.4031
2018.8726 17.9139
2018.8753 19.0145
2018.8781 22.6448
2018.8808 22.6348
2018.8836 20.8445
2018.8863 21.4240
2018.8890 21.4632
2018.8918 21.4322
2018.8945 22.3310
2018.8973 26.9696
2018.9000 27.5581
2018.9027 24.2963
2018.9055 27.6844
2018.9082 25.6224
2018.9110 25.8703
2018.9137 19.7481
2018.9164 29.2458
2018.9192 26.0835
2018.9219 23.2612
2018.9247 24.1588
2018.9274 23.9364
2018.9301 26.4739
2018.9329 27.3513
2018.9356 25.9486
2018.9384 26.0958
2018.9411 25.5428
2018.9438 25.9796
2018.9466 29.4563
2018.9493 27.8027
2018.9521 29.5489
2018.9548 27.5549
2018.9575 26.6305
2018.9603 25.1359
2018.9630 27.3810
2018.9658 28.5457
2018.9685 26.0601
2018.9712 27.3640
2018.9740 28.7976
2018.9767 30.1208
2018.9795 28.4036
2018.9822 30.4959
2018.9849 29.2677
2018.9877 28.6290
2018.9904 30.8298
2018.9931 29.3601
2018.9959 29.5398
2018.9986 29.9190
2019.0014 31.0573
2019.0041 32.0835
2019.0068 27.5174
2019.0096 32.2592
2019.0123 32.7591
2019.0151 36.5072
2019.0178 32.7536
2019.0205 29.2685
2019.0233 30.1620
2019.0260 28.0043
2019.0288 29.0154
2019.0315 29.9757
2019.0342 33.5551
2019.0370 31.8740
2019.0397 31.2422
2019.0425 31.2602
2019.0452 32.5579
2019.0479 33.2655
2019.0507 33.6532
2019.0534 32.2611
2019.0562 32.3194
2019.0589 31.6582
2019.0616 30.3276
2019.0644 34.5178
2019.0671 33.9490
2019.0699 30.1612
2019.0726 34.0346
2019.0753 35.0594
2019.0781 34.2258
2019.0808 32.4638
2019.0836 29.5623
2019.0863 23.9404
2019.0890 29.6482
2019.0918 30.3457
2019.0945 31.0032
2019.0973 32.7107
2019.1000 34.4484
2019.1027 32.0165
2019.1055 31.7050
2019.1082 29.0241
2019.1110 32.2940
2019.1137 29.5247
2019.1164 29.5465
2019.1192 31.8794
2019.1219 34.8935
2019.1247 33.3391
2019.1274 32.9362
2019.1301 28.9350
2019.1329 29.0756
2019.1356 27.8782
2019.1384 29.5428
2019.1411 28.9697
2019.1438 29.6590
2019.1466 27.7107
2019.1493 29.8250
2019.1521 31.2821
2019.1548 31.1022
2019.1575 32.3152
2019.1603 30.7914
2019.1630 29.8807
2019.1658 33.0717
2019.1685 29.2141
2019.1712 30.2379
2019.1740 29.6530
2019.1767 29.0093
2019.1795 26.3566
2019.1822 30.9849
2019.1849 30.0841
2019.1877 29.6342
2019.1904 30.9749
2019.1931 30.0063
2019.1959 30.5782
2019.1986 28.7006
2019.2014 31.7634
2019.2041 33.6364
2019.2068 31.6496
2019.2096 27.5329
2019.2123 33.3661
2019.2151 30.5993
2019.2178 31.0323
2019.2205 31.9151
2019.2233 34.3475
2019.2260 37.4794
2019.2288 42.4908
2019.2315 43.9615
2019.2342 43.1015
2019.2370 41.5708
2019.2397 44.9591
2019.2425 46.1664
2019.2452 43.8426
2019.2479 43.2585
2019.2507 42.2247
2019.2534 46.0212
2019.2562 44.3279
2019.2589 43.4949
2019.2616 44.5620
2019.2644 44.5092
2019.2671 48.0665
2019.2699 41.5437
2019.2726 40.1510
2019.2753 41.3581
2019.2781 34.7651
2019.2808 36.3819
2019.2836 31.9185
2019.2863 32.9048
2019.2890 38.3707
2019.2918 38.5863
2019.2945 39.5014
2019.2973 36.7761
2019.3000 38.1002
2019.3027 38.1937
2019.3055 34.6966
2019.3082 31.6288
2019.3110 29.7303
2019.3137 32.1811
2019.3164 33.2610
2019.3192 30.2200
2019.3219 32.3981
2019.3247 33.9253
2019.3274 35.0614
2019.3301 33.2664
2019.3329 31.1405
2019.3356 38.6437
2019.3384 45.4060
2019.3411 43.1875
2019.3438 41.7483
2019.3466 40.3684
2019.6178 37.3852
2019.6205 28.6486
2019.6589 34.5891
2019.6616 33.4413
2019.6644 28.4034
2019.6671 36.1353
2019.6836 36.6528
2019.6863 30.8935
2019.6918 34.1545
2019.6945 33.4148
2019.6973 28.8951
2019.7000 30.7853
2019.7027 31.2654
2019.7055 32.6055
2019.7082 33.8356
2019.7110 30.3757
2019.7137 44.3258
2019.7164 36.2959
2019.7192 34.2560
2019.7219 36.3561
2019.7247 38.7763
2019.7274 33.1266
2019.7301 34.6770
2019.7329 33.3175
2019.7356 32.7881
2019.7384 33.1888
2019.7411 32.2896
2019.7438 33.3806
2019.7466 37.4318
2019.7493 40.4132
2019.7521 40.8251
2019.7548 37.3676
2019.7575 37.3705
2019.7603 38.2939
2019.7630 37.3477
2019.7658 35.5419
2019.7685 38.1464
2019.7712 40.0913
2019.7740 36.2165
2019.7767 34.2619
2019.7794 32.9875
2019.7822 35.8534
2019.7849 34.5694
2019.7877 35.2756
2019.7904 37.3519
2019.7931 36.8282
2019.7959 39.9546
2019.7986 38.2009
2019.8014 33.4673
2019.8041 39.7236
2019.8068 35.4498
2019.8096 35.5758
2019.8123 34.4218
2019.8151 36.2575
2019.8178 35.3330
2019.8205 34.8083
2019.8233 31.2133
2019.8260 30.6680
2019.8288 32.1323
2019.8315 31.3162
2019.8342 32.6596
2019.8370 33.1521
2019.8397 33.8139
2019.8425 28.0650
2019.8452 31.9552
2019.8479 28.0247
2019.8507 28.7233
2019.8534 30.5013
2019.8562 26.5384
2019.8589 30.4148
2019.8616 27.5904
2019.8644 31.6053
2019.8671 30.1194
2019.8699 30.6527
2019.8726 29.9153
2019.8753 28.2571
2019.8781 27.3782
2019.8808 22.1685
2019.8836 24.1081
2019.8863 22.7069
2019.8890 22.0650
2019.8918 22.6123
2019.8945 26.3089
2019.8973 27.4048
2019.9000 36.8799
2019.9027 34.7443
2019.9055 33.1679
2019.9082 31.9108
2019.9110 31.2330
2019.9137 31.9845
2019.9164 32.1046
2019.9192 36.0303
2019.9219 34.2311
2019.9247 32.0575
2019.9274 28.4898
2019.9301 30.9782
2019.9329 32.2432
2019.9356 27.2751
2019.9384 27.6941
2019.9411 27.6008
2019.9438 31.4453
2019.9466 32.7880
2019.9493 29.7093
2019.9521 27.9494
2019.9548 27.1188
2019.9575 29.4678
2019.9603 26.8666
2019.9630 27.3557
2019.9658 27.5454
2019.9685 25.9559
2019.9712 29.5777
2019.9740 29.2211
2019.9767 33.2064
2019.9795 34.7639
2019.9822 32.6141
2019.9849 32.3171
2019.9877 35.8434
2019.9904 33.8433
2019.9931 34.4171
2019.9959 35.3052
2019.9986 31.0079
2020.0205 23.5143
2020.0232 33.1064
2020.0260 31.7689
2020.0287 28.9119
2020.0314 30.7053
2020.0342 28.0392
2020.0369 31.9736
2020.0396 29.6684
2020.0423 31.3036
2020.0451 30.4292
2020.0478 27.0352
2020.0505 29.6616
2020.0533 29.2684
2020.0560 29.9055
2020.0587 29.7630
2020.0615 30.5008
2020.0642 30.6689
2020.0669 33.6174
2020.0697 28.1361
2020.0724 34.4952
2020.0751 32.0645
2020.0779 28.8741
2020.0806 31.4339
2020.0833 29.2240
2020.0861 31.5944
2020.0888 31.6850
2020.0915 32.7960
2020.0943 35.4673
2020.0970 31.3689
2020.0997 29.7408
2020.1025 29.4131
2020.1052 26.4858
2020.1079 23.1088
2020.1107 29.4323
2020.1134 31.1661
2020.1161 30.4104
2020.1189 32.1850
2020.1216 29.6502
2020.1243 31.4057
2020.1270 32.2818
2020.1298 26.9383
2020.1325 30.7953
2020.1352 29.7028
2020.1380 30.7008
2020.1407 29.2194
2020.1434 33.1485
2020.1462 30.3981
2020.1489 29.8683
2020.1516 31.7891
2020.1544 32.7405
2020.1571 30.5524
2020.1598 29.8950
2020.1626 35.4085
2020.1653 34.4963
2020.1680 32.3291
2020.1708 31.9464
2020.1735 28.4779
2020.1762 30.5534
2020.1790 28.4123
2020.1817 29.4745
2020.1844 29.5294
2020.1872 25.9168
2020.1899 25.6163
2020.1926 26.5476
2020.1954 24.3702
2020.1981 32.7039
2020.2008 29.8883
2020.2035 30.2230
2020.2063 29.9476
2020.2090 26.8919
2020.2117 25.4555
2020.2145 24.3480
2020.2172 26.0690
2020.2199 25.4082
2020.2227 22.3253
2020.2254 26.8799
2020.2281 29.5916
2020.2309 28.1600
2020.2336 29.0449
2020.2363 28.1659
2020.2391 28.6726
2020.2418 26.6847
2020.2445 29.1617
2020.2473 23.5444
2020.2500 23.4846
2020.2527 24.0027
2020.2555 26.2888
2020.2582 23.0431
2020.2609 25.5657
2020.2637 27.1068
2020.2664 28.5166
2020.2691 30.1851
2020.2719 26.2926
2020.2746 27.9693
2020.6735 22.4583
2020.6844 24.8019
2020.6872 19.4658
2020.6954 27.7885
2020.6981 29.1331
2020.7008 32.3479
2020.7035 24.7328
2020.7063 19.9079
2020.7090 24.7232
2020.7117 20.1886
2020.7145 20.0842
2020.7172 26.2799
2020.7199 28.7158
2020.7227 24.8818
2020.7254 21.6279
2020.7281 23.7042
2020.7309 23.2506
2020.7336 20.0071
2020.7363 23.0437
2020.7391 23.0305
2020.7418 24.0474
2020.7445 23.5644
2020.7473 25.4314
2020.7500 26.2486
2020.7527 29.5559
2020.7555 27.7533
2020.7582 25.3207
2020.7609 27.8283
2020.7637 29.4860
2020.7664 26.4339
2020.7691 26.7919
2020.7719 25.9300
2020.7746 26.4983
2020.7773 23.4768
2020.7801 25.9755
2020.7828 24.7643
2020.7855 30.0633
2020.7882 30.6526
2020.7910 30.7921
2020.7937 25.3017
2020.7964 28.0417
2020.7992 28.7118
2020.8019 30.6623
2020.8046 31.1930
2020.8074 35.3839
2020.8101 30.1552
2020.8128 31.7567
2020.8156 31.3985
2020.8183 25.4407
2020.8210 30.2731
2020.8238 27.9159
2020.8265 28.9891
2020.8292 24.7625
2020.8320 25.1164
2020.8347 26.1125
2020.8374 28.3115
2020.8402 29.9533
2020.8429 28.1676
2020.8456 30.8244
2020.8484 24.9333
2020.8511 25.1143
2020.8538 21.0970
2020.8566 14.6714
2020.8593 20.1472
2020.8620 20.5542
2020.8648 20.5022
2020.8675 18.5011
2020.8702 19.8007
2020.8729 15.5606
2020.8757 16.1209
2020.8784 16.6312
2020.8811 13.2014
2020.8839 14.1812
2020.8866 13.2305
2020.8893 7.5191
2020.8921 19.8969
2020.8948 20.9935
2020.8975 28.8988
2020.9003 28.5526
2020.9030 29.1448
2020.9057 27.9551
2020.9085 27.0033
2020.9112 29.9492
2020.9139 34.1528
2020.9167 28.1539
2020.9194 31.7942
2020.9221 28.2936
2020.9249 28.7524
2020.9276 34.6204
2020.9303 34.1176
2020.9331 26.9342
2020.9358 28.4701
2020.9385 31.9552
2020.9413 31.7397
2020.9440 30.5635
2020.9467 32.6967
2020.9495 32.6992
2020.9522 36.3411
2020.9549 34.9223
2020.9576 37.1630
2020.9604 34.8530
2020.9631 32.3825
2020.9658 35.0714
2020.9686 32.4597
2020.9713 37.9774
2020.9740 34.8146
2020.9768 33.8113
2020.9795 34.7575
2020.9822 32.1331
2020.9850 37.1283
2020.9877 34.5129
2020.9904 33.0071
2020.9932 37.9008
2020.9959 36.9841
2020.9986 33.8569
2021.0014 35.6390
2021.0041 35.6186
2021.0068 37.1754
2021.0096 42.6998
2021.0123 36.3620
2021.0151 36.3522
2021.0178 36.6506
2021.0205 37.8375
2021.0233 35.3830
2021.0260 33.9374
2021.0288 37.1210
2021.0315 32.1539
2021.0342 32.9064
2021.0370 32.3387
2021.0397 31.6710
2021.0425 31.1136
2021.0452 30.9866
2021.0479 33.5803
2021.0507 33.1350
2021.0534 31.5808
2021.0562 35.5079
2021.0589 29.7467
2021.0616 34.1572
2021.0644 36.8899
2021.0671 34.0447
2021.0699 36.6121
2021.0726 33.5522
2021.0753 31.7052
2021.0781 32.8314
2021.0808 34.2710
2021.0836 41.1532
2021.0863 37.0273
2021.0890 37.3030
2021.0918 38.1202
2021.0945 35.6388
2021.0973 36.8987
2021.1000 30.4998
2021.1027 32.2818
2021.1055 30.3348
2021.1082 34.3085
2021.1110 29.7229
2021.1137 33.0078
2021.1164 37.4531
2021.1192 35.6186
2021.1219 37.9243
2021.1247 36.8601
2021.1274 32.5857
2021.1301 32.3910
2021.1329 31.2160
2021.1356 33.8705
2021.1384 27.0544
2021.1411 33.8376
2021.1438 37.5499
2021.1466 38.9012
2021.1493 35.6513
2021.1521 37.0003
2021.1548 37.4978
2021.1575 37.7339
2021.1603 38.9783
2021.1630 37.2912
2021.1658 34.6437
2021.1685 35.0460
2021.1712 36.4581
2021.1740 37.5899
2021.1767 33.7117
2021.1795 35.7932
2021.1822 37.2746
2021.1849 34.4860
2021.1877 35.7072
2021.1904 39.0683
2021.1931 39.8093
2021.1959 36.6903
2021.1986 39.6713
2021.2014 33.4322
2021.2041 45.2931
2021.2068 44.0840
2021.2096 44.0950
2021.2123 43.7860
2021.2151 41.7970
2021.2178 42.3081
2021.2205 44.4294
2021.2233 37.5907
2021.2260 44.4121
2021.2288 44.5337
2021.2315 44.9954
2021.2342 49.0173
2021.2370 45.0994
2021.2397 44.4517
2021.2425 45.6642
2021.2452 49.2169
2021.2479 52.9699
2021.2507 53.9030
2021.2534 52.8464
2021.2562 52.2000
2021.2589 46.1237
2021.2616 50.1177
2021.2644 44.4119
2021.2671 47.6362
2021.2699 44.8908
2021.2726 44.4656
2021.2753 43.0905
2021.2781 45.7856
2021.2808 45.0910
2021.2836 44.5265
2021.2863 46.5922
2021.2890 48.8381
2021.2918 47.8442
2021.2945 39.0205
2021.2973 40.6970
2021.3000 45.5536
2021.3027 43.9005
2021.3055 41.3375
2021.3082 41.2947
2021.3110 42.3921
2021.3137 39.5596
2021.3164 39.7474
2021.3192 40.5253
2021.3219 39.8034
2021.3247 36.6117
2021.3274 38.2702
2021.3301 39.4493
2021.3329 37.1420
2021.3356 38.3885
2021.3384 39.7786
2021.3411 39.8320
2021.3438 37.2982
2021.3466 37.4571
2021.3493 41.8283
2021.3521 37.9716
2021.3548 42.1666
2021.3575 44.3231
2021.3603 42.3607
2021.3630 43.6191
2021.3658 41.3780
2021.3685 38.7272
2021.3712 36.9263
2021.3740 33.2651
2021.3767 31.2331
2021.3794 37.6902
2021.3822 37.9361
2021.3849 36.8204
2021.3877 37.8628
2021.3904 37.8430
2021.3931 39.1408
2021.3959 37.8257
2021.3986 38.6977
2021.4014 37.5362
2021.4041 37.8211
2021.4068 37.0020
2021.4096 36.8486
2021.4123 40.5807
2021.4151 36.7104
2021.4178 34.5600
2021.4205 34.1595
2021.4233 38.5490
2021.4260 43.3083
2021.4288 36.9776
2021.4315 38.4969
2021.4342 42.1261
2021.4370 39.6652
2021.4397 45.7342
2021.4425 43.7932
2021.4452 39.9022
2021.4479 39.4811
2021.4507 36.7599
2021.4534 37.2887
2021.4562 44.3774
2021.4589 40.2061
2021.4616 39.5448
2021.4644 41.4534
2021.4671 41.4820
2021.4699 44.8605
2021.4726 39.5390
2021.4753 42.8075
2021.4781 38.6560
2021.4808 41.3444
2021.4836 37.6428
2021.4863 38.3112
2021.4890 38.2695
2021.4918 36.7379
2021.4945 34.8462
2021.4973 43.5345
2021.5000 42.3924
2021.5027 41.5301
2021.5055 40.3474
2021.5082 36.0945
2021.5110 39.6913
2021.5137 31.0780
2021.5164 36.4445
2021.5192 35.2309
2021.5219 38.1673
2021.5247 40.5336
2021.5274 40.7399
2021.5301 39.4962
2021.5329 36.6226
2021.5356 38.0591
2021.5384 42.2557
2021.5411 40.5326
2021.5438 37.9796
2021.5466 37.6569
2021.5493 35.8044
2021.5521 40.1323
2021.5548 37.9005
2021.5575 34.3791
2021.5603 38.9582
2021.5630 38.6577
2021.5658 30.9977
2021.5685 30.8483
2021.5712 35.7294
2021.5740 36.9211
2021.5767 36.7435
2021.5794 38.7365
2021.5822 39.2302
2021.5849 42.2544
2021.5877 35.3388
2021.6260 35.3478
2021.6288 30.3753
2021.6315 29.0628
2021.6342 24.2303
2021.7055 38.9464
2021.7082 41.3228
2021.7110 39.8591
2021.7137 35.9054
2021.7164 35.5616
2021.7192 37.8378
2021.7219 37.5140
2021.7247 39.8701
2021.7274 38.1562
2021.7301 41.5922
2021.7329 41.0582
2021.7356 40.9441
2021.7384 40.7600
2021.7411 40.5258
2021.7438 39.0216
2021.7466 38.4772
2021.7493 38.3926
2021.7521 37.1763
2021.7548 37.5482
2021.7575 39.5184
2021.7603 41.0370
2021.7630 42.7842
2021.7658 41.6100
2021.7685 42.9646
2021.7712 40.5480
2021.7740 39.9305
2021.7767 41.2420
2021.7794 38.9327
2021.7822 39.7127
2021.7849 37.5521
2021.7877 38.1011
2021.7904 39.0897
2021.7931 47.0680
2021.7959 44.9662
2021.7986 42.2244
2021.8014 37.9426
2021.8041 41.3510
2021.8068 46.2297
2021.8096 48.6589
2021.8123 49.7285
2021.8151 48.0788
2021.8178 48.6698
2021.8205 43.7516
2021.8233 46.1545
2021.8260 46.9683
2021.8288 43.1234
2021.8315 38.5097
2021.8342 39.5568
2021.8370 40.9940
2021.8397 40.2814
2021.8425 31.8789
2021.8452 33.4566
2021.8479 35.6444
2021.8507 32.4924
2021.8534 33.3906
2021.8562 32.2789
2021.8589 37.4674
2021.8616 30.3861
2021.8644 35.9550
2021.8671 35.3641
2021.8699 36.2934
2021.8726 36.2728
2021.8753 30.0525
2021.8781 36.7324
2021.8808 38.1426
2021.8836 38.2529
2021.8863 39.7135
2021.8918 36.6654
2021.8945 43.4866
2021.8973 40.6282
2021.9000 37.6800
2021.9027 41.7220
2021.9055 49.8443
2021.9082 42.5669
2021.9110 47.7097
2021.9137 59.1329
2021.9164 44.0864
2021.9192 45.9607
2021.9219 44.2959
2021.9247 40.7019
2021.9274 43.6587
2021.9301 47.7361
2021.9329 41.3442
2021.9356 43.4629
2021.9384 41.3621
2021.9411 44.6517
2021.9438 43.3717
2021.9466 43.5421
2021.9493 41.9628
2021.9521 40.7737
2021.9548 40.9747
2021.9575 44.4958
2021.9603 46.0970
2021.9630 46.3082
2021.9658 41.3193
2021.9685 44.9303
2021.9712 39.0910
2021.9740 37.8015
2021.9767 44.4117
2021.9795 39.5615
2021.9822 44.4209
2021.9849 44.8798
2021.9877 45.3682
2021.9904 40.5659
2021.9931 42.5330
2021.9959 41.9994
2021.9986 39.8549
2022.0014 45.5995
2022.0041 41.6027
2022.0068 42.4144
2022.0096 41.5749
2022.0123 37.7141
2022.0151 37.9822
2022.0178 41.4094
2022.0205 46.5457
2022.0233 42.3813
2022.0260 45.5763
2022.0288 42.9909
2022.0315 40.0950
2022.0342 41.4390
2022.0370 39.6728
2022.0397 40.8565
2022.0425 43.6504
2022.0452 41.1946
2022.0479 43.6791
2022.0507 42.1640
2022.0534 43.2796
2022.0562 41.0458
2022.0589 38.9429
2022.0616 36.0609
2022.0644 36.5000
2022.0671 42.3203
2022.0699 42.1119
2022.0726 40.2449
2022.0753 39.2594
2022.0781 43.6256
2022.0808 39.8136
2022.0836 45.7828
2022.0863 44.1023
2022.0890 44.1022
2022.0918 47.0825
2022.0945 42.4431
2022.0973 39.3940
2022.1000 42.4553
2022.1027 39.7968
2022.1055 33.6687
2022.1082 39.8808
2022.1110 36.9731
2022.1137 36.5157
2022.1164 36.9584
2022.1192 42.5214
2022.1219 43.9745
2022.1247 40.7878
2022.1274 37.5912
2022.1301 39.0048
2022.1329 41.3384
2022.1356 42.3222
2022.1384 39.3959
2022.1411 47.5498
2022.1438 39.4837
2022.1466 42.8476
2022.1493 40.1115
2022.1521 38.8053
2022.1548 42.3592
2022.1575 43.1529
2022.1603 42.2866
2022.1630 40.8903
2022.1658 43.6144
2022.1685 43.7389
2022.1712 41.0338
2022.1740 43.3290
2022.1767 42.8246
2022.1795 45.8805
2022.1822 41.0167
2022.1849 45.9331
2022.1877 47.2897
2022.3548 41.7693
2022.3575 42.5134
2022.3603 40.2891
2022.3630 35.5160
2022.3658 32.7937
2022.3685 35.7320
2022.3712 34.0805
2022.3740 32.3288
2022.3767 29.1967
2022.3794 38.5139
2022.3822 35.1999
2022.3849 30.9345
2022.3877 34.3973
2022.3904 38.8480
2022.3931 35.9462
2022.3959 31.5217
2022.3986 33.1841
2022.4014 30.1031
2022.4041 33.0284
2022.4068 33.8995
2022.4096 31.4363
2022.4123 30.2683
2022.4151 33.3574
2022.4178 31.3358
2022.4205 28.7133
2022.4233 30.8502
2022.4260 33.4865
2022.4288 33.8921
2022.4315 28.8173
2022.4342 34.8221
2022.4370 31.2165
2022.4397 32.2306
2022.4425 32.3745
2022.4452 33.0982
2022.4479 30.9618
2022.4507 33.2753
2022.4534 29.1889
2022.4562 31.1126
2022.4589 30.3064
2022.4616 24.7805
2022.4644 26.9348
2022.4671 29.7594
2022.4699 27.4945
2022.4726 30.5601
2022.4753 32.1062
2022.4781 30.3529
2022.4808 33.8003
2022.4836 34.8685
2022.4863 31.7674
2022.4890 29.8972
2022.4918 34.3379
2022.4945 33.0496
2022.4973 28.4623
2022.5000 30.2852
2022.5027 28.3481
2022.5055 30.8011
2022.5082 32.9141
2022.5110 31.4571
2022.5137 31.8202
2022.5164 32.0034
2022.5192 34.2466
2022.5219 33.0798
2022.5247 32.4330
2022.5274 27.2662
2022.5301 28.5995
2022.5329 30.7428
2022.5356 32.7060
2022.5384 31.4293
2022.5411 35.2726
2022.5438 33.0458
2022.5466 34.5791
2022.5493 32.1323
2022.5521 31.8055
2022.5548 32.7787
2022.5575 28.9919
2022.5603 25.5250
2022.5630 32.6981
2022.5658 32.9611
2022.5685 27.9841
2022.5712 29.1070
2022.5740 26.1199
2022.5767 30.0528
2022.5794 29.1755
2022.5822 28.0982
2022.5849 25.8807
2022.5877 29.3131
2022.5904 24.2654
2022.5931 30.4875
2022.5959 31.6495
2022.5986 30.8514
2022.6014 33.5432
2022.6041 33.0949
2022.6068 28.6465
2022.6096 31.9481
2022.6123 25.7796
2022.6151 23.7911
2022.6178 25.9525
2022.6205 29.9239
2022.6233 28.3353
2022.6260 29.9266
2022.6288 29.2380
2022.6315 30.8794
2022.6342 28.5008
2022.6370 29.5522
2022.6397 34.5437
2022.6425 33.3152
2022.6452 33.2568
2022.6479 32.5584
2022.6507 29.1502
2022.6534 32.6620
2022.6562 33.9239
2022.6589 37.1359
2022.6616 36.4281
2022.6644 33.9604
2022.6671 31.4543
2022.6699 32.4915
2022.6726 34.6216
2022.6753 31.6843
2022.6781 29.8496
2022.6808 32.6570
2022.6836 35.7665
2022.6863 35.5776
2022.6890 35.4203
2022.6918 33.9343
2022.6945 34.3194
2022.6973 30.7352
2022.7000 38.7016
2022.7027 35.8684
2022.7055 35.0853
2022.7082 35.4120
2022.7110 31.4683
2022.7137 32.7841
2022.7164 19.2490
2022.7192 30.4828
2022.7219 28.8454
2022.7247 29.5163
2022.7274 33.4655
2022.7301 31.8727
2022.7329 32.0877
2022.7356 31.7801
2022.7384 33.2398
2022.7411 37.1266
2022.7438 32.1301
2022.7466 28.8403
2022.7493 29.0869
2022.7521 27.6313
2022.7548 26.7137
2022.7575 25.1542
2022.7603 28.3529
2022.7630 27.8801
2022.7658 34.6657
2022.7685 35.9200
2022.7712 35.0430
2022.7740 38.8650
2022.7767 37.6859
2022.7794 40.2560
2022.7822 37.7154
2022.7849 33.4041
2022.7877 41.4524
2022.7904 41.0003
2022.7931 45.4880
2022.7959 42.9756
2022.7986 47.2133
2022.8014 48.4411
2022.8041 49.2492
2022.8068 46.4477
2022.8096 44.4867
2022.8123 48.3664
2022.8151 54.9469
2022.8178 50.7484
2022.8205 53.5209
2022.8233 51.8245
2022.8260 47.7695
2022.8288 48.6159
2022.8315 51.8038
2022.8342 45.9931
2022.8370 46.8934
2022.8397 41.5645
2022.8425 44.2765
2022.8452 46.1793
2022.8479 39.1527
2022.8507 37.2967
2022.8534 42.2713
2022.8562 38.5063
2022.8589 33.1717
2022.8616 34.1774
2022.8644 36.1933
2022.8671 40.5693
2022.8699 42.4154
2022.8726 39.8616
2022.8753 40.3876
2022.8781 37.4835
2022.8808 46.6191
2022.8836 36.0845
2022.8863 33.8595
2022.8890 34.8540
2022.8918 42.5980
2022.8945 44.4013
2022.8973 43.2540
2022.9000 42.5060
2022.9027 35.5371
2022.9055 39.2172
2022.9082 39.9764
2022.9110 44.9946
2022.9137 36.0016
2022.9164 40.1873
2022.9192 38.6016
2022.9219 39.3045
2022.9247 43.4758
2022.9274 38.6758
2022.9301 42.0444
2022.9329 43.3217
2022.9356 41.5577
2022.9384 38.5324
2022.9411 42.6259
2022.9438 35.0882
2022.9466 35.6093
2022.9493 35.7993
2022.9521 43.0481
2022.9548 44.2359
2022.9575 46.5627
2022.9603 43.9085
2022.9630 45.2033
2022.9658 43.8172
2022.9685 48.1802
2022.9712 44.1124
2022.9740 45.5737
2022.9767 44.4542
2022.9795 44.1739
2022.9822 46.2529
2022.9849 43.3912
2022.9877 43.0889
2022.9904 44.3959
2022.9931 44.1624
2022.9959 43.1783
2022.9986 42.2636
