2010.0151 2.1710
2010.0178 0.8306
2010.0205 2.6796
2010.0233 5.4281
2010.0260 4.1263
2010.0288 4.7642
2010.0315 5.4819
2010.0342 4.7994
2010.0370 1.6569
2010.0397 3.9745
2010.0425 1.5621
2010.0452 4.1300
2010.0479 5.7481
2010.0507 5.4866
2010.0534 6.3155
2010.0562 6.3850
2010.0589 6.0250
2010.0616 1.9957
2010.0644 0.5372
2010.0671 2.6996
2010.0699 3.9528
2010.0726 4.1771
2010.0753 3.2124
2010.0781 3.2989
2010.0808 4.1567
2010.0836 5.2052
2010.0863 3.5039
2010.0890 4.9227
2010.0918 4.7017
2010.0945 2.2308
2010.0973 1.1701
2010.1000 0.6795
2010.1027 -0.0409
2010.1055 -0.1412
2010.1082 1.9086
2010.1110 3.7386
2010.1137 -0.2613
2010.1164 2.6489
2010.1192 -1.2208
2010.1219 -8.7503
2010.1247 -5.8498
2010.1274 -1.2291
2010.1301 3.6416
2010.1329 2.5925
2010.1356 0.3634
2010.1384 0.3044
2010.1411 -0.7345
2010.1438 0.3167
2010.1466 2.1779
2010.1493 5.7592
2010.1521 5.6206
2010.1548 4.8920
2010.1575 5.7935
2010.1603 1.2051
2010.1630 3.4767
2010.1658 0.5483
2010.1685 4.5500
2010.1712 6.4117
2010.1740 2.2634
2010.1767 1.4252
2010.1795 4.3570
2010.1822 4.0688
2010.1849 6.0606
2010.1877 4.2524
2010.1904 1.8643
2010.1931 -0.3238
2010.1959 -0.5019
2010.1986 0.7700
2010.2014 1.8218
2010.2041 0.3437
2010.2068 0.6656
2010.2096 -1.7725
2010.2123 1.4494
2010.2151 0.3012
2010.2178 3.3531
2010.2205 0.9149
2010.2233 2.5667
2010.2260 0.8385
2010.2288 0.6603
2010.2315 1.5520
2010.2342 2.6837
2010.2370 3.3754
2010.2397 2.8170
2010.2425 3.4086
2010.2452 1.1802
2010.2479 2.0116
2010.2507 4.0629
2010.2534 1.7339
2010.2562 8.8849
2010.2589 2.3956
2010.2616 5.8162
2010.2644 1.0067
2010.2671 3.5371
2010.2699 1.9974
2010.2726 6.5776
2010.2753 7.5177
2010.2781 6.9277
2010.2808 4.2477
2010.2836 6.6776
2010.2863 1.1775
2010.2890 2.4274
2010.2918 2.2173
2010.2945 0.6971
2010.2973 -1.2030
2010.3000 -0.9931
2010.3027 4.5369
2010.3055 3.9169
2010.3082 2.8470
2010.3110 4.0871
2010.3137 2.1773
2010.3164 4.5176
2010.3192 5.3980
2010.3219 0.4586
2010.3247 0.6892
2010.3274 -1.8599
2010.3301 0.5011
2010.3329 1.0125
2010.3356 4.6943
2010.3384 0.2466
2010.3411 1.4592
2010.3438 2.2124
2010.3466 -2.8941
2010.3493 0.9899
2010.3521 -0.3757
2010.3548 4.2091
2010.3575 1.2444
2010.3603 1.4401
2010.3630 -1.5938
2010.3658 0.8827
2010.3685 4.5296
2010.3712 4.8669
2010.3740 3.6347
2010.3767 5.9129
2010.3794 4.6814
2010.3822 6.5404
2010.3849 4.1698
2010.3877 1.7396
2010.3904 2.2198
2010.3931 3.9104
2010.3959 4.2414
2010.3986 3.5528
2010.4014 7.8347
2010.4041 8.0169
2010.4068 4.2995
2010.4096 4.6524
2010.4123 5.8958
2010.4151 8.0998
2010.4178 8.5547
2010.4205 10.8003
2010.4233 10.1468
2010.4260 11.4939
2010.4288 7.3918
2010.4315 3.8004
2010.4342 5.8496
2010.4370 6.0494
2010.4397 8.6498
2010.4425 6.4908
2010.4452 10.5023
2010.4479 7.8543
2010.4534 -3.8403
2010.4644 0.7752
2010.4671 -3.8601
2010.5110 3.5583
2010.5137 -3.3895
2010.5301 9.1761
2010.5329 -11.1885
2010.5356 -2.8229
2010.5384 4.9525
2010.5986 -10.1607
2010.6233 -8.9328
2010.6260 11.0393
2010.6918 -9.0447
2010.8205 2.7301
2010.8233 -4.1857
2010.8315 12.4350
2010.8726 -3.9007
2011.0123 8.8948
2011.0151 12.4796
2011.0178 13.3829
2012.0096 17.7217
2012.0123 14.4074
2012.0150 19.0429
2012.0178 17.1582
2012.0205 14.6232
2012.0232 15.5580
2012.0260 14.3127
2012.0287 17.1972
2012.0314 11.4317
2012.0342 15.0560
2012.0369 16.5202
2012.0396 18.4643
2012.0423 14.8384
2012.0451 15.9725
2012.0478 17.1865
2012.0505 16.3506
2012.0533 16.3247
2012.0560 12.7389
2012.0587 18.0131
2012.0615 11.8774
2012.0642 13.0618
2012.0669 17.2364
2012.0697 14.1311
2012.0724 14.4460
2012.0751 15.4811
2012.0779 13.6563
2012.0806 13.6319
2012.0833 13.1875
2012.0861 15.0630
2012.0888 17.3984
2012.0915 15.3239
2012.0943 19.2593
2012.0970 14.5548
2012.0997 16.9203
2012.1025 16.2559
2012.1052 21.2016
2012.1079 15.8475
2012.1107 20.5635
2012.1134 15.7598
2012.1161 19.5262
2012.1189 16.4929
2012.1216 16.2299
2012.1243 14.8972
2012.1270 14.8648
2012.1298 14.4128
2012.1325 14.0512
2012.1352 16.0700
2012.1380 12.3693
2012.1407 19.2690
2012.1434 17.5993
2012.1462 16.6800
2012.1489 14.6514
2012.1516 20.6533
2012.1544 14.8058
2012.1571 16.9390
2012.1598 16.3329
2012.1626 15.6676
2012.1653 16.5244
2012.1680 16.4737
2012.1708 15.3153
2012.1735 18.1290
2012.1762 17.6447
2012.1790 15.8821
2012.1817 16.4013
2012.1844 19.9919
2012.1872 14.7540
2012.1899 15.8572
2012.1926 11.2214
2012.1954 13.2166
2012.1981 15.0325
2012.2008 17.6790
2012.2035 15.4859
2012.2063 13.1031
2012.2090 15.4104
2012.2117 14.0278
2012.2145 14.0149
2012.2172 14.1617
2012.2199 14.3680
2012.2227 14.3437
2012.2254 14.1585
2012.2281 12.1825
2012.2309 12.8053
2012.2336 17.0469
2012.2363 16.8571
2012.2391 18.1557
2012.2418 13.0026
2012.2445 10.3876
2012.2473 11.1711
2012.2500 13.6645
2012.2527 15.2177
2012.2555 13.4007
2012.2582 13.2237
2012.2609 10.1165
2012.2637 11.8793
2012.2664 13.0919
2012.2691 15.2045
2012.2719 15.2570
2012.2746 15.4495
2012.2773 18.6020
2012.2801 17.2344
2012.2828 16.7168
2012.2855 14.7692
2012.2882 13.2916
2012.2910 14.8640
2012.2937 15.6764
2012.2964 14.9289
2012.2992 12.3015
2012.3019 18.2441
2012.3046 17.1668
2012.3074 21.4396
2012.3101 19.6925
2012.3128 29.1955
2012.3156 13.0786
2012.3183 15.2719
2012.3210 10.5453
2012.3238 14.4089
2012.3265 11.3526
2012.3292 13.5065
2012.3320 16.0208
2012.3347 14.5453
2012.3374 13.8001
2012.3402 15.5552
2012.3429 16.7906
2012.3456 11.5361
2012.3484 11.9018
2012.3511 17.4277
2012.3538 16.8337
2012.3566 17.5197
2012.3593 19.6259
2012.3620 16.9520
2012.3648 18.3882
2012.3675 19.3144
2012.3702 17.5105
2012.3729 14.6365
2012.3757 12.5624
2012.3784 15.3382
2012.3811 13.6838
2012.3839 14.9092
2012.3866 16.3244
2012.3893 19.5093
2012.3921 19.6440
2012.3948 18.9283
2012.3975 19.5823
2012.4003 16.3060
2012.4030 18.7592
2012.4057 11.2420
2012.4085 9.1344
2012.4112 17.5463
2012.4139 11.4377
2012.4167 15.7386
2012.4194 17.3490
2012.4221 16.7090
2012.4249 17.1486
2012.4276 19.5879
2012.4303 23.5568
2012.4331 22.1253
2012.4358 21.3436
2012.4385 17.5717
2012.4413 14.9195
2012.4440 15.1270
2012.4467 18.9745
2012.4495 22.6117
2012.4522 19.3289
2012.4549 22.5860
2012.4576 20.9630
2012.4604 15.9199
2012.4631 17.7269
2012.4658 19.2339
2012.4686 18.9509
2012.4713 20.1980
2012.4740 18.1852
2012.4768 20.0926
2012.4795 18.8001
2012.4822 15.2078
2012.4850 15.3557
2012.4877 13.2638
2012.4904 16.4923
2012.4932 15.6310
2012.4959 17.1201
2012.4986 21.4594
2012.5014 20.2590
2012.5041 17.0787
2012.5068 18.2085
2012.5096 18.9185
2012.5123 23.1086
2012.5150 21.5389
2012.5178 15.1392
2012.5205 14.8096
2012.5232 14.1901
2012.5260 12.8807
2012.5287 12.1713
2012.5314 16.5619
2012.5342 13.5426
2012.5369 13.6932
2012.5396 18.4639
2012.5423 18.8445
2012.5451 17.6851
2012.5478 16.2956
2012.5505 22.0861
2012.5533 18.3465
2012.5560 14.6768
2012.5587 17.5670
2012.5615 12.6771
2012.5642 14.3770
2012.5669 11.8468
2012.5697 17.0164
2012.5724 12.0259
2012.5751 12.8952
2012.5779 13.9742
2012.5806 11.3831
2012.5833 14.2516
2012.5861 17.8495
2012.5888 16.4668
2012.5915 15.4637
2012.6189 14.0620
2012.6216 17.8056
2012.6243 21.6992
2012.6270 21.1726
2012.6325 16.6895
2012.6352 14.4931
2012.6380 16.3967
2012.6407 15.8404
2012.6434 16.3843
2012.6489 11.1128
2012.6516 12.5374
2012.6544 18.6323
2012.6598 20.0031
2012.6626 16.7791
2012.6653 17.9556
2012.6680 20.5528
2012.6708 12.8507
2012.6735 15.5694
2012.6762 15.3287
2012.6790 8.3185
2012.6817 15.2089
2012.6844 11.3497
2012.6872 9.4110
2012.6899 10.9726
2012.6926 15.0445
2012.6954 13.5367
2012.6981 13.0290
2012.7008 17.6415
2012.7035 19.5340
2012.7063 16.8566
2012.7090 13.0791
2012.7117 17.1416
2012.7145 11.3338
2012.7172 10.2159
2012.7199 8.7277
2012.7227 12.6292
2012.7254 10.2203
2012.7281 13.0309
2012.7309 13.9711
2012.7336 15.2707
2012.7363 14.7397
2012.7391 19.9981
2012.7418 17.7157
2012.7445 16.3826
2012.7473 15.9086
2012.7500 13.5039
2012.7527 15.3585
2012.7555 14.0226
2012.7582 13.8561
2012.7609 15.4990
2012.7637 14.8414
2012.7664 16.0733
2012.7691 15.7246
2012.7719 10.4655
2012.7746 12.5758
2012.7773 17.9457
2012.7801 14.3652
2012.7828 14.7242
2012.7855 16.7427
2012.7882 15.8008
2012.7910 17.3986
2012.7937 15.5059
2012.7964 13.5129
2012.7992 11.0695
2012.8019 14.7957
2012.8046 15.8616
2012.8074 17.9172
2012.8101 24.2825
2012.8128 21.0374
2012.8156 17.1921
2012.8183 18.2266
2012.8210 17.0607
2012.8238 16.0447
2012.8265 13.3384
2012.8292 12.6519
2012.8320 14.3051
2012.8347 17.8883
2012.8374 16.8313
2012.8402 15.9541
2012.8429 12.8069
2012.8456 16.1694
2012.8484 15.9018
2012.8511 14.5941
2012.8538 18.7762
2012.8566 17.1181
2012.8593 13.8698
2012.8620 15.6313
2012.8648 18.0226
2012.8675 15.6738
2012.8702 19.7247
2012.8729 14.8755
2012.8757 15.4460
2012.8784 16.9163
2012.8811 15.8863
2012.8839 19.5562
2012.8866 17.8557
2012.8893 21.3351
2012.8921 18.5042
2012.8948 19.1430
2012.8975 16.8716
2012.9003 16.3499
2012.9030 15.8679
2012.9057 18.1857
2012.9085 18.4931
2012.9112 21.9503
2012.9139 23.0072
2012.9167 23.7037
2012.9194 21.5698
2012.9221 19.8754
2012.9249 20.3106
2012.9276 24.3153
2012.9303 17.5598
2012.9331 20.3738
2012.9358 20.2176
2012.9385 21.4211
2012.9413 20.0843
2012.9440 20.1573
2012.9467 19.3901
2012.9495 17.9927
2012.9522 18.0052
2012.9549 21.2776
2012.9576 20.7200
2012.9604 21.1522
2012.9631 21.4245
2012.9658 19.9568
2012.9686 16.3091
2012.9713 14.3815
2012.9740 19.6440
2012.9768 18.9666
2012.9795 22.6194
2012.9822 19.4023
2012.9850 19.7355
2012.9877 21.7489
2012.9904 21.9726
2012.9932 22.2567
2012.9959 20.3910
2012.9986 21.2857
2013.0014 20.9208
2013.0041 21.4260
2013.0068 18.7914
2013.0096 21.5771
2013.0123 21.3129
2013.0151 19.4691
2013.0178 21.4455
2013.0205 22.1421
2013.0233 23.9291
2013.0260 22.8364
2013.0288 19.3440
2013.0315 20.6719
2013.0342 16.3302
2013.0370 21.4889
2013.0397 21.0880
2013.0425 19.7874
2013.0452 19.2073
2013.0479 19.5376
2013.0507 18.5184
2013.0534 16.9796
2013.0562 18.0213
2013.0589 21.1235
2013.0616 19.2862
2013.0644 17.0794
2013.0671 20.0732
2013.0699 21.2775
2013.0726 20.4824
2013.0753 15.4379
2013.0781 22.8340
2013.0808 21.5107
2013.0836 24.9282
2013.0863 21.5868
2013.0890 20.2663
2013.0918 21.0668
2013.0945 21.8783
2013.0973 22.8707
2013.1000 21.4742
2013.1027 22.3185
2013.1055 22.1138
2013.1082 22.7500
2013.1110 22.9272
2013.1137 23.1152
2013.1164 20.9342
2013.1192 18.9840
2013.1219 23.0047
2013.1247 18.7063
2013.1274 18.9388
2013.1301 20.5721
2013.1329 18.1162
2013.1356 22.7512
2013.1384 19.0570
2013.1411 22.1936
2013.1438 17.2610
2013.1466 23.3292
2013.1493 13.1282
2013.1521 17.3679
2013.1548 23.1184
2013.1575 19.6097
2013.1603 18.3017
2013.1630 18.8244
2013.1658 16.9471
2013.1685 19.0699
2013.1712 19.6027
2013.1740 20.1755
2013.1767 17.5384
2013.1795 20.5213
2013.1822 18.8842
2013.1849 16.0671
2013.1877 21.4200
2013.1904 18.9629
2013.1931 18.9859
2013.1959 15.1889
2013.1986 20.6319
2013.2014 20.0549
2013.2041 17.6979
2013.2068 20.4510
2013.2096 23.6940
2013.2123 21.2271
2013.2151 18.8802
2013.2178 18.9233
2013.2205 17.5464
2013.2233 15.2895
2013.2260 19.1726
2013.2288 22.7357
2013.2315 22.4188
2013.2342 21.8320
2013.2370 23.4051
2013.2397 20.2783
2013.2425 22.6215
2013.2452 26.1346
2013.2479 26.0478
2013.2507 20.7111
2013.2534 22.1544
2013.2562 19.5778
2013.2589 22.3313
2013.2616 20.2748
2013.2644 23.2784
2013.2671 20.4319
2013.2699 19.2756
2013.2726 23.1592
2013.2753 21.8029
2013.2781 17.3466
2013.2808 18.1702
2013.2836 15.6339
2013.2863 21.0876
2013.2890 22.5013
2013.2918 22.4350
2013.2945 23.2586
2013.2973 20.8423
2013.3000 15.6258
2013.3027 16.1194
2013.3055 19.7329
2013.3082 20.4564
2013.3110 16.5198
2013.3137 19.1531
2013.3164 22.5464
2013.3192 19.3396
2013.3219 20.8728
2013.3247 19.8458
2013.3274 19.3588
2013.3301 18.1812
2013.3329 21.7105
2013.3356 19.2963
2013.3384 16.4288
2013.3685 23.0499
2013.3740 18.1932
2013.3767 18.9846
2013.3904 20.3698
2013.3931 17.8359
2013.3959 16.1037
2013.3986 19.9432
2013.4014 18.3449
2013.4041 18.7787
2013.4068 15.6851
2013.4096 18.6342
2013.4123 17.5962
2013.4151 13.0703
2013.4397 12.5282
2013.4616 11.9796
2013.5027 24.6278
2013.5521 10.4113
2013.6370 18.7760
2013.6397 17.5212
2013.6425 26.7764
2013.6452 13.1814
2013.6479 6.4163
2013.6507 9.7711
2013.6534 9.2258
2013.6562 12.2403
2013.6589 6.5246
2013.6616 6.3087
2013.6644 8.4826
2013.6671 9.0664
2013.6699 13.5504
2013.6726 0.9945
2013.6753 2.9186
2013.6781 6.3028
2013.6808 7.0770
2013.6836 5.1311
2013.6863 3.3552
2013.6890 -1.9408
2013.6918 3.2730
2013.6945 -0.7632
2013.6973 -1.8397
2013.7000 3.3537
2013.7027 1.5568
2013.7055 4.0296
2013.7082 6.3621
2013.7110 5.4643
2013.7137 5.0162
2013.7164 8.5976
2013.7192 6.5886
2013.7219 6.5992
2013.7247 7.4593
2013.7274 7.8489
2013.7301 9.4280
2013.7329 5.4064
2013.7356 5.7143
2013.7384 6.8416
2013.7411 6.6881
2013.7438 13.9540
2013.7466 13.5392
2013.7493 14.6137
2013.7521 13.4478
2013.7548 1.1315
2013.7575 15.5050
2013.7603 17.6082
2013.7630 15.9410
2013.7658 14.6937
2013.7685 18.9860
2013.7712 17.1281
2013.7740 19.1700
2013.7767 19.9217
2013.7794 21.6532
2013.7822 20.0745
2013.7849 16.9756
2013.7877 17.4866
2013.7904 18.8374
2013.7931 21.0781
2013.7959 13.6686
2013.7986 19.6891
2013.8014 19.5995
2013.8041 17.6498
2013.8068 19.4800
2013.8096 18.1502
2013.8123 19.6203
2013.8151 18.2604
2013.8178 20.9005
2013.8205 19.0906
2013.8233 22.2008
2013.8260 24.4409
2013.8288 21.0911
2013.8315 20.5714
2013.8342 20.6017
2013.8370 22.1319
2013.8397 22.3622
2013.8425 25.3424
2013.8452 24.9427
2013.8479 21.7028
2013.8507 20.1530
2013.8534 22.4432
2013.8562 22.2333
2013.8589 25.7334
2013.8616 21.9634
2013.8644 21.2534
2013.8671 22.8134
2013.8699 18.9734
2013.8726 17.7333
2013.8753 20.5832
2013.8781 19.7830
2013.8808 22.0628
2013.8836 22.5625
2013.8863 20.9022
2013.8890 28.4018
2013.8918 23.3814
2013.8945 24.3010
2013.8973 21.5104
2013.9000 21.1098
2013.9027 24.5892
2013.9055 18.9985
2013.9082 18.7477
2013.9110 21.7969
2013.9137 16.5960
2013.9164 22.3650
2013.9192 19.3532
2013.9219 20.9907
2013.9247 21.1474
2013.9274 22.0335
2013.9301 20.3391
2013.9329 19.6741
2013.9356 21.0786
2013.9384 22.0027
2013.9411 17.5864
2013.9438 19.7398
2013.9466 21.2630
2013.9493 18.2260
2013.9521 22.1388
2013.9548 22.5015
2013.9575 21.9543
2013.9603 20.8070
2013.9630 20.1498
2013.9658 19.0728
2013.9685 23.1259
2013.9712 23.2393
2013.9740 21.2030
2013.9767 20.6271
2013.9795 22.6016
2013.9822 22.8565
2013.9849 20.9320
2013.9877 26.5281
2013.9904 21.6248
2013.9931 23.8822
2013.9959 22.3504
2013.9986 22.5894
2014.0014 25.2392
2014.0041 20.6793
2014.0068 19.9198
2014.0096 21.4005
2014.0123 23.1715
2014.0151 23.3627
2014.0178 19.1742
2014.0205 18.1159
2014.0233 23.9179
2014.0260 20.4401
2014.0288 21.3025
2014.0315 22.1051
2014.0342 26.5178
2014.0370 19.9008
2014.0397 22.7539
2014.0425 23.6172
2014.0452 22.7306
2014.0479 22.3041
2014.0507 26.1978
2014.0534 25.2216
2014.0562 32.0154
2014.0589 18.6394
2014.0616 19.7635
2014.0644 23.5676
2014.0671 25.4018
2014.0699 20.6460
2014.0726 22.1902
2014.0753 22.9845
2014.0781 25.4888
2014.0808 26.2132
2014.0836 24.7775
2014.0863 25.1320
2014.0890 21.9366
2014.0918 26.5614
2014.0945 26.1262
2014.0973 27.8411
2014.1000 23.7662
2014.1027 23.2213
2014.1055 25.1166
2014.1082 25.6320
2014.1110 26.6275
2014.1137 25.5830
2014.1164 23.3587
2014.1192 24.1245
2014.1219 30.4003
2014.1247 29.1463
2014.1274 30.5523
2014.1301 26.2285
2014.1329 25.5147
2014.1356 22.8110
2014.1384 23.2674
2014.1411 21.0139
2014.1438 28.8904
2014.1466 25.9871
2014.1493 31.7638
2014.1521 28.2906
2014.1548 30.9075
2014.1575 31.8844
2014.1603 30.8614
2014.1630 27.2485
2014.1658 30.4360
2014.1685 29.0939
2014.1712 30.7122
2014.1740 28.3509
2014.1767 30.9001
2014.1795 30.8696
2014.1822 27.4796
2014.1849 26.9300
2014.1877 27.5508
2014.1904 30.0221
2014.1931 26.6939
2014.1959 22.8561
2014.1986 28.9388
2014.2014 23.3619
2014.2041 23.4855
2014.2068 22.1796
2014.2096 23.8141
2014.2123 28.1192
2014.2151 22.1947
2014.2178 22.3108
2014.2205 17.9973
2014.2233 22.3544
2014.2260 22.3520
2014.2288 26.5200
2014.2315 23.4987
2014.2342 25.6778
2014.2370 21.3175
2014.2397 25.2977
2014.2425 23.1185
2014.2452 25.7298
2014.2479 22.5822
2014.2507 27.1860
2014.2534 25.9213
2014.2562 27.3478
2014.2589 32.0555
2014.2616 27.3742
2014.2644 30.4240
2014.2671 24.9046
2014.2699 26.8460
2014.2726 26.5880
2014.2753 25.5207
2014.2781 27.5638
2014.2808 27.6173
2014.2836 26.0410
2014.2863 24.5549
2014.2890 27.4589
2014.2918 31.4129
2014.2945 29.6467
2014.2973 29.3503
2014.3000 34.7836
2014.3027 24.6965
2014.3055 27.4988
2014.3082 23.2904
2014.3110 27.1614
2014.3137 23.5815
2014.3164 27.7307
2014.3192 26.8288
2014.3274 27.8060
2014.3356 27.9151
2014.3712 37.4459
2014.3740 29.0373
2014.3767 21.8285
2014.3794 17.7695
2014.4151 28.5798
2014.4260 7.6395
2014.4534 36.2304
2014.4562 21.0272
2014.4616 17.1408
2014.4644 28.3075
2014.4671 28.2242
2014.4699 24.8709
2014.4726 24.1375
2014.4973 25.3659
2014.5247 35.4271
2014.5274 21.4728
2014.5301 24.3885
2014.5329 32.3441
2014.5356 25.2895
2014.5384 22.4949
2014.5411 19.5402
2014.5438 28.4453
2014.5521 26.9500
2014.5603 30.6935
2014.6315 31.2735
2014.6342 30.3953
2014.6397 24.5695
2014.6452 23.8648
2014.6479 25.1181
2014.6507 19.4420
2014.6534 24.1164
2014.6562 20.8515
2014.6589 35.1873
2014.6616 18.6240
2014.6644 28.2615
2014.6671 34.6397
2014.6699 31.2881
2014.6726 31.6068
2014.6753 28.6758
2014.6781 31.3451
2014.6808 26.9546
2014.6836 29.5444
2014.6863 33.3945
2014.6890 32.5048
2014.6918 29.3454
2014.6945 30.3262
2014.6973 28.4073
2014.7000 28.3286
2014.7027 25.9101
2014.7055 27.8819
2014.7082 26.6239
2014.7110 24.9361
2014.7137 26.8185
2014.7164 30.7512
2014.7192 26.8841
2014.7219 28.2571
2014.7247 27.8504
2014.7274 28.3739
2014.7301 21.7576
2014.7329 26.2514
2014.7356 25.9355
2014.7384 22.1297
2014.7411 27.0241
2014.7438 31.8187
2014.7466 30.4934
2014.7493 29.1287
2014.7521 27.7360
2014.7548 30.5555
2014.7575 29.4069
2014.7603 27.0502
2014.7630 28.6752
2014.7658 26.6515
2014.7685 29.3292
2014.7712 26.4679
2014.7740 27.8274
2014.7767 26.6477
2014.7794 26.3685
2014.7822 26.6497
2014.7849 31.0710
2014.7877 29.5622
2014.7904 25.7232
2014.7931 25.8639
2014.7959 24.7439
2014.7986 19.9632
2014.8014 24.4515
2014.8041 25.9287
2014.8068 27.5446
2014.8096 25.8089
2014.8123 28.0316
2014.8151 27.5923
2014.8178 28.0910
2014.8205 30.7975
2014.8233 30.8815
2014.8260 33.1429
2014.8288 30.3716
2014.8315 32.4872
2014.8342 31.4313
2014.8370 29.5853
2014.8397 26.6793
2014.8425 26.5533
2014.8452 26.0673
2014.8479 23.7213
2014.8507 24.1153
2014.8534 28.0292
2014.8562 29.2531
2014.8589 26.5471
2014.8616 31.0310
2014.8644 28.1649
2014.8671 31.5388
2014.8699 27.9527
2014.8726 21.7466
2014.8753 25.3205
2014.8781 26.9644
2014.8808 21.9082
2014.8836 24.1121
2014.8863 24.6260
2014.8890 22.0799
2014.8918 24.0238
2014.8945 20.8577
2014.8973 20.7917
2014.9000 23.5456
2014.9027 17.7695
2014.9055 25.6735
2014.9082 26.7675
2014.9110 27.2115
2014.9137 27.2855
2014.9164 27.2495
2014.9192 29.6835
2014.9219 25.9075
2014.9247 26.0116
2014.9274 28.6156
2014.9301 26.8696
2014.9329 29.7736
2014.9356 30.5577
2014.9384 27.9117
2014.9411 32.6957
2014.9438 30.2798
2014.9466 28.8838
2014.9493 26.2278
2014.9521 30.5618
2014.9548 30.5459
2014.9575 31.2699
2014.9603 25.5139
2014.9630 33.1380
2014.9658 27.2520
2014.9685 30.3660
2014.9712 25.1401
2014.9740 31.1341
2014.9767 27.3081
2014.9795 30.1021
2014.9822 31.4562
2014.9849 28.2902
2014.9877 31.0142
2014.9904 25.8582
2014.9931 26.4623
2014.9959 26.9563
2014.9986 26.6203
2015.0014 26.1543
2015.0041 28.1582
2015.0068 21.1520
2015.0096 31.1757
2015.0123 27.7393
2015.0151 26.6128
2015.0178 29.2962
2015.0205 28.2695
2015.0233 27.9827
2015.0260 28.6559
2015.0288 27.2489
2015.0315 29.6120
2015.0342 28.0649
2015.0370 25.1178
2015.0397 25.9406
2015.0425 26.1234
2015.0452 25.5362
2015.0479 22.7789
2015.0507 30.8115
2015.0534 31.6542
2015.0562 31.1868
2015.0589 27.5094
2015.0616 29.4920
2015.0644 27.7945
2015.0671 32.4171
2015.0699 35.4296
2015.0726 28.8022
2015.0753 29.4848
2015.0781 32.6474
2015.0808 30.4599
2015.0836 32.6816
2015.0863 33.9913
2015.0890 30.0093
2015.0918 33.9257
2015.0945 31.3907
2015.0973 35.6144
2015.1000 30.3669
2015.1027 28.8884
2015.1055 28.6190
2015.1082 29.9589
2015.1110 26.7482
2015.1137 27.8870
2015.1164 28.0856
2015.1192 30.4839
2015.1219 31.7023
2015.1247 33.4008
2015.1274 33.6295
2015.1301 33.0686
2015.1329 32.8883
2015.1356 30.1687
2015.1384 32.1599
2015.1411 31.4321
2015.1438 31.8154
2015.1466 27.0499
2015.1493 26.8658
2015.1521 27.1433
2015.1548 29.6225
2015.1575 30.1835
2015.1603 29.3965
2015.1630 29.6514
2015.1658 27.2979
2015.1685 26.1456
2015.1712 31.9847
2015.1740 30.5350
2015.1767 35.4566
2015.1795 29.0492
2015.1822 31.6631
2015.1849 31.7080
2015.1877 29.2039
2015.1904 27.9508
2015.1931 28.9387
2015.1959 29.6274
2015.1986 32.1371
2015.2014 31.5775
2015.2041 30.7087
2015.2068 28.3007
2015.2096 27.9033
2015.2123 32.7266
2015.2151 32.1405
2015.2178 30.6149
2015.2205 29.5099
2015.2233 35.7553
2015.2260 28.3812
2015.2288 26.6374
2015.2315 30.0840
2015.2342 26.4708
2015.2370 25.7780
2015.2397 30.1953
2015.2425 28.6528
2015.2452 30.9304
2015.2479 29.2485
2015.2507 28.4274
2015.2534 31.7370
2015.2562 33.1573
2015.2589 29.3282
2015.2616 28.2597
2015.2644 29.0417
2015.2671 30.6541
2015.2699 30.1470
2015.2726 22.2101
2015.2753 21.3836
2015.2781 22.4773
2015.2808 26.9011
2015.2836 25.2450
2015.2863 29.0090
2015.2945 32.0707
2015.2973 33.0943
2015.3000 31.4977
2015.3027 37.4408
2015.3055 29.7936
2015.3110 32.6078
2015.3192 17.1100
2015.3904 32.0927
2015.3931 35.4556
2015.3959 23.6574
2015.3986 33.4283
2015.5164 22.8703
2015.6288 30.6626
2015.6342 28.1221
2015.6370 22.1268
2015.6397 11.8415
2015.6425 21.0462
2015.6452 24.8109
2015.6479 20.8556
2015.6507 18.8103
2015.6534 26.8350
2015.6562 24.2498
2015.6589 20.7445
2015.6616 23.3592
2015.6644 19.6839
2015.6671 21.8288
2015.6699 16.8539
2015.6726 16.2993
2015.6753 31.9949
2015.6781 20.1008
2015.6808 15.8568
2015.6836 20.3231
2015.6863 20.6696
2015.6890 22.6062
2015.6918 20.7930
2015.6945 21.1800
2015.6973 19.3572
2015.7000 22.5445
2015.7027 25.4219
2015.7055 23.2994
2015.7082 25.0571
2015.7110 24.5248
2015.7137 24.0926
2015.7164 26.3805
2015.7192 28.7585
2015.7219 29.6465
2015.7247 25.1946
2015.7274 20.5127
2015.7301 20.3708
2015.7329 18.8989
2015.7356 21.4670
2015.7384 22.3551
2015.7411 25.9732
2015.7438 23.5812
2015.7466 20.6892
2015.7493 23.7472
2015.7521 23.9657
2015.7548 24.1447
2015.7575 22.7142
2015.7603 23.7342
2015.7630 26.5545
2015.7658 25.4052
2015.7685 25.3763
2015.7712 27.1076
2015.7740 25.8593
2015.7767 29.8611
2015.7794 22.3032
2015.7822 22.6053
2015.7849 22.1877
2015.7877 26.4401
2015.7904 25.1825
2015.7931 30.4049
2015.7959 27.8174
2015.7986 33.8297
2015.8014 38.2320
2015.8041 26.8241
2015.8068 28.5661
2015.8096 30.1278
2015.8123 27.5193
2015.8151 29.5805
2015.8178 28.4914
2015.8205 28.5720
2015.8233 30.3821
2015.8260 29.6219
2015.8288 28.3111
2015.8315 31.0399
2015.8342 26.8677
2015.8370 29.5841
2015.8397 31.6792
2015.8425 27.7932
2015.8452 27.1460
2015.8479 29.7779
2015.8507 28.0688
2015.8534 28.9990
2015.8562 26.4784
2015.8589 24.2972
2015.8616 26.7755
2015.8644 28.9133
2015.8671 27.4708
2015.8699 25.7880
2015.8726 26.7451
2015.8753 25.3322
2015.8781 24.6993
2015.8808 27.8765
2015.8836 34.5739
2015.8863 29.8116
2015.8890 28.8498
2015.8918 31.6285
2015.8945 32.5377
2015.8973 30.6577
2015.9000 31.1284
2015.9027 32.6401
2015.9055 28.9327
2015.9082 27.8663
2015.9110 33.7712
2015.9137 33.2973
2015.9164 30.6447
2015.9192 34.7330
2015.9219 33.1421
2015.9247 29.8220
2015.9274 29.7926
2015.9301 30.7938
2015.9329 30.2857
2015.9356 26.8381
2015.9384 30.9109
2015.9411 36.1242
2015.9438 39.3479
2015.9466 28.9919
2015.9493 27.9661
2015.9521 31.1606
2015.9548 31.8152
2015.9575 25.8500
2015.9603 28.1547
2015.9630 26.0095
2015.9658 31.7542
2015.9685 30.8788
2015.9712 26.2632
2015.9740 30.6774
2015.9767 34.5113
2015.9795 31.3149
2015.9822 28.6981
2015.9849 34.3608
2015.9877 35.6231
2015.9904 32.5748
2015.9931 33.2058
2015.9959 31.6562
2015.9986 30.0659
2017.0205 30.3143
2017.0233 34.0228
2017.0260 32.5014
2017.0288 31.2099
2017.0315 32.9483
2017.0342 32.0468
2017.0370 32.5352
2017.0397 35.9536
2017.0425 28.4520
2017.0452 31.2103
2017.0479 31.6387
2017.0507 30.8070
2017.0534 34.0452
2017.0562 32.5035
2017.0589 32.0918
2017.0616 32.8700
2017.0644 34.4482
2017.0671 36.5864
2017.0699 35.9146
2017.0726 36.2828
2017.0753 35.3509
2017.0781 34.4591
2017.0808 37.0972
2017.0836 40.1147
2017.0863 32.3108
2017.0890 36.6758
2017.0918 35.8896
2017.0945 33.2424
2017.0973 36.6344
2017.1000 34.5255
2018.1055 47.1751
2018.1082 42.2724
2018.1110 45.2097
2018.1137 44.8672
2018.1164 45.8747
2018.1192 44.4024
2018.1219 42.9402
2018.1247 42.1382
2018.1274 42.2664
2018.1301 42.5247
2018.1329 40.7632
2018.1356 37.5419
2018.1384 46.2708
2018.1411 40.4000
2018.1438 42.6594
2018.1466 41.0990
2018.1493 43.7190
2018.1521 40.7792
2018.1548 41.6197
2018.1575 40.2706
2018.1603 42.1018
2018.1630 41.9933
2018.1658 44.5355
2018.1685 45.6683
2018.1712 45.0918
2018.1740 43.2458
2018.1767 43.9505
2018.1795 43.8956
2018.1822 40.3613
2018.1849 44.6174
2018.1877 42.8441
2018.1904 46.3611
2018.1931 44.7486
2018.1959 44.1164
2018.1986 43.7246
2018.2014 41.9832
2018.2041 43.9720
2018.2068 43.3411
2018.2096 45.0805
2018.2123 45.0201
2018.2151 46.8999
2018.2178 46.7399
2018.2205 45.3000
2018.2233 37.8302
2018.2260 43.1705
2018.2288 45.6009
2018.2315 38.9413
2018.2342 44.6218
2018.2370 45.5922
2018.2397 40.8926
2018.2425 43.9130
2018.2452 44.1332
2018.2479 41.7335
2018.2507 43.8541
2018.2534 43.9449
2018.2562 39.2260
2018.2589 44.2772
2018.2616 39.7787
2018.2644 43.7502
2018.2671 40.3619
2018.2699 41.5338
2018.2726 40.0657
2018.2753 43.8977
2018.2781 44.4897
2018.2808 45.0817
2018.2836 46.1638
2018.2863 45.1858
2018.2890 49.2978
2018.2918 47.8798
2018.3110 47.3399
2018.4205 52.6729
2018.4808 29.3246
2018.4836 38.8562
2018.5082 39.9304
2018.6342 43.4356
2018.6370 47.2300
2018.6397 46.8941
2018.6425 44.0280
2018.6452 46.8717
2018.6479 46.7650
2018.6507 42.0581
2018.6534 40.9908
2018.6562 43.7233
2018.6589 48.2454
2018.6616 45.9172
2018.6726 49.0692
2018.6753 49.1580
2018.6781 52.3963
2018.6918 47.3802
2018.7274 35.9185
2018.7301 43.3647
2018.7329 40.1814
2018.7356 37.6684
2018.7384 37.9660
2018.7411 39.1441
2018.8041 42.5838
2018.8068 47.1068
2018.8096 48.7894
2018.8123 46.9018
2018.8151 45.8337
2018.8178 45.7752
2018.8205 46.7263
2018.8233 50.7768
2018.8260 45.7767
2018.8288 44.5561
2018.8315 45.9948
2018.8342 45.1430
2018.8370 43.3409
2018.8397 43.7385
2018.8425 46.4959
2018.8452 46.3729
2018.8479 48.0998
2018.8507 45.2964
2018.8534 46.2728
2018.8562 45.6090
2018.8589 43.7351
2018.8616 48.6310
2018.8644 46.3967
2018.8671 46.1324
2018.8699 46.8180
2018.8726 44.4535
2018.8753 41.7989
2018.8781 46.0343
2018.8808 44.3497
2018.8836 42.8651
2018.8863 43.3705
2018.8890 43.8659
2018.8918 43.2314
2018.8945 42.2470
2018.8973 40.1426
2018.9000 41.4584
2018.9027 41.2343
2018.9055 42.6903
2018.9082 39.9465
2018.9110 40.6329
2018.9137 39.7695
2018.9164 43.1863
2018.9192 40.8537
2018.9219 39.7917
2018.9247 40.7802
2018.9274 39.1992
2018.9301 41.3286
2018.9329 43.2783
2018.9356 40.9385
2018.9384 39.9689
2018.9411 40.5895
2018.9438 41.5603
2018.9466 43.9913
2018.9493 42.1524
2018.9521 42.7436
2018.9548 42.1048
2018.9575 41.5159
2018.9603 38.1269
2018.9630 43.2679
2018.9658 41.5686
2018.9685 42.2291
2018.9712 42.9694
2018.9740 41.8393
2018.9767 45.3389
2018.9795 43.3181
2018.9822 46.0768
2018.9849 52.7650
2018.9877 48.9127
2018.9904 46.7298
2018.9931 45.6962
2018.9959 46.5620
2018.9986 46.3870
