2014.3370 -3.0982
2014.3397 -7.3320
2014.3425 -4.6959
2014.3452 -11.8497
2014.3479 -2.1036
2014.3507 -1.5875
2014.3534 -0.3615
2014.3562 -1.2954
2014.3589 -0.3594
2014.3616 4.5266
2014.3644 3.9927
2014.3671 5.8387
2014.3699 9.6847
2014.3726 8.4507
2014.3753 1.4966
2014.3781 6.8926
2014.3808 5.7686
2014.3836 5.0946
2014.3863 4.2005
2014.3890 -0.2035
2014.3918 2.2924
2014.3945 -0.5516
2014.3973 -0.4857
2014.4000 1.3703
2014.4027 -0.2537
2014.4055 1.4822
2014.4082 -1.6918
2014.4110 0.4442
2014.4137 -1.4499
2014.4164 -1.3839
2014.4192 0.3519
2014.4219 -1.2523
2014.4247 3.5935
2014.4274 1.6192
2014.4301 0.3949
2014.4329 1.5205
2014.4356 1.1762
2014.4384 1.7817
2014.4411 2.5973
2014.4438 5.5328
2014.4466 6.2284
2014.4493 7.0139
2014.4521 7.1694
2014.4548 9.3749
2014.4575 7.3404
2014.4603 9.7959
2014.4630 3.3614
2014.4658 7.8369
2014.4685 2.8625
2014.4712 3.9481
2014.4740 -0.5364
2014.4767 0.8793
2014.4795 -1.9051
2014.4822 -0.7894
2014.4849 4.6263
2014.4877 2.2221
2014.4904 3.0279
2014.4932 6.9438
2014.4959 5.9397
2014.4986 4.5793
2014.5014 5.6657
2014.5041 2.4986
2014.5068 4.5975
2014.5096 3.9319
2014.5123 -2.9088
2014.5151 2.1550
2014.5178 7.3629
2014.5205 9.6944
2014.5233 2.9489
2014.5260 9.9560
2014.5288 12.7253
2014.5315 10.4962
2014.5342 8.0982
2014.5370 13.4809
2014.5397 0.4038
2014.5425 1.8165
2014.5452 -0.6517
2014.5479 -1.9710
2014.5507 -6.1621
2014.5534 -0.2454
2014.5562 -2.7914
2014.5589 2.8494
2014.5616 4.3666
2014.5644 6.1097
2014.5671 4.7982
2014.5699 7.0815
2014.5726 0.9794
2014.5753 2.5411
2014.5781 3.9464
2014.5808 0.4247
2014.5836 -1.3211
2014.5863 3.1525
2014.5890 5.5254
2014.5918 6.5676
2014.5945 4.1392
2014.5973 -1.9498
2014.6000 2.5305
2014.6027 0.7403
2014.6055 2.6996
2014.6082 1.8983
2014.6110 -0.5134
2014.6137 -0.9757
2014.6164 -6.2184
2014.6192 1.5385
2014.6219 3.3549
2014.6247 3.3810
2014.6274 -0.9633
2014.6301 4.6021
2014.6329 -1.5329
2014.6356 -4.1881
2014.6384 -5.0436
2014.6411 -7.3294
2014.6438 -5.8654
2014.6466 -4.9016
2014.6493 -7.0379
2014.6521 -8.4345
2014.6548 -10.0111
2014.6575 -5.7579
2014.6603 -5.4747
2014.6630 -1.2916
2014.6658 -2.0487
2014.6685 0.0335
2014.6712 -0.9450
2014.6740 3.6957
2014.6767 1.4558
2014.6795 3.6852
2014.6822 5.5142
2014.6849 3.2327
2014.6877 2.7108
2014.6904 -0.0714
2014.6932 2.7661
2014.6959 3.4534
2014.6986 0.8006
2014.7014 0.8177
2014.7041 1.2248
2014.7068 0.5120
2014.7096 2.4493
2014.7123 2.2267
2014.7151 1.5944
2014.7178 -2.0575
2014.7205 4.3209
2014.7233 2.6997
2014.7260 1.2091
2014.7288 -0.9010
2014.7315 3.0395
2014.7342 -1.9092
2014.7370 -1.4672
2014.7397 -3.7144
2014.7425 1.4394
2014.7452 2.7241
2014.7479 2.8998
2014.7507 2.0190
2014.7534 -0.3261
2014.7562 5.2339
2014.7589 8.0588
2014.7616 0.7582
2014.7644 -1.7483
2014.7671 5.4788
2014.7699 3.5494
2014.7726 2.8028
2014.7753 -0.3311
2014.7781 -0.5528
2014.7808 2.1773
2014.7836 2.5789
2014.7863 1.7215
2014.7890 -0.1451
2014.7918 0.4985
2014.7945 -1.6078
2014.7973 -1.5446
2014.8000 -0.1722
2014.8027 2.0290
2014.8055 0.6087
2014.8082 4.1365
2014.8110 1.8919
2014.8137 5.5147
2014.8164 4.3144
2014.8192 5.4706
2014.8219 2.8231
2014.8247 4.7414
2014.8274 2.6051
2014.8301 2.0739
2014.8329 6.8279
2014.8356 5.4306
2014.8384 3.2425
2014.8411 -1.0765
2014.8438 -2.8662
2014.8466 -3.2568
2014.8493 -1.9781
2014.8521 -5.4502
2014.8548 1.8870
2014.8575 2.4834
2014.8603 0.5090
2014.8630 2.0839
2014.8658 3.3580
2014.8685 1.2514
2014.8712 -2.1259
2014.8740 3.3661
2014.8767 4.8073
2014.8795 1.8478
2014.8822 -0.3823
2014.8849 -3.4032
2014.8877 0.2252
2014.8904 1.2030
2014.8932 -3.0699
2014.8959 -0.8435
2014.8986 1.0023
2014.9014 -4.3826
2014.9041 -1.5881
2014.9068 -0.9443
2014.9096 2.7989
2014.9123 2.2915
2014.9151 1.1734
2014.9178 -0.6360
2014.9205 -2.3876
2014.9233 -1.6311
2014.9260 2.7737
2014.9288 2.3468
2014.9315 3.4986
2014.9342 4.5391
2014.9370 4.3586
2014.9397 1.5372
2014.9425 2.5451
2014.9452 0.9925
2014.9479 -1.2505
2014.9507 3.1363
2014.9534 4.4032
2014.9562 5.5602
2014.9589 3.3376
2014.9616 4.7255
2014.9644 3.6941
2014.9671 3.6335
2014.9699 0.1441
2014.9726 3.7158
2014.9753 4.0890
2014.9781 4.3637
2014.9808 3.7402
2014.9836 0.5086
2014.9863 4.0392
2014.9890 -2.2480
2014.9918 -2.5327
2014.9945 1.7352
2014.9973 0.9459
2015.0000 -0.4604
2015.0027 0.6152
2015.0055 0.8616
2015.0082 7.3487
2015.0110 0.7164
2015.0137 -2.1952
2015.0164 -2.6263
2015.0192 -0.7269
2015.0219 2.7229
2015.0247 1.4132
2015.0274 -0.7761
2015.0301 4.0249
2015.0329 0.5061
2015.0356 -0.7624
2015.0384 1.5693
2015.0411 1.5611
2015.0438 1.2630
2015.0466 1.7750
2015.0493 6.2970
2015.0521 5.5989
2015.0548 5.7607
2015.0575 0.2224
2015.0603 -1.1261
2015.0630 2.2252
2015.0658 4.2862
2015.0685 1.4468
2015.0712 0.4971
2015.0740 -0.0630
2015.0767 1.2264
2015.0795 4.0654
2015.0822 -2.1064
2015.0849 2.9707
2015.0877 4.2266
2015.0904 6.0215
2015.0932 4.4155
2015.0959 3.6787
2015.0986 -0.2688
2015.1014 2.1331
2015.1041 4.5546
2015.1068 5.0458
2015.1096 5.4468
2015.1123 4.1977
2015.1151 2.4587
2015.1178 2.9598
2015.1205 2.8612
2015.1233 4.4030
2015.1260 5.3053
2015.1288 1.0983
2015.1315 3.6720
2015.1342 1.5766
2015.1370 0.4622
2015.1397 3.0589
2015.1425 5.2569
2015.1452 2.3662
2015.1479 5.6569
2015.1507 -0.9807
2015.1534 6.6534
2015.1562 -1.8606
2015.1589 -1.2627
2015.1616 3.9272
2015.1644 3.2895
2015.1671 1.7943
2015.1699 2.2013
2015.1726 0.7506
2015.1753 1.0518
2015.1781 -3.0350
2015.1808 6.3499
2015.1836 3.4765
2015.1863 3.6146
2015.1890 5.5240
2015.1918 3.6947
2015.1945 2.8065
2015.1973 8.6592
2015.2000 4.9928
2015.2027 8.0171
2015.2055 4.6419
2015.2082 6.4072
2015.2110 7.1228
2015.2137 5.7185
2015.2164 4.7043
2015.2192 5.8700
2015.2219 5.8854
2015.2247 5.0705
2015.2274 6.5450
2015.2301 4.6890
2015.2329 4.8221
2015.2356 1.2644
2015.2384 4.7356
2015.2411 4.4757
2015.2438 0.5144
2015.2466 2.7621
2015.2493 1.6512
2015.2521 4.6517
2015.2548 3.5036
2015.2575 3.8667
2015.2603 4.0306
2015.2630 5.4053
2015.2658 -0.9894
2015.2685 -0.2438
2015.2712 -3.2181
2015.2740 2.1176
2015.2767 0.5530
2015.2795 6.0279
2015.2822 -0.1478
2015.2849 6.0157
2015.2877 4.0781
2015.2904 3.3792
2015.2932 2.7489
2015.2959 4.4270
2015.2986 4.3332
2015.3014 1.1773
2015.3041 2.3492
2015.3068 6.0387
2015.3096 3.0655
2015.3123 5.0095
2015.3151 0.8905
2015.3178 1.1782
2015.3205 5.7625
2015.3233 3.3831
2015.3260 -0.2300
2015.3288 1.9227
2015.3315 2.8227
2015.3342 -0.4687
2015.3370 5.9286
2015.3397 11.2247
2015.3425 2.3996
2015.3452 -0.0465
2015.3479 -2.7736
2015.3507 -0.1716
2015.3534 1.0396
2015.3562 6.4500
2015.3589 0.6397
2015.3616 -1.9812
2015.3644 4.4574
2015.3671 3.1255
2015.3699 6.1832
2015.3726 8.0306
2015.3753 0.3378
2015.3781 4.5048
2015.3808 -4.9182
2015.3836 13.2687
2015.3863 15.5657
2015.3890 11.7329
2015.3918 8.9202
2015.3945 3.9479
2015.3973 3.9059
2015.4000 7.2944
2015.4027 9.5334
2015.4055 6.9330
2015.4082 5.7633
2015.4110 6.6443
2015.4137 6.3360
2015.4164 4.9378
2015.4192 5.9797
2015.4219 3.9615
2015.4247 3.8434
2015.4274 5.8452
2015.4301 2.6571
2015.4329 4.3389
2015.4356 2.9008
2015.4384 1.3627
2015.4411 4.7446
2015.4438 1.7765
2015.4466 1.9684
2015.4493 -1.6697
2015.4521 1.7123
2015.4548 1.8042
2015.4575 5.3962
2015.4603 7.0581
2015.4630 5.4901
2015.4658 4.4321
2015.4685 3.4041
2015.4712 2.3161
2015.4740 2.5081
2015.4767 3.1502
2015.4795 2.3522
2015.4822 5.3543
2015.4849 4.9964
2015.4877 3.8385
2015.4904 5.3306
2015.4932 1.4327
2015.4959 -0.2551
2015.4986 0.7672
2015.5014 2.4997
2015.5041 -2.8075
2015.5068 -1.3945
2015.5096 -1.7912
2015.5123 -0.2577
2015.5151 -1.7839
2015.5178 7.9002
2015.5205 -0.4155
2015.5233 0.8090
2015.5260 6.2539
2015.5288 3.5289
2015.5315 5.0143
2015.5342 5.4099
2015.5370 3.8057
2015.5397 6.1919
2015.5425 2.2283
2015.5452 2.1049
2015.5479 3.4319
2015.5507 2.6791
2015.5534 4.1465
2015.5562 2.5043
2015.5589 3.0423
2015.5616 4.7906
2015.5644 5.8591
2015.5671 4.6480
2015.5699 4.3071
2015.5726 0.6565
2015.5753 5.9662
2015.5781 2.1061
2015.5808 4.9463
2015.5836 6.3990
2015.5863 7.1959
2015.5890 9.3469
2015.5918 0.0115
2015.5945 7.2397
2015.5973 5.6111
2015.6000 2.0354
2015.6027 5.4823
2015.6055 5.6816
2015.6082 6.8031
2015.6110 8.5663
2015.6137 7.9412
2015.6164 5.3573
2015.6192 4.0345
2015.6219 5.9124
2015.6247 6.5008
2015.6274 7.8094
2015.6301 6.6680
2015.6329 5.5262
2015.6356 2.5838
2015.6384 2.5606
2015.6411 0.0461
2015.6438 4.6103
2015.6466 3.3528
2015.6493 3.5233
2015.6521 4.8616
2015.6548 6.4573
2015.6575 3.5203
2015.6603 5.8203
2015.6630 4.5369
2015.6658 7.0100
2015.6685 5.2504
2015.6712 2.5684
2015.6740 6.4641
2015.6767 5.0678
2015.6795 3.8996
2015.6822 3.6696
2015.6849 5.1082
2015.6877 7.2055
2015.6904 5.0016
2015.6932 7.4867
2015.6959 6.3811
2015.6986 7.8648
2015.7014 8.4682
2015.7041 8.8813
2015.7068 7.1345
2015.7096 9.3177
2015.7123 5.9413
2015.7151 6.9554
2015.7178 7.9502
2015.7205 11.8359
2015.7233 5.7327
2015.7260 7.8007
2015.7288 5.1302
2015.7315 6.4513
2015.7342 5.8542
2015.7370 1.8391
2015.7397 3.8161
2015.7425 5.1656
2015.7452 3.7475
2015.7479 3.0322
2015.7507 -2.9904
2015.7534 2.6493
2015.7562 0.0911
2015.7589 2.3749
2015.7616 1.5905
2015.7644 0.8778
2015.7671 0.5765
2015.7699 3.3965
2015.7726 7.5476
2015.7753 4.1697
2015.7781 -1.1274
2015.7808 -1.5540
2015.7836 -1.7301
2015.7863 2.2741
2015.7890 -0.3617
2015.7918 4.4425
2015.7945 1.5964
2015.7973 5.8599
2015.8000 6.7827
2015.8027 2.9648
2015.8055 1.4060
2015.8082 1.0760
2015.8110 4.0447
2015.8137 3.2920
2015.8164 0.5977
2015.8192 2.4515
2015.8219 5.4934
2015.8247 4.1031
2015.8274 -1.0296
2015.8301 3.5353
2015.8329 1.7278
2015.8356 5.8390
2015.8384 4.7792
2015.8411 3.1386
2015.8438 2.3972
2015.8466 4.3751
2015.8493 3.2623
2015.8521 2.8089
2015.8548 4.9350
2015.8575 1.0107
2015.8603 4.0061
2015.8630 3.1312
2015.8658 3.0161
2015.8685 2.2608
2015.8712 -0.2545
2015.8740 -4.3898
2015.8767 -0.3050
2015.8795 2.4600
2015.8822 5.9152
2015.8849 3.5608
2015.8877 5.2367
2015.8904 5.7532
2015.8932 2.5201
2015.8959 5.7577
2015.8986 4.5660
2015.9014 6.5750
2015.9041 1.6349
2015.9068 0.1357
2015.9096 5.9475
2015.9123 8.7604
2015.9151 7.1444
2015.9178 8.6090
2015.9205 12.5637
2015.9233 5.5585
2015.9260 1.8734
2015.9288 -5.6916
2015.9315 5.4034
2015.9342 2.3185
2015.9370 -1.0263
2015.9397 -1.4010
2015.9425 3.3543
2015.9452 0.5098
2015.9479 0.8653
2015.9507 -0.3492
2015.9534 1.6265
2015.9562 -1.5078
2015.9589 -2.5219
2015.9616 -0.6760
2015.9644 5.2699
2015.9671 -1.3540
2015.9699 -1.1278
2015.9726 -1.0716
2015.9753 1.0647
2015.9781 -0.4589
2015.9808 -0.6925
2015.9836 1.2841
2015.9863 1.3607
2015.9890 2.5174
2015.9918 1.3842
2015.9945 -0.1389
2015.9973 0.6881
2016.0000 -3.9449
2016.0027 1.5924
2016.0055 -0.5000
2016.0082 3.1080
2016.0109 0.2062
2016.0137 0.1148
2016.0164 -1.7364
2016.0191 -0.7573
2016.0219 -2.4180
2016.0246 -0.7586
2016.0273 -0.3689
2016.0301 -0.6292
2016.0328 -1.3693
2016.0355 0.2508
2016.0383 1.3508
2016.0410 -1.2890
2016.0437 -0.0289
2016.0464 -0.6187
2016.0492 -2.9185
2016.0519 -1.2484
2016.0546 1.1616
2016.0574 0.0216
2016.0601 -1.1085
2016.0628 0.2812
2016.0656 -0.7692
2016.0683 -5.2798
2016.0710 -0.6806
2016.0738 -0.7317
2016.0765 -4.6529
2016.0792 -2.1745
2016.0820 -0.8366
2016.0847 0.1889
2016.0874 4.0418
2016.0902 -0.1278
2016.0929 4.9104
2016.0956 4.5666
2016.0984 4.3409
2016.1011 5.7136
2016.1038 -2.0451
2016.1066 6.1051
2016.1093 3.2642
2016.1120 5.2726
2016.1148 2.4104
2016.1175 2.3678
2016.1202 1.7551
2016.1230 3.7524
2016.1257 5.8500
2016.1284 4.6780
2016.1311 0.9367
2016.1339 4.6763
2016.1366 0.4270
2016.1393 8.9389
2016.1421 5.9424
2016.1448 4.0576
2016.1475 6.2547
2016.1503 5.6139
2016.1530 2.9155
2016.1557 4.0996
2016.1585 2.4765
2016.1612 5.1963
2016.1639 3.6295
2016.1667 5.8164
2016.1694 4.3769
2016.1721 5.8706
2016.1749 7.2173
2016.1776 5.5668
2016.1803 7.8288
2016.1831 4.6932
2016.1858 8.5895
2016.1885 9.0777
2016.1913 9.5274
2016.1940 9.0784
2016.1967 11.8605
2016.1995 9.8634
2016.2022 5.1469
2016.2049 3.1107
2016.2077 6.3946
2016.2104 1.6283
2016.2131 8.4117
2016.2158 2.6944
2016.2186 3.4462
2016.2213 2.1869
2016.2240 1.7362
2016.2268 5.8239
2016.2295 7.9797
2016.2322 3.1034
2016.2350 3.7648
2016.2377 5.7835
2016.2404 0.2495
2016.2432 1.7123
2016.2459 2.0019
2016.2486 1.6204
2016.2514 1.4087
2016.2541 0.5768
2016.2568 2.1846
2016.2596 5.1323
2016.2623 5.0397
2016.2650 3.7068
2016.2678 11.1138
2016.2705 12.1605
2016.2732 7.1770
2016.2760 4.8533
2016.2787 6.0693
2016.2814 3.4751
2016.2842 4.7906
2016.2869 6.4260
2016.2896 8.3410
2016.2923 8.0759
2016.2951 7.5705
2016.2978 8.3749
2016.3005 5.9090
2016.3033 1.1629
2016.3060 3.7665
2016.3087 2.7199
2016.3115 2.5530
2016.3142 3.9759
2016.3169 7.7386
2016.3197 8.1310
2016.3224 7.6632
2016.3251 10.3051
2016.3279 7.9067
2016.3306 8.2879
2016.3333 12.2779
2016.3361 7.6868
2016.3388 8.8547
2016.3415 11.2317
2016.3443 6.8978
2016.3470 8.6331
2016.3497 7.5178
2016.3525 4.9420
2016.3552 8.3656
2016.3579 16.6689
2016.3880 0.1750
2016.3907 3.0307
2016.3934 2.1872
2016.3962 0.5745
2016.3989 2.1729
2016.4016 -7.3177
2016.4044 -0.0872
2016.4071 0.4146
2016.4098 5.5378
2016.4126 5.7023
2016.4153 6.4494
2016.4180 8.7295
2016.4208 7.9924
2016.4235 7.5779
2016.4262 6.7458
2016.4290 6.4160
2016.4317 9.4682
2016.4344 8.9621
2016.4372 11.6377
2016.4399 15.1346
2016.4426 12.1128
2016.4454 12.3119
2016.4481 12.9018
2016.4508 11.5323
2016.4536 13.8532
2016.4563 6.4442
2016.4590 8.5252
2016.4617 6.6360
2016.4645 8.0863
2016.4672 9.5260
2016.4699 7.8948
2016.4727 3.0426
2016.4754 4.6391
2016.4781 4.3741
2016.4836 -0.0110
2016.4918 -0.5297
2016.5027 2.8386
2016.5055 4.1365
2016.5082 2.0540
2016.5109 1.8711
2016.5137 1.8679
2016.5164 5.1644
2016.5191 -0.0695
2016.5219 -2.0636
2016.5246 3.3320
2016.5273 3.9574
2016.5301 4.8925
2016.5328 3.5974
2016.5355 0.4621
2016.5383 3.7066
2016.5437 7.2953
2016.5464 6.0994
2016.5492 10.2534
2016.5519 2.5473
2016.5546 2.7312
2016.5574 2.5250
2016.5601 -0.4312
2016.5628 0.3925
2016.5656 1.7263
2016.5683 3.3601
2016.5710 8.5739
2016.5738 9.9878
2016.5765 11.6318
2016.5792 13.1758
2016.5820 9.9399
2016.5847 7.1027
2016.5874 4.0543
2016.5902 10.1747
2016.5929 1.1439
2016.5956 6.5022
2016.5984 6.3595
2016.6011 5.6460
2016.6038 7.1819
2016.6066 5.0871
2016.6093 2.9118
2016.6120 -3.4439
2016.6148 -11.6699
2016.6175 0.4239
2016.6202 -3.7824
2016.6230 1.5913
2016.6257 6.7351
2016.6284 6.6191
2016.6311 8.2434
2016.6339 4.8781
2016.6366 5.8732
2016.6393 4.5090
2016.6421 7.7955
2016.6448 6.3928
2016.6475 8.8910
2016.6503 12.0502
2016.6530 8.0805
2016.6585 10.7748
2016.6612 8.3990
2016.6639 7.6748
2016.6667 2.0979
2016.6694 13.2685
2016.6721 5.0659
2016.6749 10.5287
2016.6776 14.8860
2016.6803 7.7864
2016.6831 9.4290
2016.6858 8.4224
2016.6885 7.6057
2016.6913 10.2676
2016.6940 13.3670
2016.6967 13.4927
2016.6995 11.7537
2016.7022 12.5287
2016.7049 12.1265
2016.7077 5.3562
2016.7104 8.7465
2016.7131 10.7762
2016.7158 3.5343
2016.7186 5.9395
2016.7213 7.1907
2016.7240 7.3869
2016.7268 9.0668
2016.7295 9.0192
2016.7322 8.0131
2016.7350 7.5773
2016.7377 6.1706
2016.7404 5.3220
2016.7432 6.5202
2016.7459 5.8041
2016.7486 -0.6469
2016.7514 3.3272
2016.7541 5.4904
2016.7568 8.0428
2016.7596 5.4241
2016.7623 5.6144
2016.7650 9.2437
2016.7678 6.6820
2016.7705 5.1890
2016.7732 4.8450
2016.7760 5.6197
2016.7787 5.6632
2016.7814 1.9153
2016.7842 5.3162
2016.7869 3.9057
2016.7896 3.9937
2016.7923 3.6104
2016.7951 5.8255
2016.7978 4.9291
2016.8005 12.1212
2016.8033 11.5716
2016.8060 12.4904
2016.8087 9.1475
2016.8115 11.2228
2016.8142 5.6564
2016.8169 5.0282
2016.8197 5.5481
2016.8224 4.2062
2016.8251 4.4623
2016.8279 7.4564
2016.8306 5.8185
2016.8333 4.9591
2016.8361 6.7798
2016.8388 7.6307
2016.8415 2.8016
2016.8443 5.3825
2016.8470 3.3234
2016.8497 2.7341
2016.8525 1.4247
2016.8552 -2.6350
2016.8579 -1.3950
2016.8607 3.3647
2016.8634 2.6838
2016.8661 2.7025
2016.8689 1.1105
2016.8716 2.2979
2016.8743 4.6446
2016.8770 1.9804
2016.8798 3.9554
2016.8825 4.2995
2016.8852 1.6726
2016.8880 8.5947
2016.8907 3.7056
2016.8934 3.9453
2016.8962 0.8237
2016.8989 0.0009
2016.9016 2.0666
2016.9044 0.2308
2016.9071 -1.2964
2016.9098 -0.5353
2016.9126 3.3542
2016.9153 3.9819
2016.9180 0.6282
2016.9208 0.2933
2016.9235 -0.1627
2016.9262 1.0403
2016.9290 2.1225
2016.9317 0.6738
2016.9344 2.1443
2016.9372 0.5442
2016.9399 0.5136
2016.9426 2.1724
2016.9454 0.9009
2016.9481 1.3390
2016.9508 2.5669
2016.9536 -0.4254
2016.9563 2.6323
2016.9590 6.1900
2016.9617 4.6878
2016.9645 -3.3842
2016.9672 -1.1459
2016.9699 1.3528
2016.9727 -0.7381
2016.9754 -0.2485
2016.9781 -2.4383
2016.9809 -3.4374
2016.9836 1.7344
2016.9863 -0.9531
2016.9891 -0.4595
2016.9918 -1.6649
2016.9945 0.6708
2016.9973 0.1377
2017.0000 -3.0641
2017.0027 -3.6850
2017.0055 -3.5854
2017.0082 -3.8553
2017.0110 -2.4348
2017.0137 0.1561
2017.0164 -3.5526
2017.0192 -2.5709
2017.0219 2.3510
2017.0247 1.7432
2017.0274 0.8057
2017.0301 -0.0416
2017.0329 -0.6387
2017.0356 2.6343
2017.0384 -0.7725
2017.0411 -2.7493
2017.0438 -2.9960
2017.0466 -2.7227
2017.0493 -0.6995
2017.0521 3.4537
2017.0548 1.0469
2017.0575 -3.8301
2017.0603 0.6328
2017.0630 1.0455
2017.0658 1.3780
2017.0685 -3.0398
2017.0712 -1.4278
2017.0740 0.0038
2017.0767 -2.3249
2017.0795 3.5660
2017.0822 6.3964
2017.0849 2.0852
2017.0877 3.9325
2017.0904 1.4783
2017.0932 1.1128
2017.0959 1.7662
2017.0986 4.0684
2017.1014 -0.8603
2017.1041 -0.5698
2017.1068 5.1500
2017.1096 3.0392
2017.1123 3.7279
2017.1151 4.8564
2017.1178 0.7046
2017.1205 5.3227
2017.1233 -0.9692
2017.1260 -0.4909
2017.1288 4.0577
2017.1315 3.2567
2017.1342 2.3262
2017.1370 3.5264
2017.1397 5.4073
2017.1425 2.0891
2017.1452 1.1120
2017.1479 0.1660
2017.1507 -1.9388
2017.1534 4.0278
2017.1562 1.6960
2017.1589 2.2057
2017.1616 0.9572
2017.1644 -2.4062
2017.1671 -1.1520
2017.1699 2.2894
2017.1726 2.6475
2017.1753 -0.3582
2017.1781 0.5117
2017.1808 6.9069
2017.1836 2.5567
2017.1863 1.9507
2017.1890 3.7585
2017.1918 8.5894
2017.1945 4.7829
2017.1973 1.1887
2017.2000 0.8862
2017.2027 0.4248
2017.2055 8.2341
2017.2082 4.2236
2017.2110 3.4728
2017.2137 4.0912
2017.2164 5.9183
2017.2192 3.6935
2017.2219 -2.0536
2017.2247 -0.1234
2017.2274 -1.1866
2017.2301 -2.1037
2017.2329 4.8450
2017.2356 -0.9711
2017.2384 2.8974
2017.2411 -3.6099
2017.2438 3.3665
2017.2466 2.4366
2017.2493 2.6230
2017.2521 0.6663
2017.2548 4.3768
2017.2575 0.0848
2017.2603 2.9404
2017.2630 8.5839
2017.2658 2.6656
2017.2685 -0.4644
2017.2712 2.9042
2017.2740 5.6516
2017.2767 7.3581
2017.2795 7.6838
2017.2822 6.3291
2017.2849 1.8642
2017.2877 10.9192
2017.2904 10.7044
2017.2932 6.4001
2017.2959 6.7065
2017.2986 7.7238
2017.3014 3.4322
2017.3041 5.5620
2017.3068 7.9834
2017.3096 9.6867
2017.3123 9.8720
2017.3151 10.6897
2017.3178 8.4198
2017.3205 8.3828
2017.3233 6.4087
2017.3260 6.8779
2017.3288 2.8605
2017.3315 8.7861
2017.3342 7.0037
2017.3370 2.4932
2017.3397 -1.6355
2017.3425 6.3473
2017.3452 6.1316
2017.3479 5.0071
2017.3507 8.1537
2017.3534 7.5713
2017.3562 8.6996
2017.3589 10.1886
2017.3616 6.6780
2017.3644 8.3978
2017.3671 8.2076
2017.3699 8.7275
2017.3726 7.0672
2017.3753 8.6365
2017.3781 7.6154
2017.3808 12.0036
2017.3836 5.4910
2017.3863 7.1774
2017.3890 6.3427
2017.3918 8.1067
2017.3945 3.0992
2017.3973 1.8801
2017.4000 2.0793
2017.4027 4.2665
2017.4055 4.8916
2017.4082 3.4345
2017.4110 2.1850
2017.4137 -0.2269
2017.4164 -0.4699
2017.4192 2.6061
2017.4219 6.1514
2017.4247 9.4758
2017.4274 4.1996
2017.4301 8.5027
2017.4329 8.7053
2017.4356 9.7174
2017.4384 7.8791
2017.4411 5.9804
2017.4438 4.9215
2017.4466 3.5823
2017.4493 2.8330
2017.4521 6.6436
2017.4548 6.3042
2017.4575 4.3049
2017.4603 10.2757
2017.4630 7.2867
2017.4658 10.0579
2017.4685 7.9295
2017.4712 5.8215
2017.4740 9.6540
2017.4767 13.5970
2017.4795 11.1706
2017.4822 10.0249
2017.4849 6.7199
2017.4877 8.6658
2017.4904 4.5825
2017.4932 4.9902
2017.4959 0.4289
2017.4986 6.5184
2017.5014 3.3183
2017.5041 6.9185
2017.5068 12.6292
2017.5096 9.4802
2017.5123 5.9415
2017.5151 7.7331
2017.5178 9.4550
2017.5205 9.2271
2017.5233 2.8694
2017.5260 1.7220
2017.5288 3.4446
2017.5315 6.2075
2017.5342 5.4904
2017.5370 4.0735
2017.5397 10.3066
2017.5425 8.9097
2017.5452 8.2028
2017.5479 8.4260
2017.5507 5.3391
2017.5534 5.4021
2017.5562 5.4451
2017.5589 4.1479
2017.5616 3.1406
2017.5644 4.5731
2017.5671 6.9455
2017.5699 7.0276
2017.5726 11.2995
2017.5753 13.2811
2017.5781 16.8124
2017.5808 9.3634
2017.5836 8.1434
2017.5863 7.1919
2017.5890 7.0789
2017.5918 4.1746
2017.5945 6.6791
2017.5973 6.9124
2017.6000 5.9848
2017.6027 6.1963
2017.6055 5.1570
2017.6082 11.0970
2017.6110 9.1664
2017.6137 12.1854
2017.6164 10.9040
2017.6192 13.3424
2017.6219 10.9507
2017.6247 11.8689
2017.6274 10.8173
2017.6301 9.7158
2017.6329 12.3546
2017.6356 12.3739
2017.6384 14.6936
2017.6411 11.7640
2017.6438 14.5852
2017.6466 14.5872
2017.6493 17.5102
2017.6521 17.5242
2017.6548 16.5994
2017.6575 13.0459
2017.6603 13.3638
2017.6630 14.2532
2017.6658 13.3352
2017.6685 10.7561
2017.6712 14.6762
2017.6740 9.9449
2017.6767 10.4315
2017.6795 11.6553
2017.6822 12.9256
2017.6849 4.5218
2017.6877 11.1830
2017.6904 13.0888
2017.6932 6.7084
2017.6959 8.1410
2017.6986 8.2861
2017.7014 11.6029
2017.7041 10.6807
2017.7068 16.3989
2017.7096 9.7668
2017.7123 11.1037
2017.7151 9.9989
2017.7178 9.5318
2017.7205 12.7716
2017.7233 11.1576
2017.7260 8.2493
2017.7288 9.4358
2017.7315 11.2766
2017.7342 8.8108
2017.7370 11.4980
2017.7397 10.4472
2017.7425 10.6380
2017.7452 8.7996
2017.7479 6.6012
2017.7507 4.0177
2017.7534 3.8439
2017.7562 4.8197
2017.7589 4.6553
2017.7616 6.1905
2017.7644 9.4656
2017.7671 8.1004
2017.7699 5.1850
2017.7726 9.3194
2017.7753 9.4937
2017.7781 10.8878
2017.7808 5.4618
2017.7836 6.7958
2017.7863 7.6897
2017.7890 1.8735
2017.7918 3.4373
2017.7945 3.8312
2017.7973 4.5451
2017.8000 7.1290
2017.8027 3.5430
2017.8055 7.4971
2017.8082 7.5114
2017.8110 8.5657
2017.8137 4.5103
2017.8164 6.3950
2017.8192 10.1300
2017.8219 8.5852
2017.8247 7.8007
2017.8274 7.6465
2017.8301 5.6125
2017.8329 9.3289
2017.8356 7.2156
2017.8384 5.2524
2017.8411 5.4194
2017.8438 6.0866
2017.8466 6.8440
2017.8493 7.5014
2017.8521 7.0790
2017.8548 14.6967
2017.8575 10.7944
2017.8603 13.3721
2017.8630 10.2999
2017.8658 10.4677
2017.8685 6.3754
2017.8712 4.8632
2017.8740 7.7308
2017.8767 4.4784
2017.8795 4.8958
2017.8822 4.7532
2017.8849 4.9704
2017.8877 4.8674
2017.8904 5.2742
2017.8932 5.7908
2017.8959 5.7372
2017.8986 5.3334
2017.9014 8.5592
2017.9041 4.8148
2017.9068 4.0601
2017.9096 1.8150
2017.9123 -0.8404
2017.9151 5.8838
2017.9178 4.1672
2017.9205 5.9495
2017.9233 5.0807
2017.9260 6.4909
2017.9288 6.0500
2017.9315 6.9882
2017.9342 5.7755
2017.9370 6.3719
2017.9397 2.9074
2017.9425 5.9022
2017.9452 4.3662
2017.9479 3.4695
2017.9507 3.1821
2017.9534 8.0741
2017.9562 4.8855
2017.9589 9.4763
2017.9616 8.6267
2017.9644 3.9065
2017.9671 4.5960
2017.9699 4.9551
2017.9726 3.6239
2017.9753 5.0623
2017.9781 6.7605
2017.9808 -0.1015
2017.9836 2.2063
2017.9863 4.3140
2017.9890 5.9317
2017.9918 5.0192
2017.9945 2.9068
2017.9973 1.3644
2018.0000 4.8721
2018.0027 3.5895
2018.0055 3.9164
2018.0082 0.9927
2018.0110 1.5684
2018.0137 3.4137
2018.0164 4.5086
2018.0192 3.2331
2018.0219 2.7771
2018.0247 0.7709
2018.0274 3.1444
2018.0301 3.2977
2018.0329 6.9007
2018.0356 7.2636
2018.0384 4.4864
2018.0411 3.3090
2018.0438 1.7016
2018.0466 3.0543
2018.0493 4.7969
2018.0521 8.2096
2018.0548 6.5624
2018.0575 7.7254
2018.0603 5.1685
2018.0630 4.2819
2018.0658 5.0455
2018.0685 5.3894
2018.0712 8.0537
2018.0740 5.3984
2018.0767 4.1134
2018.0795 4.1790
2018.0822 8.3549
2018.0849 10.7808
2018.0877 6.2968
2018.0904 3.7628
2018.0932 5.1189
2018.0959 -1.3847
2018.0986 -5.0580
2018.1014 1.9890
2018.1041 9.8564
2018.1068 2.4544
2018.1096 8.7030
2018.1123 6.0822
2018.1151 4.4122
2018.1178 4.1230
2018.1205 4.4047
2018.1233 5.1274
2018.1260 -0.5189
2018.1288 3.5159
2018.1315 5.4419
2018.1342 1.4991
2018.1370 2.1777
2018.1397 0.1178
2018.1425 2.6193
2018.1452 -1.5577
2018.1479 -0.9929
2018.1507 1.7735
2018.1534 -0.5783
2018.1562 -0.4182
2018.1589 2.1138
2018.1616 5.4578
2018.1644 -1.3757
2018.1671 -0.4163
2018.1699 -6.3643
2018.1726 -3.4798
2018.1753 -1.9230
2018.1781 -0.7940
2018.1808 -2.5131
2018.1836 -0.4903
2018.1863 -3.1560
2018.1890 -0.6801
2018.1918 -0.2730
2018.1945 -0.3847
2018.1973 -2.4355
2018.2000 -0.1656
2018.2027 -0.7750
2018.2055 0.6661
2018.2082 1.9674
2018.2110 5.2488
2018.2137 6.9401
2018.2164 10.1612
2018.2192 2.2119
2018.2219 -1.8281
2018.2247 4.6913
2018.2274 0.2297
2018.2301 -1.3830
2018.2329 -3.2969
2018.2356 3.3977
2018.2384 -0.8193
2018.2411 1.2519
2018.2438 4.9112
2018.2466 2.2387
2018.2493 5.5763
2018.2521 8.4644
2018.2548 0.3128
2018.2575 4.2915
2018.2603 2.2004
2018.2630 3.7694
2018.2658 0.7484
2018.2685 3.7074
2018.2712 4.9162
2018.2740 11.9849
2018.2767 10.1034
2018.2795 4.1615
2018.2822 5.9692
2018.2849 7.8964
2018.2877 4.6731
2018.2904 9.8391
2018.2932 7.3844
2018.2959 6.2890
2018.2986 5.5127
2018.3014 3.2455
2018.3041 6.0572
2018.3068 10.2579
2018.3096 7.6975
2018.3123 5.8358
2018.3151 4.0528
2018.3178 0.5884
2018.3205 4.4126
2018.3233 4.8353
2018.3260 8.5163
2018.3288 5.0857
2018.3315 6.8139
2018.3342 3.9215
2018.3370 0.8985
2018.3397 4.6150
2018.3425 6.4310
2018.3452 8.1764
2018.3479 5.7515
2018.3507 5.7362
2018.3534 5.3705
2018.3562 5.9645
2018.3589 8.4581
2018.3616 5.6516
2018.3644 14.7748
2018.3671 8.5278
2018.3699 8.6607
2018.3726 13.6234
2018.3753 10.3961
2018.3781 5.2387
2018.3808 3.9514
2018.3836 3.1940
2018.3863 9.0568
2018.3890 1.9796
2018.3918 7.4825
2018.3945 5.7257
2018.3973 8.0090
2018.4000 9.4026
2018.4027 9.7464
2018.4055 7.7406
2018.4082 6.6151
2018.4110 9.3200
2018.4137 7.9252
2018.4164 6.1405
2018.4192 6.3357
2018.4219 3.7909
2018.4247 7.2761
2018.4274 6.0314
2018.4301 7.1867
2018.4329 4.8521
2018.4356 7.2175
2018.4384 11.6031
2018.4411 7.6187
2018.4438 12.5645
2018.4466 7.0805
2018.4493 2.9066
2018.4521 6.7429
2018.4548 5.3294
2018.4575 2.4761
2018.4603 0.3331
2018.4630 -0.3297
2018.4658 -1.5022
2018.4685 -0.3044
2018.4712 1.5637
2018.4740 2.4521
2018.4767 4.0709
2018.4795 6.5500
2018.4822 6.0995
2018.4849 4.9694
2018.4877 3.5297
2018.4904 6.0204
2018.4932 5.8816
2018.4959 5.9633
2018.4986 2.0473
2018.5014 5.0253
2018.5041 2.9371
2018.5068 6.1425
2018.5096 10.4513
2018.5123 8.4431
2018.5151 12.2577
2018.5178 12.7850
2018.5205 15.9247
2018.5233 12.4665
2018.5260 9.9402
2018.5288 5.6756
2018.5315 8.1224
2018.5342 10.8103
2018.5370 7.3893
2018.5397 10.1389
2018.5425 10.2691
2018.5452 10.2194
2018.5479 24.2598
2018.5507 18.0699
2018.5534 9.5896
2018.5562 17.8685
2018.5589 16.8565
2018.5616 13.6734
2018.5644 16.8887
2018.5671 17.0025
2018.5699 9.5943
2018.5726 10.4040
2018.5753 9.3613
2018.5781 9.6860
2018.5808 8.0479
2018.5836 8.8874
2018.5863 9.0852
2018.5890 15.9716
2018.5918 13.3965
2018.5945 12.7702
2018.5973 12.8326
2018.6000 10.9340
2018.6027 12.7145
2018.6055 12.8041
2018.6082 9.3730
2018.6110 4.6513
2018.6137 11.3892
2018.6164 14.9466
2018.6192 10.9338
2018.6219 8.4209
2018.6247 11.5879
2018.6274 11.3050
2018.6301 13.9024
2018.6329 10.9100
2018.6356 10.7481
2018.6384 9.9068
2018.6411 9.2661
2018.6438 9.8562
2018.6466 11.0671
2018.6493 6.6391
2018.6521 6.5523
2018.6548 9.0666
2018.6575 8.6124
2018.6603 11.1696
2018.6630 15.2384
2018.6658 12.9391
2018.6685 13.2937
2018.6712 12.3020
2018.6740 10.0138
2018.6767 14.0988
2018.6795 24.1868
2018.6822 16.3475
2018.6849 13.5905
2018.6877 10.0357
2018.6904 8.0827
2018.6932 10.3312
2018.6959 8.1711
2018.6986 3.9019
2018.7014 9.0634
2018.7041 6.4954
2018.7068 6.1676
2018.7096 7.5296
2018.7123 5.3713
2018.7151 5.7823
2018.7178 5.7223
2018.7205 5.3511
2018.7233 3.0584
2018.7260 1.4339
2018.7288 2.7773
2018.7315 5.3185
2018.7342 3.3769
2018.7370 3.4925
2018.7397 6.6149
2018.7452 10.4991
2018.7479 9.0203
2018.7507 7.3275
2018.7534 9.9409
2018.7562 4.2209
2018.7589 9.3177
2018.7616 5.5816
2018.7644 6.8827
2018.7671 11.6415
2018.7699 5.1880
2018.7726 7.5926
2018.7753 10.2955
2018.7781 9.2870
2018.7808 12.0773
2018.7836 13.9467
2018.7863 11.1455
2018.7890 6.8839
2018.7918 7.4521
2018.7945 11.6604
2018.7973 8.4091
2018.8000 5.4684
2018.8027 7.9585
2018.8055 11.4798
2018.8082 14.6325
2018.8110 9.9168
2018.8137 14.4230
2018.8164 7.1614
2018.8192 6.3021
2018.8219 6.5155
2018.8247 9.6819
2018.8274 4.9713
2018.8301 6.7142
2018.8329 6.8406
2018.8356 9.4390
2018.8384 4.9693
2018.8411 4.4712
2018.8438 6.7447
2018.8466 8.7595
2018.8493 8.4156
2018.8521 5.1929
2018.8548 5.0411
2018.8575 4.0202
2018.8603 6.2501
2018.8630 3.0905
2018.8658 5.4914
2018.8685 6.8827
2018.8712 7.3642
2018.8740 4.5258
2018.8767 4.5373
2018.8795 3.5986
2018.8822 4.3497
2018.8849 7.5202
2018.8877 3.5802
2018.8904 3.8995
2018.8932 5.3280
2018.8959 5.4855
2018.8986 6.6918
2018.9014 3.3470
2018.9041 7.4708
2018.9068 5.5431
2018.9096 2.3637
2018.9123 0.9126
2018.9151 5.1196
2018.9178 3.2656
2018.9205 5.3814
2018.9233 0.9770
2018.9260 -2.5477
2018.9288 0.5773
2018.9315 5.5719
2018.9342 2.8159
2018.9370 2.5094
2018.9397 3.4022
2018.9425 2.3643
2018.9452 2.7656
2018.9479 3.0960
2018.9507 1.7655
2018.9534 -1.3160
2018.9562 6.0913
2018.9589 1.8075
2018.9616 2.7724
2018.9644 3.3060
2018.9671 4.2482
2018.9699 2.3590
2018.9726 1.8881
2018.9753 5.8657
2018.9781 2.9316
2018.9808 4.9457
2018.9836 3.5180
2018.9863 3.9583
2018.9890 7.7467
2018.9918 4.1030
2018.9945 8.7071
2018.9973 6.7591
2019.0000 11.0387
2019.0027 6.6263
2019.0055 4.9524
2019.0082 11.0169
2019.0110 10.2401
2019.0137 9.9620
2019.0164 7.9827
2019.0192 4.1723
2019.0219 3.0910
2019.0247 0.6788
2019.0274 3.7159
2019.0301 3.5622
2019.0329 6.6981
2019.0356 3.8534
2019.0384 5.7485
2019.0411 4.2633
2019.0438 6.2379
2019.0466 5.1026
2019.0493 4.0673
2019.0521 7.8921
2019.0548 4.3373
2019.0575 4.5428
2019.0603 6.1089
2019.0630 9.2655
2019.0658 8.2228
2019.0685 7.6910
2019.0712 7.6400
2019.0740 6.9200
2019.0767 7.8712
2019.0795 5.9536
2019.0822 2.0771
2019.0849 2.7106
2019.0877 3.7339
2019.0904 6.8970
2019.0932 3.3301
2019.0959 5.1632
2019.0986 10.1564
2019.1014 6.6196
2019.1041 7.4430
2019.1068 5.6966
2019.1096 6.9205
2019.1123 6.7947
2019.1151 3.2793
2019.1178 3.7743
2019.1205 4.0198
2019.1233 3.8159
2019.1260 6.1825
2019.1288 -1.8902
2019.1315 0.6778
2019.1342 -0.8334
2019.1370 -0.4138
2019.1397 2.0466
2019.1425 -0.1320
2019.1452 2.2704
2019.1479 1.6139
2019.1507 1.8884
2019.1534 2.5440
2019.1562 4.1209
2019.1589 -0.6509
2019.1616 -1.3915
2019.1644 2.0894
2019.1671 2.0318
2019.1699 3.4855
2019.1726 3.6006
2019.1753 1.9270
2019.1781 -0.6553
2019.1808 4.6936
2019.1836 4.7137
2019.1863 5.3349
2019.1890 7.3072
2019.1918 6.2606
2019.1945 5.1550
2019.1973 6.1704
2019.2000 4.2467
2019.2027 3.4738
2019.2055 7.0118
2019.2082 2.5506
2019.2110 5.4701
2019.2137 6.8404
2019.2164 6.2713
2019.2192 5.7728
2019.2219 7.8849
2019.2247 9.7475
2019.2274 9.6606
2019.2301 11.8741
2019.2329 12.8180
2019.2356 11.8523
2019.2384 10.9169
2019.2411 10.7417
2019.2438 6.8468
2019.2466 9.5021
2019.2493 10.3180
2019.2521 8.3644
2019.2548 8.6514
2019.2575 4.8888
2019.2603 12.1366
2019.2630 10.9549
2019.2658 12.5535
2019.2685 12.7724
2019.2712 4.7416
2019.2740 14.1610
2019.2767 3.9307
2019.2795 5.0304
2019.2822 1.3203
2019.2849 1.4502
2019.2877 9.6501
2019.2904 8.7101
2019.2932 9.5699
2019.2959 7.3797
2019.2986 8.4893
2019.3014 5.7687
2019.3041 4.8179
2019.3068 7.7169
2019.3096 4.2555
2019.3123 8.4038
2019.3151 7.0116
2019.3178 6.6591
2019.3205 4.3460
2019.3233 10.9325
2019.3260 9.3483
2019.3288 6.5036
2019.3315 5.0685
2019.3342 6.1933
2019.3370 11.6679
2019.3397 8.4824
2019.3425 9.0666
2019.3452 13.1705
2019.3479 7.9442
2019.3507 9.4876
2019.3534 4.2207
2019.3562 5.4534
2019.3589 5.7757
2019.3616 5.9876
2019.3644 8.0090
2019.3671 6.5200
2019.3699 9.5704
2019.3726 11.0503
2019.3753 8.0096
2019.3781 10.9283
2019.3808 4.3064
2019.3836 -0.9262
2019.3863 -0.8195
2019.3890 2.1166
2019.3918 1.8218
2019.3945 1.1163
2019.3973 5.0899
2019.4000 3.4128
2019.4027 4.3247
2019.4055 3.7858
2019.4082 -1.1341
2019.4110 3.2051
2019.4137 5.1032
2019.4164 5.2103
2019.4192 3.8264
2019.4219 5.1315
2019.4247 3.4556
2019.4274 4.8588
2019.4301 1.8110
2019.4329 -1.3976
2019.4356 5.3030
2019.4384 4.5928
2019.4411 3.6418
2019.4438 9.0500
2019.4466 8.3176
2019.4493 7.0145
2019.4521 9.6608
2019.4548 15.3065
2019.4575 11.4416
2019.4603 9.4262
2019.4630 12.7503
2019.4658 12.0540
2019.4685 11.4372
2019.4712 13.2700
2019.4740 3.3825
2019.4767 14.0546
2019.4795 8.9864
2019.4822 11.6880
2019.4849 12.0894
2019.4877 12.1006
2019.4904 10.6716
2019.4932 10.6325
2019.4959 9.1933
2019.4986 8.7939
2019.5014 11.0242
2019.5041 9.5643
2019.5068 8.0740
2019.5096 11.8135
2019.5123 6.6027
2019.5151 7.3216
2019.5178 6.5503
2019.5205 10.2687
2019.5233 10.6668
2019.5260 12.8247
2019.5288 13.5724
2019.5315 14.8398
2019.5342 7.9769
2019.5370 8.3138
2019.5397 7.9005
2019.5425 8.3169
2019.5452 9.2031
2019.5479 9.5791
2019.5507 10.5549
2019.5534 11.6504
2019.5562 11.3258
2019.5589 13.7809
2019.5616 12.4158
2019.5644 16.0306
2019.5671 18.3151
2019.5699 16.1694
2019.5726 18.1936
2019.5753 12.6276
2019.5781 14.4014
2019.5808 12.8650
2019.5836 13.3474
2019.5863 11.6877
2019.5890 13.3259
2019.5918 12.7624
2019.5945 12.2572
2019.5973 13.9305
2019.6000 14.3624
2019.6027 14.2031
2019.6055 14.6727
2019.6082 13.8615
2019.6110 16.9395
2019.6137 16.5169
2019.6164 17.6839
2019.6192 17.0706
2019.6219 10.7571
2019.6247 16.4937
2019.6274 16.9605
2019.6301 15.2577
2019.6329 15.6153
2019.6356 11.2236
2019.6384 13.4526
2019.6411 13.7726
2019.6438 16.3938
2019.6466 16.5762
2019.6493 14.2100
2019.6521 16.5054
2019.6548 12.6525
2019.6575 11.9415
2019.6603 10.1325
2019.6630 5.0258
2019.6658 7.4413
2019.6685 8.5187
2019.6712 12.5178
2019.6740 14.2687
2019.6767 13.7812
2019.6795 14.5754
2019.6822 10.5911
2019.6849 9.2583
2019.6877 10.8370
2019.6904 16.4672
2019.6932 14.2387
2019.6959 8.9915
2019.6986 8.7056
2019.7014 10.9809
2019.7041 12.7474
2019.7068 13.4750
2019.7096 16.8437
2019.7123 15.5334
2019.7151 12.5440
2019.7178 11.8256
2019.7205 16.4581
2019.7233 13.4114
2019.7260 10.4555
2019.7288 12.6003
2019.7315 15.7458
2019.7342 11.4219
2019.7370 10.7785
2019.7397 8.8457
2019.7425 12.1134
2019.7452 17.8215
2019.7479 17.7000
2019.7507 21.0997
2019.7534 20.4911
2019.7562 18.3141
2019.7589 17.1787
2019.7616 16.7847
2019.7644 13.1620
2019.7671 15.2204
2019.7699 16.1699
2019.7726 11.7503
2019.7753 10.1314
2019.7781 10.0332
2019.7808 14.4655
2019.7836 12.9482
2019.7863 14.4512
2019.7890 9.9343
2019.7918 15.4075
2019.7945 17.2005
2019.7973 13.3133
2019.8000 12.1158
2019.8027 12.4977
2019.8055 5.1691
2019.8082 4.7397
2019.8110 0.1095
2019.8137 0.5683
2019.8164 6.0559
2019.8192 8.2724
2019.8219 8.1974
2019.8247 5.4110
2019.8274 0.5730
2019.8301 2.3232
2019.8329 0.8218
2019.8356 8.6199
2019.8384 8.9477
2019.8411 9.0451
2019.8438 9.1220
2019.8466 5.9484
2019.8493 6.9341
2019.8521 6.9391
2019.8548 7.7333
2019.8575 9.4466
2019.8603 7.8890
2019.8630 11.5504
2019.8658 7.9106
2019.8685 7.3896
2019.8712 12.1474
2019.8740 7.4038
2019.8767 6.9688
2019.8795 6.9223
2019.8822 7.4542
2019.8849 3.8245
2019.8877 4.9930
2019.8904 2.8396
2019.8932 4.7244
2019.8959 6.3272
2019.8986 6.4779
2019.9014 6.6065
2019.9041 5.4429
2019.9068 4.6770
2019.9096 4.1887
2019.9123 5.0079
2019.9151 2.8146
2019.9178 2.1494
2019.9205 3.4431
2019.9233 5.1857
2019.9260 2.0174
2019.9288 2.1182
2019.9315 3.9981
2019.9342 0.2173
2019.9370 2.2858
2019.9397 2.6537
2019.9425 6.4210
2019.9452 5.8279
2019.9479 5.6144
2019.9507 0.8705
2019.9534 0.6164
2019.9562 3.1521
2019.9589 1.3677
2019.9616 2.0832
2019.9644 -0.4713
2019.9671 1.8144
2019.9699 6.3703
2019.9726 4.8663
2019.9753 7.5127
2019.9781 7.1395
2019.9808 7.1967
2019.9836 6.6045
2019.9863 6.1029
2019.9890 9.3119
2019.9918 7.5317
2019.9945 5.8223
2019.9973 0.0338
2020.0000 5.3262
2020.0027 0.0892
2020.0055 6.3823
2020.0082 6.1953
2020.0109 1.1583
2020.0137 1.8714
2020.0164 8.2545
2020.0191 5.8077
2020.0219 9.3509
2020.0246 8.3243
2020.0273 5.2078
2020.0301 5.8414
2020.0328 2.0751
2020.0355 8.8090
2020.0383 5.7231
2020.0410 4.6573
2020.0437 10.2818
2020.0464 4.2965
2020.0492 7.1614
2020.0519 6.0265
2020.0546 5.3820
2020.0574 3.8977
2020.0601 -0.7863
2020.0628 6.8901
2020.0656 5.4767
2020.0683 2.7737
2020.0710 4.8111
2020.0738 3.8488
2020.0765 4.8670
2020.0792 5.7455
2020.0820 3.3846
2020.0847 6.0946
2020.0874 6.9356
2020.0902 6.3576
2020.0929 11.8705
2020.0956 5.6344
2020.0984 2.2391
2020.1011 1.9447
2020.1038 -0.4290
2020.1066 -2.8019
2020.1093 -0.8642
2020.1120 5.0542
2020.1148 5.6832
2020.1175 3.3628
2020.1202 3.8829
2020.1230 5.2934
2020.1257 4.7344
2020.1284 0.0058
2020.1311 -0.9324
2020.1339 1.6797
2020.1366 1.2820
2020.1393 0.7946
2020.1421 2.4673
2020.1448 5.7402
2020.1475 3.0331
2020.1503 3.7462
2020.1530 6.8892
2020.1557 3.9922
2020.1585 2.5752
2020.1612 0.5980
2020.1639 2.7611
2020.1667 1.9649
2020.1694 4.3296
2020.1721 1.7752
2020.1749 -0.0585
2020.1776 -0.2114
2020.1803 3.9866
2020.1831 7.9353
2020.1858 6.0948
2020.1885 6.8051
2020.1913 8.1261
2020.1940 6.1579
2020.1967 14.8304
2020.1995 4.7836
2020.2022 8.5976
2020.2049 8.9323
2020.2077 2.8276
2020.2104 7.3837
2020.2131 7.5905
2020.2158 10.9779
2020.2186 9.3460
2020.2213 4.3048
2020.2240 7.0542
2020.2268 16.6642
2020.2295 13.1749
2020.2322 15.5962
2020.2350 6.1381
2020.2377 10.8806
2020.2404 6.8637
2020.2432 7.0074
2020.2459 7.2319
2020.2486 2.0917
2020.2514 0.0183
2020.2541 8.6511
2020.2568 2.5496
2020.2596 9.0234
2020.2623 5.0418
2020.2650 14.4644
2020.2678 12.4107
2020.2705 9.6001
2020.2732 12.8722
2020.2760 17.2364
2020.2787 6.6422
2020.2814 7.5591
2020.2842 8.3166
2020.2869 4.7042
2020.2896 4.4313
2020.2923 6.8774
2020.2951 8.9421
2020.2978 7.6248
2020.3005 10.1450
2020.3033 9.6522
2020.3060 7.5858
2020.3087 10.1254
2020.3115 7.5405
2020.3142 12.6705
2020.3169 13.9149
2020.3197 12.2432
2020.3224 10.1649
2020.3251 11.6195
2020.3279 4.2564
2020.3306 4.8869
2020.3333 4.7065
2020.3361 9.0357
2020.3388 8.0044
2020.3415 7.9128
2020.3443 3.6609
2020.3470 7.9087
2020.3497 6.6961
2020.3525 7.7034
2020.3552 4.2804
2020.3579 5.4172
2020.3607 5.7339
2020.3634 6.3804
2020.3661 6.9668
2020.3689 7.4432
2020.3716 7.5695
2020.3743 4.6758
2020.3770 6.8921
2020.3798 7.9885
2020.3825 11.5649
2020.3852 8.7815
2020.3880 12.1382
2020.3907 8.4450
2020.3934 7.2020
2020.3962 7.3893
2020.3989 9.3068
2020.4016 5.3646
2020.4044 6.4227
2020.4071 8.5312
2020.4098 7.4500
2020.4126 14.0193
2020.4153 11.7488
2020.4180 13.4485
2020.4208 13.5185
2020.4235 15.9186
2020.4262 15.7288
2020.4290 15.8692
2020.4317 17.6497
2020.4344 19.8603
2020.4372 18.9910
2020.4399 8.5617
2020.4426 9.3225
2020.4454 4.2432
2020.4481 6.3140
2020.4508 5.9148
2020.4536 10.5055
2020.4563 10.8061
2020.4590 14.1466
2020.4617 16.4571
2020.4645 17.7974
2020.4672 11.9576
2020.4699 11.1376
2020.4727 11.4975
2020.4754 12.4171
2020.4781 9.3265
2020.4809 12.6457
2020.4836 10.4046
2020.4863 11.6733
2020.4891 11.4116
2020.4918 7.5797
2020.4945 7.5174
2020.4973 10.3046
2020.5000 9.6702
2020.5027 10.7544
2020.5055 11.8371
2020.5082 9.4684
2020.5109 9.8685
2020.5137 9.6475
2020.5164 10.1954
2020.5191 6.4623
2020.5219 14.5484
2020.5246 16.0638
2020.5273 12.0685
2020.5301 14.8027
2020.5328 15.8265
2020.5355 12.4599
2020.5383 18.1331
2020.5410 13.6461
2020.5437 17.2091
2020.5464 18.3122
2020.5492 16.1055
2020.5519 14.4990
2020.5546 10.9629
2020.5574 12.7772
2020.5601 14.0622
2020.5628 17.6278
2020.5656 17.7442
2020.5683 18.6914
2020.5710 15.8997
2020.5738 16.4890
2020.5765 16.1495
2020.5792 18.4813
2020.5820 15.7944
2020.5847 14.5583
2020.5874 13.9327
2020.5902 18.6177
2020.5929 23.0331
2020.5956 17.4291
2020.5984 14.9954
2020.6011 11.7322
2020.6038 10.4192
2020.6066 12.9766
2020.6093 13.2943
2020.6120 13.7122
2020.6148 13.3102
2020.6175 8.5885
2020.6202 9.7168
2020.6230 6.3352
2020.6257 7.6136
2020.6284 4.5320
2020.6311 12.7703
2020.6339 12.2086
2020.6366 13.2067
2020.6393 13.2947
2020.6421 10.0424
2020.6448 17.8299
2020.6475 18.8371
2020.6503 15.5540
2020.6530 12.2605
2020.6557 10.0966
2020.6585 11.2323
2020.6612 11.6574
2020.6639 14.7021
2020.6667 15.7561
2020.6694 17.4494
2020.6721 13.3820
2020.6749 14.1440
2020.6776 16.7853
2020.6803 15.6761
2020.6831 19.1865
2020.6858 18.7063
2020.6885 17.9357
2020.6913 17.3348
2020.6940 20.3635
2020.6967 22.3119
2020.6995 19.7600
2020.7022 21.3180
2020.7049 18.8058
2020.7077 19.5635
2020.7104 18.8011
2020.7131 14.9787
2020.7158 17.0863
2020.7186 17.9940
2020.7213 18.2717
2020.7240 13.8696
2020.7268 15.5777
2020.7295 14.3660
2020.7322 14.6846
2020.7350 13.2935
2020.7377 15.9928
2020.7404 10.8925
2020.7432 12.2626
2020.7459 14.5232
2020.7486 18.0144
2020.7514 15.7165
2020.7541 14.5597
2020.7568 14.7839
2020.7596 19.3792
2020.7623 16.1055
2020.7650 15.2529
2020.7678 15.2913
2020.7705 17.5109
2020.7732 18.0115
2020.7760 12.8831
2020.7787 18.3958
2020.7814 15.9996
2020.7842 17.6345
2020.7869 16.9804
2020.7896 18.7174
2020.7923 15.2155
2020.7951 14.0947
2020.7978 15.6349
2020.8005 12.8463
2020.8033 12.6986
2020.8060 14.3621
2020.8087 17.3267
2020.8115 17.4023
2020.8142 17.8691
2020.8169 14.6269
2020.8197 11.1058
2020.8224 10.4058
2020.8251 10.1369
2020.8279 14.1190
2020.8306 14.1423
2020.8333 16.0984
2020.8361 11.5429
2020.8388 18.4954
2020.8415 11.4456
2020.8443 16.6526
2020.8470 11.1161
2020.8497 10.9853
2020.8525 12.6398
2020.8552 9.3788
2020.8579 13.7118
2020.8607 10.3783
2020.8634 16.5276
2020.8661 7.4492
2020.8689 9.6324
2020.8716 9.0567
2020.8743 7.4914
2020.8770 7.7060
2020.8798 8.4499
2020.8825 9.9726
2020.8852 5.4933
2020.8880 -0.5184
2020.8907 -2.3332
2020.8934 -0.8716
2020.8962 6.2657
2020.8989 7.4182
2020.9016 7.5553
2020.9044 7.1864
2020.9071 9.2808
2020.9098 8.5281
2020.9126 7.9576
2020.9153 6.8788
2020.9180 9.9158
2020.9208 4.7321
2020.9235 5.4677
2020.9262 9.4327
2020.9290 9.0970
2020.9317 5.6407
2020.9344 13.2238
2020.9372 13.5863
2020.9399 9.0383
2020.9426 5.4897
2020.9454 11.3206
2020.9481 9.4809
2020.9508 14.0008
2020.9536 15.6202
2020.9563 14.7191
2020.9590 12.9776
2020.9617 9.5557
2020.9645 10.2934
2020.9672 6.3507
2020.9699 17.9977
2020.9727 12.9043
2020.9754 12.9806
2020.9781 11.4466
2020.9809 15.1523
2020.9836 15.6577
2020.9863 12.9029
2020.9891 11.7178
2020.9918 15.8426
2020.9945 12.8671
2020.9973 12.2415
2021.0000 13.2857
2021.0027 11.8488
2021.0055 12.2500
2021.0082 18.7294
2021.0110 12.3772
2021.0137 9.7135
2021.0164 10.9786
2021.0192 10.4325
2021.0219 9.8055
2021.0247 11.0578
2021.0274 14.7395
2021.0301 9.8208
2021.0329 10.6718
2021.0356 10.7527
2021.0384 9.0237
2021.0411 5.8850
2021.0438 6.9967
2021.0466 11.3290
2021.0493 8.0520
2021.0521 9.3860
2021.0548 5.8911
2021.0575 6.9175
2021.0603 11.5254
2021.0630 13.4648
2021.0658 10.4761
2021.0685 14.4293
2021.0712 11.4746
2021.0740 9.0722
2021.0767 8.9923
2021.0795 9.3150
2021.0822 13.8813
2021.0849 10.5155
2021.0877 12.9176
2021.0904 12.0473
2021.0932 11.2339
2021.0959 11.1768
2021.0986 7.8656
2021.1014 9.8596
2021.1041 7.1583
2021.1068 4.7111
2021.1096 12.6374
2021.1123 9.4668
2021.1151 5.7186
2021.1178 9.5324
2021.1205 8.9374
2021.1233 12.0232
2021.1260 9.4692
2021.1288 8.1249
2021.1315 0.4597
2021.1342 7.5131
2021.1370 4.6643
2021.1397 9.4631
2021.1425 13.2986
2021.1452 14.0805
2021.1479 14.4881
2021.1507 13.5909
2021.1534 12.7683
2021.1562 16.0198
2021.1589 15.3048
2021.1616 18.0628
2021.1644 5.1469
2021.1671 9.3408
2021.1699 15.8745
2021.1726 13.5979
2021.1753 8.9310
2021.1781 12.3239
2021.1808 13.1467
2021.1836 9.9393
2021.1863 12.0017
2021.1890 17.4640
2021.1918 14.4062
2021.1945 12.8683
2021.1973 16.3503
2021.2000 14.8923
2021.2027 16.8643
2021.2055 16.7462
2021.2082 18.7582
2021.2110 13.0402
2021.2137 14.3522
2021.2164 14.2943
2021.2192 15.0965
2021.2219 8.3788
2021.2247 14.7812
2021.2274 14.5238
2021.2301 16.5466
2021.2329 19.2895
2021.2356 14.3327
2021.2384 13.5561
2021.2411 11.7497
2021.2438 15.6936
2021.2466 11.2678
2021.2493 14.0520
2021.2521 15.8464
2021.2548 12.5608
2021.2575 12.8852
2021.2603 14.5698
2021.2630 13.0045
2021.2658 12.6893
2021.2685 15.4242
2021.2712 18.5192
2021.2740 15.5444
2021.2767 15.8197
2021.2795 15.2551
2021.2822 15.1807
2021.2849 19.5865
2021.2877 18.7124
2021.2904 16.2685
2021.2932 15.3148
2021.2959 6.7613
2021.2986 7.8180
2021.3014 24.0649
2021.3041 13.3120
2021.3068 14.0893
2021.3096 15.6669
2021.3123 11.1347
2021.3151 10.2328
2021.3178 8.8411
2021.3205 11.6696
2021.3233 7.8985
2021.3260 10.1276
2021.3288 9.8370
2021.3315 5.0701
2021.3342 5.7100
2021.3370 9.3363
2021.3397 5.1886
2021.3425 8.8764
2021.3452 11.1293
2021.3479 8.8269
2021.3507 7.2687
2021.3534 6.4242
2021.3562 15.7031
2021.3589 12.4848
2021.3616 14.5390
2021.3644 16.8152
2021.3671 7.1829
2021.3699 6.3918
2021.3726 3.6313
2021.3753 6.3610
2021.3781 11.2806
2021.3808 6.8595
2021.3836 18.6073
2021.3863 15.5235
2021.3890 16.5777
2021.3918 11.7996
2021.3945 11.1186
2021.3973 12.6842
2021.4000 11.3462
2021.4027 9.9939
2021.4055 10.2970
2021.4082 11.7950
2021.4110 13.9275
2021.4137 12.2348
2021.4164 11.6106
2021.4192 10.5855
2021.4219 13.4295
2021.4247 14.8926
2021.4274 11.0145
2021.4301 14.8054
2021.4329 17.1551
2021.4356 19.4536
2021.4384 21.0009
2021.4411 22.9068
2021.4438 17.9514
2021.4466 16.5145
2021.4493 17.5462
2021.4521 18.6563
2021.4548 23.5549
2021.4575 18.3418
2021.4603 19.4770
2021.4630 20.4904
2021.4658 20.2020
2021.4685 23.8518
2021.4712 17.6197
2021.4740 22.7255
2021.4767 18.2494
2021.4795 18.5412
2021.4822 15.1208
2021.4849 18.9682
2021.4877 15.5034
2021.4904 8.7663
2021.4932 6.0569
2021.4959 18.4750
2021.4986 18.2312
2021.5014 18.6162
2021.5041 16.7099
2021.5068 16.6225
2021.5096 14.4341
2021.5123 9.4048
2021.5151 11.4446
2021.5178 8.8436
2021.5205 12.4819
2021.5233 12.3196
2021.5260 11.9367
2021.5288 9.2634
2021.5315 10.5598
2021.5342 9.6558
2021.5370 13.7517
2021.5397 12.2874
2021.5425 9.0731
2021.5452 15.4888
2021.5479 11.7847
2021.5507 11.9007
2021.5534 8.8171
2021.5562 9.2938
2021.5589 8.2010
2021.5616 8.4088
2021.5644 5.8072
2021.5671 4.3062
2021.5699 8.5161
2021.5726 13.2668
2021.5753 14.2085
2021.5781 8.1713
2021.5808 13.9251
2021.5836 19.2794
2021.5863 16.0735
2021.5890 17.6174
2021.5918 18.5512
2021.5945 24.6449
2021.5973 21.1988
2021.6000 17.2628
2021.6027 11.9970
2021.6356 6.9829
2021.6384 10.7870
2021.6411 12.9224
2021.6438 10.2591
2021.6466 11.9374
2021.6493 11.1571
2021.6521 12.2585
2021.6548 14.0115
2021.6575 17.3663
2021.6603 11.4829
2021.6630 14.2115
2021.6658 13.1324
2021.6685 17.5075
2021.6712 15.4871
2021.6740 14.1707
2021.6767 9.6281
2021.6795 17.1990
2021.6822 13.4832
2021.6849 13.0203
2021.6877 13.5101
2021.6904 16.1924
2021.6932 14.9667
2021.6959 15.3629
2021.6986 16.4106
2021.7014 20.1796
2021.7041 16.9096
2021.7068 15.9503
2021.7096 15.7315
2021.7123 15.1728
2021.7151 10.1839
2021.7178 15.7847
2021.7205 9.8248
2021.7233 17.1139
2021.7260 14.4217
2021.7288 14.7681
2021.7315 14.6526
2021.7342 23.1950
2021.7370 17.5250
2021.7397 17.1124
2021.7425 17.6169
2021.7452 12.7781
2021.7479 11.4459
2021.7507 11.0210
2021.7534 12.4945
2021.7562 14.9565
2021.7589 16.0273
2021.7616 16.9469
2021.7644 16.3655
2021.7671 19.2831
2021.7699 15.0100
2021.7726 17.1663
2021.7753 17.4620
2021.7781 14.3774
2021.7808 13.3126
2021.7836 14.3776
2021.7863 10.4027
2021.7890 13.5380
2021.7918 16.4535
2021.7945 18.9695
2021.7973 13.0261
2021.8000 9.4434
2021.8027 15.0315
2021.8055 13.5306
2021.8082 18.1208
2021.8110 15.4623
2021.8137 15.9651
2021.8164 16.2494
2021.8192 13.4554
2021.8219 13.6932
2021.8247 16.1129
2021.8274 12.6146
2021.8301 14.7585
2021.8329 7.9445
2021.8356 9.3310
2021.8384 9.8578
2021.8411 7.5449
2021.8438 14.1822
2021.8466 13.4697
2021.8493 12.3775
2021.8521 14.3555
2021.8548 3.0038
2021.8575 17.3722
2021.8603 13.0908
2021.8630 12.2295
2021.8658 12.5685
2021.8685 11.8275
2021.8712 10.1068
2021.8740 10.7961
2021.8767 15.0056
2021.8795 10.6051
2021.8822 13.5748
2021.8849 14.3045
2021.8904 12.5742
2021.8932 14.1941
2021.8959 16.3240
2021.8986 13.8439
2021.9014 14.4139
2021.9041 17.1038
2021.9068 18.1937
2021.9096 19.9936
2021.9123 19.5035
2021.9151 15.9433
2021.9178 24.3039
2021.9205 19.8459
2021.9233 12.7493
2021.9260 18.3839
2021.9288 18.0996
2021.9315 15.0062
2021.9342 13.6936
2021.9370 16.6516
2021.9397 20.0401
2021.9425 15.9090
2021.9452 17.2781
2021.9479 20.3472
2021.9507 17.1763
2021.9534 13.9452
2021.9562 11.7136
2021.9589 15.2316
2021.9616 17.8190
2021.9644 13.4055
2021.9671 17.1211
2021.9699 15.4256
2021.9726 10.6489
2021.9753 16.3409
2021.9781 11.7413
2021.9808 6.9701
2021.9836 8.9971
2021.9863 14.1022
2021.9890 16.0752
2021.9918 17.8459
2021.9945 17.5744
2021.9973 16.2302
2022.0000 17.6135
2022.0027 15.1531
2022.0055 17.8583
2022.0082 17.3593
2022.0110 13.4464
2022.0137 13.8399
2022.0164 16.1299
2022.0192 17.0568
2022.0219 17.7508
2022.0247 20.7922
2022.0274 18.2711
2022.0301 14.9779
2022.0329 13.9728
2022.0356 16.0961
2022.0384 16.0580
2022.0411 12.7987
2022.0438 13.3886
2022.0466 21.5878
2022.0493 13.4166
2022.0521 15.7953
2022.0548 11.5741
2022.0575 10.2833
2022.0603 9.9331
2022.0630 5.9138
2022.0658 12.4256
2022.0685 17.8188
2022.0712 12.1036
2022.0740 11.1002
2022.0767 10.2391
2022.0795 17.3002
2022.0822 20.0837
2022.0849 18.1575
2022.0877 15.6212
2022.0904 16.0950
2022.0932 17.0187
2022.0959 19.4025
2022.0986 14.0163
2022.1014 13.7002
2022.1041 9.7641
2022.1068 10.9980
2022.1096 12.0921
2022.1123 14.5462
2022.1151 18.0004
2022.1178 19.6347
2022.1205 14.2791
2022.1233 16.0037
2022.1260 12.2584
2022.1288 18.2132
2022.1315 15.5982
2022.1342 15.6233
2022.1370 12.1387
2022.1397 17.2842
2022.1425 13.2799
2022.1452 17.1159
2022.1479 15.9420
2022.1507 6.0984
2022.1534 13.5050
2022.1562 14.6219
2022.1589 9.9291
2022.1616 10.9365
2022.1644 14.0351
2022.1671 14.2358
2022.1699 15.7684
2022.1726 16.1228
2022.1753 17.3588
2022.1781 19.8462
2022.1808 16.4350
2022.1836 9.2650
2022.1863 16.1860
2022.1890 17.5479
2022.1918 13.8106
2022.1945 15.6539
2022.1973 14.1277
2022.2000 11.3718
2022.2027 12.1561
2022.2055 15.3304
2022.2082 13.4647
2022.2110 17.2888
2022.2137 23.0424
2022.2164 20.2256
2022.2192 14.5481
2022.2219 21.6298
2022.2247 22.8205
2022.2274 19.6402
2022.2301 15.9086
2022.2329 14.1157
2022.2356 17.2212
2022.2384 16.7751
2022.2411 20.3473
2022.2438 16.3374
2022.2466 16.0655
2022.2493 12.1214
2022.2521 17.5752
2022.2548 18.8671
2022.2575 16.0872
2022.2603 12.8356
2022.2630 14.9826
2022.2658 15.3483
2022.2685 14.8728
2022.2712 11.8463
2022.2740 8.7389
2022.2767 13.0308
2022.2795 14.0821
2022.2822 15.0529
2022.2849 14.0335
2022.2877 15.2940
2022.2904 11.1045
2022.2932 10.3152
2022.2959 11.9662
2022.2986 13.6677
2022.3014 15.2498
2022.3041 6.3027
2022.3068 2.3565
2022.3096 4.9214
2022.3123 4.5075
2022.3151 7.4649
2022.3178 9.4640
2022.3205 16.2847
2022.3233 19.7372
2022.3260 16.6917
2022.3288 14.9483
2022.3315 12.0062
2022.3342 13.8943
2022.3370 10.9226
2022.3397 11.5611
2022.3425 15.4699
2022.3452 12.8990
2022.3479 11.0782
2022.3507 13.7578
2022.3534 13.0775
2022.3562 13.6675
2022.3589 13.8678
2022.3616 14.5183
2022.3644 8.8491
2022.3671 13.9501
2022.3699 19.5114
2022.3726 17.0930
2022.3753 17.7748
2022.3781 15.0570
2022.3808 7.1993
2022.3836 17.2020
2022.3863 16.2950
2022.3890 21.3082
2022.3918 20.2617
2022.3945 13.2555
2022.3973 14.8296
2022.4000 5.3840
2022.4082 15.9190
2022.4110 16.2147
2022.6767 18.1932
2022.6877 19.2899
2022.6904 17.7069
2022.6932 20.6049
2022.6959 14.6635
2022.6986 25.0426
2022.7014 22.1522
2022.7041 17.0621
2022.7068 13.9920
2022.7151 13.2209
2022.7178 17.2898
2022.7205 19.0681
2022.7233 19.2255
2022.7260 18.4420
2022.7288 14.1774
2022.7315 20.3116
2022.7342 21.8944
2022.7370 25.9156
2022.7397 19.9552
2022.7425 21.5530
2022.7452 21.8087
2022.7479 18.8823
2022.7507 7.6021
2022.7534 16.3968
2022.7589 21.5923
