2010.0986 -0.7077
2010.1014 4.8868
2010.1041 4.4311
2010.1068 10.5754
2010.1096 10.8497
2010.1123 8.7939
2010.1151 7.5580
2010.1178 9.0723
2010.1205 7.1865
2010.1233 4.6108
2010.1260 7.6552
2010.1288 9.8898
2010.1315 8.3645
2010.1342 5.0394
2010.1370 4.1545
2010.1397 4.0198
2010.1425 7.0854
2010.1452 7.8312
2010.1479 10.7974
2010.1507 9.8739
2010.1534 10.7408
2010.1562 10.4081
2010.1589 11.7558
2010.1616 13.1540
2010.1644 8.2826
2010.1671 10.2418
2010.1699 10.2214
2010.1726 8.4715
2010.1753 8.7619
2010.1781 5.7228
2010.1808 12.9940
2010.1836 13.8156
2010.1863 5.3075
2010.1890 6.5296
2010.1918 4.9520
2010.1945 4.5946
2010.1973 5.4774
2010.2000 4.9003
2010.2027 3.2634
2010.2055 0.6666
2010.2082 1.1699
2010.2110 4.9432
2010.2137 0.9965
2010.2164 7.1598
2010.2192 4.0231
2010.2219 3.4063
2010.2247 3.0095
2010.2274 3.8025
2010.2301 4.3753
2010.2329 7.1580
2010.2356 6.5505
2010.2384 4.0627
2010.2411 4.9547
2010.2438 4.8764
2010.2466 3.9277
2010.2493 5.6987
2010.2521 7.7192
2010.2548 9.8594
2010.2575 7.6092
2010.2603 12.3988
2010.2630 7.0781
2010.2658 6.1172
2010.2685 6.4261
2010.2712 10.0349
2010.2740 13.6537
2010.2767 7.4124
2010.2795 5.7910
2010.2822 11.1997
2010.2849 4.9585
2010.2877 4.8874
2010.2904 9.6864
2010.2932 4.9057
2010.2959 3.6851
2010.2986 6.8549
2010.3014 11.7349
2010.3041 10.6453
2010.3068 10.2160
2010.3096 9.4172
2010.3123 12.2989
2010.3151 10.5710
2010.3178 9.4137
2010.3205 6.9770
2010.3233 5.8109
2010.3260 6.3555
2010.3288 7.1207
2010.3315 9.2766
2010.3342 10.7431
2010.3370 8.6100
2010.3397 8.1874
2010.3425 8.4552
2010.3452 9.6734
2010.3479 7.5320
2010.3507 3.4809
2010.3534 9.0601
2010.3562 12.0496
2010.3589 10.9394
2010.3616 8.3494
2010.3644 10.4496
2010.3671 15.9799
2010.3699 17.2104
2010.3726 21.2010
2010.3753 19.7916
2010.3781 18.3323
2010.3808 18.9031
2010.3836 20.5138
2010.3863 19.8144
2010.3890 24.5450
2010.3918 18.4054
2010.3945 16.2658
2010.3973 14.7959
2010.4000 26.1959
2010.4027 23.4456
2010.4055 18.1451
2010.4082 16.6143
2010.4110 15.0032
2010.4137 20.6918
2010.4164 24.6303
2010.4192 21.1188
2010.4219 25.4873
2010.4247 23.1559
2010.4274 19.6144
2010.4301 18.7828
2010.4329 16.3013
2010.4356 21.0998
2010.4384 20.0182
2010.4411 17.6767
2010.4438 17.5151
2010.4466 19.9934
2010.4493 18.4018
2010.4521 16.0601
2010.4548 19.8884
2010.4575 16.9367
2010.4603 21.8149
2010.4630 18.5932
2010.4658 18.1413
2010.4685 16.4295
2010.4712 18.1576
2010.4740 18.6556
2010.4767 20.2536
2010.4795 21.6616
2010.4822 25.0996
2010.4849 25.2274
2010.4877 27.9253
2010.4904 25.3331
2010.4932 24.5708
2010.4959 24.3685
2010.4986 23.0260
2010.5014 24.4034
2010.5041 21.0707
2010.5068 24.3177
2010.5096 26.0646
2010.5123 23.8214
2010.5151 16.8179
2010.5178 16.6843
2010.5205 12.6905
2010.5233 18.8066
2010.5260 15.9424
2010.5288 19.5682
2010.5315 22.9937
2010.5342 22.1391
2010.5370 25.1543
2010.5397 18.5493
2010.5425 25.7842
2010.5452 22.0489
2010.5479 25.0235
2010.5507 22.8478
2010.5534 24.5920
2010.5562 23.2961
2010.5589 27.6300
2010.5616 27.3937
2010.5644 28.4372
2010.5671 24.7406
2010.5699 20.8938
2010.5726 20.7168
2010.5753 19.3097
2010.5781 18.2024
2010.5808 18.4349
2010.5836 16.2972
2010.5863 17.2690
2010.5890 22.1805
2010.5918 19.5717
2010.5945 22.3725
2010.5973 16.6430
2010.6000 16.8133
2010.6027 19.6233
2010.6055 19.2931
2010.6082 22.3827
2010.6110 22.8321
2010.6137 25.9313
2010.6164 18.7604
2010.6192 16.6194
2010.6219 9.5483
2010.6247 12.3472
2010.6274 14.3360
2010.6301 14.8947
2010.6329 22.9035
2010.6356 18.0423
2010.6384 20.1712
2010.6411 20.1901
2010.6438 19.1891
2010.6466 15.9783
2010.6493 20.1375
2010.6521 16.4770
2010.6548 16.6166
2010.6575 15.9664
2010.6603 14.3265
2010.6630 17.4768
2010.6658 17.2574
2010.6685 22.3180
2010.6712 18.2687
2010.6740 16.8694
2010.6767 12.1601
2010.6795 14.4509
2010.6822 20.0819
2010.6849 17.8729
2010.6877 23.2840
2010.6904 22.6753
2010.6932 19.8768
2010.6959 19.3284
2010.6986 16.6202
2010.7014 18.3921
2010.7041 23.2343
2010.7068 22.9368
2010.7096 24.4694
2010.7123 28.3523
2010.7151 24.1055
2010.7178 26.0090
2010.7205 21.9028
2010.7233 19.2669
2010.7260 19.2314
2010.7288 18.6562
2010.7315 12.5113
2010.7342 13.8769
2010.7370 15.3228
2010.7397 17.1692
2010.7425 16.4659
2010.7452 23.7632
2010.7479 17.9108
2010.7507 18.6895
2010.7534 17.3298
2010.7562 18.6214
2010.7589 18.5243
2010.7616 18.0485
2010.7644 23.7539
2010.7671 19.3803
2010.7699 19.8676
2010.7726 16.4558
2010.7753 17.2649
2010.7781 17.3046
2010.7808 15.7649
2010.7836 15.9557
2010.7863 15.5270
2010.7890 12.5286
2010.7918 22.8204
2010.7945 20.0824
2010.7973 15.9944
2010.8000 14.2664
2010.8027 15.2484
2010.8055 20.0300
2010.8082 19.4115
2010.8110 18.1625
2010.8137 18.1230
2010.8164 20.2230
2010.8192 13.6223
2010.8219 16.2609
2010.8247 20.4886
2010.8274 20.6154
2010.8301 15.2412
2010.8329 22.9660
2010.8356 26.5009
2010.8384 14.8660
2010.8411 11.4313
2010.8438 15.8966
2010.8466 18.1520
2010.8493 15.6574
2010.8521 20.6628
2010.8548 22.1680
2010.8575 19.9331
2010.8603 23.4679
2010.8630 23.2626
2010.8658 18.8469
2010.8685 19.9109
2010.8712 15.9145
2010.8740 16.1076
2010.8767 21.0603
2010.8795 18.6024
2010.8822 21.8339
2010.8849 13.8048
2010.8877 23.8150
2010.8904 22.7444
2010.8932 22.2431
2010.8959 19.9809
2010.8986 18.8878
2010.9014 16.7838
2010.9041 20.9789
2010.9068 19.0928
2010.9096 17.6357
2010.9123 20.3475
2010.9151 19.8881
2010.9178 18.4179
2010.9205 14.4873
2010.9233 15.5463
2010.9260 14.7049
2010.9288 10.6932
2010.9315 14.4211
2010.9342 14.3788
2010.9370 11.6661
2010.9397 14.6932
2010.9425 17.9800
2010.9452 18.6065
2010.9479 18.3428
2010.9507 15.7089
2010.9534 13.7948
2010.9562 13.3205
2010.9589 17.8460
2010.9616 13.3413
2010.9644 14.7866
2010.9671 13.8616
2010.9699 12.9666
2010.9726 9.4615
2010.9753 14.6463
2010.9781 15.4510
2010.9808 18.5457
2010.9836 17.0703
2010.9863 18.9749
2010.9890 13.5695
2010.9918 16.0042
2010.9945 13.0088
2010.9973 18.1835
2011.0000 14.0483
2011.0027 13.8029
2011.0055 18.9171
2011.0082 13.7309
2011.0110 18.3943
2011.0137 18.1575
2011.0164 14.2604
2011.0192 15.7231
2011.0219 16.2057
2011.0247 13.8780
2011.0274 13.4703
2011.0301 12.7125
2011.0329 12.8447
2011.0356 15.2068
2011.0384 16.9191
2011.0411 13.2814
2011.0438 15.2438
2011.0466 14.6063
2011.0493 15.2091
2011.0521 18.8921
2011.0548 18.5753
2011.0575 18.1089
2011.0603 17.4828
2011.0630 18.4771
2011.0658 17.3718
2011.0685 16.4069
2011.0712 16.0125
2011.0740 18.5887
2011.0767 16.3554
2011.0795 14.4328
2011.0822 14.1108
2011.0849 13.7901
2011.0877 14.6106
2011.0904 15.7422
2011.0932 19.1649
2011.0959 16.9485
2011.0986 18.2330
2011.1014 14.2484
2011.1041 17.7445
2011.1068 15.7813
2011.1096 14.6087
2011.1123 15.9765
2011.1151 16.0948
2011.1178 16.8235
2011.1205 13.7425
2011.1233 18.4316
2011.1260 17.0409
2011.1288 20.6602
2011.1315 21.8795
2011.1342 17.2187
2011.1370 17.4777
2011.1397 16.9264
2011.1425 20.9048
2011.1452 18.7027
2011.1479 21.0302
2011.1507 17.4271
2011.1534 22.2233
2011.1562 22.9288
2011.1589 19.3435
2011.1616 18.8374
2011.1644 17.5707
2011.1671 20.5338
2011.1699 16.4369
2011.1726 20.6699
2011.1753 18.4627
2011.1781 16.6955
2011.1808 16.9081
2011.1836 17.5706
2011.1863 17.8729
2011.1890 17.1752
2011.1918 14.7173
2011.1945 14.0593
2011.1973 14.0712
2011.2000 17.2530
2011.2027 16.4446
2011.2055 16.8961
2011.2082 13.8975
2011.2110 17.7188
2011.2137 23.1400
2011.2164 20.3610
2011.2192 19.9619
2011.2219 15.0426
2011.2247 17.6133
2011.2274 18.6138
2011.2301 17.3042
2011.2329 14.0044
2011.2356 16.8745
2011.2384 17.6745
2011.2411 16.1744
2011.2438 13.9041
2011.2466 15.8935
2011.2493 17.2420
2011.2521 16.2894
2011.2548 14.7159
2011.2575 14.7015
2011.2603 15.6062
2011.2630 15.1602
2011.2658 17.6035
2011.2685 14.0863
2011.2712 14.0985
2011.2740 15.6703
2011.2767 11.5617
2011.2795 15.0628
2011.2822 12.0937
2011.2849 19.8145
2011.2877 16.2552
2011.2904 16.2959
2011.2932 17.1467
2011.2959 15.7577
2011.2986 14.8589
2011.3014 17.1704
2011.3041 20.0923
2011.3068 17.3147
2011.3096 14.6976
2011.3123 18.3111
2011.3151 18.5853
2011.3178 17.6903
2011.3205 20.3961
2011.3233 20.5128
2011.3260 18.6405
2011.3288 19.7993
2011.3315 25.1895
2011.3342 27.1913
2011.3370 22.0147
2011.3397 21.6895
2011.3425 22.1355
2011.3452 25.9828
2011.3479 30.2111
2011.3507 32.2803
2011.3534 35.3504
2011.3562 29.7812
2011.3589 31.4226
2011.3616 32.1845
2011.3644 31.6068
2011.3671 33.1893
2011.3699 26.7620
2011.3726 26.0047
2011.3753 27.5073
2011.3781 24.3298
2011.3808 27.6619
2011.3836 28.7135
2011.3863 29.9747
2011.3890 32.3251
2011.3918 30.7748
2011.3945 27.3836
2011.3973 26.5014
2011.4000 28.5381
2011.4027 32.7435
2011.4055 22.9276
2011.4082 27.8002
2011.4110 27.1012
2011.4137 27.5008
2011.4164 25.9800
2011.4192 25.6890
2011.4219 26.2680
2011.4247 23.4367
2011.4274 25.9753
2011.4301 29.5137
2011.4329 30.6019
2011.4356 29.4399
2011.4384 31.4578
2011.4411 29.9153
2011.4438 22.2727
2011.4466 19.8399
2011.4493 26.8568
2011.4521 27.0334
2011.4548 30.2998
2011.4575 30.3359
2011.4603 27.6317
2011.4630 31.6673
2011.4658 34.2225
2011.4685 28.6675
2011.4712 33.1021
2011.4740 33.5965
2011.4767 31.1004
2011.4795 33.9141
2011.4822 30.2174
2011.4849 31.1603
2011.4877 29.8729
2011.4904 32.1851
2011.4932 26.9069
2011.4959 26.3483
2011.4986 33.1695
2011.5014 33.0005
2011.5041 36.4313
2011.5068 34.9121
2011.5096 32.5627
2011.5123 34.4132
2011.5151 30.3537
2011.5178 26.6640
2011.5205 27.5143
2011.5233 24.7545
2011.5260 26.2146
2011.5288 27.8847
2011.5315 26.8748
2011.5342 26.1448
2011.5370 30.1348
2011.5397 31.1549
2011.5425 30.7749
2011.5452 27.3049
2011.5479 29.1550
2011.5507 25.3451
2011.5534 23.9853
2011.5562 24.3755
2011.5589 27.5257
2011.5616 28.8961
2011.5644 26.9665
2011.5671 27.2970
2011.5699 30.5177
2011.5726 24.9484
2011.5753 26.6893
2011.5781 27.3103
2011.5808 28.2214
2011.5836 28.3327
2011.5863 22.9940
2011.5890 27.7353
2011.5918 28.7466
2011.5945 27.6280
2011.5973 29.5995
2011.6000 26.3311
2011.6027 29.5727
2011.6055 31.3943
2011.6082 28.6461
2011.6110 28.4679
2011.6137 25.3898
2011.6164 26.9318
2011.6192 24.2539
2011.6219 26.2861
2011.6247 28.7785
2011.6274 27.9809
2011.6301 33.9834
2011.6329 31.4061
2011.6356 37.1389
2011.6384 38.8018
2011.6411 37.9049
2011.6438 34.9581
2011.6466 34.7114
2011.6493 32.3150
2011.6521 33.4486
2011.6548 33.2925
2011.6575 30.3365
2011.6603 29.0406
2011.6630 32.0950
2011.6658 30.3196
2011.6685 32.9746
2011.6712 31.5600
2011.6740 29.0460
2011.6767 30.4824
2011.6795 31.9592
2011.6822 27.5165
2011.6849 33.0743
2011.6877 32.5425
2011.6904 31.3212
2011.6932 29.8402
2011.6959 28.7298
2011.6986 26.9597
2011.7014 28.0201
2011.7041 28.0209
2011.7068 26.3521
2011.7096 24.7538
2011.7123 27.1058
2011.7151 26.6483
2011.7178 26.4412
2011.7205 29.0144
2011.7233 26.7581
2011.7260 29.7022
2011.7288 32.8566
2011.7315 27.1115
2011.7342 30.9267
2011.7370 28.5223
2011.7397 30.2583
2011.7425 28.1847
2011.7452 27.0214
2011.7479 28.5485
2011.7507 24.4958
2011.7534 19.7433
2011.7562 21.0508
2011.7589 26.8484
2011.7616 28.6561
2011.7644 31.8339
2011.7671 32.1217
2011.7699 32.5396
2011.7726 27.3075
2011.7753 30.3755
2011.7781 29.0836
2011.7808 28.3916
2011.7836 27.2597
2011.7863 27.5778
2011.7890 27.4360
2011.7918 28.3841
2011.7945 31.4322
2011.7973 33.5403
2011.8000 31.4485
2011.8027 30.5066
2011.8055 31.2246
2011.8082 31.0627
2011.8110 32.3606
2011.8137 34.0986
2011.8164 35.6465
2011.8192 30.1943
2011.8219 28.6921
2011.8247 34.3098
2011.8274 35.2574
2011.8301 34.7249
2011.8329 29.7523
2011.8356 31.0797
2011.8384 27.8671
2011.8411 26.4845
2011.8438 30.6319
2011.8466 28.0392
2011.8493 30.8065
2011.8521 33.6338
2011.8548 31.7710
2011.8575 34.6383
2011.8603 38.6855
2011.8630 34.8227
2011.8658 32.9798
2011.8685 33.3769
2011.8712 33.9240
2011.8740 29.9011
2011.8767 29.8181
2011.8795 32.7151
2011.8822 33.4821
2011.8849 35.9390
2011.8877 29.8559
2011.8904 32.7027
2011.8932 32.1096
2011.8959 32.2663
2011.8986 27.8631
2011.9014 32.1998
2011.9041 31.5964
2011.9068 34.8830
2011.9096 34.7496
2011.9123 33.7561
2011.9151 35.9626
2011.9178 33.2289
2011.9205 32.7747
2011.9233 32.3102
2011.9260 23.6552
2011.9288 29.5299
2011.9315 35.5241
2011.9342 33.7280
2011.9370 35.7915
2011.9397 31.7446
2011.9425 34.5673
2011.9452 34.4597
2011.9479 33.3817
2011.9507 32.7534
2011.9534 33.9747
2011.9562 39.7357
2011.9589 31.5363
2011.9616 31.3766
2011.9644 32.4765
2011.9671 32.3062
2011.9699 32.2455
2011.9726 30.3145
2011.9753 32.2231
2011.9781 31.2915
2011.9808 30.9496
2011.9836 30.8774
2011.9863 32.5149
2011.9890 35.3221
2011.9918 34.9890
2011.9945 32.5156
2011.9973 31.3420
2012.0000 28.9681
2012.0027 32.4037
2012.0055 27.4387
2012.0082 28.6631
2012.0109 26.3169
2012.0137 32.6502
2012.0164 30.3230
2012.0191 28.3454
2012.0219 29.7474
2012.0246 28.9290
2012.0273 31.3604
2012.0301 28.2515
2012.0328 29.7324
2012.0355 30.1931
2012.0383 30.4138
2012.0410 28.2943
2012.0437 29.5049
2012.0464 27.1854
2012.0492 28.9161
2012.0519 27.6368
2012.0546 26.8877
2012.0574 31.3588
2012.0601 28.6002
2012.0628 29.7418
2012.0656 31.8638
2012.0683 29.1061
2012.0710 32.1789
2012.0738 28.1222
2012.0765 30.0860
2012.0792 27.8804
2012.0820 28.6053
2012.0847 30.9404
2012.0874 32.9355
2012.0902 30.6508
2012.0929 30.4961
2012.0956 29.6516
2012.0984 30.8372
2012.1011 27.3029
2012.1038 31.9187
2012.1066 28.9646
2012.1093 29.0107
2012.1120 29.8169
2012.1148 30.6833
2012.1175 27.8398
2012.1202 27.6664
2012.1230 24.9933
2012.1257 27.2303
2012.1284 25.7575
2012.1311 25.2049
2012.1339 26.3424
2012.1366 25.5702
2012.1393 28.0981
2012.1421 26.7363
2012.1448 24.8647
2012.1475 24.6633
2012.1503 28.3922
2012.1530 26.0812
2012.1557 29.9305
2012.1585 28.2001
2012.1612 29.4999
2012.1639 29.8201
2012.1667 32.3410
2012.1694 27.0324
2012.1721 28.2644
2012.1749 37.5669
2012.1776 32.5499
2012.1803 32.3532
2012.1831 28.3569
2012.1858 23.4510
2012.1885 24.9153
2012.1913 25.2899
2012.1940 24.6446
2012.1967 28.8595
2012.1995 26.3945
2012.2022 27.9895
2012.2049 24.8245
2012.2077 26.7795
2012.2104 25.9544
2012.2131 25.7292
2012.2158 25.3238
2012.2186 26.3482
2012.2213 22.4823
2012.2240 22.1960
2012.2268 21.3595
2012.2295 20.9425
2012.2322 25.6851
2012.2350 26.2272
2012.2377 30.3187
2012.2404 21.0097
2012.2432 19.7700
2012.2459 21.7397
2012.2486 23.0389
2012.2514 20.9178
2012.2541 23.1064
2012.2568 21.6647
2012.2596 21.6528
2012.2623 17.8406
2012.2650 21.4482
2012.2678 23.9157
2012.2705 24.5830
2012.2732 24.3102
2012.2760 30.1172
2012.2787 26.8042
2012.2814 28.9111
2012.2842 27.4780
2012.2869 25.5049
2012.2896 27.0718
2012.2923 26.6588
2012.2951 26.9158
2012.2978 27.5429
2012.3005 30.2401
2012.3033 34.4774
2012.3060 35.9850
2012.3087 39.4027
2012.3115 37.7806
2012.3142 34.2187
2012.3169 36.1271
2012.3197 39.0658
2012.3224 36.9048
2012.3251 35.1141
2012.3279 35.6338
2012.3306 37.2838
2012.3333 32.7540
2012.3361 34.2542
2012.3388 33.5446
2012.3415 35.5450
2012.3443 32.3556
2012.3470 38.9462
2012.3497 40.8669
2012.3525 41.8276
2012.3552 41.1484
2012.3579 44.4292
2012.3607 41.6701
2012.3634 44.8709
2012.3661 40.4618
2012.3689 41.3227
2012.3716 37.8536
2012.3743 31.6845
2012.3770 34.4953
2012.3798 34.2261
2012.3825 35.0069
2012.3852 33.2577
2012.3880 36.1483
2012.3907 36.7689
2012.3934 38.9195
2012.3962 40.8599
2012.3989 38.8703
2012.4016 34.8305
2012.4044 36.1007
2012.4071 33.8407
2012.4098 36.1206
2012.4126 34.8504
2012.4153 40.4000
2012.4180 41.1296
2012.4208 38.7391
2012.4235 38.3386
2012.4262 40.4879
2012.4290 40.7173
2012.4317 40.5365
2012.4344 44.4757
2012.4372 36.7749
2012.4399 40.4041
2012.4426 33.9332
2012.4454 37.2923
2012.4481 36.3013
2012.4508 32.7603
2012.4536 41.7294
2012.4563 39.1784
2012.4590 39.1874
2012.4617 41.2064
2012.4645 41.5954
2012.4672 38.5744
2012.4699 43.6635
2012.4727 45.0225
2012.4754 44.8616
2012.4781 42.7207
2012.4809 41.5698
2012.4836 37.6290
2012.4863 34.9682
2012.4891 38.7475
2012.4918 35.9868
2012.4945 35.0762
2012.4973 38.9056
2012.5000 37.1552
2012.5027 36.2748
2012.5055 42.7246
2012.5082 46.5145
2012.5109 46.8344
2012.5137 47.1545
2012.5164 46.3247
2012.5191 43.3149
2012.5219 43.3553
2012.5246 41.8358
2012.5273 40.8963
2012.5301 41.7669
2012.5328 39.1276
2012.5355 37.4484
2012.5383 42.6993
2012.5410 44.7602
2012.5437 43.8212
2012.5464 39.9123
2012.5492 43.7235
2012.5519 45.9347
2012.5546 40.1960
2012.5574 40.9574
2012.5601 37.9188
2012.5628 44.0303
2012.5656 40.8218
2012.5683 43.1634
2012.5710 41.0150
2012.5738 40.6367
2012.5765 40.5384
2012.5792 36.7702
2012.5820 34.9821
2012.5847 43.0353
2012.5874 43.1799
2012.5902 38.3657
2012.5929 39.6527
2012.5956 39.4008
2012.5984 37.4298
2012.6011 40.7397
2012.6038 36.6003
2012.6066 40.1816
2012.6093 38.4934
2012.6120 40.0956
2012.6148 41.2282
2012.6175 41.5409
2012.6202 40.7838
2012.6230 49.0866
2012.6257 42.6194
2012.6284 40.1319
2012.6311 45.9341
2012.6339 43.1359
2012.6366 44.4471
2012.6393 39.0478
2012.6421 40.4176
2012.6448 37.8766
2012.6475 38.8847
2012.6503 34.8317
2012.6530 39.8175
2012.6557 39.3321
2012.6585 41.4352
2012.6612 40.6869
2012.6639 47.6170
2012.6667 39.8459
2012.6694 38.6747
2012.6721 38.0434
2012.6749 44.4719
2012.6776 42.3604
2012.6803 41.1488
2012.6831 40.8370
2012.6858 37.5452
2012.6885 35.5233
2012.6913 42.5113
2012.6940 43.2992
2012.6967 40.2970
2012.6995 40.0947
2012.7022 44.1523
2012.7049 42.8699
2012.7077 43.3973
2012.7104 43.0647
2012.7131 44.1121
2012.7158 37.3893
2012.7186 35.9665
2012.7213 36.1536
2012.7240 31.8006
2012.7268 34.3376
2012.7295 41.4046
2012.7322 40.6414
2012.7350 41.1882
2012.7377 43.5050
2012.7404 41.2917
2012.7432 38.8084
2012.7459 39.8550
2012.7486 41.1516
2012.7514 38.9181
2012.7541 40.4847
2012.7568 39.5312
2012.7596 38.3177
2012.7623 38.4941
2012.7650 40.4506
2012.7678 42.4470
2012.7705 43.3735
2012.7732 42.2799
2012.7760 40.7863
2012.7787 40.8627
2012.7814 43.0291
2012.7842 40.7755
2012.7869 38.9919
2012.7896 41.5483
2012.7923 41.3247
2012.7951 42.8511
2012.7978 39.2375
2012.8005 39.5339
2012.8033 39.5803
2012.8060 40.5167
2012.8087 46.9332
2012.8115 42.8896
2012.8142 48.2361
2012.8169 48.0225
2012.8197 46.8290
2012.8224 42.5356
2012.8251 39.1721
2012.8279 43.3786
2012.8306 42.6452
2012.8333 42.8419
2012.8361 42.1787
2012.8388 42.4158
2012.8415 42.3331
2012.8443 45.2706
2012.8470 43.1582
2012.8497 43.9160
2012.8525 46.5639
2012.8552 43.0519
2012.8579 40.1600
2012.8607 40.7982
2012.8634 41.7164
2012.8661 41.4247
2012.8689 44.2531
2012.8716 41.2814
2012.8743 41.4597
2012.8770 39.6581
2012.8798 41.0463
2012.8825 44.3645
2012.8852 44.5327
2012.8880 45.6507
2012.8907 47.8387
2012.8934 43.7165
2012.8962 37.4442
2012.8989 42.3917
2012.9016 40.6091
2012.9044 40.2062
2012.9071 41.4232
2012.9098 42.3899
2012.9126 46.2764
2012.9153 42.5326
2012.9180 43.4981
2012.9208 40.6424
2012.9235 43.3458
2012.9262 42.2582
2012.9290 41.7997
2012.9317 44.0404
2012.9344 44.6403
2012.9372 45.9996
2012.9399 43.3483
2012.9426 42.3965
2012.9454 40.2242
2012.9481 40.1315
2012.9508 41.7685
2012.9536 45.0852
2012.9563 41.7817
2012.9590 41.2582
2012.9617 44.3446
2012.9645 43.4110
2012.9672 38.3675
2012.9699 38.1342
2012.9727 37.9712
2012.9754 40.5684
2012.9809 39.3641
2012.9836 39.0227
2012.9863 41.0819
2012.9891 39.2418
2012.9918 41.5324
2012.9945 40.3838
2012.9973 39.3260
2013.0000 38.1792
2013.0027 39.9829
2013.0055 36.2367
2013.0082 39.9405
2013.0110 37.4844
2013.0137 36.5084
2013.0164 37.3824
2013.0192 43.0065
2013.0219 40.8207
2013.0247 41.4549
2013.0274 37.3492
2013.0301 37.4335
2013.0329 38.3579
2013.0356 39.0324
2013.0384 39.2569
2013.0411 35.6315
2013.0438 37.7262
2013.0466 38.3209
2013.0493 37.4756
2013.0521 34.2305
2013.0548 37.5353
2013.0575 37.9803
2013.0603 37.7053
2013.0630 36.3903
2013.0658 35.4554
2013.0685 40.2305
2013.0712 42.2457
2013.0740 35.6210
2013.0767 40.1063
2013.0795 36.6317
2013.0822 34.7871
2013.0849 33.7326
2013.0877 37.1881
2013.0904 40.5737
2013.0932 38.0694
2013.0959 39.5052
2013.0986 40.3110
2013.1014 39.3969
2013.1041 40.8928
2013.1068 38.2488
2013.1096 39.6049
2013.1123 40.3711
2013.1151 37.2073
2013.1178 36.7735
2013.1205 39.5498
2013.1233 35.8362
2013.1260 38.4926
2013.1288 36.8591
2013.1315 37.3856
2013.1342 37.1022
2013.1370 35.6489
2013.1397 35.4555
2013.1425 33.6823
2013.1452 29.6890
2013.1479 32.5659
2013.1507 35.3527
2013.1534 37.6597
2013.1562 35.8966
2013.1589 39.0936
2013.1616 35.5307
2013.1644 35.2279
2013.1671 33.2356
2013.1699 36.9437
2013.1726 33.3722
2013.1753 31.0711
2013.1781 35.7004
2013.1808 31.9400
2013.1836 33.0401
2013.1863 35.4904
2013.1890 34.5511
2013.1918 29.8722
2013.1945 31.1836
2013.1973 40.0153
2013.2000 32.0473
2013.2027 33.7596
2013.2055 37.1022
2013.2082 39.1851
2013.2110 36.5683
2013.2137 37.1217
2013.2164 38.8254
2013.2192 32.3593
2013.2219 35.2935
2013.2247 34.5679
2013.2274 36.1626
2013.2301 38.0474
2013.2329 36.0025
2013.2356 39.3577
2013.2384 37.7032
2013.2411 36.2888
2013.2438 40.1346
2013.2466 37.6607
2013.2493 42.9985
2013.2521 40.5879
2013.2548 39.3888
2013.2575 37.6411
2013.2603 39.3047
2013.2630 40.2395
2013.2658 39.7252
2013.2685 37.6019
2013.2712 41.3593
2013.2740 42.8673
2013.2767 41.7058
2013.2795 35.8847
2013.2822 41.2838
2013.2849 39.8230
2014.1452 39.8370
2014.1479 44.2864
2014.1507 44.8261
2014.1534 47.6160
2014.1562 45.3861
2014.1589 45.6565
2014.1616 42.9970
2014.1644 44.5480
2014.1671 43.8795
2014.1699 42.1016
2014.1726 40.4941
2014.1753 45.0071
2014.1781 47.6505
2014.1808 41.4543
2014.1836 41.1584
2014.1863 40.0128
2014.1890 41.2575
2014.1918 39.3324
2014.1973 35.1827
2014.2000 36.2780
2014.2027 34.5634
2014.2055 33.9188
2014.2082 38.5942
2014.2110 43.7396
2014.2137 38.9548
2014.2164 38.2400
2014.2192 32.7249
2014.2219 40.1197
2014.2247 38.8942
2014.2274 40.2685
2014.2301 37.4424
2014.2329 40.3159
2014.2356 37.9491
2014.2384 37.6618
2014.2411 36.5641
2014.2438 40.4558
2014.2466 41.7971
2014.2493 43.0479
2014.2521 40.9784
2014.2548 41.4687
2014.2575 46.0387
2014.2603 42.0484
2014.2630 44.7479
2014.2658 47.9172
2014.2685 41.2464
2014.2712 48.1954
2014.2740 46.3343
2014.2767 40.5531
2014.2795 46.2019
2014.2822 47.0506
2014.2849 45.1893
2014.2877 43.9580
2014.2904 47.9267
2014.2932 50.6355
2014.2959 45.8344
2014.2986 46.0333
2014.3014 49.7425
2014.3041 45.5817
2014.3068 38.2612
2014.3096 47.4709
2014.3123 40.1108
2014.3151 46.2610
2014.3178 44.1714
2014.3205 39.3522
2014.3233 41.8133
2014.3260 42.4647
2014.3288 42.3666
2014.3315 41.1788
2014.3342 44.5212
2014.3370 44.5439
2014.3397 40.8068
2014.3425 39.4199
2014.3452 41.3832
2014.3479 41.0667
2014.3507 40.2003
2014.3534 39.4040
2014.3562 43.3279
2014.3589 43.0519
2014.3616 44.4360
2014.3644 46.5702
2014.3671 48.0644
2014.3699 48.6286
2014.3726 47.6629
2014.3753 45.4771
2014.3781 47.1614
2014.3808 44.3856
2014.3836 47.5998
2014.3863 46.8939
2014.3890 44.8679
2014.3918 45.7018
2014.3945 46.2356
2014.3973 47.5393
2014.4000 48.3828
2014.4027 44.9862
2014.4055 47.6694
2014.4082 47.2324
2014.4110 48.1451
2014.4137 44.4077
2014.4164 46.0499
2014.4192 45.7219
2014.4219 43.2836
2014.4247 50.1650
2014.4274 48.1163
2014.4301 46.2274
2014.4329 46.3882
2014.4356 44.2890
2014.4384 46.1195
2014.4411 46.8600
2014.4438 50.8803
2014.4466 48.0406
2014.4493 48.8408
2014.4521 54.0509
2014.4548 55.6210
2014.4575 50.4012
2014.4603 49.3713
2014.4630 51.8714
2014.4658 49.1516
2014.4685 49.0918
2014.4712 48.3421
2014.4740 48.7826
2014.4767 46.1731
2014.4795 44.8438
2014.4822 44.3846
2014.4849 49.4356
2014.4877 49.7668
2014.4904 46.2883
2014.4932 49.4999
2014.4959 50.7218
2014.4986 48.7945
2014.5014 52.2184
2014.5041 49.5136
2014.5068 56.9098
2014.5096 51.1369
2014.5123 47.7450
2014.5151 49.1238
2014.5178 52.8332
2014.5205 51.8632
2014.5233 49.0837
2014.5260 50.0746
2014.5288 48.2057
2014.5315 47.5069
2014.5342 51.7182
2014.5370 56.6795
2014.5397 45.3206
2014.5425 46.6314
2014.5452 46.6119
2014.5479 46.3920
2014.5507 44.7215
2014.5534 46.1704
2014.5562 43.8385
2014.5589 47.0057
2014.5616 51.0220
2014.5644 51.1672
2014.5671 53.7912
2014.5699 50.9040
2014.5726 45.3755
2014.5753 48.9354
2014.5781 48.2238
2014.5808 44.4606
2014.5836 45.2164
2014.5863 49.5822
2014.5890 49.5579
2014.5918 53.1435
2014.5945 53.0391
2014.5973 53.4947
2014.6000 51.7001
2014.6027 50.9156
2014.6055 48.3110
2014.6082 49.6563
2014.6110 49.5217
2014.6137 50.3570
2014.6164 43.7323
2014.6192 47.6875
2014.6219 52.2028
2014.6247 48.7780
2014.6274 47.0032
2014.6301 48.2484
2014.6329 48.0236
2014.6356 47.1889
2014.6384 45.3841
2014.6411 42.6993
2014.6438 48.4746
2014.6466 50.8599
2014.6493 39.1252
2014.6521 44.8405
2014.6548 42.5859
2014.6575 47.6113
2014.6603 47.2068
2014.6630 52.6123
2014.6658 52.4678
2014.6685 53.6833
2014.6712 54.9189
2014.6740 52.7744
2014.6767 51.4700
2014.6795 50.7355
2014.6822 55.5810
2014.6849 53.2866
2014.6877 55.3121
2014.6904 53.1177
2014.6932 57.4932
2014.6959 53.8088
2014.6986 52.2144
2014.7014 48.4200
2014.7041 50.1256
2014.7068 52.4012
2014.7096 49.7768
2014.7123 51.7324
2014.7151 52.2381
2014.7178 51.6338
2014.7205 52.0295
2014.7233 56.5552
2014.7260 57.1609
2014.7288 49.3267
2014.7315 50.7925
2014.7342 50.7383
2014.7370 48.0341
2014.7397 51.8100
2014.7425 50.5759
2014.7452 49.4018
2014.7479 51.4677
2014.7507 48.0645
2014.7534 53.5226
2014.7562 53.5020
2014.7589 51.3727
2014.7616 49.9145
2014.7644 51.2474
2014.7671 56.2012
2014.7699 55.7559
2014.7726 52.7913
2014.7753 50.8075
2014.7781 51.1742
2014.7808 49.7014
2014.7836 52.2490
2014.7863 54.2069
2014.7890 53.3351
2014.7918 51.5933
2014.7945 50.5616
2014.7973 54.3199
2014.8000 53.3680
2014.8027 56.1659
2014.8055 53.5835
2014.8082 53.6106
2014.8110 53.9072
2014.8137 52.8733
2014.8164 53.3286
2014.8192 52.3131
2014.8219 52.4668
2014.8247 54.4595
2014.8274 51.8712
2014.8301 56.6417
2014.8329 57.3911
2014.8356 54.3203
2014.8384 51.7093
2014.8411 51.2483
2014.8438 46.6271
2014.8466 47.5357
2014.8493 47.5943
2014.8521 48.1527
2014.8548 52.0110
2014.8575 49.1991
2014.8603 50.5471
2014.8630 49.7349
2014.8658 50.0525
2014.8685 49.0100
2014.8712 45.3274
2014.8740 48.5145
2014.8767 52.1315
2014.8795 46.6283
2014.8822 45.3849
2014.8849 46.8413
2014.8877 44.6576
2014.8904 48.6736
2014.8932 44.3694
2014.8959 47.2551
2014.8986 48.8205
2014.9014 42.5957
2014.9041 46.6706
2014.9068 49.9454
2014.9096 51.1499
2014.9123 48.5142
2014.9151 51.8483
2014.9178 53.1621
2014.9205 46.4457
2014.9233 48.5892
2014.9260 50.0825
2014.9288 51.7856
2014.9315 51.2186
2014.9342 57.7114
2014.9370 52.5342
2014.9397 54.0069
2014.9425 48.3395
2014.9452 49.0520
2014.9479 48.4945
2014.9507 53.2769
2014.9534 51.1394
2014.9562 55.7618
2014.9589 51.2043
2014.9616 53.7268
2014.9644 51.1293
2014.9671 55.6019
2016.1311 45.5499
2016.1339 52.5472
2016.1366 50.3346
2016.1393 53.9121
2016.1421 52.2595
2016.1448 53.9970
2016.1475 53.0545
2016.1503 51.7221
2016.1530 52.7596
2016.1557 52.8472
2016.1585 48.6449
2016.1612 48.7025
2016.1639 50.1508
2016.1667 52.7906
2016.1694 56.8717
2016.1721 49.3042
2016.1749 57.5179
2016.1776 57.9728
2016.1803 58.3286
2016.1831 55.3854
2016.1858 55.7729
2016.1885 56.9212
2016.1913 57.0201
2016.1940 55.4096
2016.1967 58.5894
2016.1995 58.1196
2016.2022 52.2300
2016.2049 50.5005
2016.2077 52.4610
2016.2104 46.3515
2016.2131 51.6717
2016.2158 48.1017
2016.2186 48.9413
2016.2213 53.1605
2016.2240 53.8290
2016.2268 50.7269
2016.2295 53.9840
2016.2322 50.9902
2016.2350 57.0455
2016.2377 51.9997
2016.2404 47.7727
2016.2432 45.1144
2016.2459 42.9448
2016.2486 41.5847
2016.2514 44.4646
2016.2541 42.8943
2016.2568 43.2340
2016.2596 52.2736
2016.2623 45.9931
2016.2650 48.6425
2016.2678 52.8818
2016.2705 54.8811
2016.2732 51.6903
2016.2760 49.8194
2016.2787 49.9885
2016.2814 49.9674
2016.2842 47.7063
2016.2869 48.6152
2016.2896 49.1940
2016.2923 48.9427
2016.2951 48.4914
2016.2978 51.5600
2016.3005 47.6485
2016.3033 45.9170
2016.3060 44.6855
2016.3087 46.5339
2016.3115 48.1223
2016.3142 49.9006
2016.3169 56.3389
2016.3197 52.9771
2016.3224 46.7553
2016.3251 53.0935
2016.3279 50.4216
2016.3306 49.8697
2016.3333 53.3476
2016.3361 52.2653
2016.3388 52.4229
2016.3415 54.7303
2016.3443 55.8176
2016.3470 56.2347
2016.3497 59.0418
2016.3525 52.4487
2016.3552 53.0356
2016.3579 54.8225
2016.3607 55.9893
2016.3634 56.3560
2016.3661 55.4928
2016.3689 55.3795
2016.3716 53.1663
2016.3743 51.2931
2016.3770 56.8499
2016.3798 55.0768
2016.3825 56.8338
2016.3852 57.5408
2016.3880 60.5780
2016.3907 58.1052
2016.3934 58.5026
2016.3962 56.4902
2016.3989 55.7679
2016.4016 50.6958
2016.4044 54.6439
2016.4071 50.7721
2016.4098 51.2706
2016.4126 54.0894
2016.4153 56.3789
2016.4180 57.3296
2016.4208 56.9613
2016.4235 59.1140
2016.4262 54.1276
2016.4290 56.2020
2016.4317 54.2271
2016.4344 56.9429
2016.4372 56.1693
2016.4399 58.5862
2016.4426 57.2934
2016.4454 56.9710
2016.4481 59.9789
2016.4508 56.5170
2016.4536 55.4351
2016.4563 56.4133
2016.4590 56.0514
2016.4617 53.5194
2016.4645 56.4671
2016.4672 57.7146
2016.4699 60.2617
2016.4727 52.9183
2016.4754 54.9644
2016.4781 54.4399
2016.4809 55.7047
2016.4836 53.1387
2016.4863 53.1119
2016.4891 52.3742
2016.4918 51.0154
2016.4945 54.6256
2016.4973 56.6647
2016.5000 59.2736
2016.5027 51.9625
2016.5055 55.9013
2016.5082 54.9901
2016.5109 53.8889
2016.5137 55.4075
2016.5164 54.7262
2016.5191 53.6648
2016.5219 51.6634
2016.5246 55.8320
2016.5273 58.3205
2016.5301 58.0590
2016.5328 56.6175
2016.5355 55.6460
2016.5383 60.2545
2016.5410 57.2629
2016.5437 62.5814
2016.5464 61.2698
2016.5492 61.7482
2016.5519 56.8967
2016.5546 54.7151
2016.5574 51.0636
2016.5601 50.5021
2016.5628 52.4706
2016.5656 53.7391
2016.5683 54.1376
2016.5710 56.3262
2016.5738 62.0248
2016.5765 59.6734
2016.5792 60.2521
2016.5820 52.6007
2016.5847 57.6595
2016.5874 56.1182
2016.5902 56.2470
2016.5929 52.7957
2016.5956 58.5345
2016.5984 55.1933
2016.6011 57.5122
2016.6038 59.8211
2016.6066 56.8400
2016.6093 55.7789
2016.6120 55.2578
2016.6148 57.7968
2016.6175 55.7258
2016.6202 54.4448
2016.6230 56.2939
2016.6257 56.8230
2016.6284 56.3321
2016.6311 55.7113
2016.6339 56.8204
2016.6366 57.8797
2016.6393 57.6289
2016.6421 60.4882
2016.6448 58.4976
2016.6475 59.7969
2016.6503 63.4963
2016.6530 64.1258
2016.6557 69.9053
2016.6585 66.6748
2016.6612 63.4044
2016.6639 60.9640
2016.6667 56.7951
2016.6694 57.4902
2016.6721 61.3591
2016.6749 63.9316
2016.6776 68.2774
2016.6803 61.7661
2016.6831 62.0575
2016.6858 64.5314
2016.6885 62.8874
2016.6913 64.8553
2016.6940 65.3948
2016.6967 64.8157
2016.6995 66.2276
2016.7022 64.5703
2016.7049 63.3834
2016.7077 62.4568
2016.7104 66.3002
2016.7131 61.3132
2016.7186 63.1672
2016.7213 66.9675
2016.7240 59.7165
2016.7295 62.9890
2016.7322 64.9320
2016.7350 60.2725
2016.7377 59.8001
2016.7404 60.5047
2016.7432 59.9859
2016.7459 57.5134
2016.7486 56.3572
2016.7514 51.2198
2016.7541 58.5822
2016.7568 59.3645
2016.7596 57.3066
2016.7623 61.5486
2016.7650 64.7304
2016.7678 64.8820
2016.7705 61.3735
2016.7732 60.6548
2016.7760 61.2660
2016.7787 58.1970
2016.7814 56.8679
2016.7842 55.9086
2016.7869 55.3492
2016.7896 56.5096
2016.7923 55.9199
2016.7951 59.4400
2016.7978 58.7100
2016.8005 64.5098
2016.8033 63.7195
2016.8060 62.0290
2016.8087 60.3384
2016.8115 63.3576
2016.8142 58.7867
2016.8169 59.7757
2016.8197 57.0345
2016.8224 57.3932
2016.8251 57.9717
2016.8279 54.6201
2016.8306 59.5383
2016.8333 57.7664
2016.8361 55.1646
2016.8388 57.7128
2016.8415 52.6410
2016.8443 58.1892
2016.8470 54.1174
2016.8497 55.3156
2016.8525 52.5837
2016.8552 48.8519
2016.8579 52.1700
2016.8607 56.2482
2016.8634 55.8062
2016.8661 52.5943
2016.8689 49.6422
2016.8716 53.2802
2016.8743 54.1480
2016.8770 51.6558
2016.8798 53.9335
2016.8825 57.5212
2016.8852 53.5587
2016.8880 58.1862
2016.8907 57.0335
2016.8934 55.8608
2016.8962 50.0079
2016.8989 54.1049
2016.9016 51.7418
2016.9044 55.5585
2016.9071 50.0152
2016.9098 53.4016
2016.9126 52.4380
2016.9153 54.7941
2016.9180 52.7098
2016.9208 50.4249
2016.9235 54.0094
2016.9262 52.8933
2016.9290 52.3668
2016.9317 53.0498
2016.9344 51.6523
2016.9372 52.0045
2016.9399 52.9264
2016.9426 54.0679
2016.9454 52.2492
2016.9481 51.5904
2016.9508 53.4513
2016.9536 50.2921
2016.9563 51.2929
2016.9590 53.3936
2016.9617 52.3443
2016.9645 47.3750
2016.9672 51.0059
2016.9699 51.6369
2016.9727 51.5180
2016.9754 51.8994
2016.9781 49.0611
2016.9809 51.5130
2016.9836 55.5653
2016.9863 52.7780
2016.9891 49.2411
2016.9918 52.7147
2016.9945 53.0188
2016.9973 51.9834
2017.0000 51.1387
2017.0027 49.8746
2017.0055 52.3411
2017.0082 53.7182
2017.0110 51.6359
2017.0137 51.3841
2017.0164 50.3027
2017.0192 51.8917
2017.0219 50.5111
2017.0247 51.6408
2017.0274 50.1008
2017.0301 50.1811
2017.0329 51.8415
2017.0356 52.5321
2017.0384 53.3427
2017.0411 49.4535
2017.0438 50.4842
2017.0466 48.1449
2017.0493 51.0856
2017.0521 50.8061
2017.0548 53.4865
2017.0575 49.2866
2017.0603 49.4465
2017.0630 50.6161
2017.0658 54.3754
2017.0685 52.1943
2017.0712 53.4728
2017.0740 56.0907
2017.0767 54.0182
2017.0795 53.1351
2017.0822 59.0914
2017.0849 54.7372
2017.0877 55.9323
2017.0904 53.5869
2017.0932 53.3911
2017.0959 51.9448
2017.0986 52.9681
2017.1014 53.2310
2017.1041 52.1537
2017.1068 58.0961
2017.1096 57.1983
2017.1123 52.7503
2017.1151 60.9421
2017.1178 57.4039
2017.1205 57.1756
2017.1233 56.1274
2017.1260 54.5591
2017.1288 54.8610
2017.1315 57.4829
2017.1342 56.8051
2017.1370 54.6674
2017.1397 58.0600
2017.1425 58.6929
2017.1452 57.9261
2017.1479 54.0998
2017.1507 55.2638
2017.1534 58.4783
2017.1562 54.0534
2017.1589 53.7790
2017.1616 54.8751
2017.1644 49.9820
2017.1671 50.8396
2017.1699 49.7178
2017.1726 52.4466
2017.1753 52.0559
2017.1781 51.5258
2017.1808 58.6861
2017.1836 53.4269
2017.1863 57.1080
2017.1890 54.8194
2017.1918 56.5011
2017.1945 58.5231
2017.1973 55.5552
2017.2000 54.4874
2017.2027 52.2497
2017.2055 59.6421
2017.2082 55.8045
2017.2110 54.1567
2017.2137 58.5889
2017.2164 54.4910
2017.2192 57.4428
2017.2219 51.9745
2017.2247 50.9558
2017.2274 53.6568
2017.2301 49.8874
2017.2329 53.5275
2017.2356 52.8772
2017.2384 61.5264
2017.2411 53.9850
2017.2438 55.6930
2017.2466 52.3202
2017.2493 57.0667
2017.2521 52.7623
2017.2548 58.1372
2017.2575 52.9914
2017.2603 53.3950
2017.2630 58.6780
2017.2658 60.3805
2017.2685 54.4426
2017.2712 60.4943
2017.2740 57.9057
2017.2767 58.1468
2017.2795 60.3578
2017.2822 57.6286
2017.2849 57.5093
2017.2877 65.0901
2017.2904 63.4809
2017.2932 58.9018
2017.2959 57.2129
2017.2986 57.8042
2017.3014 53.9258
2017.3041 56.0979
2017.3068 62.4903
2017.3096 62.0432
2017.3123 59.5467
2017.3151 60.7808
2017.3178 58.8256
2017.3205 60.1011
2017.3233 57.2874
2017.3260 59.2845
2017.3288 56.2726
2017.3315 62.4315
2017.3342 61.8112
2017.3370 56.1514
2017.3397 56.4423
2017.3425 61.6336
2017.3452 59.1255
2017.3479 57.9879
2017.3507 63.1706
2017.3534 62.8537
2017.3562 62.2671
2017.3589 58.0108
2017.3616 58.9447
2017.3644 66.6488
2017.3671 67.4130
2017.3699 64.9773
2017.3726 64.8316
2017.3753 65.7959
2017.3781 67.2202
2017.3808 61.7543
2017.3836 61.0684
2017.3863 63.3222
2017.3890 60.2157
2017.3918 60.5890
2017.3945 57.9620
2017.3973 57.1246
2017.4000 55.7867
2017.4027 60.4584
2017.4055 62.1896
2017.4082 63.1502
2017.4110 58.4201
2017.4137 60.0795
2017.4164 56.6584
2017.4192 58.9168
2017.4219 61.1748
2017.4247 62.7524
2017.4274 66.2797
2017.4301 66.3966
2017.4329 69.3333
2017.4356 69.7498
2017.4384 67.2761
2017.4411 63.5022
2017.4438 61.3281
2017.4466 62.9040
2017.4493 62.3698
2017.4521 65.1656
2017.4548 67.7314
2017.4575 62.9972
2017.4603 59.3532
2017.4630 60.4492
2017.4658 64.0354
2017.4685 62.5417
2017.4712 64.4883
2017.4740 65.3452
2017.4767 68.8623
2017.4795 62.8597
2017.4822 66.5975
2017.4849 62.7758
2017.4877 65.0744
2017.4904 64.3935
2017.4932 65.5331
2017.4959 61.3532
2017.4986 63.6939
2017.5014 64.1150
2017.5041 65.8666
2017.5068 66.5186
2017.5096 66.5611
2017.5123 67.5238
2017.5151 68.3770
2017.5178 65.9104
2017.5205 65.2341
2017.5233 63.2880
2017.5260 61.3022
2017.5288 61.6765
2017.5315 64.8410
2017.5342 62.1956
2017.5370 62.2004
2017.5397 65.2251
2017.5425 67.1599
2017.5452 61.8147
2017.5479 67.0795
2017.5507 67.0442
2017.5534 68.0089
2017.5562 66.6234
2017.5589 67.1277
2017.5616 68.9419
2017.5644 72.1159
2017.5671 69.5596
2017.5699 68.5931
2017.5726 73.9662
2017.5753 74.9691
2017.5781 74.2015
2017.5808 71.6336
2017.5836 68.3051
2017.5863 69.1859
2017.5890 68.8561
2017.5918 64.7957
2017.5945 66.7847
2017.5973 71.2233
2017.6000 66.4014
2017.6027 64.2791
2017.6055 66.9864
2017.6082 66.7935
2017.6110 65.7204
2017.6137 71.6370
2017.6164 67.1635
2017.6192 70.5500
2017.6219 67.0164
2017.6247 68.5327
2017.6274 69.1692
2017.6301 66.0858
2017.6329 66.7425
2017.6356 66.0495
2017.6384 68.9267
2017.6411 69.3542
2017.6438 69.7021
2017.6466 69.6004
2017.6493 71.7392
2017.6521 73.1785
2017.6548 73.2183
2017.6575 69.3388
2017.6603 70.7899
2017.6630 74.9918
2017.6658 70.7345
2017.6685 69.5088
2017.6712 71.4246
2017.6740 68.5719
2017.6767 69.0005
2017.6795 70.0704
2017.6822 77.4113
2017.6849 62.4433
2017.6877 67.4762
2017.6904 65.6198
2017.6932 66.0041
2017.6959 70.3190
2017.6986 68.3543
2017.7014 71.2700
2017.7041 66.5259
2017.7068 74.6919
2017.7096 68.1779
2017.7123 67.1038
2017.7151 65.2995
2017.7178 68.5648
2017.7205 70.1997
2017.7233 62.5541
2017.7260 70.7978
2017.7288 70.8508
2017.7315 71.7228
2017.7342 71.2439
2017.7370 72.3238
2017.7397 72.0626
2017.7425 67.4200
2017.7452 70.3459
2017.7479 69.5904
2017.7507 67.9339
2017.7534 65.8873
2017.7562 68.2005
2017.7589 66.8935
2017.7616 71.5463
2017.7644 68.3690
2017.7671 68.3914
2017.7699 67.9737
2017.7726 69.2358
2017.7753 72.5877
2017.7781 69.5593
2017.7808 70.8708
2017.7836 68.5921
2017.7863 69.3632
2017.7890 66.1441
2017.7918 66.8747
2017.7945 65.7652
2017.7973 67.7954
2017.8000 69.0254
2017.8027 67.1652
2017.8055 71.7047
2017.8082 74.5341
2017.8110 74.2432
2017.8137 69.8121
2017.8164 69.7907
2017.8192 73.5491
2017.8219 71.1773
2017.8247 71.0352
2017.8274 72.6629
2017.8301 68.9604
2017.8329 69.8475
2017.8356 69.6744
2017.8384 69.0208
2017.8411 67.4769
2017.8438 69.7628
2017.8466 70.0583
2017.8493 72.4637
2017.8521 70.5588
2017.8548 73.5237
2017.8575 71.5985
2017.8603 71.3732
2017.8630 68.0678
2017.8658 71.2223
2017.8685 68.1967
2017.8712 71.0212
2017.8740 70.2257
2017.8767 69.9202
2017.8795 67.9248
2017.8822 67.1795
2017.8849 66.4644
2017.8877 66.1594
2017.8904 67.9146
2017.8932 70.8400
2017.8959 68.6557
2017.8986 69.0017
2017.9014 62.1679
2017.9041 65.7645
2017.9068 66.6915
2017.9096 68.8789
2017.9123 62.4767
2017.9151 70.7749
2017.9178 63.1636
2017.9205 65.6328
2017.9233 68.9525
2017.9260 65.5625
2017.9288 70.4029
2017.9315 69.3537
2017.9342 67.9547
2017.9370 68.0960
2017.9397 63.0675
2017.9425 63.9292
2017.9452 61.5011
2017.9479 61.6131
2017.9507 62.0852
2017.9534 64.5673
2017.9562 61.8695
2017.9589 65.1017
2017.9616 66.2838
2017.9644 62.8058
2017.9671 64.2777
2017.9699 64.7694
2017.9726 65.5010
2017.9753 62.9323
2017.9781 62.0534
2017.9808 60.4942
2017.9836 57.6247
2017.9863 58.4048
2017.9890 60.4945
2017.9918 60.6638
2017.9945 60.6226
2017.9973 59.4009
2018.0000 63.6587
2018.0027 63.9261
2018.0055 65.0435
2018.0082 62.9807
2018.0110 60.7779
2018.0137 59.5749
2018.0164 60.2919
2018.0192 60.7988
2018.0219 61.0857
2018.0247 62.6325
2018.0274 62.0992
2018.0301 61.0359
2018.0329 64.8125
2018.0356 65.0592
2018.0384 63.4157
2018.0411 61.7923
2018.0438 64.4989
2018.0466 64.3754
2018.0493 66.3520
2018.0521 67.3585
2018.0548 65.9351
2018.0575 64.5417
2018.0603 63.8183
2018.0630 64.1549
2018.0658 63.4516
2018.0685 65.3983
2018.0712 68.4551
2018.0740 64.8120
2018.0767 66.4989
2018.0795 66.1359
2018.0822 68.0529
2018.0849 68.0500
2018.0877 63.5871
2018.0904 62.1041
2018.0932 64.3813
2018.0959 60.4084
2018.0986 62.8756
2018.1014 66.7328
2018.1041 64.3101
2018.1068 62.3474
2018.1096 66.7848
2018.1123 65.5722
2018.1151 67.7697
2018.1178 68.3773
2018.1205 66.3349
2018.1233 64.7027
2018.1260 60.1305
2018.1288 62.7984
2018.1315 64.9864
2018.1342 61.2646
2018.1370 61.4528
2018.1397 63.2711
2018.1425 66.0396
2018.1452 58.7282
2018.1479 64.2870
2018.1507 59.6558
2018.1534 60.6148
2018.1562 60.5540
2018.1589 61.6333
2018.1616 66.4628
2018.1644 62.5733
2018.1671 63.5956
2018.1699 61.2595
2018.1726 60.7750
2018.1753 60.5719
2018.1781 59.5602
2018.1808 58.5496
2018.1836 59.3202
2018.1863 56.2917
2018.1890 60.4141
2018.1918 59.2273
2018.1945 57.0512
2018.1973 58.5656
2018.2000 56.6204
2018.2027 57.0756
2018.2055 54.7610
2018.2082 57.7765
2018.2110 59.8519
2018.2137 62.4873
2018.2164 61.8424
2018.2192 59.7772
2018.2219 54.8615
2018.2247 58.3253
2018.2274 60.4584
2018.2301 57.6907
2018.2329 61.5721
2018.2356 61.0325
2018.2384 59.1517
2018.2411 63.4198
2018.2438 61.5665
2018.2466 61.1819
2018.2493 61.6172
2018.2521 61.5124
2018.2548 59.4975
2018.2575 61.7826
2018.2603 61.7576
2018.2630 63.6926
2018.2658 62.0275
2018.2685 63.6822
2018.2712 62.1169
2018.2740 67.3414
2018.2767 66.2358
2018.2795 63.2600
2018.2822 66.1341
2018.2849 70.0081
2018.2877 67.3318
2018.2904 65.6554
2018.2932 67.7388
2018.2959 64.4519
2018.2986 65.2649
2018.3014 64.7276
2018.3041 71.9501
2018.3068 72.6323
2018.3096 70.4343
2018.3123 67.1360
2018.9644 65.8774
2018.9671 66.7491
2018.9699 69.1804
2018.9726 66.4211
2018.9753 70.0113
2018.9781 69.5009
2018.9808 66.9299
2018.9836 66.3082
2018.9863 64.8759
2018.9890 68.6428
2018.9918 68.4990
2018.9945 66.2343
2018.9973 63.6389
2019.0000 66.4625
2019.0027 68.8056
2019.0055 66.3584
2019.0082 69.4611
2019.0110 68.8135
2019.0137 72.5558
2019.0164 69.4979
2019.0192 68.1899
2019.0219 70.9817
2019.0247 66.2433
2019.0274 70.7049
2019.0301 65.9764
2019.0329 70.7077
2019.0356 69.3591
2019.0384 68.7103
2019.0411 66.0115
2019.0438 70.1227
2019.0466 73.5938
2019.0493 70.5749
2019.0521 68.7061
2019.0548 70.5673
2019.0575 69.2485
2019.0603 69.4197
2019.0630 70.2311
2019.0658 72.9225
2019.0685 68.5039
2019.0712 69.6155
2019.0740 70.6172
2019.0767 68.4491
2019.0795 67.1711
2019.0822 66.8332
2019.0849 65.4554
2019.0877 66.4975
2019.0904 67.8496
2019.0932 66.6318
2019.0959 68.7339
2019.0986 74.0861
2019.1014 68.6183
2019.1041 68.0505
2019.1068 66.5027
2019.1096 68.6750
2019.1123 69.0172
2019.1151 68.8395
2019.1178 68.5919
2019.1205 68.0042
2019.1233 68.0867
2019.1260 68.7291
2019.1288 61.7716
2019.1315 61.8742
2019.1342 58.4467
2019.1370 60.6794
2019.1397 63.3621
2019.1425 62.7849
2019.1452 66.2177
2019.1479 66.3806
2019.1507 61.7936
2019.1534 62.8066
2019.1562 63.5597
2019.1589 62.7129
2019.1616 60.3062
2019.1644 63.6898
2019.1671 65.0641
2019.1699 67.6990
2019.1726 65.1744
2019.1753 64.0105
2019.1781 61.4371
2019.1808 66.5542
2019.1836 67.3618
2019.1863 67.8699
2019.1890 68.3684
2019.1918 67.3775
2019.1945 68.1069
2019.1973 71.0868
2019.2000 69.5870
2019.2027 69.5576
2019.2055 69.0886
2019.2082 65.6199
2019.2110 70.7315
2019.2137 69.1534
2019.2164 67.6256
2019.2192 72.7181
2019.2219 69.1507
2019.2247 72.8736
2019.2274 72.4667
2019.2301 73.8399
2019.2329 74.0934
2019.2356 67.3469
2019.2384 70.4206
2019.2411 71.7343
2019.2438 69.8482
2019.2466 70.4021
2019.2493 72.8167
2019.2521 71.0618
2019.2548 69.5575
2019.2575 67.1236
2019.2603 72.5503
2019.2630 72.1373
2019.2658 75.4147
2019.2685 73.7824
2019.2712 73.5105
2019.2740 74.3887
2019.2767 67.8572
2019.2795 68.0558
2019.2822 64.6245
2019.2849 65.3033
2019.2877 70.1521
2019.2904 69.0209
2019.2932 72.6396
2019.2959 70.9982
2019.2986 68.7767
2019.3014 68.9249
2019.3041 68.8629
2019.3068 73.0007
2019.3096 71.1081
2019.3123 71.4751
2019.3151 72.4917
2019.3178 73.2678
2019.3205 72.0235
2019.3233 74.5686
2019.3260 72.7231
2019.3288 72.6970
2019.3315 70.9805
2019.3342 76.0839
2019.3370 81.4773
2019.3397 79.8206
2019.3425 77.8138
2019.3452 78.5669
2019.3479 76.4899
2019.3507 75.9427
2019.3534 74.4053
2019.3562 72.4778
2019.3589 75.5201
2019.3616 77.1722
2019.3644 77.8741
2019.3671 74.1457
2019.3699 78.6171
2019.3726 79.8883
2019.3753 75.4591
2019.3781 76.3597
2019.3808 74.7600
2019.3836 70.7699
2019.3863 68.7895
2019.3890 70.6788
2019.3918 68.2776
2019.3945 69.5861
2019.3973 69.4142
2019.4000 69.2819
2019.4027 69.1592
2019.4055 70.9560
2019.4082 68.2924
2019.4110 73.4883
2019.4137 73.8637
2019.4164 75.7391
2019.4192 74.4343
2019.4219 80.5395
2019.4247 74.7347
2019.4274 74.5197
2019.4301 76.0048
2019.4329 67.7197
2019.4356 70.4747
2019.4384 69.4295
2019.4411 70.9844
2019.4438 75.5192
2019.4466 73.3640
2019.4493 74.8688
2019.4521 75.9436
2019.4548 76.7184
2019.4575 75.3532
2019.4603 74.0979
2019.4630 75.8327
2019.4658 75.3775
2019.4685 75.9023
2019.4712 79.0872
2019.4740 77.0221
2019.4767 79.8270
2019.4795 76.8919
2019.4822 80.7369
2019.4849 81.6119
2019.4877 83.2370
2019.4904 84.3722
2019.4932 83.2274
2019.4959 81.0427
2019.4986 81.6481
2019.5014 82.2535
2019.5041 77.4789
2019.5068 78.8843
2019.5096 81.6898
2019.5123 79.0153
2019.5151 78.1809
2019.5178 78.5864
2019.5205 84.0720
2019.5233 83.5876
2019.5260 85.0532
2019.5288 84.0788
2019.5315 85.3744
2019.5342 84.0201
2019.5370 82.9657
2019.5397 79.6713
2019.5425 81.1069
2019.5452 81.7126
2019.5479 79.6482
2019.5507 79.4638
2019.5534 82.2394
2019.5562 81.3049
2019.5589 83.3505
2019.5616 84.2260
2019.5644 87.6415
2019.5671 89.3570
2019.5699 90.7924
2019.5726 89.4178
2019.5753 86.9732
2019.5781 87.1586
2019.5808 88.2839
2019.5836 87.1989
2019.5863 89.3935
2019.5890 85.5777
2019.5918 82.0416
2019.5945 82.5251
2019.5973 81.0082
2019.6000 82.4411
2019.6027 81.9537
2019.6055 88.2761
2019.6082 91.1383
2019.6110 92.4002
2019.6137 90.6921
2019.6164 82.6138
2019.6192 85.2853
2019.6219 80.7469
2019.6247 86.6083
2019.6274 88.2198
2019.6301 88.0012
2019.6329 85.5627
2019.6356 83.9042
2019.6384 85.0859
2019.6411 86.5776
2019.6438 87.7895
2019.6466 89.3216
2019.6493 85.6138
2019.6521 88.1863
2019.6548 87.5591
2019.6575 82.7421
2019.6603 80.9954
2019.6630 79.4091
2019.6658 82.4131
2019.6685 85.0675
2019.6712 87.5522
2019.6740 88.8873
2019.6767 86.6327
2019.6795 84.7784
2019.6822 79.6745
2019.6849 81.1409
2019.6877 83.7877
2019.6904 86.2547
2019.6932 85.7121
2019.6959 78.1997
2019.6986 82.6777
2019.7014 82.1959
2019.7041 85.9445
2019.7068 86.7033
2019.7096 88.7224
2019.7123 90.3118
2019.7151 84.8114
2019.7178 86.1513
2019.7205 91.6615
2019.7233 91.2719
2019.7260 82.4025
2019.7288 86.2434
2019.7315 85.7645
2019.7342 85.4059
2019.7370 83.9475
2019.7397 82.0793
2019.7425 82.3313
2019.7452 86.5635
2019.7479 88.2959
2019.7507 88.6090
2019.7534 87.2931
2019.7562 87.1280
2019.7589 85.9238
2019.7616 82.2705
2019.7644 83.8478
2019.7671 83.4558
2019.7699 84.9043
2019.7726 80.0034
2019.7753 80.6329
2019.7781 80.1927
2019.7808 80.5429
2019.7836 81.7333
2019.7863 85.3939
2019.7890 84.7746
2019.7918 85.6452
2019.7945 91.7959
2019.7973 87.4064
2019.8000 85.2768
2019.8027 85.0969
2019.8055 80.6567
2019.8082 79.4461
2019.8110 74.1251
2019.8137 75.0835
2019.8164 77.6113
2019.8192 80.6385
2019.8219 80.6149
2019.8247 79.1206
2019.8274 81.2753
2019.8301 80.9892
2019.8329 82.0421
2019.8356 79.6549
2019.8384 81.5976
2019.8411 77.7002
2019.8438 78.7726
2019.8466 75.9450
2019.8493 79.5772
2019.8521 78.7792
2019.8548 81.0710
2019.8575 80.8426
2019.8603 81.2340
2019.8630 83.1452
2019.8658 83.3561
2019.8685 85.0867
2019.8712 83.9070
2019.8740 81.1570
2019.8767 79.6067
2019.8795 78.6760
2019.8822 78.2149
2019.8849 78.7535
2019.8877 74.0716
2019.8904 76.8593
2019.8932 79.5766
2019.8959 77.1634
2019.8986 81.0797
2019.9014 76.4056
2019.9041 76.1209
2019.9068 79.1957
2019.9096 77.9399
2019.9123 75.9235
2019.9151 74.8366
2019.9178 78.7593
2019.9205 78.4221
2019.9233 77.2748
2019.9260 72.7875
2019.9288 71.8202
2019.9315 75.3129
2019.9342 71.1756
2019.9370 71.7883
2019.9397 70.9210
2019.9425 73.5236
2019.9452 74.9963
2019.9479 71.1190
2019.9507 70.6416
2019.9534 70.6843
2019.9562 70.4070
2019.9589 68.9896
2019.9616 72.2323
2019.9644 71.8349
2019.9671 69.5376
2019.9699 75.3403
2019.9726 73.5329
2019.9753 76.1956
2019.9781 72.8483
2019.9808 71.1810
2019.9836 75.5237
2019.9863 79.0564
2019.9890 79.0391
2019.9918 74.9518
2019.9945 78.2845
2019.9973 72.5973
2020.0000 74.5200
2020.0027 74.6828
2020.0055 77.2555
2020.0082 76.5783
2020.0109 77.5311
2020.0137 75.9839
2020.0164 78.2966
2020.0191 78.0694
2020.0219 78.8222
2020.0246 76.8550
2020.0273 73.6878
2020.0301 74.2805
2020.0328 72.8033
2020.0355 74.6461
2020.0383 73.7789
2020.0410 75.4217
2020.0437 75.2145
2020.0464 71.4773
2020.0492 74.2701
2020.0519 73.7829
2020.0546 73.6457
2020.0574 73.2485
2020.0601 72.2213
2020.0628 72.8941
2020.0656 75.8869
2020.0683 70.6297
2020.0710 74.2325
2020.0738 70.7654
2020.0765 72.3282
2020.0792 74.0310
2020.0820 72.3039
2020.0847 73.3269
2020.0874 72.2402
2020.0902 76.4136
2020.0929 78.3973
2020.0956 75.3712
2020.0984 70.3153
2020.1011 73.8495
2020.1038 75.8240
2020.1066 64.4886
2020.1093 70.3734
2020.1120 74.2284
2020.1148 76.6635
2020.1175 72.6988
2020.1202 71.9543
2020.1230 73.0199
2020.1257 74.2056
2020.1284 68.2214
2020.1311 69.6874
2020.1339 69.4035
2020.1366 67.7998
2020.1393 71.2761
2020.1421 69.4425
2020.1448 73.2791
2020.1475 70.2857
2020.1503 70.8024
2020.1530 74.8192
2020.1557 71.9861
2020.1585 71.1130
2020.1612 74.0500
2020.1639 74.8572
2020.1667 70.8749
2020.1694 71.4629
2020.1721 72.0313
2020.1749 73.0101
2020.1776 68.5193
2020.1803 74.0688
2020.1831 76.2486
2020.1858 73.3788
2020.1885 76.4193
2020.1913 76.2600
2020.1940 77.9011
2020.1967 78.8224
2020.1995 78.0239
2020.2022 78.4857
2020.2049 79.6377
2020.2077 73.8599
2020.2104 75.2323
2020.2131 75.5749
2020.2158 76.6176
2020.2186 74.7905
2020.2213 73.6234
2020.2240 76.4566
2020.2268 77.0298
2020.2295 78.7831
2020.2322 80.3464
2020.2350 79.8798
2020.2377 78.8833
2020.2404 77.4568
2020.2432 76.7603
2020.2459 69.7538
2020.2486 71.0482
2020.2514 75.1235
2020.2541 73.6698
2020.2568 66.9969
2020.2596 73.5048
2020.2623 73.3334
2020.2650 76.6926
2020.2678 76.9424
2020.2705 79.0926
2020.2732 78.7332
2020.2760 79.1441
2020.2787 70.5052
2020.2814 72.5664
2020.2842 72.0177
2020.2869 68.4789
2020.2896 68.6601
2020.2923 69.9110
2020.2951 76.3017
2020.2978 75.2320
2020.3005 75.1619
2020.3033 73.3613
2020.3060 69.7101
2020.3087 73.1982
2020.3115 72.8156
2020.3142 75.6521
2020.3169 75.6477
2020.3197 72.8923
2020.3224 72.7058
2020.3251 74.0782
2020.3279 74.2793
2020.3306 68.0192
2020.3333 70.3883
2020.3361 67.1465
2020.3388 72.8940
2020.3415 71.9408
2020.3443 71.0470
2020.3470 72.0926
2020.3497 70.7076
2020.3525 71.7122
2020.3552 69.9863
2020.3579 68.0801
2020.3607 73.2436
2020.3634 71.0767
2020.3661 70.2397
2020.3689 71.3325
2020.3716 71.5652
2020.3743 71.1179
2020.3770 74.3206
2020.3798 73.8033
2020.3825 77.3861
2020.3852 77.1691
2020.3880 80.7823
2020.3907 78.4558
2020.3934 77.6495
2020.3962 76.8037
2020.3989 78.7983
2020.4016 76.2334
2020.4044 72.1290
2020.4071 73.6751
2020.4098 79.0820
2020.4126 79.8495
2020.4153 81.3375
2020.4180 81.2358
2020.4208 81.9744
2020.4235 84.9532
2020.4262 84.9723
2020.4290 89.0016
2020.4317 88.9510
2020.4344 89.0006
2020.4372 90.9504
2020.4399 86.2102
2020.4426 84.4802
2020.4454 80.8502
2020.4481 82.9603
2020.4508 85.9903
2020.4536 87.5904
2020.4563 87.6104
2020.4590 90.0204
2020.4617 86.0003
2020.4645 88.8501
2020.4672 83.2698
2020.4699 80.5493
2020.4727 79.4487
2020.4754 81.1578
2020.4781 78.1468
2020.4809 76.8854
2020.4836 81.5239
2020.4863 80.8420
2020.4891 79.3398
2020.4918 79.5573
2020.4945 80.8944
2020.4973 83.7011
2020.5000 83.3070
2020.5027 84.5422
2020.5055 81.5768
2020.5082 82.2407
2020.5109 81.1641
2020.5137 81.5870
2020.5164 83.5195
2020.5191 83.3916
2020.5219 83.5934
2020.5246 84.8049
2020.5273 81.1262
2020.5301 85.0774
2020.5328 87.4984
2020.5355 83.9495
2020.5383 89.7505
2020.5410 81.9016
2020.5437 83.4229
2020.5464 85.7344
2020.5492 79.1961
2020.5519 80.2381
2020.5546 81.2405
2020.5574 82.9834
2020.5601 83.9667
2020.5628 88.1205
2020.5656 87.0350
2020.5683 86.3901
2020.5710 86.2259
2020.5738 85.2425
2020.5765 85.2199
2020.5792 87.0982
2020.5820 86.4473
2020.5847 85.5166
2020.5874 86.1159
2020.5902 89.9553
2020.5929 88.8346
2020.5956 84.7039
2020.5984 81.3733
2020.6011 82.6026
2020.6038 84.4120
2020.6066 83.8314
2020.6093 85.1208
2020.6120 84.0002
2020.6148 85.9096
2020.6175 80.1090
2020.6202 79.7484
2020.6230 79.5078
2020.6257 78.4273
2020.6284 76.7767
2020.6311 81.7462
2020.6339 81.0656
2020.6366 83.1951
2020.6393 78.9946
2020.6421 81.9840
2020.6448 91.2735
2020.6475 91.8330
2020.6503 86.8525
2020.6530 83.9320
2020.6557 82.0416
2020.6585 85.9311
2020.6612 84.4606
2020.6639 87.7202
2020.6667 87.1297
2020.6694 88.8193
2020.6721 86.5388
2020.6749 87.1684
2020.6776 89.8179
2020.6803 92.1475
2020.6831 92.2870
2020.6858 91.4766
2020.6885 89.0361
2020.6913 92.1157
2020.6940 92.4552
2020.6967 93.4948
2020.6995 91.6043
2020.7022 91.5639
2020.7049 86.8334
2020.7077 89.3430
2020.7104 88.4126
2020.7131 84.3421
2020.7158 89.1017
2020.7186 89.9812
2020.7213 90.1008
2020.7240 86.7503
2020.7268 89.6399
2020.7295 82.7994
2020.7322 84.0290
2020.7350 82.7385
2020.7377 83.3681
2020.7404 81.0176
2020.7432 84.1872
2020.7459 84.5667
2020.7486 87.1163
2020.7514 86.9858
2020.7541 90.2853
2020.7568 87.9947
2020.7596 87.7442
2020.7623 90.5736
2020.7650 86.4829
2020.7678 88.2923
2020.7705 92.6716
2020.7732 88.9910
2020.7760 83.3203
2020.7787 86.9396
2020.7814 85.5488
2020.7842 87.7681
2020.7869 87.2974
2020.7896 88.5767
2020.7923 85.7559
2020.7951 88.0452
2020.7978 85.9145
2020.8005 81.2938
2020.8033 88.4931
2020.8060 83.8224
2020.8087 86.1117
2020.8115 88.0611
2020.8142 87.3505
2020.8169 83.5299
2020.8197 83.7893
2020.8224 81.1287
2020.8251 81.6882
2020.8279 82.9577
2020.8306 84.1172
2020.8333 86.6772
2020.8361 83.9586
2020.8388 93.3316
2020.8415 85.5159
2020.8443 81.5916
2020.8470 79.6284
2020.8497 88.9963
2020.8525 80.0152
2020.8552 80.1150
2020.8579 84.0755
2020.8607 81.8167
2020.8634 86.5085
2020.8661 85.4008
2020.8689 83.8534
2020.8716 83.2263
2020.8743 83.7494
2020.8770 80.4625
2020.8798 81.2055
2020.8825 77.8884
2020.8852 75.4311
2020.8880 73.4634
2020.8907 76.3453
2020.8934 75.1066
2020.8962 76.6972
2020.8989 80.1171
2020.9016 79.0261
2020.9044 78.5242
2020.9071 81.0911
2020.9098 78.3469
2020.9126 84.5014
2020.9153 72.8446
2020.9180 77.9170
2020.9208 75.1993
2020.9235 75.9414
2020.9262 82.4834
2020.9290 85.1753
2020.9317 78.6170
2020.9344 80.4485
2020.9372 80.8000
2020.9399 87.3413
2020.9426 85.7125
2020.9454 83.7635
2020.9481 80.8245
2020.9508 82.9853
2020.9536 84.0860
2020.9563 85.0467
2020.9590 83.6572
2020.9617 80.6076
2020.9645 81.3179
2020.9672 81.8981
2020.9699 83.5583
2020.9727 82.4783
2020.9754 82.2383
2020.9781 83.5682
2020.9809 80.8080
2020.9836 86.4877
2020.9863 80.4774
2020.9891 81.2670
2020.9918 87.0166
2020.9945 85.3561
2020.9973 81.6355
2021.0000 85.5649
2021.0027 84.9339
2021.0055 87.1423
2021.0082 87.5001
2021.0110 83.1274
2021.0137 81.1042
2021.0164 85.5107
2021.0192 85.5868
2021.0219 82.2026
2021.0247 81.7783
2021.0274 85.9737
2021.0301 82.0891
2021.0329 84.1945
2021.0356 81.2599
2021.0384 78.7054
2021.0411 75.5810
2021.0438 79.8369
2021.0466 80.7730
2021.0493 81.0695
2021.0521 77.4763
2021.0548 76.8437
2021.0575 77.3215
2021.0603 80.2700
2021.0630 82.9990
2021.0658 81.9488
2021.0685 82.9593
2021.0712 80.8407
2021.0740 76.9629
2021.0767 78.8261
2021.0795 77.5003
2021.0822 87.6655
2021.0849 82.1911
2021.0877 83.1170
2021.0904 82.0232
2021.0932 80.8196
2021.0959 80.0663
2021.0986 78.3433
2021.1014 78.7804
2021.1041 76.2077
2021.1068 81.5952
2021.1096 76.3829
2021.1123 84.3507
2021.1151 81.7586
2021.1178 78.9366
2021.1205 80.1546
2021.1233 82.0328
2021.1260 78.3209
2021.1288 79.5091
2021.1315 79.3973
2021.1342 76.4554
2021.1370 73.6435
2021.1397 78.3516
2021.1425 82.6296
2021.1452 85.6074
2021.1479 81.4852
2021.1507 79.8128
2021.1534 81.7703
2021.1562 85.5575
2021.1589 84.1346
2021.1616 81.5315
2021.1644 84.6883
2021.1671 81.4350
2021.1699 85.9618
2021.1726 85.6586
2021.1753 79.3253
2021.1781 87.1621
2021.1808 87.2188
2021.1836 85.3755
2021.1863 84.4523
2021.1890 89.3390
2021.1918 86.3957
2021.1945 83.9124
2021.1973 85.8191
2021.2000 87.4658
2021.2027 84.5124
2021.2055 86.6991
2021.2082 82.9357
2021.2110 84.8423
2021.2137 83.4289
2021.2164 80.3155
2021.2192 83.9620
2021.2219 77.5885
2021.2247 80.6650
2021.2274 83.2315
2021.2301 82.4479
2021.2329 86.1744
2021.2356 86.0808
2021.2384 84.5071
2021.2411 82.3035
2021.2438 81.5898
2021.2466 83.9860
2021.2493 80.5820
2021.2521 84.0576
2021.2548 78.2029
2021.2575 78.0680
2021.2603 79.6429
2021.2630 76.6575
2021.2658 80.6019
2021.2685 80.8861
2021.2712 83.5002
2021.2740 82.7341
2021.2767 80.9479
2021.2795 80.6316
2021.2822 80.5852
2021.2849 84.1588
2021.2877 83.0923
2021.2904 82.0657
2021.2932 81.6992
2021.2959 74.3827
2021.2986 82.1862
2021.3014 85.2898
2021.3041 76.1435
2021.3068 79.2272
2021.3096 82.2611
2021.3123 76.2452
2021.3151 76.6093
2021.3178 81.5537
2021.3205 77.4883
2021.3233 75.8430
2021.3260 75.7381
2021.3288 75.8133
2021.3315 72.0592
2021.3342 73.5558
2021.3370 75.2931
2021.3397 72.7012
2021.3425 75.2098
2021.3452 78.9890
2021.3479 79.8387
2021.3507 80.5088
2021.3534 81.5394
2021.3562 88.4502
2021.3589 81.4412
2021.3616 81.0925
2021.3644 90.7639
2021.3671 82.6454
2021.3699 79.7369
2021.3726 76.3883
2021.3753 81.3296
2021.3781 82.0908
2021.3808 79.1118
2021.3836 77.4424
2021.3863 79.5227
2021.3890 84.1026
2021.3918 81.9720
2021.3945 80.2110
2021.3973 80.9893
2021.4000 80.4869
2021.4027 76.2039
2021.4055 77.2701
2021.4082 80.6555
2021.4110 83.2099
2021.4137 82.7636
2021.4164 80.9970
2021.4192 80.4402
2021.4219 80.8433
2021.4247 84.6562
2021.4274 80.8890
2021.4301 82.2116
2021.4329 87.2341
2021.4356 88.5564
2021.4384 92.3587
2021.4411 88.9507
2021.4438 87.9527
2021.4466 89.9045
2021.4493 86.0162
2021.4521 87.2578
2021.4548 89.2693
2021.4575 86.6007
2021.4603 90.2620
2021.4630 91.4931
2021.4658 93.3842
2021.4685 95.7451
2021.4712 90.5560
2021.4740 93.3368
2021.4767 89.4474
2021.4795 90.6480
2021.4822 86.9385
2021.4849 89.4590
2021.4877 86.7593
2021.4904 86.9596
2021.4932 86.2698
2021.4959 90.1400
2021.4986 94.3701
2021.5014 95.2702
2021.5041 90.1702
2021.5068 88.8302
2021.5096 89.4401
2021.5123 88.8501
2021.5151 87.8900
2021.5178 87.0699
2021.5205 86.4797
2021.5233 94.4396
2021.5260 88.6894
2021.5288 85.5092
2021.5315 90.4990
2021.5342 87.8488
2021.5370 93.7986
2021.5397 91.4483
2021.5425 93.3881
2021.5452 92.3579
2021.5479 86.0577
2021.5507 86.3174
2021.5534 87.1172
2021.5562 85.1270
2021.5589 83.9868
2021.5616 81.2966
2021.5644 81.8765
2021.5671 84.3863
2021.5699 84.6462
2021.5726 88.8261
2021.5753 90.4961
2021.5781 88.9360
2021.5808 94.6860
2021.5836 93.7759
2021.5863 90.0158
2021.5890 91.2855
2021.5918 92.7651
2021.5945 92.2047
2021.5973 88.9942
2021.6000 91.7038
2021.6027 91.2533
2021.6055 87.2629
2021.6082 87.4225
2021.6110 84.8422
2021.6137 88.2220
2021.6164 90.1119
2021.6192 95.2420
2021.6219 85.2622
2021.6247 85.2326
2021.6274 83.8231
2021.6301 86.5240
2021.6329 86.6650
2021.6356 86.0363
2021.6384 88.1379
2021.6411 91.7299
2021.6438 90.4921
2021.6466 90.1347
2021.6493 86.3477
2021.6521 86.4811
2021.6548 88.7349
2021.6575 96.2891
2021.6603 89.8138
2021.6630 90.9190
2021.6658 91.9848
2021.6685 88.3019
2021.6712 92.6103
2021.6740 91.9801
2021.6767 91.6910
2021.6795 95.9630
2021.6822 84.7661
2021.6849 95.2501
2021.6877 90.4950
2021.6904 93.5207
2021.6932 91.6071
2021.6959 97.5242
2021.6986 92.9018
2021.7014 92.6099
2021.7041 92.4084
2021.7068 92.5372
2021.7096 91.0963
2021.7123 87.0556
2021.7151 86.4849
2021.7178 89.8343
2021.7205 88.8536
2021.7233 94.0827
2021.7260 92.4816
2021.7288 91.0403
2021.7315 95.4685
2021.7342 93.5963
2021.7370 90.7435
2021.7397 93.2901
2021.7425 89.2161
2021.7452 89.7012
2021.7479 87.9255
2021.7507 88.3695
2021.7534 87.9535
2021.7562 91.4977
2021.7589 93.1220
2021.7616 93.1363
2021.7644 92.9907
2021.7671 97.2651
2021.7699 90.8495
2021.7726 89.1639
2021.7753 92.6283
2021.7781 90.8126
2021.7808 91.6768
2021.7836 90.7909
2021.7863 89.1849
2021.7890 89.9688
2021.7918 93.8425
2021.7945 92.7960
2021.7973 91.3293
2021.8000 86.3324
2021.8027 91.1752
2021.8055 92.7178
2021.8082 93.5400
2021.8110 90.0120
2021.8137 91.2136
2021.8164 91.9449
2021.8192 84.8058
2021.8219 88.8163
2021.8247 92.6464
2021.8274 88.4061
2021.8301 87.3653
2021.8329 87.6841
2021.8356 90.8425
2021.8384 84.1607
2021.8411 87.3886
2021.8438 91.3463
2021.8466 92.2038
2021.8493 89.2410
2021.8521 89.3780
2021.8548 85.1348
2021.8575 95.0814
2021.8603 90.5478
2021.8630 90.3341
2021.8658 92.4202
2021.8685 88.7362
2021.8712 86.3020
2021.8740 88.5376
2021.8767 90.2032
2021.8795 86.4686
2021.8822 89.4340
2021.8849 89.4793
2021.8904 87.5496
2021.8932 89.9246
2021.8959 89.8896
2021.8986 89.4046
2021.9014 90.4096
2021.9041 91.5045
2021.9068 92.5795
2021.9096 93.6544
2021.9123 92.6394
2021.9151 95.4843
2021.9178 94.3794
2021.9205 91.8245
2021.9233 93.9897
2021.9260 93.8149
2021.9288 95.1001
2021.9315 90.3954
2021.9342 88.4306
2021.9370 94.7359
2021.9397 96.7511
2021.9425 91.0063
2021.9452 92.9414
2021.9479 91.3565
2021.9507 90.7315
2021.9534 92.5064
2021.9562 88.7313
2021.9589 90.2860
2021.9616 94.2405
2021.9644 91.4250
2021.9671 88.0893
2021.9699 92.1834
2021.9726 84.5773
2021.9753 94.1610
2021.9781 89.1646
2021.9808 89.1379
2021.9836 95.4010
2021.9863 95.2638
2021.9890 94.5564
2021.9918 93.8087
2021.9945 94.7708
2021.9973 91.2225
2022.0000 93.9639
2022.0027 92.4050
2022.0055 92.2459
2022.0082 89.4064
2022.0110 88.2368
2022.0137 87.5469
2022.0164 89.7168
2022.0192 92.5764
2022.0219 90.8059
2022.0247 92.0351
2022.0274 89.0042
2022.0301 88.2931
2022.0329 86.3919
2022.0356 88.8705
2022.0384 89.0890
2022.0411 88.1273
2022.0438 90.0556
2022.0466 88.5038
2022.0493 88.2518
2022.0521 92.0098
2022.0548 84.1078
2022.0575 91.1757
2022.0603 90.1335
2022.0630 88.5213
2022.0658 89.8391
2022.0685 91.6170
2022.0712 88.1748
2022.0740 87.4226
2022.0767 88.1205
2022.0795 94.7884
2022.0822 96.2863
2022.0849 85.9241
2022.0877 89.6016
2022.0904 90.6388
2022.0932 87.8659
2022.0959 90.6029
2022.0986 87.2797
2022.1014 87.3963
2022.1041 91.5729
2022.1068 87.8894
2022.1096 88.4558
2022.1123 90.2821
2022.1151 91.1285
2022.1178 93.2349
2022.1205 92.5712
2022.1233 92.0776
2022.1260 87.0241
2022.1288 91.6407
2022.1315 91.9574
2022.1342 90.7541
2022.1370 89.8111
2022.1397 97.1882
2022.1425 91.7855
2022.1452 92.6930
2022.1479 88.7507
2022.1507 86.8787
2022.1534 90.4870
2022.1562 92.1555
2022.1589 89.6644
2022.1616 91.2336
2022.1644 92.7532
2022.1671 91.2334
2022.1699 92.1641
2022.1726 91.4353
2022.1753 90.7068
2022.1781 93.2088
2022.1808 90.8112
2022.1836 92.4038
2022.1863 89.6568
2022.1890 91.8500
2022.1918 86.7635
2022.1945 92.5772
2022.1973 89.6210
2022.2000 87.6949
2022.2027 85.6389
2022.2055 90.0730
2022.2082 88.9371
2022.2110 96.5412
2022.2137 97.5453
2022.2164 95.5993
2022.2192 83.6232
2022.2219 90.6769
2022.2247 90.6804
2022.2274 92.0338
2022.2301 90.3369
2022.2329 87.1497
2022.2356 88.3422
2022.2384 88.3143
2022.2411 89.1261
2022.2438 89.0174
2022.2466 94.2883
2022.2493 89.3491
2022.2521 93.8598
2022.2548 89.0104
2022.2575 85.1809
2022.2603 84.0113
2022.2630 85.0216
2022.2658 84.3219
2022.2685 85.5521
2022.2712 84.4523
2022.2740 84.9524
2022.2767 86.9925
2022.2795 85.8625
2022.2822 88.6525
2022.2849 86.7526
2022.2877 87.6826
2022.2904 87.7326
2022.2932 86.8126
2022.2959 83.2626
2022.2986 85.5227
2022.3014 85.4428
2022.3041 78.2929
2022.3068 76.9430
2022.3096 79.7833
2022.3123 78.1635
2022.3151 79.1539
2022.3178 83.7143
2022.3205 85.1548
2022.3233 90.7854
2022.3260 86.5061
2022.3288 88.2869
2022.3315 86.3978
2022.3342 84.2188
2022.3370 80.8499
2022.3397 84.1311
2022.3425 84.9524
2022.3452 83.9937
2022.3479 83.3852
2022.3507 78.6867
2022.3534 81.8884
2022.3562 82.0301
2022.3589 83.3819
2022.3616 90.1938
2022.3644 89.1057
2022.3671 92.0878
2022.3699 92.0299
2022.3726 91.5621
2022.3753 92.0243
2022.3781 94.3267
2022.3808 93.8190
2022.3836 92.1315
2022.3863 92.5440
2022.3890 96.1566
2022.3918 93.2192
2022.3945 90.7219
2022.3973 92.0747
2022.4000 89.0875
2022.4027 93.0903
2022.4055 97.8033
2022.4082 93.2762
2022.4110 93.9192
2022.4137 95.8824
2022.4164 96.2262
2022.4192 92.1408
2022.4219 93.7261
2022.4247 92.8021
2022.4274 96.7786
2022.4301 93.2957
2022.4329 95.4532
2022.4356 93.9112
2022.4384 94.8696
2022.4411 97.6084
2022.4438 99.5874
2022.4466 94.2266
2022.4493 89.3860
2022.4521 87.4656
2022.4548 87.1252
2022.4575 87.0448
2022.4603 86.5344
2022.4630 91.9239
2022.4658 92.8233
2022.4685 93.9025
2022.4712 93.7915
2022.4740 94.2102
2022.4767 97.0785
2022.4795 97.8865
2022.4822 98.9140
2022.4849 97.2910
2022.4877 96.0274
2022.4904 97.7833
2022.4932 96.0885
2022.4959 97.2130
2022.4986 97.6766
2022.5014 97.8093
2022.5041 99.4412
2022.5068 100.6922
2022.5096 98.8225
2022.5123 101.5422
2022.5151 104.2412
2022.5178 101.9396
2022.5205 102.6276
2022.5233 99.9452
2022.5260 97.9424
2022.5288 97.5093
2022.5315 99.9160
2022.5342 100.0826
2022.5370 100.7690
2022.5397 99.8955
2022.5425 100.7219
2022.5452 98.8885
2022.5479 94.8552
2022.5507 96.1921
2022.5534 96.6793
2022.5562 94.5169
2022.5589 93.3649
2022.5616 101.2734
2022.5644 98.0325
2022.5671 97.7821
2022.5699 95.0324
2022.5726 92.2035
2022.5753 91.7854
2022.5781 91.5881
2022.6055 98.2078
2022.6082 91.6340
2022.6110 93.2803
2022.6137 96.9068
2022.6164 93.1235
2022.6192 96.0204
2022.6219 96.2575
2022.6247 96.5847
2022.6274 97.7322
2022.6301 96.7398
2022.6329 92.1376
2022.6356 95.8756
2022.6384 101.4837
2022.6411 102.1520
2022.6438 94.7905
2022.6466 94.8092
2022.6493 91.1480
2022.6521 95.3769
2022.6548 97.7261
2022.6575 102.9554
2022.6603 99.6748
2022.6630 97.4744
2022.6658 103.4442
2022.6685 102.6344
2022.6712 100.2650
2022.6740 97.3860
2022.6767 98.5674
2022.6795 100.5291
2022.6822 105.6711
2022.6849 104.1533
2022.6877 100.7358
2022.6904 95.7485
2022.6932 100.9514
2022.6959 97.6644
2022.6986 107.4776
2022.7014 102.7908
2022.7041 98.7740
2022.7068 97.6173
2022.7096 99.6605
2022.7123 98.0238
2022.7151 99.9069
2022.7178 100.2799
2022.7205 101.2828
2022.7233 111.2455
2022.7260 102.2780
2022.7288 100.7003
2022.7315 99.1723
2022.7342 100.6641
2022.7370 102.9655
2022.7397 109.2965
2022.7425 100.0872
2022.7452 102.2574
2022.7479 99.2972
2022.7507 98.9463
2022.7534 96.7247
2022.7562 97.0725
2022.7589 97.7196
2022.7616 97.4361
2022.7644 103.1421
2022.7671 100.3975
2022.7699 105.4725
2022.7726 105.2172
2022.7753 102.4714
2022.7781 106.2253
2022.7808 101.1690
2022.7836 100.3824
2022.7863 106.9257
2022.7890 103.8488
2022.7918 104.2219
2022.7945 102.1849
2022.7973 100.7479
2022.8000 99.1310
2022.8027 96.8942
2022.8055 97.0875
2022.8082 97.3410
2022.8110 97.0748
2022.8137 96.3888
2022.8164 95.4132
2022.8192 98.5179
2022.8219 92.7431
2022.8247 90.3788
2022.8274 91.5149
2022.8301 97.7116
2022.8329 91.7790
2022.8356 95.6976
2022.8384 96.8174
2022.8411 95.6882
2022.8438 97.1000
2022.8466 93.9428
2022.8493 90.9763
2022.8521 99.7307
2022.8548 96.8657
2022.8575 95.0912
2022.8603 93.0573
2022.8630 98.1238
2022.8658 101.5506
2022.8685 99.4177
2022.8712 101.9149
2022.8740 101.3122
2022.8767 94.7995
2022.8795 104.7367
2022.8822 96.8337
2022.8849 99.8205
2022.8877 98.4669
2022.8904 103.7829
2022.8932 105.2184
2022.8959 99.9934
2022.8986 99.7776
2022.9014 97.9211
2022.9041 97.7737
2022.9068 98.3254
2022.9096 105.6261
2022.9123 97.1457
2022.9151 101.0841
2022.9178 97.9914
2022.9205 100.3675
2022.9233 99.7627
2022.9260 93.6568
2022.9288 93.8599
2022.9315 97.9120
2022.9342 96.2231
2022.9370 99.1033
2022.9397 97.9226
2022.9425 99.4810
2022.9452 97.4485
2022.9479 98.6351
2022.9507 100.1009
2022.9534 95.6160
2022.9562 95.2102
2022.9589 94.3837
2022.9616 96.6864
2022.9644 96.7584
2022.9671 96.2998
2022.9699 95.1304
2022.9726 97.3404
2022.9753 93.0898
2022.9781 97.4585
2022.9808 93.8267
2022.9836 94.0743
2022.9863 94.6314
2022.9890 94.4480
2022.9918 94.3740
2022.9945 93.9196
2022.9973 92.0548
2023.0000 98.2595
