2010.0055 -0.7003
2010.0082 0.4491
2010.0110 -7.7522
2010.0219 -3.7141
2010.0247 -1.8584
2010.0274 1.5968
2010.0301 -0.0482
2010.0329 0.1364
2010.0356 -0.4992
2010.0384 1.7250
2010.0411 -5.2208
2010.0466 -7.1926
2010.0493 -8.7084
2010.0521 -2.0340
2010.0548 2.1705
2010.0575 4.8154
2010.0603 0.7106
2010.0630 -2.2038
2010.0658 -0.7478
2010.0685 0.2188
2010.0712 3.5859
2010.0740 -3.3362
2010.0986 -3.9919
2010.1041 -3.5433
2010.1068 3.0162
2010.1096 -0.0041
2010.1123 1.0659
2010.1205 2.1381
2010.1233 3.2998
2010.1260 22.5520
2010.1288 5.0949
2010.1315 2.6684
2010.1342 1.0426
2010.1370 -0.7423
2010.1397 0.3335
2010.1425 0.4203
2010.1452 0.3081
2010.1479 -2.0332
2010.1507 2.4066
2010.1534 0.4076
2010.1562 -1.5503
2010.1589 0.2331
2010.1616 4.5578
2010.1671 15.0894
2010.1699 7.0759
2010.1726 4.8827
2010.1753 4.2900
2010.1781 0.0976
2010.1808 15.8356
2010.1836 23.6339
2010.1863 1.6825
2010.1890 2.4214
2010.1918 -5.7294
2010.1973 4.2797
2010.2000 -3.7804
2010.2027 4.9297
2010.2055 -2.2900
2010.2082 -1.6796
2010.2110 2.5810
2010.2137 -0.3783
2010.2164 4.2925
2010.2192 -0.0766
2010.2219 -2.4857
2010.2247 4.9353
2010.2274 -1.5137
2010.2301 0.7273
2010.2329 3.4983
2010.2356 5.7993
2010.2384 -3.8898
2010.2411 0.9411
2010.2438 -1.6081
2010.2466 -3.3176
2010.2493 0.2425
2010.2521 1.4519
2010.2548 3.0109
2010.2575 10.3194
2010.2603 12.8576
2010.2630 -3.9045
2010.2658 -0.7667
2010.2685 -6.1291
2010.2712 0.2085
2010.2740 19.2061
2010.2767 17.8839
2010.2795 19.9518
2010.2822 26.4100
2010.2849 24.7486
2010.2877 24.0876
2010.2904 7.6870
2010.2932 -0.4229
2010.2959 -4.8322
2010.2986 -1.1408
2010.3205 -9.3945
2010.3233 -2.1631
2010.3260 -4.1003
2010.3288 -0.4860
2010.3315 -2.7105
2010.3342 -0.8543
2010.3370 -0.5676
2010.3397 -0.8503
2010.3425 -1.8924
2010.3452 -3.5640
2010.3479 -1.9651
2010.3507 -3.8757
2010.3534 -3.7860
2010.3562 -3.5058
2010.3589 -4.2552
2010.3616 -5.2943
2010.3644 -4.6031
2010.3671 6.2384
2010.3726 1.9821
2010.3753 4.5543
2010.3781 0.6366
2010.3808 7.0891
2010.3836 4.5416
2010.3863 4.0643
2010.3890 8.1370
2010.3918 24.4997
2010.3945 24.9824
2010.3973 28.8551
2010.4000 29.2576
2010.4027 29.6801
2010.4055 30.0225
2010.4082 29.0647
2010.4110 20.5367
2010.4137 29.1785
2010.4164 26.1203
2010.4192 12.5821
2010.4219 13.6840
2010.4247 6.4158
2010.4274 4.4176
2010.4301 8.7695
2010.4329 -0.0886
2010.4384 7.4151
2010.4411 9.1670
2010.4438 13.0388
2010.4493 13.2126
2010.4521 7.6845
2010.4603 5.8401
2010.4630 5.8620
2010.4658 8.9839
2010.4685 18.5358
2010.4712 19.9876
2010.4740 5.8795
2010.4767 6.9714
2010.4795 9.3633
2010.4822 19.3451
2010.4849 10.2970
2010.4877 15.9788
2010.4904 15.5907
2010.4932 12.1325
2010.4959 10.7943
2010.4986 12.8361
2010.5014 9.4079
2010.5041 10.6796
2010.5068 7.4412
2010.5096 6.9927
2010.5123 4.1243
2010.5151 4.2057
2010.5178 6.1471
2010.5205 5.5584
2010.5233 9.7796
2010.5260 10.2108
2010.5288 14.1619
2010.5315 -3.4871
2010.5342 10.8039
2010.5370 11.3747
2010.5397 18.8355
2010.5425 12.8362
2010.5452 3.0668
2010.5479 32.3774
2010.5507 21.3978
2010.5534 14.4681
2010.5562 22.0284
2010.5589 14.0585
2010.5616 14.1586
2010.5644 0.9186
2010.5671 6.2284
2010.5699 -0.4018
2010.5726 3.7578
2010.5753 -2.0627
2010.5781 -2.6933
2010.5808 -2.3339
2010.5836 -10.0971
2010.5863 -4.3649
2010.5890 -3.1070
2010.5918 -0.7732
2010.5945 -0.8431
2010.5973 -3.1365
2010.6000 -1.8130
2010.6027 -6.3525
2010.6055 -6.2546
2010.6082 -4.5691
2010.6110 -5.1356
2010.6137 -4.8139
2010.6164 -4.9038
2010.6192 -0.9848
2010.6301 -7.5055
2010.6329 0.5916
2010.6356 -3.7308
2010.6384 -6.0425
2010.6411 7.2969
2010.6438 -1.4424
2010.6466 1.8899
2010.6493 2.9441
2010.6521 3.1404
2010.6548 5.3092
2010.6575 5.3107
2010.6603 5.9852
2010.6630 9.3531
2010.6658 9.0940
2010.6685 19.0459
2010.6712 7.8581
2010.6740 9.0408
2010.6767 6.8141
2010.6795 9.6179
2010.6822 15.2323
2010.6849 12.9873
2010.6877 19.2230
2010.6904 5.0994
2010.6932 30.4165
2010.6959 26.2944
2010.6986 12.7232
2010.7014 23.5727
2010.7041 -1.3868
2010.7178 10.6101
2010.7205 2.0767
2010.7233 1.7044
2010.7260 -0.5967
2010.7288 0.2634
2010.7315 -5.4952
2010.7342 -8.3625
2010.7370 -1.6085
2010.7397 4.8569
2010.7425 8.6337
2010.7452 6.8619
2010.7479 -3.1684
2010.7507 -2.6370
2010.7534 -5.6437
2010.7562 -5.4288
2010.7589 -0.8123
2010.7616 10.2357
2010.7644 9.4450
2010.7671 3.7056
2010.7699 9.4873
2010.7726 20.6100
2010.7753 -1.0164
2010.7781 -0.8520
2010.7808 -0.6770
2010.7836 0.0886
2010.7863 -1.2354
2010.7890 -4.4391
2010.7918 12.6575
2010.7945 4.2541
2010.7973 19.0107
2010.8000 14.4671
2010.8027 2.8033
2010.8055 9.2091
2010.8082 3.6244
2010.8110 3.2091
2010.8137 3.2731
2010.8164 4.2463
2010.8192 3.3385
2010.8219 -2.0604
2010.8247 3.8896
2010.8274 15.2982
2010.8301 1.8454
2010.8329 14.9215
2010.8356 14.7987
2010.8384 17.1772
2010.8411 17.8467
2010.8438 -3.1830
2010.8466 3.4880
2010.8493 -2.6707
2010.8521 3.0607
2010.8575 8.5332
2010.8603 10.5338
2010.8630 16.5636
2010.8658 12.1625
2010.8685 14.2402
2010.8712 17.3765
2010.8740 20.6812
2010.8767 0.3641
2010.8795 4.4148
2010.8822 8.3133
2010.8849 -1.5807
2010.8877 3.0826
2010.8904 5.3628
2010.8932 5.7400
2010.8959 4.1037
2010.8986 4.4538
2010.9014 9.3800
2010.9041 5.0022
2010.9068 2.1201
2010.9096 4.5135
2010.9123 4.7621
2010.9151 4.6158
2010.9178 5.6968
2010.9205 3.1076
2010.9233 0.5682
2010.9260 0.0186
2010.9288 -2.9311
2010.9315 0.8590
2010.9342 0.6589
2010.9370 0.4287
2010.9397 -2.0516
2010.9425 3.4079
2010.9452 3.6173
2010.9479 1.1367
2010.9507 2.3659
2010.9534 0.9950
2010.9562 -3.7160
2010.9589 1.8430
2010.9616 -1.3481
2010.9644 1.8407
2010.9671 5.0795
2010.9699 0.7383
2010.9726 -1.8330
2010.9753 9.9757
2010.9781 4.9744
2010.9808 8.3331
2010.9836 7.5418
2010.9863 5.2105
2010.9890 3.7292
2010.9918 7.9180
2010.9945 3.5668
2011.0000 3.3445
2011.0027 3.6334
2011.0055 7.2622
2011.0082 -6.9391
2011.0110 5.0395
2011.0137 4.4081
2011.0164 -0.2434
2011.0192 5.3351
2011.0219 4.7735
2011.0247 1.3919
2011.0274 3.2903
2011.0301 0.7887
2011.0329 0.6570
2011.0384 3.8337
2011.0411 -5.5379
2011.0438 3.8904
2011.0466 4.7189
2011.0493 6.2073
2011.0548 5.1044
2011.0575 7.5030
2011.0630 6.5205
2011.0685 3.6783
2011.0712 4.4773
2011.0740 5.2765
2011.0767 1.1358
2011.0795 -0.2148
2011.0822 1.9854
2011.0849 7.0305
2011.0959 5.2284
2011.0986 3.9156
2011.1123 10.4349
2011.1233 5.9496
2011.1260 8.1147
2011.1288 13.5296
2011.1342 9.6978
2011.1397 6.1111
2011.1425 18.6401
2011.1452 26.4469
2011.1479 33.7611
2011.1507 12.5723
2011.1534 7.1903
2011.1562 36.3246
2011.1589 16.2449
2011.1644 -0.5956
2011.1671 20.1675
2011.1699 7.1802
2011.1726 16.3224
2011.1753 6.2541
2011.1781 6.4355
2011.1808 4.8865
2011.1836 3.3670
2011.1863 14.4372
2011.1890 7.5570
2011.1918 4.8664
2011.1945 2.2054
2011.1973 2.6241
2011.2000 6.3625
2011.2027 5.2905
2011.2055 6.8481
2011.2082 7.1855
2011.2110 5.8225
2011.2137 -3.6808
2011.2164 1.9056
2011.2192 6.8717
2011.2219 2.9076
2011.2247 5.8332
2011.2274 2.1585
2011.2301 1.2235
2011.2329 4.3983
2011.2356 5.4829
2011.2384 4.0172
2011.2411 3.5913
2011.2438 0.2552
2011.2466 1.9687
2011.2493 2.7211
2011.2521 3.6722
2011.2548 3.5922
2011.2575 4.0212
2011.2603 4.9492
2011.2630 6.0364
2011.2658 9.2828
2011.2685 11.0186
2011.2712 3.2238
2011.2740 4.8586
2011.2767 4.4930
2011.2795 5.8171
2011.2822 7.9011
2011.2849 9.2650
2011.2877 6.6089
2011.2904 8.8030
2011.2932 5.0172
2011.2959 11.2318
2011.2986 3.2568
2011.3014 11.9423
2011.3041 6.7684
2011.3068 8.4852
2011.3096 4.9627
2011.3123 3.6112
2011.3151 5.8107
2011.3178 2.1213
2011.3205 10.6630
2011.3233 8.1160
2011.3260 6.5504
2011.3288 6.0563
2011.3315 9.2252
2011.3342 15.7285
2011.3370 10.1360
2011.3397 7.5472
2011.3425 15.4520
2011.3452 4.4899
2011.3479 9.8407
2011.3507 9.7141
2011.3534 10.5297
2011.3562 9.5872
2011.3589 8.2564
2011.3616 9.4568
2011.3644 16.3482
2011.3671 27.8504
2011.3699 19.0528
2011.3726 19.8854
2011.3753 11.7376
2011.3781 7.8493
2011.3808 8.4502
2011.3836 9.3398
2011.3863 8.1579
2011.3890 17.6842
2011.3918 10.5183
2011.3945 8.3200
2011.3973 6.7289
2011.4000 11.8848
2011.4027 14.6073
2011.4055 17.4061
2011.4082 25.9808
2011.4110 26.9213
2011.4137 23.3877
2011.4164 17.4333
2011.4192 24.4287
2011.4219 17.2139
2011.4247 14.6089
2011.4274 9.7937
2011.4301 9.0382
2011.4329 12.2926
2011.4356 11.7068
2011.4384 13.1607
2011.4411 11.4845
2011.4438 6.9780
2011.4466 3.6214
2011.4493 6.6246
2011.4521 8.0876
2011.4575 6.4730
2011.4603 3.1454
2011.4630 8.1277
2011.4658 20.5598
2011.4685 15.9517
2011.4712 19.6234
2011.4740 18.6750
2011.4767 19.4864
2011.4795 15.7977
2011.4822 19.5387
2011.4849 14.6997
2011.4877 14.4905
2011.4932 8.4315
2011.4959 8.2519
2011.4986 15.5619
2011.5014 10.6315
2011.5041 13.5306
2011.5068 21.3194
2011.5096 11.8179
2011.5123 7.6161
2011.5151 15.6640
2011.5178 14.7817
2011.5205 16.0292
2011.5233 13.1766
2011.5260 16.6839
2011.5288 20.3911
2011.5315 17.0783
2011.5342 17.1055
2011.5370 18.2427
2011.5397 20.9601
2011.5425 18.9575
2011.5452 18.6252
2011.5479 18.5730
2011.5507 16.8911
2011.5534 11.7194
2011.5562 11.4581
2011.5589 12.6271
2011.5616 12.5765
2011.5644 10.1763
2011.5671 13.0866
2011.5699 13.2774
2011.5726 10.7187
2011.5753 10.3406
2011.5781 13.6932
2011.5808 14.4264
2011.5836 12.5004
2011.5863 9.5154
2011.5890 10.6114
2011.5918 11.7282
2011.5945 13.0860
2011.5973 12.5346
2011.6000 13.1740
2011.6027 23.5241
2011.6055 22.7450
2011.6082 24.7366
2011.6110 21.3089
2011.6137 18.9618
2011.6164 16.9153
2011.6192 9.5494
2011.6219 16.1540
2011.6247 25.4591
2011.6274 23.9747
2011.6301 22.8106
2011.6329 25.5070
2011.6356 20.4738
2011.6384 32.1608
2011.6411 16.8382
2011.6438 9.1458
2011.6466 8.8937
2011.6493 8.1017
2011.6521 9.6999
2011.6548 9.9982
2011.6575 5.7366
2011.6603 8.6050
2011.6630 15.5235
2011.6658 3.5720
2011.6685 37.9207
2011.6712 26.9697
2011.6740 21.9389
2011.6767 16.1284
2011.6795 7.5182
2011.6822 4.2382
2011.6849 7.1785
2011.6877 8.3791
2011.6904 10.5599
2011.6932 15.3810
2011.6959 11.1023
2011.6986 8.9239
2011.7014 5.8057
2011.7041 13.1978
2011.7068 17.8101
2011.7096 15.1627
2011.7123 15.5655
2011.7151 11.9585
2011.7178 12.5418
2011.7205 12.5554
2011.7233 13.9191
2011.7260 16.1831
2011.7288 6.8174
2011.7315 16.2218
2011.7342 14.1765
2011.7370 2.7314
2011.7397 10.1966
2011.7425 5.0219
2011.7452 2.1475
2011.7479 5.9533
2011.7507 4.4101
2011.7534 3.4584
2011.7562 1.0481
2011.7589 6.9692
2011.7616 3.4316
2011.7644 11.4150
2011.7671 7.6095
2011.7699 13.8948
2011.7726 8.9210
2011.7753 9.6178
2011.7781 6.4852
2011.7808 6.8230
2011.7863 5.6096
2011.7890 2.0582
2011.7918 6.9467
2011.7945 23.1452
2011.7973 23.1734
2011.8000 11.6913
2011.8027 11.9888
2011.8055 9.0758
2011.8082 8.2021
2011.8110 12.4976
2011.8137 14.6622
2011.8164 20.8659
2011.8192 14.3585
2011.8219 12.0098
2011.8247 14.7699
2011.8274 10.5785
2011.8301 15.5456
2011.8329 9.0510
2011.8356 6.7145
2011.8384 9.3562
2011.8411 5.3163
2011.8438 14.2648
2011.8466 4.8419
2011.8493 8.7177
2011.8521 5.2523
2011.8548 9.0459
2011.8575 26.8785
2011.8603 23.2502
2011.8630 8.3013
2011.8658 13.3118
2011.8685 12.3218
2011.8712 8.7915
2011.8740 4.4610
2011.8767 4.8303
2011.8795 3.4897
2011.8822 5.6493
2011.8849 8.5491
2011.8877 4.9493
2011.8904 8.3500
2011.8932 9.6513
2011.8959 7.8434
2011.8986 3.3963
2011.9014 6.3802
2011.9041 4.6653
2011.9068 10.8516
2011.9096 11.6992
2011.9123 11.7383
2011.9151 14.5490
2011.9178 13.6417
2011.9205 7.9165
2011.9233 23.9134
2011.9260 24.6121
2011.9288 17.2625
2011.9315 13.6743
2011.9342 14.4074
2011.9370 20.3316
2011.9397 6.2368
2011.9425 9.7827
2011.9452 11.9191
2011.9479 10.7360
2011.9507 11.6331
2011.9534 24.2102
2011.9562 22.0071
2011.9589 14.3437
2011.9616 7.7399
2011.9644 9.5253
2011.9671 12.3899
2011.9699 7.8734
2011.9726 11.7157
2011.9753 10.4166
2011.9781 4.5559
2011.9808 11.9334
2011.9836 11.1490
2011.9863 7.2524
2011.9890 13.6436
2011.9918 15.6023
2011.9945 13.2183
2011.9973 12.7915
2012.0000 8.0116
2012.0027 13.4002
2012.0055 9.9587
2012.0109 12.1256
2012.0137 12.3740
2012.0164 13.8523
2012.0191 9.7806
2012.0219 12.2789
2012.0246 10.2771
2012.0273 13.8753
2012.0301 10.3234
2012.0328 14.8915
2012.0355 10.2796
2012.0383 11.7977
2012.0410 11.7457
2012.0437 21.8137
2012.0464 24.5317
2012.0492 10.9497
2012.0519 12.9876
2012.0546 13.0755
2012.0574 14.5534
2012.0601 9.8613
2012.0628 11.4792
2012.0656 17.2870
2012.0683 14.3549
2012.0710 16.2327
2012.0738 11.4506
2012.0765 14.5784
2012.0792 8.5863
2012.0820 14.3841
2012.0847 13.9219
2012.0874 16.1797
2012.0902 17.0174
2012.0929 24.7351
2012.0956 22.4728
2012.0984 17.9704
2012.1011 11.2880
2012.1038 18.3256
2012.1066 13.1832
2012.1093 15.2608
2012.1120 12.9384
2012.1148 15.1060
2012.1175 16.4335
2012.1202 13.9011
2012.1230 10.3487
2012.1257 10.5363
2012.1284 9.8539
2012.1311 10.8115
2012.1339 13.9592
2012.1366 9.6568
2012.1393 12.8345
2012.1421 14.4723
2012.1448 10.2000
2012.1475 8.4578
2012.1503 11.3157
2012.1530 24.9836
2012.1557 33.5815
2012.1585 38.4395
2012.1612 10.5275
2012.1639 11.7962
2012.1667 11.6666
2012.1694 11.8985
2012.1721 12.6318
2012.1749 15.9465
2012.1776 12.4425
2012.1803 8.0396
2012.1831 16.2777
2012.1858 8.9068
2012.1885 11.3067
2012.1913 9.6974
2012.1940 10.4287
2012.1967 14.5205
2012.1995 10.7328
2012.2022 10.3254
2012.2049 7.1483
2012.2077 11.6313
2012.2104 11.0243
2012.2131 10.4272
2012.2158 9.7500
2012.2186 9.1725
2012.2213 7.4546
2012.2240 6.4863
2012.2268 7.1173
2012.2295 5.3277
2012.2322 16.6773
2012.2350 14.7560
2012.2377 12.9138
2012.2404 7.4004
2012.2432 5.2759
2012.2459 5.6001
2012.2486 9.9030
2012.2514 15.7847
2012.2541 10.5952
2012.2568 8.8648
2012.2596 6.1534
2012.2623 5.2612
2012.2650 6.6083
2012.2678 10.1647
2012.2705 8.4905
2012.2732 9.6059
2012.2760 15.5109
2012.2787 14.3056
2012.2814 12.6900
2012.2842 12.3344
2012.2869 9.3988
2012.2896 11.7932
2012.2923 10.0978
2012.2951 11.4627
2012.2978 8.6979
2012.3005 13.0135
2012.3033 13.0697
2012.3060 19.0864
2012.3087 33.1439
2012.3115 21.4822
2012.3142 34.3213
2012.3169 28.6515
2012.3197 23.9227
2012.3224 36.1351
2012.3251 16.5987
2012.3279 15.2637
2012.3306 15.9000
2012.3333 13.3173
2012.3361 8.8755
2012.3388 8.7545
2012.3415 15.7544
2012.3443 18.6849
2012.3470 16.9660
2012.3497 14.6677
2012.3525 13.5599
2012.3552 11.9526
2012.3579 20.5455
2012.3607 22.0488
2012.3634 35.8523
2012.3689 22.1597
2012.3716 35.5334
2012.3743 31.0671
2012.3770 28.6207
2012.3798 22.9941
2012.3825 22.6772
2012.3852 19.2400
2012.3880 19.1124
2012.3907 20.2443
2012.3934 18.1657
2012.3962 19.2265
2012.3989 15.1466
2012.4016 14.4860
2012.4044 11.8346
2012.4071 10.7423
2012.4098 13.3890
2012.4126 12.9347
2012.4153 17.9800
2012.4180 36.6751
2012.4208 36.1500
2012.4235 26.5049
2012.4262 26.6597
2012.4290 29.1343
2012.4317 28.5589
2012.4344 29.0034
2012.4372 22.9579
2012.4399 22.3723
2012.4426 20.0666
2012.4454 19.1409
2012.4481 22.2151
2012.4508 19.0693
2012.4536 28.3036
2012.4563 22.3778
2012.4590 26.2720
2012.4617 25.8262
2012.4645 23.9104
2012.4672 27.3247
2012.4699 27.4390
2012.4727 28.4434
2012.4754 28.6378
2012.4781 26.0122
2012.4809 21.9568
2012.4836 14.4914
2012.4863 13.4761
2012.4891 13.1309
2012.4918 11.1458
2012.4945 13.5408
2012.4973 13.6160
2012.5000 13.3810
2012.5027 11.5159
2012.5055 14.3107
2012.5082 13.7954
2012.5109 16.7901
2012.5137 14.9248
2012.5164 19.4194
2012.5191 6.7241
2012.5219 10.2988
2012.5246 8.4236
2012.5273 10.5484
2012.5301 8.8033
2012.5328 7.4583
2012.5355 4.8535
2012.5383 6.9489
2012.6257 16.1405
2012.6448 8.9875
2012.6475 7.5679
2012.6557 14.0172
2012.6585 21.1561
2012.6612 26.1644
2012.6694 20.2573
2012.7322 13.6073
2012.7350 29.9088
2012.7377 24.7593
2012.7404 21.2890
2012.7432 18.6577
2012.7459 6.3654
2012.7486 8.6221
2012.7514 5.3277
2012.7541 6.4224
2012.7568 6.2761
2012.7596 12.2489
2012.7623 10.4309
2012.7650 12.8720
2012.7678 14.8524
2012.7705 15.2821
2012.7732 16.3611
2012.7760 16.7696
2012.7787 11.8074
2012.7814 13.4447
2012.7842 20.0115
2012.7869 23.0679
2012.7896 27.7939
2012.7923 21.0795
2012.7951 23.8449
2012.7978 19.3500
2012.8005 23.0949
2012.8033 22.2296
2012.8060 21.5843
2012.8087 27.9788
2012.8115 15.7234
2012.8142 16.5579
2012.8169 16.2226
2012.8197 15.0573
2012.8224 12.2122
2012.8251 11.7474
2012.8279 10.3328
2012.8306 8.5384
2012.8333 14.1744
2012.8361 12.1904
2012.8388 11.8964
2012.8415 9.1123
2012.8443 12.5383
2012.8470 11.9142
2012.8497 23.2801
2012.8525 15.8260
2012.8552 11.2318
2012.8579 8.3076
2012.8607 11.5932
2012.8634 12.8488
2012.8661 17.2943
2012.8689 12.1197
2012.8716 12.5149
2012.8743 7.9301
2012.8770 10.2351
2012.8798 13.2599
2012.8825 15.1246
2012.8852 12.4892
2012.8880 13.8836
2012.8907 13.9578
2012.8934 13.4617
2012.8962 9.1055
2012.8989 11.9391
2012.9016 10.9525
2012.9044 12.3256
2012.9071 12.5585
2012.9098 15.6411
2012.9126 17.3035
2012.9153 13.9956
2012.9180 12.6366
2012.9208 12.7659
2012.9235 13.7038
2012.9262 16.3602
2012.9290 12.1053
2012.9317 15.5492
2012.9344 16.2119
2012.9372 17.6637
2012.9399 14.8145
2012.9426 14.2845
2012.9454 10.4438
2012.9481 9.6524
2012.9508 9.1606
2012.9536 11.6383
2012.9563 13.3858
2012.9590 14.8830
2012.9617 15.9201
2012.9645 12.5972
2012.9672 12.2244
2012.9699 9.6318
2012.9727 11.7095
2012.9754 13.2176
2012.9781 13.9062
2012.9809 14.6354
2012.9836 13.3753
2012.9863 14.1160
2012.9891 15.1176
2012.9918 12.3903
2012.9945 13.1140
2012.9973 13.6289
2013.0000 1.8152
2013.0027 14.3123
2013.0055 9.6099
2013.0082 13.2180
2013.0110 14.1664
2013.0137 15.1954
2013.0164 12.5347
2013.0192 13.9045
2013.0219 12.8646
2013.0247 14.3352
2013.0274 16.5361
2013.0301 17.9374
2013.0329 16.0790
2013.0356 17.7210
2013.0384 19.5334
2013.0411 12.8860
2013.0438 14.0589
2013.0466 13.4422
2013.0493 17.1957
2013.0521 16.7095
2013.0548 15.3236
2013.0575 19.6380
2013.0603 9.6825
2013.0630 17.1773
2013.0658 18.7724
2013.0685 15.3576
2013.0712 18.5230
2013.0740 12.0586
2013.0767 21.7844
2013.0795 18.0904
2013.0822 16.7265
2013.0849 17.1229
2013.0877 16.3996
2013.0904 17.7667
2013.0932 15.7042
2013.0959 19.2021
2013.0986 21.9704
2013.1014 20.9693
2013.1041 16.9987
2013.1068 25.3387
2013.1096 20.8493
2013.1123 21.7806
2013.1151 19.2125
2013.1178 16.0851
2013.1205 19.7385
2013.1233 14.4027
2013.1260 15.3277
2013.1288 15.9035
2013.1315 16.9102
2013.1342 17.3979
2013.1370 16.1465
2013.1616 13.7430
2013.1644 35.0531
2013.1671 22.8645
2013.1699 25.2971
2013.1726 32.0609
2013.1753 13.8859
2013.1781 16.1119
2013.1808 10.3989
2013.1836 13.3670
2013.1863 13.2959
2013.1890 12.8457
2013.1918 13.0363
2013.1945 18.3578
2013.1973 16.1999
2013.2000 14.5527
2013.2027 15.6562
2013.2055 18.4202
2013.2082 29.3247
2013.2110 22.3797
2013.2137 14.2552
2013.2164 25.6910
2013.2192 15.6471
2013.2219 14.4635
2013.2247 16.3002
2013.2274 16.0670
2013.2301 20.9639
2013.2329 19.0709
2013.2356 21.4880
2013.2384 18.2150
2013.2411 20.3919
2013.2438 34.7887
2013.2466 24.6757
2013.2493 17.3947
2013.2521 21.7858
2013.2548 20.7689
2013.2575 18.9437
2013.2603 21.0501
2013.2630 20.8679
2013.2658 21.3468
2013.2685 6.8668
2013.2712 35.4274
2013.2740 25.7487
2013.2767 39.0703
2013.2795 26.9220
2013.2822 35.0038
2013.2877 36.3164
2013.2932 25.9065
2013.2959 34.2151
2013.2986 29.9325
2013.3014 20.6885
2013.3041 19.0829
2013.3068 29.7654
2013.3096 20.3060
2013.3123 20.0243
2013.3151 26.2002
2013.3178 20.4435
2013.3205 31.0440
2013.3233 31.6915
2013.3260 39.8658
2013.3288 34.2567
2013.3315 40.6351
2013.3452 18.5578
2013.3479 20.8688
2013.3507 15.9988
2013.3534 18.4278
2013.3562 20.8859
2013.3589 14.5531
2013.3616 11.5194
2013.3644 17.5949
2013.3671 20.9797
2013.3699 16.1938
2013.3726 12.7873
2013.3753 12.0302
2013.3781 20.6325
2013.3808 38.4844
2013.3836 32.1858
2013.3863 22.9068
2013.3890 23.8975
2013.3918 21.9180
2013.3945 22.0382
2013.3973 23.2482
2013.4000 19.6281
2013.4027 22.8079
2013.4055 25.8377
2013.4082 22.0975
2013.4110 19.5774
2013.4137 12.7374
2013.4164 19.5071
2013.4192 17.1566
2013.4219 17.7559
2013.4247 15.0849
2013.4274 26.3938
2013.4301 23.5225
2013.4329 23.8511
2013.4356 19.9395
2013.4384 22.1479
2013.4411 20.6862
2013.4438 19.3945
2013.4466 14.6727
2013.4493 20.3710
2013.4521 16.8193
2013.4548 13.6176
2013.4575 14.5561
2013.4603 11.6946
2013.4630 11.7232
2013.4658 10.4620
2013.4685 23.1510
2013.4712 24.8802
2013.4740 24.5796
2013.4767 23.1592
2013.4795 21.4491
2013.4822 19.3493
2013.4849 19.9498
2013.4877 23.2706
2013.4904 20.4518
2013.4932 9.0834
2013.4959 22.2754
2013.4986 24.3278
2013.5014 22.2405
2013.5041 25.4534
2013.5068 27.3066
2013.5096 25.6201
2013.5123 32.2137
2013.5151 30.6876
2013.5178 30.3017
2013.5205 30.4560
2013.5233 32.4704
2013.5260 25.7149
2013.5288 23.4596
2013.5315 22.9544
2013.5342 24.1493
2013.5370 24.7642
2013.5397 22.3092
2013.5425 17.0242
2013.5452 14.3692
2013.5479 21.2143
2013.5507 23.4493
2013.5534 24.4643
2013.5562 20.3692
2013.5589 25.9941
2013.5616 22.4988
2013.5644 22.1035
2013.5671 21.6880
2013.5699 18.9924
2013.5726 18.0767
2013.5753 18.4207
2013.5781 20.7646
2013.5808 19.4982
2013.5836 22.3914
2013.5863 26.7138
2013.5890 27.0755
2013.5918 24.7365
2013.5945 31.1070
2013.5973 20.4970
2013.6000 18.9164
2013.6027 18.6255
2013.6055 21.2942
2013.6082 15.9025
2013.6110 17.4307
2013.6137 15.4886
2013.6164 20.1064
2013.6192 23.9541
2013.6219 26.3217
2013.6247 27.9494
2013.6274 25.2972
2013.6301 26.3451
2013.6329 28.1432
2013.6356 28.4416
2013.6384 28.5002
2013.6411 29.4292
2013.6438 32.2686
2013.6466 16.4085
2013.6493 28.9689
2013.6521 30.5699
2013.6548 28.7515
2013.6575 25.0038
2013.6603 24.6568
2013.6630 24.6007
2013.6658 24.7157
2013.6685 31.5940
2013.6712 24.3257
2013.6740 17.1604
2013.6767 27.7681
2013.6795 9.4384
2013.6822 24.6412
2013.6849 19.4962
2013.6877 14.8931
2013.6904 16.1017
2013.6932 18.8918
2013.6959 16.0831
2013.6986 14.5255
2013.7014 14.5786
2013.7041 22.1423
2013.7068 16.3663
2013.7096 24.6703
2013.7123 6.4142
2013.7151 22.0176
2013.7178 24.4605
2013.7205 24.3524
2013.7233 24.6433
2013.7260 21.9527
2013.7288 23.6307
2013.7315 14.0867
2013.7342 13.2008
2013.7370 12.4025
2013.7397 14.8717
2013.7452 23.4016
2013.7479 33.9718
2013.7507 15.3503
2013.7534 14.9186
2013.7562 11.1267
2013.7616 19.7325
2013.7644 13.0101
2013.7671 16.2076
2013.7699 16.8050
2013.7726 19.7722
2013.7753 22.9792
2013.7781 25.9062
2013.7808 21.8930
2013.7836 25.6396
2013.7863 22.6861
2013.7890 22.9825
2013.7918 23.6088
2013.7945 20.8349
2013.7973 24.5010
2013.8000 23.5369
2013.8027 23.0727
2013.8055 23.3684
2013.8082 29.4240
2013.8110 29.9295
2013.8137 19.9449
2013.8164 22.5702
2013.8192 19.5454
2013.8219 25.4906
2013.8247 33.8256
2013.8274 39.4006
2013.8301 20.8555
2013.8329 29.8803
2013.8356 22.3553
2013.8384 27.0904
2013.8411 26.0355
2013.8438 25.4908
2013.8466 23.7061
2013.8493 20.3214
2013.8521 21.6766
2013.8548 21.2219
2013.8575 25.8171
2013.8603 20.9721
2013.8630 22.9471
2013.8658 30.4719
2013.8685 20.9366
2013.8712 18.2510
2013.8740 19.1253
2013.8767 21.4293
2013.8795 19.5830
2013.8822 20.9764
2013.8849 17.9495
2013.8877 25.9722
2013.8904 12.3945
2013.8932 29.7965
2013.8959 28.9080
2013.8986 17.8990
2013.9014 22.0496
2013.9041 14.7097
2013.9068 14.7192
2013.9096 16.1881
2013.9123 16.3065
2013.9151 16.5142
2013.9178 14.6307
2013.9205 14.0753
2013.9233 15.8381
2013.9260 15.8793
2013.9288 16.4889
2013.9315 13.9371
2013.9342 17.0839
2013.9370 17.8095
2013.9397 12.8640
2013.9425 19.8675
2013.9452 17.6701
2013.9479 16.8419
2013.9507 13.5530
2013.9534 18.7836
2013.9562 17.7737
2013.9589 10.8534
2013.9616 14.2329
2013.9644 14.0422
2013.9671 15.4816
2013.9699 18.7510
2013.9726 17.4906
2013.9753 17.8405
2014.0137 14.8672
2014.0164 16.3839
2014.0192 13.9405
2014.0219 16.7471
2014.0247 15.8738
2014.0274 17.7808
2014.0301 19.1379
2014.0329 33.3954
2014.0356 26.5633
2014.0384 20.7517
2014.0411 16.6006
2014.0438 14.9101
2014.0466 17.8104
2014.0493 19.7914
2014.0521 15.1632
2014.0548 23.1959
2014.0575 16.5096
2014.0603 14.6844
2014.0630 20.3603
2014.0658 20.6774
2014.0685 16.0757
2014.0712 16.9954
2014.0740 17.2566
2014.0767 22.8592
2014.0795 16.9534
2014.0822 18.8690
2014.0849 20.5552
2014.0877 23.0517
2014.0904 22.1886
2014.0932 19.3658
2014.0959 21.2733
2014.0986 17.6710
2014.1014 16.7590
2014.1041 21.6072
2014.1068 17.1756
2014.1096 18.0742
2014.1123 19.7629
2014.1151 21.4117
2014.1178 28.2807
2014.1205 28.9998
2014.1233 21.2689
2014.1288 23.4873
2014.1315 20.1865
2014.1342 19.2757
2014.1370 18.9348
2014.1397 20.9338
2014.1425 19.8328
2014.1452 17.0617
2014.1479 36.8304
2014.1507 24.4390
2014.1562 23.0956
2014.1589 31.2335
2014.1616 21.6313
2014.1644 21.9387
2014.1671 24.8660
2014.1699 32.8530
2014.1726 29.8799
2014.1753 32.0366
2014.1781 23.5332
2014.1808 20.0496
2014.1836 20.5459
2014.1863 20.7622
2014.1890 21.5783
2014.1918 19.4845
2014.1945 17.0506
2014.1973 19.7567
2014.2000 16.9928
2014.2027 14.5089
2014.2055 15.3552
2014.2082 17.0914
2014.2110 24.8678
2014.2137 19.1343
2014.2164 19.6409
2014.2192 16.4477
2014.2219 21.9746
2014.2247 21.5718
2014.2274 18.2391
2014.2301 23.0267
2014.2329 19.8945
2014.2356 18.9427
2014.2384 22.0911
2014.2411 21.4698
2014.2438 28.2188
2014.2466 31.4385
2014.2493 21.9398
2014.2521 29.6430
2014.2548 21.8378
2014.2575 34.0343
2014.2603 24.9223
2014.2630 30.8016
2014.2658 33.3522
2014.2712 38.3666
2014.2740 27.9702
2014.2767 20.6947
2014.2795 25.9698
2014.2822 27.9254
2014.2849 24.4215
2014.2877 22.3180
2014.2904 24.7646
2014.2932 25.1114
2014.2959 27.5081
2014.2986 37.1448
2014.3014 23.3111
2014.3041 19.6672
2014.3068 20.7727
2014.3096 32.4677
2014.3260 40.0187
2014.3288 36.9463
2014.3315 34.1231
2014.3370 29.8763
2014.3397 18.3426
2014.3425 17.2288
2014.3452 16.2548
2014.3479 30.8407
2014.3507 24.6765
2014.3534 17.2322
2014.3562 21.2177
2014.3589 23.4931
2014.3616 22.3884
2014.3644 20.2136
2014.3671 23.2086
2014.3699 27.2336
2014.3726 20.1585
2014.3753 24.2533
2014.3781 43.1679
2014.3808 38.1525
2014.3836 34.8371
2014.3863 34.3815
2014.3890 30.2559
2014.3918 29.1202
2014.3945 31.5044
2014.3973 28.4286
2014.4000 25.0427
2014.4055 30.7808
2014.4082 21.2847
2014.4110 21.4587
2014.4137 20.2225
2014.4164 22.3756
2014.4192 21.0180
2014.4219 21.1998
2014.4247 20.2709
2014.4274 21.0415
2014.4301 16.6915
2014.4329 16.6411
2014.4356 16.9603
2014.4384 15.3591
2014.4411 14.9076
2014.4438 17.3858
2014.4466 17.1939
2014.4493 19.3418
2014.4521 26.8796
2014.4548 21.9673
2014.4575 30.3751
2014.4603 33.1829
2014.4630 41.6208
2014.4658 24.9288
2014.4685 28.7171
2014.4712 24.5756
2014.4740 24.3445
2014.4767 23.4337
2014.4795 23.4233
2014.4822 20.9334
2014.4849 26.6040
2014.4877 27.5751
2014.4904 25.3769
2014.4932 22.0394
2014.4959 22.8526
2014.4986 23.8783
2014.5014 25.1580
2014.5041 19.4015
2014.5068 17.8584
2014.5096 25.4786
2014.5123 23.8716
2014.5151 25.0273
2014.5178 32.8753
2014.5205 27.4153
2014.5233 33.8471
2014.5260 23.0204
2014.5342 39.5564
2014.5370 19.6527
2014.5397 19.8991
2014.5425 18.0753
2014.5452 21.8310
2014.5507 17.7097
2014.5534 17.4321
2014.5562 18.9728
2014.5589 21.9317
2014.5616 20.6383
2014.5644 19.9623
2014.5671 22.8236
2014.5699 25.2318
2014.5726 25.1867
2014.5753 25.8878
2014.5781 27.7851
2014.5808 24.5381
2014.5836 25.4787
2014.5863 31.9588
2014.5890 31.9783
2014.5918 31.0574
2014.5945 32.0061
2014.5973 30.7842
2014.6000 33.8420
2014.6027 34.8393
2014.6055 33.2062
2014.6082 31.3528
2014.6110 29.0889
2014.6137 30.1047
2014.6164 29.0702
2014.6192 28.3454
2014.6219 31.2802
2014.6247 31.2847
2014.6274 32.1090
2014.6301 36.8130
2014.6329 34.2368
2014.6356 30.5903
2014.6384 31.0736
2014.6411 31.1267
2014.6438 25.7497
2014.6466 21.0925
2014.6493 22.8551
2014.6521 17.7476
2014.6548 16.5899
2014.6575 20.7122
2014.6603 18.7644
2014.6630 22.7565
2014.6658 22.0285
2014.6685 22.0199
2014.6712 20.2708
2014.6740 19.8211
2014.6767 17.2910
2014.6795 25.5404
2014.6822 35.0894
2014.6849 17.6581
2014.6877 19.8065
2014.6904 15.8346
2014.6932 18.3125
2014.6959 17.1402
2014.6986 15.2479
2014.7014 16.0354
2014.7041 16.7330
2014.7068 17.7905
2014.7096 22.4781
2014.7123 21.4759
2014.7151 21.6238
2014.7178 18.4919
2014.7205 22.2202
2014.7233 15.8089
2014.7260 21.1479
2014.7288 14.9872
2014.7315 16.7570
2014.7342 17.4473
2014.7370 19.1981
2014.7397 17.7295
2014.7425 16.3015
2014.7452 16.2542
2014.7479 20.4876
2014.7644 19.3458
2014.7671 28.7110
2014.7699 24.9684
2014.7726 26.7878
2014.7753 27.6589
2014.8603 19.6897
2014.8630 18.8574
2014.8658 23.6847
2014.8685 18.5016
2014.8712 15.7281
2014.8740 17.3843
2014.8767 17.4401
2014.8795 17.5956
2014.8822 16.2107
2014.8849 17.1755
2014.8877 19.0300
2014.8904 17.7043
2014.8932 14.0282
2014.8959 18.1219
2014.9014 11.6785
2014.9041 21.3815
2014.9068 19.8042
2014.9096 21.1268
2014.9123 19.3692
2014.9178 24.9630
2014.9205 19.7335
2014.9233 18.1931
2014.9260 19.2518
2014.9288 18.7397
2014.9342 25.1136
2014.9370 24.0497
2014.9397 16.0954
2014.9425 24.0608
2014.9452 27.1459
2014.9479 16.6709
2014.9507 22.8859
2014.9534 28.6808
2014.9562 22.4859
2014.9589 17.1512
2014.9616 25.0168
2014.9644 22.8828
2014.9671 24.3093
2014.9699 22.5663
2014.9726 25.5841
2014.9753 19.3525
2014.9781 23.9819
2014.9808 22.8721
2014.9863 18.8658
2014.9890 21.6094
2014.9918 17.8943
2014.9945 17.6906
2014.9973 18.8284
2015.0000 15.8377
2015.0027 20.2885
2015.0055 18.9707
2015.0082 23.1342
2015.0110 21.7588
2015.0137 17.8546
2015.0164 11.5513
2015.0192 15.9090
2015.0219 22.4176
2015.0247 19.0569
2015.0274 19.2269
2015.0301 15.8875
2015.0329 18.3386
2015.0356 18.3702
2015.0384 16.8322
2015.0411 17.9244
2015.0438 19.1668
2015.0466 20.2793
2015.0493 32.7719
2015.0521 22.0044
2015.0548 34.2568
2015.0575 16.2190
2015.0603 24.5009
2015.0630 25.9824
2015.0658 26.7534
2015.0685 35.0239
2015.0740 37.1830
2015.0767 43.3514
2015.0795 22.5790
2015.0822 30.3154
2015.0849 24.8103
2015.0877 25.5335
2015.0904 30.0952
2015.0932 26.1257
2015.0986 42.2835
2015.1014 27.6312
2015.1041 21.0582
2015.1068 23.5648
2015.1096 23.9010
2015.1123 28.4572
2015.1151 24.1234
2015.1178 23.3497
2015.1205 34.8965
2015.1233 32.6237
2015.1260 46.8317
2015.1288 30.5005
2015.1315 32.6604
2015.1342 24.2814
2015.1370 25.5137
2015.1397 25.3876
2015.1425 26.3732
2015.1452 26.7205
2015.1479 30.6699
2015.1507 24.5915
2015.1534 25.8354
2015.1562 27.2018
2015.1589 22.3108
2015.1616 24.9327
2015.1644 24.6565
2015.1671 22.3510
2015.1699 22.6564
2015.1726 21.7026
2015.1753 17.5494
2015.1781 22.5869
2015.1808 28.0550
2015.1836 24.8837
2015.1863 25.1329
2015.1890 24.1626
2015.1918 33.9327
2015.1945 39.1432
2015.1973 30.4140
2015.2000 25.9251
2015.2027 25.8964
2015.2055 27.8179
2015.2082 27.7896
2015.2110 23.7114
2015.2137 26.0432
2015.2164 26.6450
2015.2192 24.5668
2015.2247 42.8401
2015.2274 37.1214
2015.2301 28.3726
2015.2329 25.1135
2015.2356 20.9741
2015.2384 27.3543
2015.2411 24.5740
2015.2438 26.1334
2015.2466 16.6523
2015.2493 20.8218
2015.2521 23.8719
2015.2548 26.2425
2015.2575 25.8136
2015.2603 20.9450
2015.2630 27.4267
2015.2658 25.5886
2015.2685 39.3007
2015.2712 23.8228
2015.2740 29.8549
2015.2767 36.7068
2015.2795 22.5087
2015.2822 21.2302
2015.2849 29.6114
2015.2877 24.2722
2015.2904 22.6726
2015.2932 27.7923
2015.2959 23.5515
2015.2986 23.8199
2015.3014 25.1575
2015.3041 23.4942
2015.3068 22.7000
2015.3096 25.0048
2015.3123 25.6784
2015.3151 22.2609
2015.3205 38.9020
2015.3233 46.0605
2015.3260 42.5874
2015.3288 38.5628
2015.3315 33.0161
2015.3342 28.7969
2015.3370 30.2152
2015.3397 28.9511
2015.3425 27.6149
2015.3452 21.0967
2015.3479 18.6164
2015.3507 19.0644
2015.3534 29.5107
2015.3562 28.7154
2015.3589 30.9986
2015.3616 21.8405
2015.3644 28.2412
2015.3671 23.2008
2015.3699 25.4295
2015.3726 23.0773
2015.3753 23.5144
2015.3781 28.9810
2015.3808 24.9970
2015.3836 30.2027
2015.3863 34.8782
2015.3890 34.3036
2015.3918 23.4790
2015.3945 20.6045
2015.3973 22.0304
2015.4000 23.6566
2015.4027 42.2733
2015.4055 32.8007
2015.4082 27.9588
2015.4110 26.6978
2015.4137 24.7577
2015.4164 25.1576
2015.4192 18.5773
2015.4219 19.5370
2015.4247 20.0265
2015.4274 30.7460
2015.4301 31.3854
2015.4329 36.4748
2015.4356 32.4040
2015.4384 30.3133
2015.4411 35.8225
2015.4438 31.3916
2015.4466 30.4008
2015.4493 28.4599
2015.4521 31.4690
2015.4548 29.5582
2015.4575 36.3873
2015.4603 35.7465
2015.4630 35.2657
2015.4658 32.0350
2015.4685 28.9643
2015.4712 31.2936
2015.4740 33.8531
2015.4767 43.6026
2015.4795 25.7422
2015.4822 35.2920
2015.4849 40.0118
2015.4877 31.9517
2015.4904 35.5118
2015.4932 33.6320
2015.4959 31.7124
2015.4986 32.0129
2015.5014 29.7838
2015.5041 24.9250
2015.5068 27.3365
2015.5096 28.2483
2015.5123 29.1604
2015.5151 38.9828
2015.5178 33.2255
2015.5205 32.7486
2015.5233 29.9321
2015.5260 34.4858
2015.5288 31.5300
2015.5315 35.3445
2015.5342 32.2193
2015.5370 30.7445
2015.5397 25.7701
2015.5425 23.8161
2015.5452 25.9125
2015.5479 24.6892
2015.5507 24.6864
2015.5534 28.1839
2015.5562 29.7519
2015.5589 28.5103
2015.5616 28.1291
2015.5644 29.4783
2015.5671 28.7680
2015.5699 25.9081
2015.5726 21.6587
2015.5753 23.8397
2015.5781 23.0111
2015.5808 25.6030
2015.5836 33.5462
2015.5863 40.5312
2015.5890 21.2880
2015.5918 34.5364
2015.5945 30.4864
2015.5973 32.5478
2015.6000 31.1304
2015.6027 30.7343
2015.6055 29.5993
2015.7589 20.2311
2015.7616 22.8567
2015.7644 31.2247
2015.7671 23.0150
2015.7699 24.7571
2015.7726 34.7309
2015.7753 28.3161
2015.7781 19.5825
2015.7808 17.7698
2015.7836 17.7078
2015.7863 27.6961
2015.7890 33.0046
2015.7918 28.2930
2015.7945 16.9911
2015.7973 16.2385
2015.8000 23.2151
2015.8027 23.8805
2015.8055 20.0446
2015.8082 24.9071
2015.8110 32.6277
2015.8137 38.6562
2015.8164 34.0323
2015.8192 26.3858
2015.8219 28.1464
2015.8247 23.6538
2015.8274 21.8679
2015.8301 25.1583
2015.8329 24.5653
2015.8356 32.7218
2015.8384 33.1680
2015.8411 32.0241
2015.8438 39.8402
2015.8466 44.9361
2015.8493 23.6918
2015.8521 24.7776
2015.8548 22.7832
2015.8575 22.9187
2015.8603 28.6342
2015.8630 24.6997
2015.8658 21.5651
2015.8685 23.2405
2015.8712 23.1258
2015.8740 17.0212
2015.8767 19.3765
2015.8795 21.0019
2015.8822 26.5473
2015.8849 24.5227
2015.8877 36.3482
2015.8904 27.0837
2015.8932 32.6493
2015.8959 30.9149
2015.8986 24.7007
2015.9014 25.9565
2015.9041 25.3124
2015.9068 18.3085
2015.9096 27.3647
2015.9123 34.0210
2015.9151 24.5174
2015.9178 29.1439
2015.9205 32.0204
2015.9233 28.7568
2015.9260 20.9931
2015.9288 33.8294
2015.9315 25.6856
2015.9342 21.1919
2015.9370 25.0581
2015.9397 24.8443
2015.9425 25.5005
2015.9452 16.8567
2015.9479 19.0329
2015.9507 20.8592
2015.9534 19.3454
2015.9562 18.6518
2015.9589 24.1282
2015.9616 19.2146
2015.9644 24.5711
2015.9671 22.8677
2015.9699 21.0644
2015.9726 19.5011
2015.9753 19.4980
2015.9781 15.8750
2015.9808 19.7920
2015.9836 23.2193
2015.9863 21.3366
2015.9890 20.8441
2015.9918 24.0318
2015.9945 24.5996
2015.9973 20.6175
2016.0000 17.6557
2016.0027 11.7842
2016.0055 25.9032
2016.0082 19.2727
2016.0109 20.8326
2016.0137 23.3730
2016.0164 20.7937
2016.0191 20.3948
2016.0219 18.2762
2016.0246 22.2479
2016.0273 20.0298
2016.0301 19.3120
2016.0328 21.4345
2016.0355 22.9871
2016.0383 18.7598
2016.0410 22.9027
2016.0437 20.6057
2016.0464 20.5187
2016.0492 18.9418
2016.0519 20.0048
2016.0546 22.5979
2016.0574 22.9709
2016.0601 21.3138
2016.0628 17.5066
2016.0656 18.9493
2016.0683 30.3218
2016.0710 21.7142
2016.0738 19.7162
2016.0765 24.5381
2016.0792 27.4596
2016.0820 19.2609
2016.0847 23.8716
2016.0874 25.0519
2016.0902 37.9417
2016.0929 24.4212
2016.0956 43.0703
2016.0984 27.2991
2016.1011 42.9577
2016.1038 22.7260
2016.1066 28.8042
2016.1093 21.7523
2016.1120 23.8502
2016.1148 27.8981
2016.1175 19.7760
2016.1202 20.0940
2016.1230 25.6920
2016.1257 26.5202
2016.1284 23.4685
2016.1311 22.5570
2016.1339 35.3458
2016.1366 32.1249
2016.1393 26.7043
2016.1421 30.7041
2016.1448 25.2844
2016.1475 26.8251
2016.1503 27.8563
2016.1530 23.6481
2016.1557 42.1204
2016.1585 29.5634
2016.1612 37.6271
2016.1639 33.8817
2016.1667 23.8975
2016.1694 34.6845
2016.1721 24.5026
2016.1749 27.2417
2016.1776 30.9617
2016.1803 30.2527
2016.1831 28.6744
2016.1858 46.6069
2016.1885 30.0001
2016.1913 32.3438
2016.1940 31.5782
2016.1967 34.0829
2016.1995 29.4381
2016.2022 24.8837
2016.2049 30.0294
2016.2077 28.1254
2016.2104 18.1915
2016.2131 27.8877
2016.2158 30.9239
2016.2186 31.5499
2016.2213 24.7358
2016.2240 31.1916
2016.2268 44.5570
2016.2295 26.7520
2016.2322 31.9367
2016.2377 44.6444
2016.2404 40.2073
2016.2432 31.6996
2016.2459 21.7211
2016.2486 20.0219
2016.2514 24.9520
2016.2541 20.6017
2016.2568 18.8808
2016.2596 44.3894
2016.2623 35.8677
2016.2650 26.5455
2016.2678 30.3731
2016.2705 39.3903
2016.2732 31.7674
2016.2760 32.7243
2016.2787 39.6510
2016.2814 32.7377
2016.2842 26.5044
2016.2869 27.4511
2016.2896 31.7779
2016.2923 29.6048
2016.2951 28.9118
2016.2978 29.4391
2016.3005 27.7867
2016.3033 25.4445
2016.3060 23.7128
2016.3087 26.4514
2016.3115 26.9706
2016.3142 39.0002
2016.3169 32.7004
2016.3197 28.3412
2016.3224 21.3427
2016.3251 42.9949
2016.3279 29.9778
2016.3306 24.5320
2016.3333 32.1387
2016.3361 31.6080
2016.3388 25.3195
2016.3415 28.2232
2016.3443 23.6789
2016.3470 30.5264
2016.3497 31.7754
2016.3525 24.0459
2016.3552 26.4677
2016.3579 25.4905
2016.3607 27.3142
2016.3634 18.1386
2016.3661 25.6935
2016.3689 28.5788
2016.3716 35.3543
2016.3743 27.3297
2016.3770 27.8450
2016.3798 30.5799
2016.3825 34.0942
2016.3852 40.4279
2016.3880 34.2006
2016.3907 33.0022
2016.3934 37.9226
2016.3962 29.2815
2016.4016 25.1043
2016.4044 24.7078
2016.4071 27.1092
2016.4098 23.8582
2016.4126 41.1947
2016.4153 30.5101
2016.4180 27.8355
2016.4208 26.6109
2016.4235 24.8363
2016.4262 23.9516
2016.4290 23.8469
2016.4317 21.7122
2016.4344 29.6675
2016.4372 27.8228
2016.4399 38.8780
2016.4426 26.8233
2016.4454 18.7785
2016.4481 27.9337
2016.4508 23.7689
2016.4536 24.5740
2016.4563 28.7392
2016.4590 26.7743
2016.4617 46.1495
2016.4645 28.9946
2016.4672 21.1797
2016.4699 25.7148
2016.4727 11.4299
2016.4754 31.4250
2016.4781 25.0501
2016.4809 31.6551
2016.4836 25.2302
2016.4863 30.0552
2016.4891 29.6603
2016.4918 22.0353
2016.4945 23.5104
2016.4973 26.6354
2016.5000 45.6804
2016.5027 38.4254
2016.5055 34.7704
2016.5082 35.7654
2016.5109 32.1303
2016.5137 30.7452
2016.5164 32.3201
2016.5191 32.7850
2016.5219 24.4999
2016.5246 26.8647
2016.5273 30.1996
2016.5301 32.4544
2016.5328 31.4992
2016.5355 24.7340
2016.5383 18.8188
2016.5410 26.1936
2016.5492 43.1578
2016.5519 41.2126
2016.5546 37.5673
2016.5574 29.0520
2016.5601 27.0967
2016.5628 26.0614
2016.5656 26.3461
2016.5683 34.9808
2016.5710 33.3755
2016.5738 28.3402
2016.5765 26.3249
2016.5792 33.9096
2016.5820 53.1339
2016.5847 26.8448
2016.5874 23.2819
2016.5902 26.5654
2016.5929 24.7256
2016.5956 35.5229
2016.5984 43.5875
2016.6011 32.9597
2016.6038 29.6897
2016.6066 29.8578
2016.6093 28.1444
2016.6120 28.4997
2016.6148 23.1940
2016.6175 20.6576
2016.6202 15.9007
2016.6230 20.1036
2016.6257 26.3367
2016.6284 20.0902
2016.6311 10.4043
2016.6339 24.6794
2016.6366 24.4258
2016.6393 21.4336
2016.6421 23.2133
2016.6448 12.8651
2016.6475 12.3992
2016.6503 17.6860
2016.6530 24.9758
2016.6557 33.0887
2016.6585 24.0051
2016.6612 30.0454
2016.6639 21.9596
2016.6667 23.4692
2016.6694 44.9455
2016.6749 34.0869
2016.6776 20.9512
2016.6803 28.2205
2016.6831 23.5145
2016.6858 43.9927
2016.6885 45.9047
2016.6913 53.0301
2016.6967 49.4292
2016.6995 34.0021
2016.7049 54.4821
2016.7131 36.2617
2016.7186 50.6327
2016.7213 52.0762
2016.7268 47.7473
2016.7295 39.3740
2016.7322 40.8774
2016.7350 20.1773
2016.7377 19.7331
2016.7404 29.7444
2016.7459 39.5618
2016.7514 38.7611
2016.7541 21.8246
2016.7678 31.6472
2016.7705 23.1982
2016.7732 23.4185
2016.7760 22.8180
2016.7787 20.9367
2016.7814 22.5746
2016.7842 22.4614
2016.7869 21.0373
2016.7896 20.0720
2016.7923 20.3656
2016.7951 29.2579
2016.7978 24.0990
2016.8005 29.8586
2016.8033 27.1368
2016.8060 24.3235
2016.8087 28.9186
2016.8115 50.8721
2016.8142 52.9738
2016.8169 29.7537
2016.8197 22.0518
2016.8224 16.2579
2016.8251 27.0120
2016.8279 39.7140
2016.8306 24.5839
2016.8333 24.4420
2016.8361 22.0096
2016.8388 25.3268
2016.8415 23.5935
2016.8443 23.5098
2016.8470 23.7257
2016.8497 22.1910
2016.8525 18.1059
2016.8552 14.3003
2016.8579 17.7741
2016.8607 18.9973
2016.8634 22.6700
2016.8661 19.8321
2016.8689 16.7036
2016.8716 20.1645
2016.8743 19.7348
2016.8770 17.5944
2016.8798 20.2133
2016.8880 22.1859
2016.8907 22.5120
2016.8934 44.6173
2016.8962 18.1418
2016.8989 22.0656
2016.9016 19.2685
2016.9044 23.0506
2016.9071 18.7419
2016.9098 18.9223
2016.9126 23.5419
2016.9153 22.6605
2016.9180 18.4783
2016.9208 16.1455
2016.9235 25.7620
2016.9262 25.9479
2016.9290 19.8033
2016.9317 19.0782
2016.9344 17.8627
2016.9372 17.9269
2016.9399 17.1207
2016.9426 13.7343
2016.9454 19.6677
2016.9481 20.0710
2016.9508 18.8742
2016.9536 21.6374
2016.9563 21.0306
2016.9590 21.9339
2016.9617 19.1273
2016.9645 14.2010
2016.9727 19.6438
2016.9754 17.5789
2016.9781 15.6844
2016.9809 16.3505
2016.9836 21.0772
2016.9863 17.9945
2016.9891 17.2126
2016.9918 16.4714
2016.9945 19.3611
2016.9973 19.4116
2017.0000 20.7231
2017.0027 16.8551
2017.0055 16.0473
2017.0082 18.0997
2017.0110 18.1922
2017.0137 17.4549
2017.0164 19.0577
2017.0192 17.6807
2017.0219 20.7837
2017.0247 21.1469
2017.0274 19.2401
2017.0301 18.2435
2017.0329 17.9969
2017.0356 20.8004
2017.0384 19.8239
2017.0411 14.8074
2017.0438 15.7410
2017.0466 17.2446
2017.0493 18.2482
2017.0521 23.0118
2017.0548 21.9354
2017.0575 22.6389
2017.0603 22.7824
2017.0630 22.9758
2017.0658 21.8692
2017.0685 28.4225
2017.0712 26.4357
2017.0740 25.4689
2017.0767 22.3319
2017.0795 23.7448
2017.0822 28.0375
2017.0849 23.2897
2017.0877 24.8715
2017.0904 24.2828
2017.0932 20.9738
2017.0959 20.6644
2017.0986 21.7446
2017.1014 20.2046
2017.1041 19.8343
2017.1068 29.3838
2017.1096 27.4332
2017.1123 25.9824
2017.1151 29.2916
2017.1178 25.2507
2017.1205 26.5097
2017.1233 29.6488
2017.1260 23.9680
2017.1288 23.3372
2017.1315 23.4766
2017.1342 23.5862
2017.1370 24.0760
2017.1397 24.3060
2017.1425 23.9363
2017.1452 24.8370
2017.1479 28.7380
2017.1507 21.9194
2017.1534 23.0813
2017.1562 21.3036
2017.1589 23.7465
2017.1616 22.8399
2017.1644 17.5871
2017.1671 18.4207
2017.1699 23.5703
2017.1726 20.5355
2017.1753 18.3459
2017.1781 20.8012
2017.1808 26.4508
2017.1836 21.0643
2017.1863 24.2115
2017.1890 22.1518
2017.1918 27.1649
2017.1945 24.9303
2017.1973 24.3176
2017.2000 24.6065
2017.2027 29.1965
2017.2055 36.1372
2017.2082 27.2882
2017.2110 25.8192
2017.2137 33.0496
2017.2164 24.3590
2017.2192 19.4072
2017.2219 24.1736
2017.2247 21.5879
2017.2274 28.7397
2017.2301 27.8484
2017.2329 27.3739
2017.2356 30.5755
2017.2384 27.3729
2017.2411 22.6058
2017.2438 24.5537
2017.2466 23.9465
2017.2493 26.6965
2017.2521 21.2342
2017.2548 23.9197
2017.2575 20.8133
2017.2603 23.1751
2017.2630 23.6552
2017.2658 29.7240
2017.2685 24.9815
2017.2712 24.0179
2017.2740 30.3934
2017.2767 27.9483
2017.2795 28.1526
2017.2822 31.5765
2017.2849 25.7602
2017.2877 32.2640
2017.2904 30.7479
2017.2932 32.4422
2017.2959 25.2971
2017.2986 28.9826
2017.3014 22.5990
2017.3041 24.7165
2017.3068 30.3253
2017.3096 30.7655
2017.3123 29.0973
2017.3151 29.3509
2017.3178 26.5364
2017.3205 26.8241
2017.3233 25.0141
2017.3260 25.1766
2017.3288 21.6218
2017.3315 29.2894
2017.3342 30.3588
2017.3370 25.7699
2017.3397 33.9025
2017.3425 29.7766
2017.3452 36.3419
2017.3479 49.9183
2017.3507 38.9656
2017.3534 36.3138
2017.3562 36.7826
2017.3589 33.7520
2017.3616 31.0617
2017.3644 46.8316
2017.3671 41.8617
2017.3973 25.9852
2017.4000 23.4947
2017.4027 27.4724
2017.4055 37.7682
2017.4082 29.4718
2017.4110 28.0631
2017.4137 28.0423
2017.4164 47.2711
2017.4192 48.4297
2017.4219 48.5581
2017.4247 53.0263
2017.4274 55.4644
2017.4301 53.7924
2017.4329 52.7603
2017.4356 48.8281
2017.4384 42.6658
2017.4411 39.0334
2017.4438 28.7310
2017.4466 24.8085
2017.4493 21.7160
2017.4521 22.7735
2017.4548 28.9410
2017.4575 31.5785
2017.4603 25.8360
2017.4630 25.0536
2017.4658 33.1713
2017.4685 28.1190
2017.4712 22.1769
2017.4740 25.5748
2017.4767 33.2529
2017.4795 34.2711
2017.4822 31.5294
2017.4849 32.2179
2017.4877 26.7666
2017.4904 26.6255
2017.4932 30.4246
2017.4959 27.8539
2017.4986 26.4033
2017.5014 26.1728
2017.5041 26.0922
2017.5068 32.8717
2017.5096 58.2311
2017.5123 51.8605
2017.5151 49.9000
2017.5178 48.0594
2017.5205 51.6289
2017.5233 50.9184
2017.5260 50.0478
2017.5288 30.2473
2017.5315 32.7667
2017.5342 33.2362
2017.5370 32.7756
2017.5397 38.5651
2017.5425 41.8846
2017.5452 33.9140
2017.5479 32.1335
2017.5507 31.5329
2017.5534 33.6424
2017.5562 32.8219
2017.5589 30.7113
2017.5616 30.9808
2017.5644 33.5102
2017.5671 36.2097
2017.5699 29.0391
2017.5726 29.5986
2017.5753 35.0280
2017.5781 38.5775
2017.5808 36.5369
2017.5836 25.8863
2017.5863 28.4357
2017.5890 25.8650
2017.5918 23.3944
2017.5945 28.2836
2017.5973 27.1129
2017.6000 20.5821
2017.6027 25.0113
2017.6055 33.9305
2017.6082 31.3797
2017.6110 34.4389
2017.6137 49.3680
2017.6164 41.6272
2017.6192 39.6463
2017.6219 31.5854
2017.6247 30.1946
2017.6274 27.5837
2017.6301 28.5628
2017.6329 27.5820
2017.6356 27.5911
2017.6384 31.7403
2017.6411 31.0395
2017.6438 30.0687
2017.6466 30.2279
2017.6493 34.1971
2017.6521 39.6864
2017.6548 31.5757
2017.6575 30.9450
2017.6603 41.5543
2017.6630 33.2237
2017.6658 25.5636
2017.6685 35.6472
2017.6712 37.4347
2017.6740 31.2759
2017.8082 36.9823
2017.8110 39.0968
2017.8137 36.8416
2017.8164 37.0368
2017.8192 38.6025
2017.8219 34.8987
2017.8247 36.4554
2017.8274 43.3327
2017.8301 33.0607
2017.8329 33.7393
2017.8356 32.1688
2017.8384 30.5791
2017.8411 30.3601
2017.8438 35.3717
2017.8466 29.0338
2017.8493 40.1764
2017.8521 32.4594
2017.8548 54.8528
2017.8575 31.1963
2017.8603 34.4001
2017.8630 28.4139
2017.8658 29.0778
2017.8685 31.1116
2017.8712 28.9253
2017.8740 32.3687
2017.8767 29.4719
2017.8795 30.8648
2017.8822 24.7672
2017.8849 24.8890
2017.8877 24.2003
2017.8904 27.7610
2017.8932 27.6609
2017.8959 26.1900
2017.8986 28.7782
2017.9014 24.2055
2017.9041 27.0317
2017.9068 31.1868
2017.9096 23.4207
2017.9123 23.9634
2017.9151 34.8547
2017.9178 27.2350
2017.9205 28.1848
2017.9233 30.9640
2017.9260 27.2927
2017.9288 25.7409
2017.9315 27.0686
2017.9342 27.7759
2017.9370 27.0728
2017.9397 24.9092
2017.9425 27.1753
2017.9452 25.7510
2017.9479 24.4763
2017.9507 23.5113
2017.9534 28.5761
2017.9562 25.9905
2017.9589 29.4448
2017.9616 26.2487
2017.9644 23.4225
2017.9671 30.8061
2017.9699 26.3996
2017.9726 26.8729
2017.9753 27.6061
2017.9781 28.0192
2017.9808 25.3222
2017.9836 23.3452
2017.9863 23.2081
2017.9890 24.4711
2017.9918 26.6640
2017.9945 27.7471
2017.9973 25.3101
2018.0000 27.4033
2018.0027 25.2664
2018.0055 26.2594
2018.0082 22.7922
2018.0110 23.6149
2018.0137 25.2075
2018.0164 24.5500
2018.0192 28.1923
2018.0219 24.1946
2018.0247 27.1368
2018.0274 27.1689
2018.0301 26.7910
2018.0329 27.7230
2018.0356 29.9950
2018.0384 27.6469
2018.0411 26.5789
2018.0438 24.7808
2018.0466 29.5428
2018.0493 33.7347
2018.0521 33.7568
2018.0548 32.7288
2018.0575 32.9409
2018.0603 39.0531
2018.0630 44.6153
2018.0658 33.2177
2018.0685 30.3001
2018.0712 33.6826
2018.0740 32.4653
2018.0767 30.2081
2018.0795 30.5210
2018.0822 32.2941
2018.0849 33.9173
2018.0877 26.3206
2018.0904 30.4140
2018.0932 33.0176
2018.0959 26.9515
2018.0986 41.5156
2018.1014 30.6300
2018.1041 32.1447
2018.1068 27.7298
2018.1096 36.8154
2018.1123 30.7313
2018.1151 32.4878
2018.1178 34.6848
2018.1205 30.7524
2018.1233 28.3006
2018.1260 27.8294
2018.1288 26.0189
2018.1315 27.4591
2018.1342 23.5201
2018.1370 25.8518
2018.1397 32.3544
2018.1425 28.4679
2018.1452 27.8923
2018.1479 24.8076
2018.1507 28.2139
2018.1534 18.7412
2018.1562 25.5195
2018.1589 29.1790
2018.1616 29.9096
2018.1644 30.6817
2018.1671 30.5756
2018.1699 28.8911
2018.1726 27.8481
2018.1753 23.0366
2018.1781 28.2164
2018.1808 25.4074
2018.1836 37.8595
2018.1863 40.6926
2018.1890 40.2466
2018.1918 27.1013
2018.1945 26.5268
2018.1973 25.0627
2018.2000 26.9192
2018.2027 28.0259
2018.2055 27.4630
2018.2082 27.6301
2018.2110 28.1672
2018.2137 37.2543
2018.2164 35.5611
2018.2219 30.3738
2018.2247 45.4294
2018.2274 40.1743
2018.2301 22.3885
2018.2356 27.6342
2018.2384 24.7755
2018.2411 27.7057
2018.2438 28.6045
2018.2493 38.8896
2018.2521 35.8472
2018.2548 31.1047
2018.2603 27.4598
2018.2630 28.1473
2018.2658 26.7048
2018.2685 28.5122
2018.2712 27.6595
2018.2740 32.0167
2018.2767 33.0338
2018.2795 31.1208
2018.2822 38.8376
2018.2849 41.0043
2018.2877 32.8408
2018.2904 60.3171
2018.2932 57.2132
2018.2959 58.5291
2018.2986 52.5447
2018.3014 50.3701
2018.3041 55.9052
2018.3068 59.9100
2018.3096 55.8845
2018.3123 50.5887
2018.3151 56.5225
2018.3178 52.0260
2018.3205 54.6992
2018.3233 49.0719
2018.3260 55.2443
2018.3288 48.1662
2018.3315 40.8876
2018.3342 38.0786
2018.3370 35.8991
2018.3397 33.3792
2018.3425 30.7388
2018.3452 43.7781
2018.3479 41.9571
2018.3507 35.4558
2018.3534 38.1942
2018.3562 36.8724
2018.3589 36.6003
2018.3616 28.9881
2018.3644 46.6057
2018.3671 34.6633
2018.3699 32.8808
2018.3726 36.1082
2018.3753 38.5156
2018.3781 35.8430
2018.3808 36.7705
2018.3836 40.3281
2018.3863 39.8657
2018.3890 33.0436
2018.3918 33.7616
2018.3945 32.1298
2018.3973 32.5583
2018.4000 32.6570
2018.4027 42.7461
2018.4055 40.0555
2018.4082 44.2853
2018.4110 46.4855
2018.4137 44.2860
2018.4164 48.5668
2018.4192 28.9876
2018.4219 35.4387
2018.4247 34.5198
2018.4274 31.1212
2018.4301 36.2227
2018.4329 44.7143
2018.4356 57.5562
2018.4384 51.9982
2018.4411 32.6505
2018.4438 47.5830
2018.4466 31.3656
2018.4493 29.1985
2018.4521 32.0317
2018.4548 31.8051
2018.4575 23.1387
2018.4603 24.3926
2018.4630 23.7467
2018.4658 22.5412
2018.4685 22.9559
2018.4712 26.1409
2018.4740 24.2262
2018.4767 23.6318
2018.4795 24.2978
2018.4822 25.4040
2018.4849 23.0406
2018.4877 26.9375
2018.4904 28.2348
2018.4932 28.0125
2018.4959 24.6605
2018.4986 21.5393
2018.5014 23.3292
2018.5041 20.7803
2018.5068 24.7424
2018.5096 35.2254
2018.5123 31.3092
2018.5151 35.5139
2018.5178 50.1492
2018.5205 45.7253
2018.5233 43.1218
2018.5260 40.4389
2018.5288 37.4164
2018.5315 35.7042
2018.5342 38.0622
2018.5370 38.9005
2018.5397 41.5989
2018.5425 56.6573
2018.5452 57.5756
2018.5479 39.5139
2018.5507 40.4519
2018.5534 40.4997
2018.5562 46.3072
2018.5589 41.8743
2018.5616 42.0908
2018.5644 45.0668
2018.5671 56.2522
2018.5699 53.1568
2018.5726 38.2106
2018.5753 41.0436
2018.5781 40.4757
2018.5808 37.7167
2018.5836 40.3968
2018.5863 41.8764
2018.5890 43.6553
2018.5918 37.1537
2018.5945 37.9715
2018.5973 37.1689
2018.6000 34.2959
2018.6027 35.9526
2018.6055 27.7589
2018.6082 26.8949
2018.6110 22.8408
2018.6137 29.3964
2018.6164 30.9019
2018.6192 31.5773
2018.6219 24.6227
2018.6247 31.0980
2018.6274 35.4334
2018.6301 32.0189
2018.6329 30.7846
2018.6356 29.2904
2018.6384 30.6864
2018.6411 30.4128
2018.6438 26.3594
2018.6466 28.9265
2018.6493 24.3439
2018.6521 26.8918
2018.6548 26.1402
2018.6575 29.2391
2018.6603 30.6587
2018.6630 44.9589
2018.6658 47.1398
2018.6685 33.9817
2018.6712 34.6044
2018.6740 32.3581
2018.6767 35.8925
2018.6795 41.7375
2018.6904 62.6134
2018.6932 38.2809
2018.6959 50.3786
2018.6986 39.1565
2018.7014 34.2845
2018.7041 34.1926
2018.7068 31.1206
2018.7096 31.8485
2018.7123 29.4162
2018.7151 29.3837
2018.7178 31.3408
2018.7205 29.1675
2018.7233 29.4838
2018.7260 29.6695
2018.7288 30.3746
2018.7315 28.8490
2018.7342 34.6026
2018.7370 31.4054
2018.7397 32.6773
2018.7452 33.5980
2018.7479 34.6266
2018.7507 33.1645
2018.7534 31.8721
2018.7562 29.6893
2018.7589 34.5762
2018.7616 32.5328
2018.7644 32.7292
2018.7671 32.4953
2018.7699 31.3911
2018.7726 30.5068
2018.7753 31.5323
2018.7781 31.4076
2018.7808 31.3328
2018.7836 33.3379
2018.7863 30.0029
2018.7890 29.3978
2018.7918 29.5927
2018.7945 33.5776
2018.7973 34.2224
2018.8000 32.2073
2018.8027 30.5123
2018.8055 39.3373
2018.8082 37.0524
2018.8110 38.2976
2018.8137 35.0529
2018.8164 33.5284
2018.8192 41.6641
2018.8219 40.4400
2018.8247 46.7762
2018.8274 32.4625
2018.8301 39.1492
2018.8329 48.9461
2018.8356 33.4533
2018.8384 40.1608
2018.8411 55.8385
2018.8438 43.5564
2018.8466 36.8345
2018.8493 34.9028
2018.8521 33.0312
2018.8548 33.6998
2018.8575 30.7485
2018.8603 36.3473
2018.8630 34.5363
2018.8658 33.6752
2018.8685 35.1343
2018.8712 31.0834
2018.8740 31.5925
2018.8767 33.2716
2018.8795 33.9707
2018.8822 31.9198
2018.8849 33.7288
2018.8877 33.9277
2018.8904 36.3266
2018.8932 41.8954
2018.8959 34.5740
2018.8986 29.5425
2018.9014 30.5309
2018.9041 31.8291
2018.9068 32.0671
2018.9096 37.0449
2018.9123 34.2325
2018.9151 38.8198
2018.9178 33.7667
2018.9205 28.0529
2018.9233 29.5485
2018.9260 25.5034
2018.9288 35.5576
2018.9342 29.0741
2018.9370 27.5163
2018.9397 27.1978
2018.9425 27.1286
2018.9452 31.3988
2018.9479 31.1382
2018.9507 24.6070
2018.9534 26.9450
2018.9562 28.3224
2018.9589 27.4891
2018.9616 30.5850
2018.9644 34.0103
2018.9671 29.3448
2018.9699 31.1687
2018.9726 28.6518
2018.9781 30.4458
2018.9836 31.4770
2018.9863 30.8265
2018.9890 31.6252
2018.9918 31.4632
2018.9945 29.7605
2018.9973 31.2870
2019.0000 34.0228
2019.0027 32.7372
2019.0055 29.7496
2019.0082 34.4901
2019.0110 34.4690
2019.0137 35.0763
2019.0164 30.8821
2019.0192 30.3966
2019.0219 31.0899
2019.0247 26.4122
2019.0274 30.0236
2019.0301 28.1241
2019.0356 29.5533
2019.0384 27.2323
2019.0438 31.8694
2019.0466 30.6280
2019.0493 35.0966
2019.0521 33.5055
2019.0548 33.1647
2019.0575 32.3245
2019.0603 30.3949
2019.0630 36.7860
2019.0658 33.5181
2019.0685 30.3612
2019.0740 32.6310
2019.0767 32.1679
2019.0795 32.4165
2019.0822 26.8464
2019.0849 26.7862
2019.0877 31.9957
2019.0904 31.7050
2019.0932 44.0141
2019.0959 37.9132
2019.0986 41.0924
2019.1014 32.3917
2019.1041 32.8612
2019.1068 30.3910
2019.1096 38.8911
2019.1123 30.4018
2019.1151 33.9230
2019.1178 34.0148
2019.1205 35.6573
2019.1233 29.6207
2019.1260 31.7549
2019.1288 24.4202
2019.1315 26.0765
2019.1342 23.4339
2019.1370 24.4126
2019.1397 25.4525
2019.1425 27.0139
2019.1452 30.7568
2019.1479 28.4712
2019.1507 27.3273
2019.1534 28.2152
2019.1562 30.1048
2019.1589 27.7364
2019.1616 28.1200
2019.1644 28.1847
2019.1671 27.7098
2019.1699 31.9852
2019.1726 32.5109
2019.1753 30.6769
2019.1781 26.6032
2019.1808 32.4796
2019.1836 34.0463
2019.1863 32.3932
2019.1890 31.6002
2019.1918 32.4974
2019.1945 39.3947
2019.1973 49.2521
2019.2000 37.2696
2019.2027 35.5371
2019.2055 32.2046
2019.2082 28.7722
2019.2110 39.7797
2019.2137 30.9073
2019.2164 32.1247
2019.2192 36.2021
2019.2219 37.0894
2019.2247 49.2365
2019.2274 36.0335
2019.2301 40.0003
2019.2384 49.1996
2019.2411 40.0755
2019.2438 35.0212
2019.2466 41.7366
2019.2493 38.9719
2019.2521 37.7173
2019.2548 38.7726
2019.2575 35.7280
2019.2603 40.3933
2019.2630 38.2787
2019.2658 41.3240
2019.2685 41.9593
2019.2712 51.9647
2019.2740 43.9100
2019.2767 35.7353
2019.2795 36.1405
2019.2822 32.1858
2019.2849 31.6711
2019.2877 35.1763
2019.2904 36.6715
2019.2932 37.0768
2019.2959 35.2520
2019.2986 35.2371
2019.3014 35.0723
2019.3041 38.3874
2019.3068 39.5725
2019.3096 41.9576
2019.3123 45.4227
2019.3151 55.3577
2019.3178 49.8127
2019.3205 46.5277
2019.3233 40.2026
2019.3260 38.9876
2019.3288 35.7924
2019.3315 31.4273
2019.3342 52.2221
2019.3370 42.0568
2019.3397 55.6015
2019.3425 59.6361
2019.3452 58.3906
2019.3479 42.4150
2019.3507 49.8693
2019.3616 51.9653
2019.3644 39.4390
2019.3671 35.7124
2019.3699 39.0157
2019.3726 35.8589
2019.3753 36.1418
2019.3781 35.6345
2019.3808 33.0171
2019.3836 31.8994
2019.3863 31.1314
2019.3890 31.4233
2019.3918 26.6149
2019.3945 29.5662
2019.3973 31.1173
2019.4000 28.9381
2019.4027 31.4686
2019.4055 31.1588
2019.4082 26.8287
2019.4110 26.8883
2019.4137 29.7276
2019.4164 30.7762
2019.4192 33.0043
2019.4219 40.7618
2019.4247 33.4388
2019.4274 30.7152
2019.4301 27.6112
2019.4356 28.2517
2019.4384 29.8963
2019.4411 29.7905
2019.4438 40.8143
2019.4466 36.0378
2019.4493 32.7509
2019.4521 36.6837
2019.4548 35.9963
2019.4630 34.8324
2019.4712 33.0168
2019.4740 48.8480
2019.4849 45.6320
2019.4877 46.5830
2019.4904 47.2539
2019.4932 45.5949
2019.4959 42.4159
2019.4986 42.8869
2019.5123 38.0799
2019.5151 38.4601
2019.5178 41.0302
2019.5233 37.9999
2019.5260 44.1697
2019.5288 41.7893
2019.5315 45.2088
2019.5342 45.3982
2019.5370 43.1175
2019.5397 43.2767
2019.5479 43.0838
2019.5507 49.0527
2019.5589 46.6189
2019.5616 45.1976
2019.5644 48.1461
2019.5699 48.8431
2019.5726 48.1815
2019.5753 46.5498
2019.5781 43.4181
2019.5808 43.4264
2019.5863 46.2107
2019.5890 40.9562
2019.5918 44.9408
2019.5945 44.0645
2019.5973 42.7774
2019.6000 43.7796
2019.6082 42.8027
2019.6110 45.2428
2019.6137 44.1926
2019.6164 46.2821
2019.6274 44.1293
2019.6356 36.6684
2019.6384 36.0388
2019.6438 37.5409
2019.6493 53.4355
2019.6521 44.5089
2019.6767 36.7780
2019.6795 42.8033
2019.6959 36.3190
2019.6986 38.1420
2019.7014 37.2458
2019.7096 35.3024
2019.7123 43.7394
2019.7178 39.4955
2019.7233 43.9540
2019.7260 35.9941
2019.7288 35.4246
2019.7370 38.8584
2019.7397 33.4003
2019.7425 36.7424
2019.7507 42.5507
2019.7589 36.7208
2019.7616 36.0604
2019.7699 38.8862
2019.7726 36.7200
2019.7753 34.0145
2019.7836 40.9116
2019.7863 44.1380
2019.7945 45.7577
2019.7973 41.7540
2019.8000 40.8000
2019.8082 31.2148
2019.8137 35.7709
2019.8164 45.5824
2019.8192 47.5528
2019.8219 35.3319
2019.8356 35.4551
2019.8384 35.0262
2019.8411 35.3166
2019.8438 34.5160
2019.8493 32.1923
2019.8521 33.0192
2019.8575 41.2700
2019.8603 35.9240
2019.8630 39.5771
2019.8658 37.2691
2019.8685 36.0002
2019.8712 41.4502
2019.8767 37.9171
2019.8795 33.3339
2019.8822 32.9196
2019.8877 30.1978
2019.8932 42.6713
2019.9041 33.5641
2019.9096 36.3230
2019.9123 32.9356
2019.9178 40.0064
2019.9233 44.6395
2019.9260 29.5034
2019.9288 41.4357
2019.9315 31.6765
2019.9342 27.6460
2019.9370 28.6443
2019.9397 28.7716
2019.9425 31.2779
2019.9479 30.2483
2019.9616 23.9879
2019.9836 34.1559
2019.9863 37.0662
2019.9890 37.4179
2019.9973 33.3330
2020.0000 32.6318
2020.0027 33.7117
2020.0055 36.8718
2020.0109 35.5823
2020.0273 30.9693
2020.0301 34.8515
2020.0410 37.6642
2020.0464 34.4033
2020.0546 43.0707
2020.0656 37.1122
2020.0820 30.4304
2020.0874 35.6683
2020.0902 39.0128
2020.0929 38.9777
2020.1284 40.4127
2020.1311 26.0722
2020.1393 28.9022
2020.1421 36.3326
2020.1475 36.0343
2020.1557 36.4886
2020.1667 26.6773
2020.1776 35.2714
2020.1803 41.3258
2020.1995 49.8263
2020.2049 47.4008
2020.2131 37.1550
2020.2213 38.4220
2020.2240 31.9016
2020.2295 52.1318
2020.2432 63.7472
2020.2459 36.7592
2020.2568 33.2146
2020.2623 51.7373
2020.2678 57.6274
2020.2760 48.2571
2020.2787 37.8119
2020.2869 35.3275
2020.2896 36.2523
2020.2923 39.7664
2020.2951 41.7398
2020.2978 41.7819
2020.3060 37.1994
2020.3115 37.0677
2020.3142 41.3780
2020.3169 52.4556
2020.3197 49.3600
2020.3224 44.1111
2020.3333 41.4433
2020.3361 44.1935
2020.3415 39.8538
2020.3443 38.5939
2020.3470 40.6940
2020.3497 37.8540
2020.3634 38.7533
2020.3661 39.2730
2020.3689 36.2227
2020.3743 39.0621
2020.3770 24.7517
2020.3852 39.5004
2020.3880 39.8799
2020.3907 42.8994
2020.3934 37.1888
2020.3962 38.9983
2020.3989 47.3177
2020.4071 41.2158
2020.4126 59.3845
2020.4180 65.3033
2020.4344 53.5998
2020.4454 32.8275
2020.4481 41.0069
2020.4508 39.7563
2020.4536 53.3357
2020.4645 50.1431
2020.4672 36.7724
2020.4699 41.7417
2020.4754 42.6001
2020.4809 48.0784
2020.4891 45.0155
2020.5000 31.9808
2020.5027 41.5191
2020.5055 40.7673
2020.5109 40.9328
2020.5164 38.2575
2020.5219 35.6615
2020.5246 36.3981
2020.5273 35.0846
2020.5301 38.6909
2020.5383 51.4789
2020.5410 46.6445
2020.5464 45.9055
2020.5519 42.4759
2020.5546 41.6609
2020.5601 50.9106
2020.5683 52.3145
2020.5710 49.5089
2020.5738 50.4933
2020.5792 61.2519
2020.5820 57.1561
2020.5874 63.7542
2020.5902 51.7881
2020.5929 48.0619
2020.5956 52.9955
2020.5984 43.9391
2020.6011 46.1526
2020.6038 50.1360
2020.6120 45.3358
2020.6257 50.2610
2020.6311 47.9967
2020.6366 49.2424
2020.6393 45.1052
2020.6421 45.9280
2020.6448 52.3208
2020.6475 54.0335
2020.6503 52.7363
2020.6557 50.9019
2020.6585 56.5748
2020.6612 54.3176
2020.6639 54.4705
2020.6667 58.1733
2020.6749 58.3300
2020.6776 61.7017
2020.6803 60.6632
2020.6858 61.3457
2020.6940 67.1082
2020.7049 54.1504
2020.7077 59.7908
2020.7186 53.0228
2020.7213 58.5735
2020.7240 48.4643
2020.7404 51.0124
2020.7459 51.1969
2020.7486 52.3996
2021.8137 49.8356
2021.8192 43.1210
2021.8301 51.7557
2021.8329 37.8604
2021.8438 54.2021
2021.8466 38.1982
2021.8493 42.8246
2021.8521 46.3712
2021.8630 54.3298
2021.8658 52.5675
2022.3507 42.7245
2022.3534 37.2244
2022.3562 50.2844
2022.3589 46.1545
2022.3616 37.4949
2022.3644 45.3853
2022.3671 47.1559
2022.3699 67.0666
2022.3726 55.0775
2022.3753 61.9085
2022.3781 43.5197
2022.3808 59.1310
2022.3836 51.0925
2022.3863 41.9441
2022.3890 51.1758
2022.3918 50.8777
2022.3945 41.5998
2022.3973 45.2120
2022.4000 43.2943
2022.4027 43.6669
2022.4055 47.7395
2022.4082 51.6423
2022.4110 62.9453
2022.4137 41.0684
2022.4164 66.4315
2022.4192 64.3447
2022.4219 56.2079
2022.4247 44.5511
2022.4274 65.7242
2022.4301 69.9075
2022.4329 72.4107
2022.4356 79.2539
2022.4384 64.7971
2022.4411 59.9904
2022.4438 63.5236
2022.4466 58.8569
2022.4493 63.3502
2022.4521 57.5134
2022.4548 61.7967
2022.4575 53.2399
2022.4603 46.0732
2022.4630 55.2165
2022.4658 61.2697
2022.4685 57.6530
2022.4712 59.7362
2022.4740 60.0895
2022.4767 61.6727
2022.4795 68.1559
2022.4822 65.0691
2022.4849 63.5123
2022.4877 72.0155
2022.4904 61.4787
2022.4932 61.9118
2022.4959 59.3450
2022.4986 56.0980
2022.5014 54.6910
2022.5041 61.1739
2022.5068 60.0867
2022.5096 57.4495
2022.5123 56.8422
2022.5151 60.5348
2022.5178 58.9374
2022.5205 58.5899
2022.5233 56.9624
2022.5260 53.7648
2022.5288 53.9172
2022.5315 55.2897
2022.5342 64.5321
2022.5370 48.9844
2022.5397 70.8368
2022.5425 62.1892
2022.5452 59.1517
2022.5479 55.3741
2022.5507 52.5366
2022.5534 53.0391
2022.5562 49.8116
2022.5589 59.7042
2022.5616 66.3969
2022.5644 58.7296
2022.5671 50.1424
2022.5699 56.8952
2022.5726 42.7182
2022.5753 45.3112
2022.5781 47.2244
2022.5808 45.7776
2022.5836 46.1616
2022.5863 45.3068
2022.5890 47.8633
2022.5918 53.5509
2022.5945 67.6896
2022.5973 52.4594
2022.6000 57.4902
2022.6027 64.0520
2022.6055 53.5746
2022.6082 52.3780
2022.6110 46.6823
2022.6137 49.8673
2022.6164 53.5629
2022.6192 55.2391
2022.6219 50.2760
2022.6247 51.8333
2022.6274 47.9310
2022.6301 53.6692
2022.6329 57.8477
2022.6356 53.6564
2022.6384 60.0254
2022.6411 56.0546
2022.6438 61.7039
2022.6466 58.0433
2022.6493 59.7526
2022.6521 56.4319
2022.6548 55.5911
2022.6575 63.2802
2022.6603 59.0790
2022.6630 60.0876
2022.6658 65.2360
2022.6685 62.8657
2022.6712 62.4266
2022.6740 61.1288
2022.6767 49.3621
2022.6795 56.8864
2022.6822 58.6617
2022.6849 63.0777
2022.6877 60.7645
2022.6904 50.4220
2022.6932 58.4600
2022.6959 61.9084
2022.6986 76.4571
2022.7014 59.0961
2022.7041 55.7952
2022.7068 51.0144
2022.7096 48.5935
2022.7123 51.8525
2022.7151 63.6012
2022.7178 54.4696
2022.7205 55.3775
2022.7233 62.3149
2022.7260 56.0616
2022.7288 63.7976
2022.7315 63.1628
2022.7342 57.5171
2022.7370 52.8002
2022.7397 57.9323
2022.7425 55.6032
2022.7452 53.6327
2022.7479 53.1907
2022.7507 48.7565
2022.7534 52.6291
2022.7562 46.1489
2022.7589 50.6560
2022.7616 50.2806
2022.7644 49.2230
2022.7671 51.1332
2022.7699 56.8115
2022.7726 52.5682
2022.7753 49.9633
2022.7781 56.3270
2022.7808 55.2297
2022.7836 54.0114
2022.7863 56.3423
2022.7890 47.8627
2022.7918 61.4727
2022.7945 54.4226
2022.7973 48.8225
2022.8027 46.9831
2022.8055 46.0342
2022.8082 45.9661
2022.8110 49.9690
2022.8137 47.4930
2022.8164 46.0585
2022.8192 44.5655
2022.8219 50.3142
2022.8247 41.3350
2022.8274 40.0378
2022.8301 46.0030
2022.8329 40.4508
2022.8356 43.4114
2022.8384 49.4449
2022.8411 50.5508
2022.8438 54.6092
2022.8466 42.8396
2022.8493 50.2021
2022.8521 52.0363
2022.8548 45.7820
2022.8603 49.7472
2022.8630 58.8864
2022.8658 55.0763
2022.8685 56.8967
2022.8712 55.9874
2022.8740 61.0983
2022.8767 51.6192
2022.8795 81.0397
2022.8822 61.5698
2022.8849 57.6092
2022.8877 61.5978
2022.8904 64.1452
2022.8932 56.1914
2022.8959 55.5761
2022.8986 46.6292
2022.9014 48.6704
2022.9041 48.5394
2022.9068 44.0862
2022.9096 51.8605
2022.9123 49.7822
2022.9151 55.8809
2022.9178 52.1571
2022.9205 67.3113
2022.9233 54.0636
2022.9260 47.9139
2022.9288 48.3023
2022.9315 62.0388
2022.9342 44.9635
2022.9370 50.2364
2022.9397 44.0275
2022.9425 47.1269
