2016.0929 -1.0369
2016.0956 -1.3506
2016.0984 -1.8744
2016.1011 4.9917
2016.1038 -1.5321
2016.1066 -2.1060
2016.1093 1.1901
2016.1120 1.2562
2016.1148 0.7522
2016.1175 0.1183
2016.1202 -1.3556
2016.1230 1.3705
2016.1257 2.6366
2016.1284 1.9827
2016.1311 -0.9712
2016.1339 0.9150
2016.1366 -2.2588
2016.1393 5.5674
2016.1421 1.7937
2016.1448 0.9801
2016.1475 2.2865
2016.1503 0.9729
2016.1530 0.1194
2016.1557 0.6960
2016.1585 -0.2374
2016.1612 -1.0006
2016.1639 -3.3630
2016.1667 -0.4031
2016.1694 1.1689
2016.1721 4.4628
2016.1749 6.4385
2016.1776 8.0360
2016.1803 9.5249
2016.1831 6.2052
2016.1858 8.5968
2016.1885 9.1694
2016.1913 8.4830
2016.1940 6.4974
2016.1967 7.6024
2016.1995 9.2279
2016.2022 5.0938
2016.2049 4.1298
2016.2077 5.9959
2016.2104 -0.6680
2016.2131 5.3278
2016.2158 1.8332
2016.2186 3.7581
2016.2213 3.7823
2016.2240 5.0857
2016.2268 7.1182
2016.2295 8.3695
2016.2322 6.5896
2016.2350 6.7682
2016.2377 10.6053
2016.2404 3.3108
2016.2432 4.5743
2016.2459 2.1460
2016.2486 1.1369
2016.2514 -0.7023
2016.2541 -1.1518
2016.2568 -0.1113
2016.2596 5.5289
2016.2623 6.5890
2016.2650 0.6589
2016.2678 6.0086
2016.2705 2.3882
2016.2732 2.2477
2016.2760 -1.7730
2016.2787 3.2861
2016.2814 1.1752
2016.2842 -1.3659
2016.2869 -1.7572
2016.2896 1.0814
2016.2923 1.5300
2016.2951 1.6584
2016.2978 2.4266
2016.3005 -0.7352
2016.3033 -2.4071
2016.3060 -1.4292
2016.3087 -2.8713
2016.3115 -3.0535
2016.3142 0.3042
2016.3169 5.5217
2016.3197 1.9993
2016.3224 1.0967
2016.3251 9.8541
2016.3279 2.9613
2016.3306 0.7085
2016.3333 3.7852
2016.3361 0.3916
2016.3388 4.8577
2016.3415 7.1734
2016.3443 4.1889
2016.3470 7.2441
2016.3497 8.4291
2016.3525 6.3639
2016.3552 3.6685
2016.3579 7.5430
2016.3607 7.2674
2016.3634 8.2517
2016.3661 4.9060
2016.3689 0.1803
2016.3716 2.4945
2016.3743 1.4889
2016.3770 6.2933
2016.3798 4.7478
2016.3825 6.6825
2016.3852 8.7573
2016.3880 12.6823
2016.3907 6.2976
2016.3934 7.1931
2016.3962 8.7289
2016.3989 2.1650
2016.4016 -5.7585
2016.4044 3.5583
2016.4071 0.1856
2016.4098 2.7733
2016.4126 1.5114
2016.4208 10.7152
2016.4235 11.6397
2016.4262 8.9956
2016.4290 10.7628
2016.4317 9.0611
2016.4344 8.1805
2016.4372 0.1308
2016.4426 11.7935
2016.4454 7.6858
2016.4508 7.2213
2016.4563 12.7174
2016.4617 10.2330
2016.4727 9.5489
2018.1233 17.9037
2018.1260 14.6205
2018.1288 16.3075
2018.1315 19.0048
2018.1342 14.0222
2018.1370 13.7999
2018.1397 16.6179
2018.1425 16.7061
2018.1452 14.1846
2018.1479 11.2835
2018.1507 14.3226
2018.1534 12.4521
2018.1562 11.9819
2018.1589 12.5821
2018.1616 11.6526
2018.1644 12.5946
2018.1671 15.0989
2018.1699 10.9454
2018.1726 11.9239
2018.1753 12.8543
2018.1781 11.4364
2018.1808 9.7602
2018.1836 12.6554
2018.1863 10.4320
2018.1890 15.6997
2018.1918 12.1185
2018.1945 12.0082
2018.1973 8.8686
2018.2000 12.1696
2018.2027 11.3011
2018.2055 11.0030
2018.2082 10.7950
2018.2110 12.9471
2018.2137 11.2191
2018.2164 18.0809
2018.2192 14.3422
2018.2219 8.5131
2018.2247 19.8333
2018.2274 13.8227
2018.2301 8.6311
2018.2329 12.5285
2018.2356 12.6646
2018.2384 11.6694
2018.2411 15.0826
2018.2438 13.3342
2018.2466 18.3942
2018.2493 17.5041
2018.2521 19.9441
2018.2548 13.5441
2018.2575 14.8341
2018.2603 5.1540
2018.2630 14.2339
2018.2658 17.6337
2018.2685 19.6134
2018.2712 16.3829
2018.2740 21.1422
2018.2767 18.4613
2018.2795 18.2002
2018.2822 16.0987
2018.2849 16.9670
2018.2877 22.2349
2018.2904 23.9724
2018.2932 16.2295
2018.2959 18.1162
2018.2986 18.8023
2018.3014 16.0180
2018.3041 19.6432
2018.3068 18.6777
2018.3096 15.5517
2018.3123 14.1650
2018.3151 14.4077
2018.3178 13.9797
2018.3205 15.9009
2018.3233 13.5814
2018.3260 14.2711
2018.3288 11.6399
2018.3315 13.4283
2018.3342 16.3565
2018.3370 16.2546
2018.3397 17.4826
2018.3425 18.5605
2018.3452 22.5582
2018.3479 16.2459
2018.3507 15.1734
2018.3534 15.7109
2018.3562 15.2582
2018.3589 15.7254
2018.3616 15.9426
2018.3644 19.8197
2018.3671 19.6867
2018.3699 18.7636
2018.3726 29.4504
2018.3753 20.3772
2018.3781 18.1339
2018.3808 16.5505
2018.3836 15.0171
2018.3863 14.2637
2018.3890 21.0602
2018.3918 16.8666
2018.3945 19.3730
2018.4055 22.5283
2018.4082 16.7446
2018.4110 24.7208
2018.4137 19.0070
2018.4247 16.8677
2018.4274 19.3220
2018.4356 18.6735
2018.4384 19.2870
2018.4411 18.3304
2018.4438 13.3638
2018.4548 20.7477
2018.4767 14.0966
2018.4795 18.0333
2018.4822 15.7905
2018.4877 20.4069
2018.4932 19.4060
2018.4959 10.7067
2018.4986 12.8882
2018.5014 20.0003
2018.5041 14.5132
2018.5123 17.4853
2018.5205 26.1021
2018.5260 22.8553
2018.5315 20.0598
2018.5342 20.4674
2018.5370 19.0453
2018.5397 21.5933
2018.5425 25.0614
2018.5507 25.1761
2018.5534 19.9943
2018.5562 19.8725
2018.5589 20.2305
2018.5616 21.3584
2018.5644 31.4361
2018.5699 23.3108
2018.5726 12.8877
2018.5753 18.6343
2018.5781 14.2305
2018.5808 15.5562
2018.5836 20.9217
2018.5863 15.3471
2018.5890 19.4623
2018.5918 21.0275
2018.5945 22.2225
2018.5973 23.8775
2018.6000 21.8523
2018.6027 23.3472
2018.6055 26.8619
2018.6082 20.5266
2018.6110 17.9513
2018.6137 18.6059
2018.6164 21.9105
2018.6192 20.2150
2018.6219 16.3796
2018.6247 16.6542
2018.6274 17.1887
2018.6301 20.9033
2018.6329 17.8279
2018.6356 20.2525
2018.6384 21.2572
2018.6411 18.1119
2018.6438 20.5267
2018.6466 19.1415
2018.6493 16.0264
2018.6521 12.4814
2018.6548 16.8564
2018.6575 19.9816
2018.6603 23.8469
2018.6630 14.6722
2018.6658 18.8179
2018.6685 23.0348
2018.6712 21.4829
2018.6740 23.2822
2018.6767 25.4127
2018.6795 32.9341
2018.6822 21.6265
2018.6849 21.1097
2018.6877 14.6236
2018.6904 20.8882
2018.6932 18.2233
2018.6959 17.1389
2018.6986 16.9649
2018.7014 17.1011
2018.7041 19.2475
2018.7068 19.3941
2018.7096 17.4306
2018.7123 16.8870
2018.7151 18.9533
2018.7178 19.7793
2018.7205 21.5250
2018.7233 17.5802
2018.7260 16.9448
2018.7288 15.7588
2018.7315 18.6721
2018.7342 11.2846
2018.7370 16.7262
2018.7397 20.4068
2018.7452 25.0346
2018.7479 23.5616
2018.7507 23.5268
2018.7534 21.9999
2018.7562 19.7009
2018.7589 21.0500
2018.7616 21.1475
2018.7644 20.9633
2018.7671 23.5478
2018.7699 20.0209
2018.7726 20.8130
2018.7753 21.5140
2018.7781 22.8743
2018.7808 27.8439
2018.7836 28.5029
2018.7863 24.7816
2018.7890 20.2201
2018.7918 18.6984
2018.7945 25.1969
2018.7973 19.6656
2018.8000 17.5547
2018.8027 16.3343
2018.8055 21.8446
2018.8082 19.1458
2018.8110 20.0179
2018.8137 21.5111
2018.8164 19.4357
2018.8192 21.8516
2018.8219 22.7292
2018.8247 24.4984
2018.8274 19.3896
2018.8301 16.9028
2018.8329 23.2280
2018.8356 12.2140
2018.8384 20.2308
2018.8411 19.3981
2018.8438 17.1159
2018.8466 22.0143
2018.8493 18.0431
2018.8521 19.0324
2018.8548 20.2020
2018.8575 16.7220
2018.8603 20.8122
2018.8630 20.1426
2018.8658 18.9533
2018.8685 19.3041
2018.8712 18.1850
2018.8740 15.2760
2018.8767 17.5969
2018.8795 16.7378
2018.8822 15.1087
2018.8849 16.5394
2018.8877 17.3299
2018.8904 15.0103
2018.8932 17.4703
2018.8959 14.3401
2018.8986 13.1594
2018.9014 12.5884
2018.9041 17.7670
2018.9068 14.1250
2018.9096 14.8025
2018.9123 4.8694
2018.9151 15.0957
2018.9178 20.2718
2018.9205 9.5481
2018.9233 11.1246
2018.9260 9.4513
2018.9288 10.9780
2018.9315 13.0748
2018.9342 12.2616
2018.9370 12.4183
2018.9397 13.3949
2018.9425 11.4614
2018.9452 16.0777
2018.9479 14.7538
2018.9507 13.5496
2018.9534 13.1550
2018.9562 11.6501
2018.9589 10.1447
2018.9616 10.1589
2018.9644 14.8125
2018.9671 11.5456
2018.9699 14.4580
2018.9726 11.4598
2018.9753 18.1809
2018.9781 17.2913
2018.9808 15.9808
2018.9836 15.4995
2018.9863 15.8372
2018.9890 16.0141
2018.9918 17.0499
2018.9945 19.7347
2018.9973 17.0984
2019.0000 17.3010
2019.0027 16.9427
2019.0055 12.7438
2019.0082 18.2142
2019.0110 20.4042
2019.0137 19.4737
2019.0164 17.6627
2019.0192 17.1013
2019.0219 17.2095
2019.0247 14.7573
2019.0274 17.5349
2019.0301 17.0622
2019.0329 17.8592
2019.0356 18.5761
2019.0384 17.8328
2019.0411 17.5394
2019.0438 18.5259
2019.0466 23.2624
2019.0493 19.2688
2019.0521 19.0553
2019.0548 20.4619
2019.0575 18.0586
2019.0603 18.2354
2019.0630 21.6924
2019.0658 17.2297
2019.0685 16.1572
2019.0712 20.9549
2019.0740 20.3531
2019.0767 19.1816
2019.0795 16.6005
2019.0822 16.2498
2019.0849 13.4592
2019.0877 16.8086
2019.0904 20.8080
2019.0932 6.4474
2019.0959 19.3169
2019.0986 24.2565
2019.1014 18.2260
2019.1041 18.5157
2019.1068 17.7554
2019.1096 18.9552
2019.1123 19.8450
2019.1151 16.4649
2019.1178 18.8649
2019.1205 17.7250
2019.1233 19.2352
2019.1260 20.6455
2019.1288 14.5859
2019.1315 14.8664
2019.1342 9.2370
2019.1370 10.1677
2019.1397 13.1186
2019.1425 12.1096
2019.1452 14.4608
2019.1479 14.8621
2019.1507 13.3536
2019.1534 13.0552
2019.1562 17.2970
2019.1589 19.9889
2019.1616 20.6711
2019.1644 23.6937
2019.1671 22.7171
2019.1699 24.5112
2019.1726 25.0760
2019.1753 22.6615
2019.1781 21.3177
2019.1808 26.0846
2019.1836 26.9621
2019.1863 26.9502
2019.1890 29.4188
2019.1918 27.7281
2019.1945 24.6679
2019.1973 28.0782
2019.2000 25.3191
2019.2027 26.2804
2019.2055 25.9422
2019.2082 25.7644
2019.2110 28.8971
2019.2137 28.7102
2019.2164 28.1236
2019.2192 32.0974
2019.2219 29.8816
2019.2247 33.1361
2019.2274 33.4309
2019.2301 32.4159
2019.2329 30.9812
2019.2356 29.2068
2019.2384 30.9026
2019.2411 33.5185
2019.2438 29.7047
2019.2466 28.8011
2019.2493 32.5986
2019.2521 32.8571
2019.2548 30.5667
2019.2575 27.8272
2019.2603 34.7886
2019.2630 34.2107
2019.2658 35.4435
2019.2685 34.2769
2019.2712 31.8808
2019.2740 35.9552
2019.2767 27.0599
2019.2795 29.7649
2019.2822 25.1601
2019.2849 25.0855
2019.2877 30.2608
2019.2904 30.5162
2019.2932 33.0214
2019.2959 29.8964
2019.2986 32.9711
2019.3014 28.4255
2019.3041 29.6394
2019.3068 27.3828
2019.3096 28.5856
2019.3123 34.8677
2019.3151 28.2590
2019.3178 30.3195
2019.3205 27.0391
2019.3233 31.8676
2019.3260 29.6351
2019.3288 29.9713
2019.3315 29.3169
2019.3342 30.5523
2019.3370 36.1876
2019.3397 34.0127
2019.3425 32.0275
2019.3452 33.1022
2019.3479 28.7166
2019.3507 32.8207
2019.3534 33.2045
2019.3562 28.8081
2019.3589 22.8013
2019.3616 30.3542
2019.3644 33.8367
2019.3671 28.8389
2019.3699 34.0807
2019.3726 34.9120
2019.3753 34.0429
2019.3781 31.6634
2019.3808 28.9034
2019.3836 28.4530
2019.3863 26.9620
2019.3890 28.6405
2019.3918 26.7685
2019.3945 26.7559
2019.3973 27.8527
2019.4000 24.2990
2019.4027 27.0146
2019.4055 24.8896
2019.4082 23.0240
2019.4110 29.7176
2019.4137 29.0307
2019.4164 27.6737
2019.4192 27.8666
2019.4219 30.3895
2019.4247 28.3023
2019.4274 28.0351
2019.4301 28.0678
2019.4329 22.4505
2019.4356 23.9131
2019.4384 23.1557
2019.4411 27.3783
2019.4438 30.6008
2019.4466 36.0032
2019.4493 29.6456
2019.4521 29.2880
2019.4548 29.4603
2019.4575 26.8126
2019.4603 26.1148
2019.4630 30.1269
2019.4658 29.6191
2019.4685 31.0812
2019.4712 30.2532
2019.4740 29.2952
2019.4767 31.8471
2019.4795 30.7590
2019.4822 33.9608
2019.4849 32.7926
2019.4877 33.6744
2019.4904 33.9161
2019.4932 36.8377
2019.4959 33.9193
2019.4986 32.5209
2019.5014 34.2124
2019.5041 26.3740
2019.5068 30.4755
2019.5096 33.0870
2019.5123 28.7884
2019.5151 29.6799
2019.5178 32.7213
2019.5205 37.6527
2019.5233 34.4641
2019.5260 38.0455
2019.5288 36.5668
2019.5315 37.9581
2019.5342 36.0095
2019.5370 35.1207
2019.5397 30.5720
2019.5425 33.4232
2019.5452 32.6044
2019.5479 32.5456
2019.5507 33.2968
2019.5534 33.1479
2019.5562 31.9291
2019.5589 33.4602
2019.5616 35.5012
2019.5644 37.9223
2019.5671 37.7733
2019.5699 39.7343
2019.5726 37.7653
2019.5753 37.9263
2019.5781 35.3872
2019.5808 35.7381
2019.5836 34.9087
2019.5863 37.5388
2019.5890 34.1283
2019.5918 36.8273
2019.5945 34.1758
2019.5973 33.3940
2019.6000 36.2118
2019.6027 34.0892
2019.6055 35.2763
2019.6082 36.1031
2019.6110 39.5097
2019.6137 38.8761
2019.6164 36.2324
2019.6192 36.9285
2019.6219 32.4946
2019.6247 37.4005
2019.6274 37.0365
2019.6301 39.2525
2019.6329 36.1086
2019.6356 35.3847
2019.6384 37.5310
2019.6411 37.7475
2019.6438 37.5241
2019.6466 41.9910
2019.6493 39.7482
2019.6521 39.3757
2019.6548 37.8936
2019.6575 33.4618
2019.6603 32.0305
2019.6630 28.7096
2019.6658 33.4393
2019.6685 34.5895
2019.6712 40.6804
2019.6740 37.4320
2019.6767 36.9441
2019.6795 38.5268
2019.6822 34.9001
2019.6849 30.5440
2019.6877 33.3585
2019.6904 44.7235
2019.6932 40.6090
2019.6959 30.8851
2019.6986 33.6616
2019.7014 34.8587
2019.7041 35.5863
2019.7068 37.9744
2019.7096 41.1529
2019.7123 39.5919
2019.7151 36.9013
2019.7178 37.5812
2019.7205 39.7715
2019.7233 39.9622
2019.7260 34.6933
2019.7288 39.1548
2019.7315 37.4567
2019.7342 36.3489
2019.7370 37.3115
2019.7397 32.5145
2019.7425 34.4178
2019.7452 39.2214
2019.7479 40.8553
2019.7507 42.1801
2019.7534 37.9563
2019.7562 39.7937
2019.7589 39.1324
2019.7616 36.9322
2019.7644 34.1729
2019.7671 37.0446
2019.7699 37.6071
2019.7726 35.5203
2019.7753 33.3741
2019.7781 33.3084
2019.7808 36.7332
2019.7836 35.3982
2019.7863 36.4835
2019.7890 37.7790
2019.7918 38.9745
2019.7945 40.3999
2019.7973 36.6752
2019.8000 33.2602
2019.8027 33.6249
2019.8055 28.6991
2019.8082 23.1628
2019.8110 24.6659
2019.8137 24.8082
2019.8164 25.7297
2019.8192 32.4003
2019.8219 31.7098
2019.8247 30.3083
2019.8274 29.3255
2019.8301 28.8915
2019.8329 33.6862
2019.8356 33.0206
2019.8384 33.5650
2019.8411 33.1893
2019.8438 32.4934
2019.8466 31.0673
2019.8493 30.7010
2019.8521 30.7944
2019.8548 32.3576
2019.8575 32.3205
2019.8603 31.4830
2019.8630 35.3152
2019.8658 36.6870
2019.8685 35.3984
2019.8712 36.3494
2019.8740 32.8198
2019.8767 33.1298
2019.8795 30.9392
2019.8822 30.6180
2019.8849 29.9563
2019.8877 28.8039
2019.8904 28.7009
2019.8932 24.0972
2019.8959 29.8327
2019.8986 28.9376
2019.9014 29.0316
2019.9041 28.1749
2019.9068 30.1373
2019.9096 32.1789
2019.9123 28.8696
2019.9151 28.2593
2019.9178 29.4986
2019.9205 30.6377
2019.9233 26.6868
2019.9260 28.1858
2019.9288 27.3547
2019.9315 31.9036
2019.9342 27.6824
2019.9370 26.9812
2019.9397 27.0599
2019.9425 30.2886
2019.9452 30.4973
2019.9479 27.5359
2019.9507 28.3945
2019.9534 28.3331
2019.9562 27.1217
2019.9589 27.5402
2019.9616 28.5288
2019.9644 26.4174
2019.9671 25.8660
2019.9699 31.5546
2019.9726 29.8733
2019.9753 35.4419
2019.9781 33.6706
2019.9808 32.1294
2019.9836 32.8982
2019.9863 38.1670
2019.9890 37.6059
2019.9918 36.6249
2019.9945 37.5439
2019.9973 32.9830
2020.0000 32.5122
2020.0027 31.7415
2020.0055 35.7307
2020.0082 33.5200
2020.0109 34.1693
2020.0137 30.2885
2020.0164 32.3178
2020.0191 33.6371
2020.0219 35.7764
2020.0246 37.0457
2020.0273 33.2050
2020.0301 34.1243
2020.0328 33.9737
2020.0355 35.3430
2020.0383 33.8624
2020.0410 33.1918
2020.0437 37.6512
2020.0464 32.4306
2020.0492 35.1800
2020.0519 33.9695
2020.0546 32.6390
2020.0574 31.4685
2020.0601 30.8280
2020.0628 32.2376
2020.0656 35.5472
2020.0683 32.3268
2020.0710 37.5465
2020.0738 32.4762
2020.0765 35.0059
2020.0792 36.0057
2020.0820 31.5655
2020.0847 34.9357
2020.0874 34.5062
2020.0902 33.5272
2020.0929 36.5085
2020.0956 31.6902
2020.0984 33.9522
2020.1011 33.0245
2020.1038 29.7972
2020.1066 28.9201
2020.1093 25.8233
2020.1120 39.5567
2020.1148 36.8404
2020.1175 33.3143
2020.1202 34.6185
2020.1230 34.3728
2020.1257 30.7573
2020.1284 28.7319
2020.1311 30.2167
2020.1339 30.7516
2020.1366 31.3767
2020.1393 31.1418
2020.1421 33.4770
2020.1448 34.2123
2020.1475 31.5576
2020.1503 30.6130
2020.1530 35.5284
2020.1557 35.0438
2020.1585 32.2491
2020.1612 33.0045
2020.1639 33.9900
2020.1667 29.5559
2020.1694 30.6722
2020.1721 32.3790
2020.1749 32.1162
2020.1776 30.0438
2020.1803 35.7418
2020.1831 36.9401
2020.1858 36.7888
2020.1885 38.0478
2020.1913 39.6872
2020.1940 41.8569
2020.1967 42.1569
2020.1995 41.4272
2020.2022 41.2578
2020.2049 41.7987
2020.2077 37.2498
2020.2104 39.1411
2020.2131 35.7527
2020.2158 37.8445
2020.2186 38.1165
2020.2213 36.5887
2020.2240 38.0610
2020.2268 40.7836
2020.2295 36.3563
2020.2322 40.3891
2020.2350 40.4920
2020.2377 38.7051
2020.2404 37.0783
2020.2432 36.8015
2020.2459 31.5149
2020.2486 32.8500
2020.2514 34.2773
2020.2541 34.0665
2020.2568 30.1876
2020.2596 33.5403
2020.2623 34.5545
2020.2650 37.5401
2020.2678 45.7668
2020.2705 46.1646
2020.2732 37.8431
2020.2760 38.7923
2020.2787 30.6421
2020.2814 31.9522
2020.2842 32.9524
2020.2869 28.9727
2020.2896 30.7227
2020.2923 36.4225
2020.2951 33.8018
2020.2978 35.3904
2020.3005 33.6782
2020.3033 34.2150
2020.3060 32.1607
2020.3087 35.4551
2020.3115 33.9179
2020.3142 37.8292
2020.3169 44.4586
2020.3197 35.9360
2020.3224 35.7213
2020.3251 29.1242
2020.3279 37.2947
2020.3306 29.1029
2020.3333 28.0098
2020.3361 31.1055
2020.3388 32.5902
2020.3415 34.4338
2020.3443 34.9566
2020.3470 36.1785
2020.3497 34.2497
2020.3525 35.6002
2020.3552 33.0501
2020.3579 35.5895
2020.3607 32.6484
2020.3634 31.2770
2020.3661 32.3653
2020.3689 31.6433
2020.3716 31.4513
2020.3743 29.9091
2020.3770 33.2170
2020.3798 31.5450
2020.3825 32.5132
2020.3852 33.7816
2020.3880 37.6604
2020.3907 34.3496
2020.3934 32.4892
2020.3962 34.4395
2020.3989 34.9004
2020.4016 29.5819
2020.4044 31.3543
2020.4071 32.7076
2020.4098 34.1418
2020.4126 39.7071
2020.4153 37.6330
2020.4180 36.4594
2020.4208 37.9261
2020.4235 38.5231
2020.4262 38.4705
2020.4290 39.1781
2020.4317 39.8660
2020.4344 39.7841
2020.4372 41.3224
2020.4399 38.2508
2020.4426 38.5093
2020.4454 35.5279
2020.4481 38.0865
2020.4508 35.2551
2020.4536 36.9138
2020.4563 43.7123
2020.4590 43.3908
2020.4617 41.7892
2020.4645 43.0574
2020.4672 38.6954
2020.4699 38.9433
2020.4727 37.2408
2020.4754 36.3581
2020.4781 36.3651
2020.4809 38.0617
2020.4836 38.2780
2020.4863 37.4738
2020.4891 40.0292
2020.4918 34.7841
2020.4945 35.6685
2020.4973 38.0623
2020.5000 37.6651
2020.5027 38.5370
2020.5055 38.3781
2020.5082 38.7983
2020.5109 37.3578
2020.5137 37.9367
2020.5164 37.1450
2020.5191 38.0127
2020.5219 38.2201
2020.5246 37.5671
2020.5273 34.6639
2020.5301 40.1905
2020.5328 41.3869
2020.5355 38.1533
2020.5383 46.2397
2020.5410 33.6262
2020.5437 39.2229
2020.5464 40.7499
2020.5492 38.0972
2020.5519 38.7349
2020.5546 35.0431
2020.5574 36.7618
2020.5601 39.7711
2020.5628 42.7212
2020.5656 43.6120
2020.5683 43.8337
2020.5710 41.2963
2020.5738 40.3200
2020.5765 42.3747
2020.5792 43.7405
2020.5820 45.9275
2020.5847 43.4747
2020.5874 38.4620
2020.5902 42.8294
2020.5929 42.3068
2020.5956 38.3243
2020.5984 36.9218
2020.6011 35.1194
2020.6038 34.0070
2020.6066 33.9046
2020.6093 34.5923
2020.6120 32.8100
2020.6148 32.9177
2020.6175 28.4354
2020.6202 29.2731
2020.6230 27.7809
2020.6257 28.7586
2020.6284 27.1864
2020.6311 31.5141
2020.6339 30.4718
2020.6366 33.7895
2020.6393 35.1172
2020.6421 37.0448
2020.6448 42.6425
2020.6475 45.8600
2020.6503 40.3076
2020.6530 34.1851
2020.6557 31.1325
2020.6585 34.4399
2020.6612 37.1873
2020.6639 37.4046
2020.6667 36.2418
2020.6694 37.8790
2020.6721 35.6462
2020.6749 36.2434
2020.6776 38.8806
2020.6803 41.6078
2020.6831 40.5550
2020.6858 41.7522
2020.6885 40.3693
2020.6913 38.6965
2020.6940 42.5637
2020.6967 45.5408
2020.6995 44.4880
2020.7022 35.6351
2020.7049 34.4223
2020.7077 37.6294
2020.7104 36.7065
2020.7131 35.5037
2020.7158 40.8708
2020.7186 38.4180
2020.7213 38.2751
2020.7240 35.8923
2020.7268 39.6794
2020.7295 34.6466
2020.7322 36.9737
2020.7350 34.7709
2020.7377 39.0181
2020.7404 34.4253
2020.7432 36.6625
2020.7459 36.3096
2020.7486 42.4769
2020.7514 39.1541
2020.7541 41.7215
2020.7568 39.3890
2020.7596 41.0165
2020.7623 42.7542
2020.7650 39.5419
2020.7678 42.2398
2020.7705 45.5378
2020.7732 43.7358
2020.7760 37.4940
2020.7787 41.0123
2020.7814 38.9606
2020.7842 42.7691
2020.7869 42.6677
2020.7896 43.3465
2020.7923 40.8453
2020.7951 41.0142
2020.7978 40.5233
2020.8005 39.2524
2020.8033 41.2517
2020.8060 42.1212
2020.8087 37.5707
2020.8115 43.5203
2020.8142 38.5401
2020.8169 37.9500
2020.8197 33.6601
2020.8224 33.8602
2020.8251 38.2205
2020.8279 34.2109
2020.8306 35.3215
2020.8333 40.6628
2020.8361 52.7767
2020.8388 48.7932
2020.8415 42.0521
2020.8443 53.9632
2020.8470 33.9864
2020.8497 31.6814
2020.8525 37.5482
2020.8552 31.6764
2020.8579 42.0560
2020.8634 39.8785
2020.8661 38.7510
2020.8689 37.5042
2020.8716 38.0378
2020.8743 36.9917
2020.8770 34.7356
2020.8798 32.3395
2020.8825 34.0832
2020.8852 29.7163
2020.8880 28.1489
2020.8907 29.7306
2020.8934 29.6414
2020.8962 32.2710
2020.8989 34.1093
2020.9016 33.7761
2020.9044 32.5612
2020.9071 34.1244
2020.9098 31.2356
2020.9126 37.4145
2020.9153 31.5111
2020.9180 35.2264
2020.9208 32.9815
2020.9235 34.9963
2020.9262 35.9408
2020.9290 43.1051
2020.9317 37.0592
2020.9344 38.1330
2020.9372 43.3666
2020.9399 35.5499
2020.9426 29.5531
2020.9454 41.2060
2020.9481 38.7187
2020.9508 43.2113
2020.9536 43.3636
2020.9563 43.0158
2020.9590 42.6778
2020.9617 41.0496
2020.9645 41.1213
2020.9672 42.1228
2020.9699 44.3242
2020.9727 40.5354
2020.9754 39.1765
2020.9781 43.6775
2020.9809 42.3383
2020.9836 45.2390
2020.9863 41.8396
2020.9891 42.7301
2020.9918 48.1006
2020.9945 46.6709
2020.9973 43.7611
2021.0000 46.9413
2021.0027 46.5410
2021.0055 48.1897
2021.0082 49.7476
2021.0110 46.3448
2021.0137 43.6113
2021.0164 43.6372
2021.0192 45.7626
2021.0219 41.6876
2021.0247 42.9122
2021.0274 46.4966
2021.0301 43.6107
2021.0329 42.6148
2021.0356 43.4289
2021.0384 39.8330
2021.0411 40.7472
2021.0438 41.3716
2021.0466 40.8164
2021.0493 40.7615
2021.0521 39.6271
2021.0548 38.7432
2021.0575 39.9500
2021.0603 44.1174
2021.0630 45.5456
2021.0658 41.1647
2021.0685 43.6547
2021.0712 42.0257
2021.0740 35.9679
2021.0767 38.8312
2021.0795 40.1558
2021.0822 47.2518
2021.0849 40.6896
2021.0877 39.3692
2021.0904 41.2905
2021.0932 40.3233
2021.0959 39.3776
2021.0986 43.6832
2021.1014 43.0899
2021.1041 40.6278
2021.1068 41.1665
2021.1123 43.6064
2021.1151 36.0373
2021.1178 45.5786
2021.1205 42.8603
2021.1233 46.5222
2021.1260 45.6742
2021.1288 40.2561
2021.1315 37.4080
2021.1342 39.2795
2021.1370 38.0806
2021.1397 43.3113
2021.1425 44.4313
2021.1452 46.8905
2021.1479 45.3389
2021.1507 45.7863
2021.1534 45.1825
2021.1562 48.0575
2021.1589 50.6612
2021.1616 45.2434
2021.1644 49.8448
2021.1671 43.6162
2021.1699 52.8775
2021.1726 48.7089
2021.1753 40.3601
2021.1781 43.5014
2021.1808 42.3626
2021.1836 40.4138
2021.1863 44.7549
2021.1890 51.0460
2021.1918 45.7771
2021.1945 49.6581
2021.1973 49.2890
2021.2000 47.9699
2021.2027 53.6308
2021.2055 47.9216
2021.2082 49.5223
2021.2110 46.7330
2021.2137 44.1035
2021.2164 42.8741
2021.2192 43.9945
2021.2219 42.5049
2021.2247 44.1352
2021.2274 42.8955
2021.2301 44.6356
2021.2329 48.6457
2021.2356 45.1457
2021.2384 44.1656
2021.2411 44.7355
2021.2438 48.7852
2021.2466 42.9048
2021.2493 43.0842
2021.2521 45.5834
2021.2548 41.0923
2021.2575 45.6711
2021.2603 46.2096
2021.2630 45.8280
2021.2658 43.8163
2021.2685 46.7044
2021.2712 50.2924
2021.2740 49.9304
2021.2767 49.9182
2021.2795 50.1560
2021.2822 48.7337
2021.2849 48.5414
2021.2877 48.9191
2021.2904 49.0468
2021.2932 46.0945
2021.2959 42.1022
2021.2986 46.1700
2021.3014 43.3879
2021.3041 44.3858
2021.3068 45.1339
2021.3096 48.3820
2021.3123 39.7903
2021.3151 43.1688
2021.3178 47.8374
2021.3205 44.9863
2021.3233 44.6453
2021.3260 44.4745
2021.3288 42.1840
2021.3315 39.7143
2021.3342 39.0359
2021.3370 43.2088
2021.3397 40.3228
2021.3425 39.6079
2021.3452 37.1040
2021.3479 40.7109
2021.3507 43.9186
2021.3534 42.9669
2021.3562 49.5058
2021.3589 46.4352
2021.3616 39.5150
2021.3671 51.8653
2021.3699 40.0157
2021.3726 37.8160
2021.3753 42.5162
2021.3781 45.6862
2021.3808 45.2660
2021.3836 45.3453
2021.3863 38.2042
2021.3890 57.7224
2021.3918 43.2600
2021.3945 42.9469
2021.3973 44.3628
2021.4000 45.3478
2021.4027 40.6917
2021.4055 40.9244
2021.4082 44.7959
2021.4110 47.7560
2021.4137 45.2948
2021.4164 44.3931
2021.4192 44.2810
2021.4219 45.9586
2021.4247 46.6258
2021.4274 42.9526
2021.4301 48.6291
2021.4329 49.4552
2021.4356 49.7010
2021.4384 52.5964
2021.4411 51.4215
2021.4438 50.8263
2021.4466 50.9807
2021.4493 47.4048
2021.4521 48.3786
2021.4548 51.6820
2021.4575 50.1851
2021.4603 49.7680
2021.4630 53.4205
2021.4658 51.7627
2021.4685 55.9345
2021.4712 51.1361
2021.4740 54.3474
2021.4767 50.6384
2021.4795 52.6091
2021.4822 48.2096
2021.4849 47.4497
2021.4877 47.4896
2021.4904 45.8692
2021.4932 47.9385
2021.4959 50.8676
2021.4986 53.6465
2021.5671 39.5075
2021.5699 43.7557
2021.5726 48.6739
2021.5753 47.7222
2021.5781 47.1406
2021.5808 48.9991
2021.5836 53.1976
2021.5863 45.9360
2021.5890 49.1843
2021.5918 46.4825
2021.5945 48.0507
2021.5973 47.9889
2021.6000 50.4571
2021.6027 49.4754
2021.6055 46.1937
2021.6082 46.4221
2021.6110 43.1706
2021.6137 45.3993
2021.6164 42.2482
2021.6192 49.8972
2021.6219 41.1665
2021.6247 42.7561
2021.6274 40.9659
2021.6301 40.3360
2021.6329 43.7164
2021.6356 43.4372
2021.6384 45.3384
2021.6411 47.9399
2021.6438 44.7719
2021.6466 42.7644
2021.6493 41.8673
2021.6521 41.5808
2021.6548 42.4048
2021.6575 50.7393
2021.6603 47.7144
2021.6630 46.0302
2021.6658 48.8068
2021.6685 47.3757
2021.6712 48.6370
2021.6740 44.2406
2021.6767 44.5563
2021.6795 49.3040
2021.6822 44.7236
2021.6849 46.6948
2021.6877 46.7975
2021.6904 48.7016
2021.6932 50.3470
2021.6959 51.4834
2021.6986 45.7108
2021.7014 48.1690
2021.7041 45.4179
2021.7068 48.1572
2021.7096 44.5669
2021.7123 41.5568
2021.7151 41.4167
2021.7178 48.1766
2021.7205 44.0262
2021.7233 45.7755
2021.7260 47.8442
2021.7288 47.5722
2021.7315 47.6594
2021.7342 49.3957
2021.7370 60.6507
2021.7397 47.7646
2021.7425 47.9670
2021.7452 42.2579
2021.7479 44.2370
2021.7507 42.3953
2021.7534 43.6338
2021.7562 46.9024
2021.7589 50.2810
2021.7616 52.1097
2021.7644 50.1984
2021.7671 50.6871
2021.7699 48.7359
2021.7726 47.3245
2021.7753 48.1131
2021.7781 48.4616
2021.7808 47.6000
2021.7836 45.6983
2021.7863 43.7363
2021.7890 43.3042
2021.7918 47.5319
2021.7945 49.7494
2021.7973 46.3966
2021.8000 44.8035
2021.8027 46.9401
2021.8055 47.9264
2021.8082 48.2023
2021.8110 46.9878
2021.8137 47.1330
2021.8164 47.4777
2021.8192 43.3620
2021.8219 46.6057
2021.8247 44.3290
2021.8274 43.1818
2021.8301 52.6340
2021.8329 34.8757
2021.8356 43.8273
2021.8384 39.3588
2021.8411 41.1102
2021.8438 43.0715
2021.8466 44.3327
2021.8493 44.8438
2021.8521 40.3349
2021.8548 40.7459
2021.8575 54.8168
2021.8603 53.0777
2021.8630 46.0985
2021.8658 45.6992
2021.8685 43.2399
2021.8712 42.3005
2021.8740 40.3010
2021.8767 44.7215
2021.8795 41.6420
2021.8822 43.8024
2021.8849 42.7228
2021.8904 41.9634
2021.8932 44.9637
2021.8959 44.8039
2021.8986 42.9541
2021.9014 43.9643
2021.9041 45.6145
2021.9068 47.9346
2021.9096 47.2847
2021.9123 46.6448
2021.9151 49.2549
2021.9178 53.5250
2021.9205 52.8052
2021.9233 51.1155
2021.9260 52.3758
2021.9288 53.6761
2021.9315 47.1264
2021.9342 48.5768
2021.9370 48.1272
2021.9397 50.0375
2021.9425 43.4678
2021.9452 47.5081
2021.9479 44.8783
2021.9507 47.0784
2021.9534 48.5284
2021.9562 44.9184
2021.9589 46.0082
2021.9616 47.0479
2021.9644 48.5675
2021.9671 49.3769
2021.9699 46.8762
2021.9726 43.0153
2021.9753 47.4642
2021.9781 48.6929
2021.9808 49.8414
2021.9836 53.5096
2021.9863 54.3576
2021.9890 50.5054
2021.9918 51.6029
2021.9945 48.6001
2021.9973 49.5370
2022.0000 50.9436
2022.0027 50.5897
2022.0055 48.2752
2022.0137 50.5284
2022.0164 48.5217
2022.0192 50.1946
2022.0219 51.5470
2022.0247 51.9491
2022.0274 49.5207
2022.0301 46.8419
2022.0329 46.1329
2022.0356 44.6735
2022.0384 44.5238
2022.0411 46.8739
2022.0438 46.6338
2022.0466 48.9935
2022.0493 49.0330
2022.0521 45.5624
2022.0548 58.7416
2022.0575 46.9408
2022.0603 39.0999
2022.0630 44.8990
2022.0658 49.1081
2022.0685 49.9673
2022.0712 45.7465
2022.0740 44.8957
2022.0767 48.1451
2022.0795 53.6547
2022.0822 56.4343
2022.0849 47.2537
2022.0877 49.4129
2022.0904 49.3718
2022.0932 52.1805
2022.0959 52.4590
2022.0986 50.5773
2022.1014 48.8654
2022.1041 40.3135
2022.1068 55.5714
2022.1096 48.6992
2022.1123 52.2370
2022.1151 52.6747
2022.1178 54.3424
2022.1205 53.4901
2022.1233 52.1378
2022.1260 46.5556
2022.1288 55.0835
2022.1315 53.9314
2022.1342 54.8194
2022.1370 48.9376
2022.1397 61.9160
2022.1425 51.8245
2022.1452 49.3332
2022.1479 47.5621
2022.1507 50.0313
2022.1534 57.9207
2022.1562 55.7105
2022.1589 52.3805
2022.1616 47.5609
2022.1644 49.7620
2022.1671 51.1739
2022.1699 53.0567
2022.1726 53.5503
2022.1753 54.2246
2022.1781 56.0396
2022.1808 51.7652
2022.1836 52.7513
2022.1863 51.5879
2022.1890 57.6349
2022.1918 48.8522
2022.1945 51.1499
2022.1973 50.1277
2022.2000 48.9958
2022.2027 46.8339
2022.2055 50.8321
2022.2082 49.2003
2022.2110 54.7783
2022.2137 56.1663
2022.2164 57.6340
2022.2192 49.1415
2022.2219 52.8786
2022.2247 53.6053
2022.2274 52.7516
2022.2301 49.8573
2022.2329 50.2825
2022.2356 50.6570
2022.2384 48.5108
2022.2411 51.5439
2022.2438 51.9761
2022.2466 56.0075
2022.2493 48.8185
2022.2521 53.9992
2022.2548 51.6895
2022.2575 48.5896
2022.2603 45.5293
2022.2630 48.9489
2022.2658 50.1882
2022.2685 48.6574
2022.2712 45.9163
2022.2740 47.7951
2022.2767 50.8938
2022.2795 50.0824
2022.2822 50.6209
2022.2849 50.1493
2022.2877 50.2677
2022.2904 52.0161
2022.2932 48.6645
2022.2959 48.7329
2022.2986 48.1814
2022.3014 49.2699
2022.3041 40.0386
2022.3068 39.1773
2022.3534 46.1662
2022.3562 46.5181
2022.3589 48.6202
2022.3616 51.8424
2022.3644 50.0848
2022.3671 50.5372
2022.3699 46.5798
2022.3726 48.5525
2022.3753 48.8654
2022.3781 47.3683
2022.3808 39.8014
2022.3836 45.8346
2022.3863 52.9379
2022.3890 53.5614
2022.3918 49.2449
2022.3945 50.4186
2022.3973 52.6024
2022.4000 47.3563
2022.4027 52.6303
2022.4055 55.1545
2022.4082 49.8087
2022.4110 51.5431
2022.4137 56.4178
2022.4164 49.0435
2022.4192 51.1103
2022.4219 53.4082
2022.4247 49.4371
2022.4274 49.9468
2022.4301 48.0674
2022.4329 54.5087
2022.4356 52.9907
2022.4384 47.6533
2022.4411 54.7864
2022.4438 53.4299
2022.4466 50.8138
2022.4493 46.9679
2022.4521 43.2323
2022.4548 45.0667
2022.4575 41.8913
2022.4603 40.6857
2022.4630 47.1901
2022.4658 49.2943
2022.4685 46.1782
2022.4712 47.9017
2022.4740 51.3849
2022.4767 55.5875
2022.4795 54.6196
2022.4822 54.6110
2022.4849 49.2317
2022.4877 50.1115
2022.4904 50.2305
2022.4932 49.7185
2022.4959 46.0155
2022.4986 49.4711
2022.5014 48.7753
2022.5041 50.1181
2022.5068 51.5796
2022.5096 54.9799
2022.5123 53.5492
2022.5151 57.3675
2022.5178 56.6350
2022.5205 55.5317
2022.5233 56.3478
2022.5260 53.4433
2022.5288 53.2184
2022.5315 56.4432
2022.5342 60.1978
2022.5370 51.2922
2022.5397 55.3166
2022.5425 53.1511
2022.5452 51.9658
2022.5479 49.4308
2022.5507 49.1762
2022.5534 50.9221
2022.5562 45.8586
2022.5589 47.3758
2022.5616 53.6138
2022.5644 50.2628
2022.5671 56.2128
2022.5699 49.7039
2022.5726 46.1263
2022.5753 46.6200
2022.5781 46.6652
2022.5808 46.3619
2022.5836 46.5796
2022.5863 50.1276
2022.5890 50.3360
2022.5918 49.9547
2022.5945 52.5138
2022.5973 60.6733
2022.6000 52.7030
2022.6027 51.2631
2022.6055 53.0735
2022.6082 57.9242
2022.6110 54.2852
2022.6137 46.9266
2022.6164 46.3882
2022.6192 49.4501
2022.6219 47.8723
2022.6247 49.5648
2022.6274 49.8176
2022.6301 48.2206
2022.6329 45.3240
2022.6356 50.1175
2022.6384 54.3014
2022.6411 53.6254
2022.6438 52.2897
2022.6466 48.1143
2022.6493 48.4391
2022.6521 49.8941
2022.6548 51.9794
2022.6575 53.4148
2022.6603 56.9805
2022.6630 50.3764
2022.6658 55.0625
2022.6685 53.4392
2022.6712 52.9864
2022.6740 49.0141
2022.6767 48.9522
2022.6795 51.8608
2022.6822 55.6998
2022.6849 57.3591
2022.6877 55.2287
2022.6904 48.8986
2022.6932 55.8186
2022.6959 52.9289
2022.6986 59.8893
2022.7014 54.7898
2022.7041 51.2404
2022.7068 51.6809
2022.7096 49.0715
2022.7123 51.9620
2022.7151 52.8124
2022.7178 54.2826
2022.7205 59.8027
2022.7233 44.2525
2022.7260 54.2821
2022.7288 49.3114
2022.7315 52.7803
2022.7342 52.4589
2022.7370 56.0970
2022.7397 62.5747
2022.7425 57.2418
2022.7452 55.5184
2022.7479 54.3145
2022.7507 51.6796
2022.7534 49.3137
2022.7562 49.8767
2022.7589 52.2987
2022.7616 48.8899
2022.7644 49.3003
2022.7671 54.2999
2022.7699 55.8388
2022.7726 58.0372
2022.7753 52.8049
2022.7781 56.2522
2022.7808 51.6191
2022.7836 51.3657
2022.7863 58.0220
2022.7890 54.0981
2022.7918 65.1141
2022.7945 50.9800
2022.7973 51.3660
2022.8000 51.3820
2022.8027 51.5981
2022.8055 51.0245
2022.8082 50.9712
2022.8110 48.8482
2022.8137 49.4957
2022.8164 50.4036
2022.8192 50.4822
2022.8219 47.1813
2022.8247 46.9612
2022.8274 46.7718
2022.8301 50.1633
2022.8329 45.6958
2022.8356 41.7702
2022.8384 49.3964
2022.8411 47.3644
2022.8438 53.5140
2022.8466 50.2551
2022.8493 37.3175
2022.8521 52.3612
2022.8548 47.4859
2022.8575 48.2415
2022.8603 50.0880
2022.8630 43.2651
2022.8658 51.4027
2022.8685 54.4608
2022.8712 57.6591
2022.8740 49.8376
2022.8767 51.4060
2022.8795 52.5244
2022.8822 48.9224
2022.8849 50.0901
2022.8877 53.9472
2022.8904 52.1937
2022.8932 55.1493
2022.8959 51.1240
2022.8986 50.8977
2022.9014 48.1501
2022.9041 49.1312
2022.9068 50.0908
2022.9096 49.3789
2022.9123 46.9951
2022.9151 50.3295
2022.9178 49.6821
2022.9205 50.4731
2022.9233 52.2924
2022.9260 48.7101
2022.9288 48.3263
2022.9315 51.9609
2022.9342 49.2241
2022.9370 51.0358
2022.9397 53.0161
2022.9425 55.0650
2022.9452 51.8326
2022.9479 51.8989
2022.9507 52.6039
2022.9534 51.2776
2022.9562 51.4101
2022.9589 50.5715
2022.9616 52.6317
2022.9644 51.4807
2022.9671 51.7988
2022.9699 47.4857
2022.9726 59.5917
2022.9753 49.4766
2022.9781 50.4607
2022.9808 51.6638
2022.9836 48.4061
2022.9863 50.3275
2022.9890 50.8881
2022.9918 47.9479
2022.9945 47.5770
2022.9973 47.6854
2023.0000 50.5331
