2016.9208 -5.2083
2016.9235 1.8177
2016.9262 3.9919
2016.9290 0.5244
2016.9317 -1.2645
2016.9344 -2.3248
2016.9372 -2.2663
2016.9399 -1.1189
2016.9426 -1.0524
2016.9454 0.0533
2016.9481 2.4884
2016.9508 -0.1870
2016.9536 -1.8128
2016.9563 2.4312
2016.9590 2.9251
2016.9617 0.8890
2016.9645 -5.9668
2016.9672 -2.9222
2016.9699 -0.4872
2016.9727 0.8484
2016.9754 -2.3752
2016.9781 -4.9978
2016.9809 -3.6494
2016.9836 -0.0199
2016.9863 -3.1490
2016.9891 -5.8366
2016.9918 -4.0926
2016.9945 -3.9268
2016.9973 -1.9291
2017.0000 -2.9294
2017.0027 -5.8875
2017.0055 -5.6034
2017.0082 -5.0673
2017.0110 -4.2792
2017.0137 -2.8594
2017.0164 -2.7480
2017.0192 -3.6252
2017.0219 -2.2511
2017.0247 -2.0558
2017.0274 -4.8495
2017.0301 -4.6523
2017.0329 -5.1745
2017.0356 -5.3061
2017.0384 -5.7474
2017.0411 -8.3683
2017.0438 -7.2592
2017.0466 -6.7302
2017.0493 -8.9814
2017.0521 -4.3929
2017.0548 -4.3349
2017.0575 -8.8276
2017.0603 -5.7412
2017.0630 -6.0856
2017.0658 2.4088
2017.0685 -0.7881
2017.0712 1.2336
2017.0740 1.5538
2017.0767 0.0522
2017.0795 0.6687
2017.0822 1.9632
2017.0849 -0.3550
2017.0877 0.3044
2017.0904 2.1114
2017.0932 -0.0537
2017.0959 -1.9607
2017.0986 -0.2994
2017.1014 -1.8897
2017.1041 0.4486
2017.1068 5.1358
2017.1096 2.4821
2017.1123 2.6675
2017.1151 8.6424
2017.1178 2.0269
2017.1205 2.4812
2017.1233 6.0354
2017.1260 2.0399
2017.1288 4.8148
2017.1315 1.6602
2017.1342 2.4064
2017.1370 2.9936
2017.1397 7.5319
2017.1425 3.1315
2017.1452 6.6327
2017.1479 1.2156
2017.1507 4.7105
2017.1534 1.2274
2017.1562 0.1567
2017.1589 1.0684
2017.1616 0.5929
2017.1644 -3.4694
2017.1671 -2.3780
2017.1699 1.5766
2017.1726 0.4644
2017.1753 1.0351
2017.1781 3.3983
2017.1808 6.1740
2017.1836 2.6318
2017.1863 3.1115
2017.1890 4.5028
2017.1918 4.4956
2017.1945 6.6595
2017.1973 3.9843
2017.2000 0.9699
2017.2027 6.4159
2017.2055 2.2620
2017.2082 4.4782
2017.2110 8.7840
2017.2137 -6.7306
2017.2164 9.2240
2017.2192 7.1575
2017.2219 1.4599
2017.2247 -3.5493
2017.2274 7.6398
2017.2301 -5.3631
2017.2329 -3.7682
2017.2356 -3.9457
2017.2384 -0.1760
2017.2411 3.7808
2017.2438 0.1544
2017.2466 5.2247
2017.2493 8.5216
2017.2521 7.1956
2017.2548 6.2368
2017.2575 5.9554
2017.2603 12.6218
2017.2630 10.3560
2017.2658 12.8283
2017.2685 4.0391
2017.2712 6.8884
2017.2740 7.1665
2017.2767 6.0837
2017.2795 6.8502
2017.2822 0.5162
2017.2849 5.6419
2017.2877 9.4476
2017.2904 10.3835
2017.2932 7.2098
2017.2959 6.2868
2017.2986 5.4047
2017.3014 2.0537
2017.3041 6.6640
2017.3068 14.5259
2017.3096 10.2096
2017.3123 9.0854
2017.3151 9.3434
2017.3178 6.2739
2017.3205 7.0971
2017.3233 4.9633
2017.3260 6.7626
2017.3288 6.1354
2017.3315 7.6013
2017.3342 6.1299
2017.3370 2.0411
2017.3397 4.4245
2017.3425 4.8300
2017.3452 8.2373
2017.3479 2.4964
2017.3507 22.3570
2017.3534 9.5589
2017.3562 10.6720
2017.3589 11.8759
2017.3616 8.8706
2017.3644 13.3458
2017.3671 11.9513
2017.3699 7.2470
2017.3726 9.8526
2017.3753 14.3580
2017.3781 6.9129
2017.3808 4.8271
2017.3890 3.3341
2017.3918 4.7338
2017.3945 2.3519
2017.3973 6.7182
2017.4000 4.4425
2017.4027 15.5346
2017.4082 3.3313
2017.4247 0.9223
2017.4274 -0.3210
2017.4411 -0.6264
2017.4466 -2.7492
2017.4493 -8.6859
2017.4521 -1.9626
2017.4603 -4.1924
2017.4712 -2.4650
2017.4767 7.9967
2017.4849 -3.8701
2017.4986 7.3381
2017.5233 5.9074
2017.5315 7.4683
2017.5342 9.7155
2017.5370 9.4428
2017.5397 10.1602
2017.5425 6.6776
2017.5452 4.7449
2017.5479 1.3223
2017.5507 -1.1304
2017.5534 3.4969
2017.5562 1.1341
2017.5589 -1.9989
2017.5616 -0.9920
2017.5644 -3.1853
2017.5671 0.2511
2017.5699 -0.8526
2017.5726 4.3334
2017.5753 9.9791
2017.5781 15.0245
2017.5808 9.8996
2017.5836 4.0537
2017.5863 1.3665
2017.5890 3.0380
2017.5918 -0.5616
2017.5945 -0.8023
2017.5973 0.8760
2017.6000 -3.5066
2017.6027 1.1001
2017.6055 -5.2839
2017.6082 -2.4385
2017.6110 1.9864
2017.6137 2.2409
2017.6164 3.9551
2017.6192 5.7791
2017.6219 2.2730
2017.6247 4.7869
2017.6274 4.5409
2017.6301 1.9650
2017.6329 3.9795
2017.6356 5.7743
2017.6384 7.4097
2017.6411 3.6656
2017.6438 6.8721
2017.6466 6.0595
2017.6493 7.8077
2017.6521 13.7168
2017.6548 14.1571
2017.6575 10.9185
2017.6603 8.1711
2017.6630 10.3051
2017.6658 1.5414
2017.6685 3.5850
2017.6712 1.5864
2017.6740 -8.0650
2017.6767 2.2902
2017.6795 -8.2386
2017.6822 5.5580
2017.6849 0.2496
2017.6877 0.5955
2017.6904 6.7052
2017.6932 8.9282
2017.6959 13.1837
2017.6986 7.5614
2017.7014 7.6306
2017.7041 4.5507
2017.7068 12.5712
2017.7096 5.2616
2017.7123 1.8313
2017.7151 -4.1204
2017.7178 4.1861
2017.7205 5.6401
2017.7233 -2.4988
2017.7260 -2.9213
2017.7288 0.4521
2017.7315 8.1008
2017.7342 0.3943
2017.7370 9.4920
2017.7397 7.2732
2017.7425 5.5976
2017.7452 -1.7756
2017.7507 -0.0522
2017.7534 -0.5680
2017.7562 1.1160
2017.7589 -0.1803
2017.7616 4.0331
2017.7644 0.5163
2017.7671 4.7391
2017.7699 1.5417
2017.7726 4.5441
2017.7753 9.6261
2017.7781 3.8079
2017.7808 5.4195
2017.7836 3.9708
2017.7863 3.3418
2017.7890 -2.3574
2017.7918 -4.3968
2017.7945 -3.0365
2017.7973 -0.1465
2017.8000 2.6633
2017.8027 -1.0471
2017.8055 5.9623
2017.8082 0.6814
2017.8110 4.6003
2017.8137 1.1590
2017.8164 0.3175
2017.8192 5.0357
2017.8219 1.9437
2017.8247 8.7715
2017.8274 7.7391
2017.8301 2.0465
2017.8329 2.7237
2017.8356 1.3306
2017.8384 0.9272
2017.8411 1.2536
2017.8438 3.6797
2017.8466 4.8656
2017.8493 5.1313
2017.8521 1.0668
2017.8548 2.6122
2017.8575 -2.3625
2017.8603 8.0827
2017.8630 5.9679
2017.8658 4.4930
2017.8685 4.7781
2017.8712 5.7232
2017.8740 3.9883
2017.8767 2.2435
2017.8795 3.2188
2017.8822 -0.1458
2017.8849 -1.6503
2017.8877 -2.9046
2017.8904 -1.4187
2017.8932 2.6174
2017.8959 1.5937
2017.8986 1.7603
2017.9014 -1.2929
2017.9041 -1.3057
2017.9068 3.6317
2017.9096 2.4596
2017.9123 -6.2322
2017.9151 -0.7536
2017.9178 0.0765
2017.9205 -1.4812
2017.9233 4.3334
2017.9260 -0.7400
2017.9288 2.3184
2017.9315 0.1584
2017.9342 1.1300
2017.9370 2.4130
2017.9397 0.1371
2017.9425 0.1022
2017.9452 -1.3019
2017.9479 -2.4553
2017.9507 -4.3182
2017.9534 0.4093
2017.9562 -1.4931
2017.9589 1.0146
2017.9616 1.3820
2017.9644 -0.7108
2017.9671 2.5458
2017.9699 1.2118
2017.9726 -0.8631
2017.9753 -2.0389
2017.9781 0.1841
2017.9808 4.0358
2017.9836 1.6559
2017.9863 -4.1156
2017.9890 -3.8289
2017.9918 0.6758
2017.9945 -1.7517
2017.9973 -4.3916
2018.0000 -2.3639
2018.0027 -3.3780
2018.0055 -2.0329
2018.0082 -6.5087
2018.0110 -5.5353
2018.0137 -4.5525
2018.0164 -4.7005
2018.0192 -2.5990
2018.0219 1.1719
2018.0247 0.7724
2018.0274 -1.8776
2018.0301 -3.4281
2018.0329 -0.6488
2018.0356 -0.1498
2018.0384 0.4290
2018.0411 -1.4525
2018.0438 0.1060
2018.0466 1.0244
2018.0493 5.4228
2018.0521 4.0212
2018.0548 4.4898
2018.0575 3.1885
2018.0603 5.9373
2018.0630 5.1265
2018.0658 3.2060
2018.0685 5.2658
2018.0712 3.5961
2018.0740 2.9268
2018.0767 2.2181
2018.0795 -0.6101
2018.0822 3.3522
2018.0849 5.2444
2018.0877 3.7662
2018.0904 1.4879
2018.0932 1.8893
2018.0959 -3.1893
2018.0986 1.5421
2018.1014 2.8136
2018.1041 3.6251
2018.1068 0.3468
2018.1096 4.3588
2018.1123 1.5511
2018.1151 5.0438
2018.1178 5.1269
2018.1205 4.6506
2018.1233 8.2648
2018.1260 0.2497
2018.1288 3.3853
2018.1315 2.4916
2018.1342 -1.3612
2018.1370 0.0670
2018.1397 0.2861
2018.1425 4.3862
2018.1452 -4.1125
2018.1479 0.6499
2018.1507 0.2036
2018.1534 -0.4714
2018.1562 -0.8650
2018.1589 0.9829
2018.1616 1.2122
2018.1644 3.3744
2018.1671 3.7406
2018.1699 3.0004
2018.1726 -0.5062
2018.1753 1.5203
2018.1781 1.6799
2018.1808 -1.3777
2018.1836 4.5473
2018.1863 0.9445
2018.1890 -2.2861
2018.1918 -0.8649
2018.1945 1.2079
2018.1973 -2.0378
2018.2000 -2.1324
2018.2027 -0.4761
2018.2055 -0.4191
2018.2082 -0.3116
2018.2110 1.3862
2018.2137 4.4540
2018.2164 0.4615
2018.2192 9.2186
2018.2219 -2.4450
2018.2247 -4.2195
2018.2274 -3.0552
2018.2301 -1.7322
2018.2329 -0.4108
2018.2356 -9.6813
2018.2384 2.1261
2018.2411 4.6313
2018.2438 1.0039
2018.2466 1.5541
2018.2493 0.4045
2018.2521 8.0852
2018.2548 0.6962
2018.2575 -0.8925
2018.2603 -1.3811
2018.2630 2.0104
2018.2658 -0.1981
2018.2685 0.9334
2018.2712 2.4247
2018.2740 12.7358
2018.2767 10.3766
2018.2795 10.9170
2018.2822 4.8170
2018.2849 4.5065
2018.2877 9.6953
2018.2904 6.8235
2018.2932 9.6909
2018.2959 3.6575
2018.2986 8.5932
2018.3014 4.3679
2018.3041 5.6316
2018.3068 6.8041
2018.3096 3.9354
2018.3123 2.3754
2018.3151 6.8441
2018.3178 0.0913
2018.3205 6.9370
2018.3233 2.4312
2018.3260 0.1336
2018.3288 4.4543
2018.3315 1.4738
2018.3342 5.2528
2018.3370 3.6112
2018.3397 3.8991
2018.3425 10.5266
2018.3452 -1.2465
2018.3479 4.1501
2018.3507 5.2662
2018.3534 5.7720
2018.3562 7.1673
2018.3589 4.9023
2018.3616 2.0770
2018.3644 10.3814
2018.3671 7.6455
2018.3699 3.5394
2018.3726 8.0130
2018.3753 7.6664
2018.3781 4.9796
2018.3808 8.4127
2018.3836 0.5256
2018.3863 1.7583
2018.3890 -2.1190
2018.3918 0.6736
2018.3945 -1.2538
2018.3973 1.1587
2018.4000 2.1712
2018.4027 3.5537
2018.4055 1.9262
2018.4082 3.2189
2018.4110 4.3815
2018.4137 1.6442
2018.4247 0.7771
2018.4274 -3.1238
2018.4411 -1.4646
2018.4438 3.3226
2018.4548 -7.0084
2018.4740 -10.2142
2018.4767 -5.5724
2018.4795 3.5803
2018.4822 3.8639
2018.4877 -0.4356
2018.4904 -2.3786
2018.4932 -8.1403
2018.4986 -7.9390
2018.5014 -1.3251
2018.5041 -2.4590
2018.5068 0.1893
2018.5096 -9.4906
2018.5123 -0.4486
2018.5233 4.9650
2018.5260 10.0041
2018.5288 1.2443
2018.5315 2.6153
2018.5342 4.9671
2018.5370 10.5996
2018.5397 0.5225
2018.5425 -2.0841
2018.5534 13.0603
2018.5562 15.2335
2018.5589 15.6263
2018.5616 13.9685
2018.5699 9.2406
2018.5726 -1.2407
2018.5753 4.0468
2018.5781 2.0430
2018.5808 3.0577
2018.5836 7.3013
2018.5863 7.4743
2018.5890 8.8468
2018.5918 8.6387
2018.5945 11.9001
2018.5973 7.6212
2018.6000 2.7818
2018.6027 3.3621
2018.6055 7.8420
2018.6082 -3.0883
2018.6110 -0.0288
2018.6137 -1.5995
2018.6164 4.6697
2018.6192 -2.9613
2018.6219 -1.5422
2018.6247 0.8068
2018.6274 -0.2542
2018.6301 2.9349
2018.6329 2.4741
2018.6356 0.2335
2018.6384 -3.9470
2018.6411 3.7229
2018.6438 -0.1570
2018.6466 -1.2966
2018.6493 -4.4458
2018.6521 -7.1546
2018.6548 -2.1230
2018.6575 -1.3908
2018.6603 2.1019
2018.6630 -3.0948
2018.6658 -3.4706
2018.6685 8.0870
2018.6712 8.1180
2018.6740 6.0422
2018.6767 11.6293
2018.6822 10.4515
2018.6849 7.9661
2018.6877 3.9527
2018.6904 3.2810
2018.6932 0.7208
2018.6959 -0.2881
2018.6986 -2.1359
2018.7014 -0.0930
2018.7041 -2.4096
2018.7068 -4.5759
2018.7096 -3.5521
2018.7123 -3.9385
2018.7151 -3.9853
2018.7178 -3.3828
2018.7205 1.1488
2018.7233 1.3193
2018.7260 0.7883
2018.7288 -1.8343
2018.7315 -0.1188
2018.7342 -9.5554
2018.7370 2.1157
2018.7397 3.9041
2018.7452 5.8621
2018.7479 6.0613
2018.7507 9.9760
2018.7534 4.1656
2018.7562 0.8306
2018.7589 3.3512
2018.7616 2.6077
2018.7644 2.5207
2018.7671 5.8503
2018.7699 2.7570
2018.7726 2.4912
2018.7753 3.3731
2018.7781 2.8032
2018.7808 4.1817
2018.7836 7.2392
2018.7863 3.7858
2018.7890 3.0620
2018.7918 3.6882
2018.7945 5.9946
2018.7973 -1.7183
2018.8000 3.5297
2018.8027 5.2192
2018.8055 4.1203
2018.8082 -0.1765
2018.8110 11.6992
2018.8137 11.3676
2018.8164 5.0791
2018.8192 5.8942
2018.8219 9.5231
2018.8247 -1.5737
2018.8274 -1.1761
2018.8301 5.9466
2018.8329 -4.7160
2018.8356 -1.1362
2018.8384 -1.4246
2018.8411 -0.4013
2018.8438 4.0235
2018.8466 3.6398
2018.8493 1.3273
2018.8521 -0.9440
2018.8548 -0.2143
2018.8575 -1.4837
2018.8603 5.2477
2018.8630 1.1198
2018.8658 1.4724
2018.8685 2.1254
2018.8712 1.8487
2018.8740 -0.8679
2018.8767 -0.0644
2018.8795 1.5989
2018.8822 2.8220
2018.8849 2.8048
2018.8877 1.7370
2018.8904 2.7587
2018.8932 2.4996
2018.8959 0.4096
2018.8986 -2.2913
2018.9014 0.4766
2018.9041 0.0933
2018.9068 -3.2514
2018.9096 -14.5776
2018.9123 -9.7054
2018.9151 -3.7450
2018.9178 4.2948
2018.9205 -2.6946
2018.9233 -2.7534
2018.9260 -7.3618
2018.9288 0.2801
2018.9315 0.7122
2018.9342 -1.2256
2018.9370 -2.2535
2018.9397 -2.6616
2018.9425 -5.9501
2018.9452 -1.5590
2018.9479 -3.8485
2018.9507 -0.6187
2018.9534 -1.9698
2018.9562 -2.0519
2018.9589 -3.9051
2018.9616 -2.5995
2018.9644 -2.6154
2018.9671 -1.5427
2018.9699 -2.3917
2018.9726 -4.3424
2018.9753 0.8349
2018.9781 -0.9098
2018.9808 -1.4766
2018.9836 -2.2958
2018.9863 -1.4273
2018.9890 0.5586
2018.9918 4.4517
2018.9945 2.0421
2018.9973 2.9796
2019.0000 2.7239
2019.0027 -0.1237
2019.0055 -2.5720
2019.0082 2.2390
2019.0110 1.3793
2019.0137 3.3191
2019.0164 0.9283
2019.0192 0.3471
2019.0219 -1.5846
2019.0247 -6.3468
2019.0274 -1.8193
2019.0301 -0.9821
2019.0329 0.6348
2019.0356 -1.2785
2019.0384 -0.3720
2019.0411 10.6643
2019.0438 9.7105
2019.0466 11.9267
2019.0493 9.6928
2019.0521 8.9090
2019.0548 9.9353
2019.0575 8.1117
2019.0603 6.0582
2019.0630 12.1750
2019.0658 10.9620
2019.0685 7.9993
2019.0712 9.1769
2019.0740 9.8149
2019.0767 8.6734
2019.0795 5.2423
2019.0822 6.4216
2019.0849 7.9210
2019.0877 7.4403
2019.0904 9.8896
2019.0932 0.9389
2019.0959 16.6982
2019.0986 16.1375
2019.1014 9.3268
2019.1041 9.1862
2019.1068 8.2457
2019.1096 9.0353
2019.1123 14.8249
2019.1151 13.1647
2019.1178 9.6946
2019.1205 9.1746
2019.1233 9.3249
2019.1260 10.3953
2019.1288 3.8659
2019.1315 4.4467
2019.1342 3.8077
2019.1370 3.7090
2019.1397 2.7306
2019.1425 2.4124
2019.1452 3.6046
2019.1479 3.6170
2019.1507 3.4598
2019.1534 5.8229
2019.1562 7.6464
2019.1589 4.8703
2019.1616 7.8546
2019.1644 1.8803
2019.1671 7.7087
2019.1699 8.8594
2019.1726 9.5925
2019.1753 6.7079
2019.1781 4.7254
2019.1808 8.7150
2019.1836 9.7665
2019.1863 11.2800
2019.1890 12.3552
2019.1918 13.5821
2019.1945 11.4107
2019.1973 7.3607
2019.2000 11.6222
2019.2027 2.9450
2019.2055 11.5291
2019.2082 4.3043
2019.2110 17.3105
2019.2137 9.9178
2019.2164 13.5858
2019.2192 13.9847
2019.2219 12.3243
2019.2247 12.6045
2019.2274 13.3951
2019.2301 16.0862
2019.2329 12.1576
2019.2356 11.1092
2019.2384 13.2810
2019.2411 16.0628
2019.2438 11.0246
2019.2466 16.8465
2019.2493 17.2399
2019.2521 14.1149
2019.2548 12.5813
2019.2575 10.1692
2019.2603 16.2083
2019.2630 16.5486
2019.2658 21.7798
2019.2685 23.1719
2019.2712 10.1948
2019.2740 14.2683
2019.2767 14.3024
2019.2795 14.9868
2019.2822 11.2415
2019.2849 17.8764
2019.2877 13.3913
2019.2904 13.0261
2019.2932 13.1006
2019.2959 12.5349
2019.2986 12.5286
2019.3014 9.5718
2019.3041 13.2443
2019.3068 21.2859
2019.3096 11.6566
2019.3123 5.6863
2019.3151 4.7847
2019.3178 11.9518
2019.3205 9.2075
2019.3233 12.4616
2019.3260 10.9140
2019.3288 12.0246
2019.3315 11.0539
2019.3342 25.4428
2019.3370 17.4210
2019.3397 16.8987
2019.3425 18.0758
2019.3452 13.8622
2019.3479 17.3680
2019.3507 6.6532
2019.3534 12.5476
2019.3562 16.5413
2019.3589 17.4143
2019.3616 19.9965
2019.3644 18.5479
2019.3671 12.2485
2019.3699 14.8483
2019.3726 14.9773
2019.3753 13.1654
2019.3781 15.7426
2019.3808 15.5888
2019.3836 10.9042
2019.3863 11.5686
2019.3890 7.9820
2019.3918 9.5044
2019.3945 6.8058
2019.3973 5.3161
2019.4000 5.6354
2019.4027 8.8236
2019.4055 6.1907
2019.4082 3.1967
2019.4110 6.9315
2019.4137 10.0552
2019.4164 9.1884
2019.4192 9.3811
2019.4219 19.2333
2019.4247 9.7751
2019.4274 8.5164
2019.4301 5.8972
2019.4329 4.5876
2019.4356 11.2276
2019.4384 6.8971
2019.4411 10.6061
2019.4438 8.4647
2019.4466 1.0229
2019.4493 7.0706
2019.4521 14.6679
2019.4548 8.5947
2019.4575 8.1411
2019.4603 9.1471
2019.4630 8.4727
2019.4658 7.0178
2019.4685 9.4225
2019.4712 11.3067
2019.4740 10.9306
2019.4767 13.0540
2019.4795 13.4270
2019.4822 12.3497
2019.4849 12.0018
2019.4877 13.1836
2019.4904 12.9850
2019.4932 11.8560
2019.4959 10.9066
2019.4986 14.3468
2019.5014 11.1768
2019.5041 5.8865
2019.5068 14.6560
2019.5096 12.5852
2019.5123 7.4841
2019.5151 6.6728
2019.5178 10.6012
2019.5205 13.3694
2019.5233 13.6674
2019.5260 19.7051
2019.5288 13.7926
2019.5315 14.2699
2019.5342 15.7469
2019.5370 15.3137
2019.5397 9.4503
2019.5425 14.0966
2019.5452 14.9428
2019.5479 12.3687
2019.5507 10.8344
2019.5534 13.3499
2019.5562 11.3652
2019.5589 13.8003
2019.5616 16.5652
2019.5644 15.1299
2019.5671 16.3244
2019.5699 17.7187
2019.5726 17.1729
2019.5753 14.3068
2019.5781 11.2706
2019.5808 12.1542
2019.5836 12.8868
2019.5863 15.9178
2019.5890 13.1472
2019.5918 14.7952
2019.5945 12.1219
2019.5973 14.6175
2019.6000 12.0619
2019.6027 11.6954
2019.6055 11.5380
2019.6082 15.6099
2019.6110 18.6012
2019.6137 15.1520
2019.6164 16.4624
2019.6192 10.8226
2019.6219 9.8526
2019.6247 20.3926
2019.6274 13.5426
2019.6301 11.3629
2019.6329 13.2634
2019.6356 15.5644
2019.6384 13.0459
2019.6411 12.8181
2019.6438 12.8111
2019.6466 16.1849
2019.6493 15.4198
2019.6521 15.0857
2019.6548 12.0029
2019.6575 10.3015
2019.6603 7.8715
2019.6630 5.9331
2019.6658 10.4264
2019.6685 11.4913
2019.6712 18.9078
2019.6740 13.0559
2019.6767 18.6655
2019.6795 9.1465
2019.6822 10.3690
2019.6849 9.3829
2019.6877 3.8583
2019.6904 6.4949
2019.6932 18.5729
2019.6959 13.7222
2019.6986 11.9828
2019.7014 12.7046
2019.7041 12.6576
2019.7068 17.4617
2019.7096 20.6270
2019.7123 18.9933
2019.7151 14.7908
2019.7178 18.8092
2019.7205 19.8287
2019.7233 15.4091
2019.7260 18.4305
2019.7288 21.0828
2019.7315 24.4459
2019.7342 20.9599
2019.7370 17.3847
2019.7397 16.2602
2019.7425 17.7865
2019.7452 20.7735
2019.7479 24.0712
2019.7507 25.8705
2019.7534 21.2620
2019.7562 20.8356
2019.7589 20.3111
2019.7616 17.0785
2019.7644 17.6874
2019.7671 20.6079
2019.7699 20.1697
2019.7726 17.5126
2019.7753 16.0166
2019.7781 17.2414
2019.7808 26.1869
2019.7836 15.8029
2019.7863 14.8893
2019.7890 13.6759
2019.7918 19.1426
2019.7945 23.0692
2019.7973 23.6156
2019.8000 16.6515
2019.8027 18.2669
2019.8055 6.1915
2019.8082 10.5953
2019.8110 7.3781
2019.8137 4.9796
2019.8164 6.1998
2019.8192 12.2485
2019.8219 13.4055
2019.8247 12.3807
2019.8274 9.4139
2019.8301 5.0749
2019.8329 8.4740
2019.8356 12.6128
2019.8384 13.7115
2019.8411 12.2000
2019.8438 14.6082
2019.8466 12.0761
2019.8493 10.9936
2019.8521 11.6806
2019.8548 17.1969
2019.8575 9.0426
2019.8603 11.0175
2019.8630 21.2416
2019.8658 16.2747
2019.8685 13.5068
2019.8712 12.6178
2019.8740 14.9376
2019.8767 13.4761
2019.8795 13.8333
2019.8822 17.1491
2019.8849 9.4933
2019.8877 8.7859
2019.8904 13.8468
2019.8932 9.6559
2019.8959 11.1432
2019.8986 13.7985
2019.9014 5.4918
2019.9041 10.6830
2019.9068 11.3920
2019.9096 9.4986
2019.9123 11.7030
2019.9151 10.3748
2019.9178 13.1453
2019.9205 12.2254
2019.9233 11.0053
2019.9260 6.8449
2019.9288 7.1342
2019.9315 10.2433
2019.9342 6.5821
2019.9370 5.7106
2019.9397 6.3689
2019.9425 9.7570
2019.9452 11.5648
2019.9479 8.1624
2019.9507 6.3898
2019.9534 7.2470
2019.9562 8.0840
2019.9589 7.5308
2019.9616 8.6774
2019.9644 5.7438
2019.9671 6.8900
2019.9699 12.0061
2019.9726 11.1420
2019.9753 14.7077
2019.9781 13.6733
2019.9808 13.1288
2019.9836 13.3341
2019.9863 14.0293
2019.9890 14.8443
2019.9918 14.8593
2019.9945 15.2641
2019.9973 8.5089
2020.0000 9.5435
2020.0027 9.4581
2020.0055 12.4324
2020.0082 12.2565
2020.0109 12.0404
2020.0137 11.6641
2020.0164 16.3876
2020.0191 20.2610
2020.0219 26.3743
2020.0246 16.1475
2020.0273 14.1106
2020.0301 13.7137
2020.0328 11.9867
2020.0355 14.7797
2020.0383 13.7827
2020.0410 15.3557
2020.0437 15.9588
2020.0464 10.8120
2020.0492 14.1152
2020.0519 11.4385
2020.0546 13.0320
2020.0574 11.0156
2020.0601 13.6694
2020.0628 13.3334
2020.0656 14.5176
2020.0683 10.4720
2020.0710 14.1767
2020.0738 12.6716
2020.0765 10.8368
2020.0792 12.9424
2020.0820 9.8383
2020.0847 13.8051
2020.0874 14.6328
2020.0902 16.0514
2020.0929 19.4208
2020.0956 12.2910
2020.0984 11.1320
2020.1011 15.9737
2020.1038 14.3060
2020.1066 7.8190
2020.1093 -3.4074
2020.1120 -4.1033
2020.1148 14.8014
2020.1175 14.2265
2020.1202 13.0620
2020.1230 16.7179
2020.1257 12.9742
2020.1284 10.9008
2020.1311 9.3576
2020.1339 7.3447
2020.1366 11.4920
2020.1393 6.9194
2020.1421 11.7369
2020.1448 15.4945
2020.1475 12.4221
2020.1503 12.0697
2020.1530 14.8473
2020.1557 13.5247
2020.1585 12.7220
2020.1612 20.2191
2020.1639 16.9165
2020.1667 11.5946
2020.1694 10.5836
2020.1721 10.7835
2020.1749 -0.5359
2020.1776 9.9356
2020.1803 14.5878
2020.1831 13.3708
2020.1858 15.2745
2020.1885 16.1889
2020.1913 17.5341
2020.1940 18.3700
2020.1967 18.0465
2020.1995 20.1837
2020.2022 20.2016
2020.2049 21.4901
2020.2077 15.9692
2020.2104 16.5189
2020.2131 17.5692
2020.2158 18.1700
2020.2186 16.7714
2020.2213 15.3234
2020.2240 17.7358
2020.2268 23.2688
2020.2295 22.5823
2020.2322 22.9662
2020.2350 30.4306
2020.2377 21.7354
2020.2404 14.7906
2020.2432 19.0163
2020.2459 14.0926
2020.2486 8.6242
2020.2514 10.6327
2020.2541 13.7475
2020.2568 13.6482
2020.2596 16.8643
2020.2623 12.2751
2020.2650 14.2904
2020.2678 12.5494
2020.2705 12.9518
2020.2732 19.2270
2020.2760 20.4345
2020.2787 12.2638
2020.2814 13.5445
2020.2842 13.1459
2020.2869 10.4576
2020.2896 14.2292
2020.2923 18.3000
2020.2951 18.6996
2020.2978 17.9775
2020.3005 19.7432
2020.3033 16.1262
2020.3060 13.0859
2020.3087 15.4918
2020.3115 13.4236
2020.3142 20.8006
2020.3169 28.3523
2020.3197 18.4583
2020.3224 16.6580
2020.3251 13.6910
2020.3279 10.7667
2020.3306 7.7758
2020.3333 7.2720
2020.3361 11.1258
2020.3388 17.6073
2020.3415 16.1267
2020.3443 10.1842
2020.3470 14.7099
2020.3497 11.5841
2020.3525 15.3368
2020.3552 21.6382
2020.3579 16.7486
2020.3607 16.0881
2020.3634 14.4368
2020.3661 10.4249
2020.3689 9.7027
2020.3716 9.8201
2020.3743 8.8875
2020.3770 14.7850
2020.3798 9.4728
2020.3825 15.8610
2020.3852 13.3197
2020.3880 14.1793
2020.3907 15.8398
2020.3934 11.2813
2020.3962 15.8842
2020.3989 15.4085
2020.4016 8.9144
2020.4044 9.5720
2020.4071 15.7616
2020.4098 14.1933
2020.4126 11.6873
2020.4153 16.7531
2020.4180 16.5902
2020.4208 16.4185
2020.4235 22.4679
2020.4262 15.0683
2020.4290 13.5295
2020.4317 17.9915
2020.4344 19.9142
2020.4372 24.6474
2020.4399 16.3510
2020.4426 14.3849
2020.4454 9.7991
2020.4481 14.2034
2020.4508 14.2676
2020.4536 16.1218
2020.4563 14.8557
2020.4590 15.9093
2020.4617 17.4524
2020.4645 17.0450
2020.4672 14.0369
2020.4699 16.1181
2020.4727 9.9783
2020.4754 9.3176
2020.4781 8.9057
2020.4809 17.9127
2020.4836 11.6983
2020.4863 14.9125
2020.4891 15.2951
2020.4918 12.2661
2020.4945 13.4553
2020.4973 11.6725
2020.5000 9.3175
2020.5027 12.9702
2020.5055 11.5908
2020.5082 8.3595
2020.5109 10.5864
2020.5137 9.3917
2020.5164 11.5555
2020.5191 9.6281
2020.5219 9.4395
2020.5246 12.6600
2020.5273 7.0597
2020.5301 12.3487
2020.5328 15.3972
2020.5355 13.6754
2020.5383 16.6735
2020.5410 13.5415
2020.5437 14.6097
2020.5464 12.5082
2020.5492 5.1372
2020.5519 12.0768
2020.5546 10.9872
2020.5574 15.2886
2020.5601 12.8411
2020.5628 15.7949
2020.5656 15.8001
2020.5683 18.2269
2020.5710 15.9654
2020.5738 18.9759
2020.5765 18.1185
2020.5792 21.8433
2020.5820 19.2903
2020.5847 13.3383
2020.5874 17.3769
2020.5902 15.4562
2020.5929 15.4460
2020.5956 13.5863
2020.5984 15.5370
2020.6011 8.6381
2020.6038 7.6896
2020.6066 10.4514
2020.6093 9.6835
2020.6120 8.7058
2020.6148 12.0882
2020.6175 6.6108
2020.6202 6.6035
2020.6230 3.6561
2020.6257 4.3988
2020.6284 1.6114
2020.6311 7.9539
2020.6339 10.3062
2020.6366 13.9683
2020.6393 7.6701
2020.6421 8.7516
2020.6448 15.4328
2020.6475 15.2836
2020.6503 11.0240
2020.6530 9.8938
2020.6557 4.1731
2020.6585 7.2118
2020.6612 9.5799
2020.6639 13.6673
2020.6667 14.2841
2020.6694 13.0804
2020.6721 11.7263
2020.6749 10.2719
2020.6776 14.6870
2020.6803 18.2518
2020.6831 12.2464
2020.6858 16.7606
2020.6885 17.8446
2020.6913 14.0283
2020.6940 18.9019
2020.6967 19.1253
2020.6995 17.4985
2020.7022 9.8317
2020.7049 14.0747
2020.7077 11.4877
2020.7104 16.5507
2020.7131 11.6436
2020.7158 19.6066
2020.7186 18.0996
2020.7213 19.8127
2020.7240 19.3259
2020.7268 17.7193
2020.7295 21.9128
2020.7322 18.1864
2020.7350 14.6303
2020.7377 18.6644
2020.7404 14.3788
2020.7432 15.6435
2020.7459 16.7986
2020.7486 20.8039
2020.7514 23.4998
2020.7541 21.0863
2020.7568 18.9234
2020.7596 17.8310
2020.7623 23.5393
2020.7650 20.7382
2020.7678 19.9578
2020.7705 23.0580
2020.7732 11.9389
2020.7760 17.3305
2020.7787 18.0428
2020.7814 19.5057
2020.7842 22.0294
2020.7869 22.0939
2020.7896 25.3290
2020.7923 19.6849
2020.7951 18.5216
2020.7978 18.0191
2020.8005 19.0173
2020.8033 17.6564
2020.8060 14.7963
2020.8087 7.8370
2020.8115 15.4585
2020.8142 17.1809
2020.8169 8.7442
2020.8197 15.7583
2020.8224 17.0434
2020.8251 18.0793
2020.8279 12.4161
2020.8306 9.5739
2020.8333 17.4940
2020.8361 -2.4895
2020.8388 23.6634
2020.8415 14.9022
2020.8443 23.7064
2020.8470 13.5056
2020.8497 9.4294
2020.8525 11.6573
2020.8552 9.3289
2020.8579 13.3537
2020.8607 -2.4487
2020.8634 11.0312
2020.8661 13.8030
2020.8689 12.8863
2020.8716 12.0206
2020.8743 12.8454
2020.8770 11.8603
2020.8798 11.2349
2020.8825 12.2087
2020.8852 6.8613
2020.8880 -2.4278
2020.8907 13.0710
2020.8934 9.1273
2020.8962 10.9106
2020.8989 10.3104
2020.9016 10.8463
2020.9044 11.1178
2020.9071 11.3046
2020.9098 11.5962
2020.9126 15.8220
2020.9153 10.3818
2020.9180 14.9085
2020.9208 11.1146
2020.9235 9.0501
2020.9262 19.0351
2020.9290 18.2295
2020.9317 12.8434
2020.9344 8.4168
2020.9372 24.1297
2020.9399 15.0121
2020.9426 2.7441
2020.9454 17.1556
2020.9481 16.3567
2020.9508 18.5374
2020.9536 18.2677
2020.9563 19.3876
2020.9590 16.8871
2020.9617 12.8063
2020.9645 13.6052
2020.9672 18.0337
2020.9699 19.3620
2020.9727 16.2099
2020.9754 19.3576
2020.9781 18.6051
2020.9809 18.7723
2020.9836 19.5092
2020.9863 14.6160
2020.9891 11.4326
2020.9918 14.8890
2020.9945 17.1653
2020.9973 17.1514
2021.0000 20.6274
2021.0027 20.3822
2021.0055 20.3950
2021.0082 23.6958
2021.0110 16.9050
2021.0137 16.8226
2021.0164 26.0188
2021.0192 18.6039
2021.0219 17.9180
2021.0247 15.5512
2021.0274 20.0138
2021.0301 14.0059
2021.0329 21.6377
2021.0356 17.8295
2021.0384 13.6413
2021.0411 10.5033
2021.0438 13.0758
2021.0466 14.6689
2021.0493 16.3328
2021.0521 15.9776
2021.0548 13.3236
2021.0575 12.9210
2021.0603 15.1698
2021.0630 18.3503
2021.0658 14.7027
2021.0685 19.7071
2021.0712 14.1337
2021.0740 10.9527
2021.0767 13.5843
2021.0795 17.0587
2021.0822 20.0466
2021.0849 19.1916
2021.0877 18.4537
2021.0904 18.4526
2021.0932 15.4276
2021.0959 14.2183
2021.0986 5.9343
2021.1014 7.6549
2021.1041 15.5298
2021.1068 -4.0116
2021.1096 4.1703
2021.1123 -0.6851
2021.1151 4.5317
2021.1178 9.5904
2021.1205 15.8903
2022.0932 26.2735
2022.0959 23.9708
2022.0986 20.9976
2022.1014 8.5641
2022.1041 10.2102
2022.1068 11.4560
2022.1096 16.6216
2022.1123 18.9871
2022.1151 22.3425
2022.1178 23.3579
2022.1205 23.9033
2022.1233 21.5087
2022.1260 16.9144
2022.1288 23.2802
2022.1315 20.2063
2022.1342 22.7628
2022.1370 11.8096
2022.1397 23.5068
2022.1425 21.6346
2022.1452 26.7829
2022.1479 14.3019
2022.1507 28.0215
2022.1534 27.1019
2022.1562 24.1431
2022.1589 19.9552
2022.1616 17.0681
2022.1644 18.6326
2022.1671 19.5690
2022.1699 19.9871
2022.1726 22.8770
2022.1753 22.3183
2022.1781 24.7010
2022.1808 20.5650
2022.1836 25.2201
2022.1863 20.8461
2022.1890 22.4131
2022.1918 16.6908
2022.1945 26.7891
2022.1973 19.6278
2022.2000 15.6869
2022.2027 15.8362
2022.2055 19.9055
2022.2082 23.8348
2022.2110 21.0339
2022.2137 30.0227
2022.2164 28.2110
2022.2192 20.7888
2022.2219 25.4758
2022.2247 18.3120
2022.2274 22.0072
2022.2301 22.3613
2022.2329 21.0241
2022.2356 21.4656
2022.2384 23.5556
2022.2411 25.0939
2022.2438 27.1705
2022.2466 23.0753
2022.2493 21.5295
2022.3534 11.2427
2022.3562 17.8784
2022.3589 21.6043
2022.3616 23.5304
2022.3644 28.7967
2022.3671 24.2232
2022.3699 13.2598
2022.3726 20.0066
2022.3753 16.3336
2022.3781 29.0208
2022.3808 14.3681
2022.3836 26.6557
2022.3863 21.8734
2022.3890 23.6913
2022.3918 22.4194
2022.3945 18.9076
2022.3973 23.4961
2022.4000 18.6547
2022.4027 22.1735
2022.4055 29.8125
2022.4082 24.5117
2022.4110 21.2511
2022.4137 24.1009
2022.4164 7.3123
2022.4192 23.8556
2022.4219 23.8805
2022.4247 23.4370
2022.4274 24.1850
2022.4301 20.2242
2022.4329 23.8747
2022.4356 24.5463
2022.4384 24.7588
2022.4411 29.5822
2022.4438 27.6063
2022.4466 24.8111
2022.4493 24.4264
2022.4521 22.3920
2022.4548 20.9080
2022.4575 19.0740
2022.4603 16.8402
2022.4630 23.1063
2022.4658 24.1121
2022.4685 23.7977
2022.4712 23.8628
2022.4740 31.5074
2022.4767 21.0514
2022.4795 22.7746
2022.4822 26.5868
2022.4849 27.4981
2022.4877 25.7983
2022.4904 24.4472
2022.4932 22.2948
2022.4959 18.4208
2022.4986 19.9246
2022.5014 20.4154
2022.5041 22.7534
2022.5068 23.2388
2022.5096 20.7319
2022.5123 20.5429
2022.5151 23.3819
2022.5178 24.0693
2022.5205 23.2452
2022.5233 20.8098
2022.5260 21.2733
2022.5288 21.7060
2022.5315 15.9681
2022.5342 22.9398
2022.5370 3.0513
2022.5397 22.9328
2022.5425 28.6246
2022.5452 27.9168
2022.5479 30.0297
2022.5507 28.1634
2022.5534 24.7583
2022.5562 23.2545
2022.5589 21.4522
2022.5616 29.6616
2022.5644 25.6630
2022.5671 28.5666
2022.5699 30.2625
2022.5726 23.1111
2022.5753 20.5224
2022.5781 20.1468
2022.5808 20.1345
2022.5836 20.9046
2022.5863 24.0061
2022.5890 19.3990
2022.5918 18.3633
2022.5945 18.6289
2022.5973 14.3858
2022.6000 23.6140
2022.6027 24.9034
2022.6055 25.0540
2022.6082 13.5357
2022.6110 9.5686
2022.6137 22.0026
2022.6164 22.9676
2022.6192 22.8636
2022.6219 22.1306
2022.6247 23.2786
2022.6274 19.6574
2022.6301 22.0971
2022.6329 15.6377
2022.6356 14.0390
2022.6384 26.1212
2022.6411 18.4640
2022.6438 18.1876
2022.6466 19.1617
2022.6493 19.5566
2022.6521 18.5420
2022.6548 21.6180
2022.6575 26.1344
2022.6603 22.3814
2022.6630 28.4188
2022.6658 28.2367
2022.6685 31.2559
2022.6712 22.8064
2022.6740 20.4681
2022.6767 23.4209
2022.6795 23.1847
2022.6822 24.2295
2022.6849 27.2851
2022.6877 31.1214
2022.6904 23.5384
2022.6932 26.1459
2022.6959 29.1738
2022.6986 19.4422
2022.7014 30.6208
2022.7041 34.7096
2022.7068 35.9684
2022.7096 26.9473
2022.7123 23.9460
2022.7151 25.6946
2022.7178 18.0328
2022.7205 10.0507
2022.7233 25.1481
2022.7260 27.8849
2022.7288 19.8011
2022.7315 26.9765
2022.7342 25.0110
2022.7370 29.4046
2022.7397 35.0871
2022.7425 20.4786
2022.7452 19.3687
2022.7479 24.5576
2022.7507 26.5943
2022.7534 25.5283
2022.7562 20.6297
2022.7589 27.7088
2022.7616 24.9456
2022.7644 27.8605
2022.7671 26.0635
2022.7699 29.9949
2022.7726 32.4748
2022.7753 22.5234
2022.7781 27.0609
2022.7808 30.6575
2022.7836 24.0433
2022.7863 27.9186
2022.7890 32.2835
2022.7918 20.7683
2022.7945 26.3530
2022.7973 29.9878
2022.8000 22.4030
2022.8027 21.7688
2022.8055 22.9052
2022.8082 20.9925
2022.8110 21.4209
2022.8137 22.9806
2022.8164 18.1517
2022.8192 23.9944
2022.8219 18.2889
2022.8247 21.7054
2022.8274 18.6540
2022.8301 25.7650
2022.8329 17.4489
2022.8356 16.4781
2022.8384 12.0527
2022.8411 20.4024
2022.8438 21.7366
2022.8466 13.6251
2022.8493 12.0775
2022.8521 26.9534
2022.8548 22.8424
2022.8575 21.8141
2022.8603 20.4382
2022.8630 22.1744
2022.8658 18.7920
2022.8685 17.9210
2022.8712 24.6908
2022.8740 23.8411
2022.8767 22.6315
2022.8795 27.8817
2022.8822 22.3012
2022.8849 21.4797
2022.8877 15.4867
2022.8904 23.5020
2022.8932 27.8251
2022.8959 26.6057
2022.8986 23.0934
2022.9014 19.9079
2022.9041 27.7186
2022.9068 18.4153
2022.9096 24.2876
2022.9123 21.1351
2022.9151 21.4775
2022.9178 23.2256
2022.9205 24.1210
2022.9233 25.1535
2022.9260 21.4732
2022.9288 21.0302
2022.9315 24.2246
2022.9342 23.1062
2022.9370 25.3453
2022.9397 24.7518
2022.9425 24.8157
2022.9452 24.0271
2022.9479 26.2061
2022.9507 27.7326
2022.9534 30.1968
2022.9562 26.1486
2022.9589 21.7881
2022.9616 23.2054
2022.9644 26.5404
2022.9671 24.4632
2022.9699 15.2539
2022.9726 23.1025
2022.9753 18.2789
2022.9781 27.7034
2022.9808 23.0758
2022.9836 21.2963
2022.9863 22.4649
2022.9890 22.6915
2022.9918 22.6964
2022.9945 19.7994
2022.9973 19.4407
2023.0000 24.3702
