2016.9180 -0.5372
2016.9208 2.1745
2016.9235 2.1055
2016.9262 0.8959
2016.9290 3.1258
2016.9317 2.9853
2016.9344 4.5043
2016.9372 3.5129
2016.9399 5.1512
2016.9426 3.8292
2016.9454 4.0070
2016.9481 5.3145
2016.9508 5.1919
2016.9536 2.8692
2016.9563 4.5465
2016.9590 4.5037
2016.9617 6.2410
2016.9645 -1.6517
2016.9672 4.0658
2016.9699 4.4835
2016.9727 4.5513
2016.9754 3.6995
2016.9781 2.0079
2016.9809 4.3667
2016.9836 8.1159
2016.9863 2.0556
2016.9891 2.3257
2016.9918 3.8165
2016.9945 5.3977
2016.9973 3.2797
2017.0000 2.2123
2017.0027 0.5857
2017.0055 2.0899
2017.0082 4.0348
2017.0110 1.2604
2017.0137 3.8167
2017.0164 4.5536
2017.0192 2.7110
2017.0219 4.7088
2017.0247 4.4271
2017.0274 0.1958
2017.0301 1.5248
2017.0329 0.4441
2017.0356 2.0836
2017.0384 -1.8867
2017.0411 -1.5170
2017.0438 -0.2772
2017.0466 -0.7274
2017.0493 -0.5176
2017.0521 1.4520
2017.0548 3.0515
2017.0575 1.6908
2017.0603 3.9998
2017.0630 2.1085
2017.0658 4.9768
2017.0685 1.1646
2017.0712 4.0720
2017.0740 3.8089
2017.0767 5.4851
2017.0795 5.4607
2017.0822 7.7756
2017.0849 4.5692
2017.0877 6.4818
2017.0904 6.5333
2017.0932 3.3439
2017.0959 4.3036
2017.0986 5.8725
2017.1014 1.5407
2017.1041 1.0683
2017.1068 7.0054
2017.1096 8.9021
2017.1123 6.6484
2017.1151 10.9144
2017.1178 7.9603
2017.1205 8.4560
2017.1233 7.1118
2017.1260 6.4077
2017.1288 10.1037
2017.1315 7.2900
2017.1342 6.4867
2017.1370 5.9237
2017.1397 9.5613
2017.1425 6.9396
2017.1452 10.4685
2017.1479 5.3381
2017.1507 5.0087
2017.1534 12.8802
2017.1562 9.9328
2017.1589 7.2864
2017.1616 8.5813
2017.1644 2.4879
2017.1671 2.7664
2017.1699 3.5568
2017.1726 4.0288
2017.1753 5.1624
2017.1781 5.3475
2017.1808 9.5938
2017.1836 7.6813
2017.1863 10.2298
2017.1890 8.1093
2017.1918 9.5195
2017.1945 9.1503
2017.1973 8.4917
2017.2000 6.4634
2017.2027 8.9054
2017.2055 12.3875
2017.2082 8.4196
2017.2110 10.5915
2017.2137 10.5831
2017.2164 11.7144
2017.2192 8.5950
2017.2219 5.6550
2017.2247 5.3742
2017.2274 5.0325
2017.2301 5.0997
2017.2356 4.3003
2017.2384 5.2735
2017.2411 4.3750
2017.2438 11.2649
2017.2466 4.8429
2017.2493 5.5896
2017.2521 5.5250
2017.2548 7.9492
2017.2575 7.8724
2017.2603 7.5946
2017.2630 10.4959
2017.2658 9.8865
2017.2685 7.0164
2017.2712 9.8857
2017.2740 11.7346
2017.2767 8.4130
2017.2795 11.7611
2017.2822 9.8990
2017.2849 9.4969
2017.2877 15.3147
2017.2904 14.8325
2017.2932 9.0706
2017.2959 8.4589
2017.2986 10.0176
2017.3014 5.9568
2017.3041 8.6665
2017.3068 13.3068
2017.3096 13.1079
2017.3123 11.7099
2017.3151 13.6727
2017.3178 11.9666
2017.3205 10.9116
2017.3233 8.8979
2017.3260 10.7554
2017.3288 7.4744
2017.3315 7.4446
2017.3342 8.1859
2017.3370 7.7281
2017.3397 7.9712
2017.3425 10.4951
2017.3452 10.6097
2017.3479 8.2149
2017.3507 12.4407
2017.3534 14.2669
2017.3562 13.6836
2017.3589 13.1506
2017.3616 15.1279
2017.3644 17.2453
2017.3671 13.4829
2017.3699 12.9504
2017.3726 12.6079
2017.3753 15.6453
2017.3781 12.8725
2017.3808 11.6693
2017.3836 4.5558
2017.3890 6.0975
2017.3918 10.8524
2017.3945 3.0467
2017.3973 7.7602
2017.4000 11.8830
2017.4027 10.4448
2017.4110 12.6040
2017.4137 6.2215
2017.4329 8.8929
2017.4493 7.1395
2017.4521 12.5136
2017.4575 -0.7780
2017.4932 -1.7639
2017.4986 7.5730
2017.5096 19.3583
2017.5123 10.3473
2017.5178 10.6454
2017.5205 17.1646
2017.5233 11.2737
2017.5315 13.8715
2017.5342 9.1707
2017.5370 6.6500
2017.5397 12.1894
2017.5425 12.1187
2017.5452 6.5280
2017.5479 6.5273
2017.5507 10.2066
2017.5534 10.3859
2017.5562 13.5551
2017.5589 8.1344
2017.5616 3.6136
2017.5699 7.5010
2017.5726 8.9100
2017.5753 14.4189
2017.5781 17.7679
2017.5808 13.1367
2017.5836 7.3054
2017.5863 9.8638
2017.5890 10.4220
2017.5918 8.7101
2017.5945 10.1479
2017.5973 12.8256
2017.6000 7.2931
2017.6027 9.5605
2017.6055 6.1678
2017.6082 12.8750
2017.6110 7.9521
2017.6137 13.0991
2017.6164 11.6861
2017.6219 8.8100
2017.6247 15.1969
2017.6274 13.5839
2017.6301 14.8409
2017.6329 12.1879
2017.6356 11.9750
2017.6384 17.1322
2017.6411 12.3995
2017.6438 16.7370
2017.6466 13.5745
2017.6493 17.3322
2017.6521 13.4901
2017.6548 12.6282
2017.6575 10.8265
2017.6603 8.9350
2017.6630 8.6537
2017.6658 9.8730
2017.6685 9.4445
2017.6712 10.4882
2017.6740 9.3941
2017.6767 10.3820
2017.6795 4.4316
2017.6822 12.8229
2017.6849 -0.5043
2017.6877 5.0898
2017.6904 8.4751
2017.6932 6.1113
2017.6959 7.2283
2017.6986 7.5560
2017.7014 7.8541
2017.7041 6.8726
2017.7068 10.6212
2017.7096 5.2698
2017.7123 5.3082
2017.7151 7.8462
2017.7178 0.2237
2017.7205 9.5706
2017.7233 5.0366
2017.7260 8.9116
2017.7288 10.2854
2017.7315 9.0878
2017.7342 9.6988
2017.7370 5.8381
2017.7397 10.3555
2017.7425 2.8109
2017.7452 7.6341
2017.7479 11.5550
2017.7507 4.9046
2017.7534 0.7141
2017.7562 5.4435
2017.7589 4.9928
2017.7616 6.8219
2017.7644 7.5509
2017.7671 8.3198
2017.7699 5.4485
2017.7726 9.3872
2017.7753 9.6157
2017.7781 9.9241
2017.7808 7.6924
2017.7836 4.6406
2017.7863 5.8687
2017.7890 3.1067
2017.7918 4.7146
2017.7945 2.6624
2017.7973 3.8700
2017.8000 7.2176
2017.8027 5.0151
2017.8055 5.6625
2017.8082 4.4398
2017.8110 7.6370
2017.8137 4.8042
2017.8164 4.6512
2017.8192 10.6082
2017.8219 11.0250
2017.8247 10.7418
2017.8274 3.3186
2017.8301 5.2352
2017.8329 8.7818
2017.8356 5.7082
2017.8384 5.8545
2017.8411 4.4406
2017.8438 7.9867
2017.8466 7.6427
2017.8493 9.5085
2017.8521 10.6543
2017.8548 8.7800
2017.8575 7.4757
2017.8603 10.9113
2017.8630 10.1869
2017.8658 10.5425
2017.8685 8.9680
2017.8712 9.9036
2017.8740 9.1191
2017.8767 10.3647
2017.8795 6.8203
2017.8822 2.9459
2017.8849 5.9416
2017.8877 3.6274
2017.8904 6.2232
2017.8932 8.4891
2017.8959 7.0851
2017.8986 7.3413
2017.9014 4.5275
2017.9041 6.9739
2017.9068 6.5404
2017.9096 2.3070
2017.9123 4.4338
2017.9151 12.1208
2017.9178 6.1584
2017.9205 4.4069
2017.9233 8.9864
2017.9260 4.2466
2017.9288 6.9976
2017.9315 2.4792
2017.9342 8.2515
2017.9370 8.5943
2017.9397 4.6976
2017.9425 6.4313
2017.9452 2.5654
2017.9479 1.7297
2017.9507 -1.9058
2017.9534 3.0788
2017.9562 2.1735
2017.9589 4.1282
2017.9616 2.4728
2017.9644 1.7473
2017.9671 9.4815
2017.9699 8.1155
2017.9726 5.6691
2017.9753 4.9623
2017.9781 5.7850
2017.9808 0.7871
2017.9836 -0.0214
2017.9863 0.0994
2017.9890 3.0395
2017.9918 4.2187
2017.9945 4.2770
2017.9973 2.4443
2018.0000 4.4606
2018.0027 5.9661
2018.0055 6.3213
2018.0082 3.6360
2018.0110 5.5005
2018.0137 4.7846
2018.0164 7.5584
2018.0192 6.1519
2018.0219 5.5852
2018.0247 5.3583
2018.0274 5.0412
2018.0301 4.3739
2018.0329 6.4864
2018.0356 6.5788
2018.0384 6.4112
2018.0411 4.4734
2018.0438 7.0956
2018.0466 10.0678
2018.0493 10.2100
2018.0521 10.9122
2018.0548 9.4944
2018.0575 8.1568
2018.0603 9.2092
2018.0630 11.0717
2018.0658 6.6344
2018.0685 7.3673
2018.0712 12.6003
2018.0740 9.9036
2018.0767 9.5571
2018.0795 7.5809
2018.0822 11.1150
2018.0849 15.3590
2018.0877 10.9430
2018.0904 5.8669
2018.0932 9.4008
2018.0959 3.3048
2018.0986 3.2787
2018.1014 7.3727
2018.1041 10.7368
2018.1068 7.3809
2018.1096 11.4751
2018.1123 9.5895
2018.1151 13.7040
2018.1178 12.1786
2018.1205 12.1034
2018.1233 10.7385
2018.1260 8.9537
2018.1288 9.7291
2018.1315 10.4448
2018.1342 5.8008
2018.1370 7.8971
2018.1397 7.9236
2018.1425 6.6205
2018.1452 2.6378
2018.1479 8.2154
2018.1507 5.0333
2018.1534 4.5117
2018.1562 4.5105
2018.1589 6.5597
2018.1616 6.7394
2018.1644 5.3301
2018.1671 7.2123
2018.1699 2.7258
2018.1726 3.5907
2018.1753 5.6468
2018.1781 4.7440
2018.1808 3.5322
2018.1836 3.6613
2018.1863 -0.4787
2018.1890 6.8021
2018.1918 4.8235
2018.1945 2.4055
2018.1973 3.4180
2018.2000 1.9309
2018.2027 0.1641
2018.2055 2.2476
2018.2082 3.1811
2018.2110 5.6947
2018.2137 8.4783
2018.2164 7.2217
2018.2192 6.0049
2018.2219 1.7377
2018.2247 5.6002
2018.2274 5.7221
2018.2301 1.2635
2018.2329 0.7442
2018.2356 4.2741
2018.2384 4.9532
2018.2411 8.4013
2018.2438 10.9784
2018.2466 9.3745
2018.2493 9.5206
2018.2521 7.5069
2018.2548 6.4832
2018.2575 6.5395
2018.2603 4.9260
2018.2630 6.9824
2018.2658 7.0988
2018.2685 8.4351
2018.2712 11.4014
2018.2740 17.4875
2018.2767 16.5135
2018.2795 14.8994
2018.2822 13.6251
2018.2849 17.2805
2018.2877 18.3657
2018.2904 18.5006
2018.2932 13.7052
2018.2959 14.3795
2018.2986 12.2334
2018.3014 11.0369
2018.3041 13.2400
2018.3068 11.7927
2018.3096 13.8149
2018.3123 11.6665
2018.3151 7.4477
2018.3178 6.9983
2018.3205 8.9983
2018.3233 7.0776
2018.3260 8.3064
2018.3288 8.7344
2018.3315 8.9121
2018.3342 10.3596
2018.3370 9.3771
2018.3397 9.8044
2018.3425 9.7417
2018.3452 8.0689
2018.3479 9.2661
2018.3507 7.0531
2018.3534 9.3101
2018.3562 6.2771
2018.3589 9.8540
2018.3616 7.7708
2018.3644 14.3977
2018.3671 10.9645
2018.3699 12.9113
2018.3726 17.4980
2018.3753 12.5348
2018.3781 10.5215
2018.3808 11.0983
2018.3836 5.3551
2018.3863 8.2119
2018.3890 5.5187
2018.3918 2.5155
2018.3945 4.8324
2018.3973 7.7593
2018.4000 4.7663
2018.4055 10.5904
2018.4137 6.0220
2018.4219 11.0037
2018.4247 12.7109
2018.4274 9.8280
2018.4356 11.9595
2018.4384 5.9867
2018.4411 11.0339
2018.4438 10.9011
2018.4795 14.9203
2018.4822 10.6585
2018.4904 9.5041
2018.4959 9.1019
2018.4986 4.8315
2018.5014 10.1021
2018.5041 4.8136
2018.5068 6.5961
2018.5123 5.8036
2018.5151 9.3084
2018.5205 13.6801
2018.5233 5.3968
2018.5260 14.8440
2018.5315 10.9497
2018.5342 13.5081
2018.5370 11.1967
2018.5397 8.3755
2018.5425 7.5945
2018.5479 9.3726
2018.5507 14.2617
2018.5534 10.5206
2018.5562 14.2395
2018.5589 13.9181
2018.5616 13.3964
2018.5644 20.8144
2018.5671 15.6921
2018.5699 4.8193
2018.5726 8.8360
2018.5753 9.8321
2018.5808 6.7024
2018.5836 7.6368
2018.5863 11.0808
2018.5890 7.2447
2018.5918 7.5283
2018.5945 10.3416
2018.5973 11.4748
2018.6000 10.4178
2018.6027 13.2707
2018.6055 14.8934
2018.6082 8.2560
2018.6110 5.4285
2018.6137 7.9609
2018.6164 12.9633
2018.6192 9.5456
2018.6219 8.2279
2018.6247 8.4402
2018.6274 7.9125
2018.6301 3.1448
2018.6329 8.9972
2018.6356 9.2996
2018.6384 7.1022
2018.6411 7.9348
2018.6438 9.6376
2018.6466 5.3905
2018.6493 7.6236
2018.6521 4.5669
2018.6548 2.6304
2018.6575 4.4541
2018.6603 11.5181
2018.6630 9.5823
2018.6658 8.1268
2018.6685 11.9123
2018.6712 12.2485
2018.6740 11.1657
2018.6767 14.1935
2018.6795 21.8021
2018.6822 4.6212
2018.6849 9.0210
2018.6877 8.4112
2018.6904 5.8019
2018.6932 6.7429
2018.6959 9.3142
2018.6986 5.8058
2018.7014 6.0276
2018.7041 6.4795
2018.7068 8.9214
2018.7096 6.9634
2018.7123 6.3553
2018.7151 7.5770
2018.7178 9.3086
2018.7205 8.2298
2018.7233 5.6608
2018.7260 4.8914
2018.7288 6.4215
2018.7315 8.2611
2018.7370 3.0686
2018.7397 6.5963
2018.7452 12.4694
2018.7479 11.6946
2018.7507 9.5887
2018.7534 9.4414
2018.7562 7.3130
2018.7589 9.1035
2018.7616 8.3329
2018.7644 9.8514
2018.7671 8.2691
2018.7699 5.0560
2018.7726 6.4123
2018.7753 9.0580
2018.7781 9.8132
2018.7808 7.3680
2018.7836 9.7626
2018.7863 8.8469
2018.7890 7.1611
2018.7918 5.5453
2018.7945 11.0296
2018.7973 8.7140
2018.8000 7.4686
2018.8027 7.7736
2018.8055 9.7891
2018.8082 9.5650
2018.8110 11.7916
2018.8137 10.3488
2018.8164 9.5569
2018.8192 11.7258
2018.8219 13.8557
2018.8247 8.7967
2018.8274 4.3088
2018.8301 8.7622
2018.8329 8.0668
2018.8356 4.8020
2018.8384 5.3476
2018.8411 9.5636
2018.8438 8.4100
2018.8466 7.1067
2018.8493 5.1137
2018.8521 4.5110
2018.8548 5.6386
2018.8575 2.2164
2018.8603 9.1344
2018.8630 4.7626
2018.8658 3.8709
2018.8685 6.1893
2018.8712 4.1578
2018.8740 0.7463
2018.8767 4.2849
2018.8795 5.6834
2018.8822 4.8119
2018.8849 5.8404
2018.8877 6.1387
2018.8904 6.0869
2018.8932 6.5450
2018.8959 4.1628
2018.8986 2.3505
2018.9014 2.9779
2018.9041 4.2750
2018.9068 2.9719
2018.9096 4.8484
2018.9123 4.9845
2018.9151 3.3302
2018.9178 1.6358
2018.9205 -1.1485
2018.9233 0.8772
2018.9260 -0.5370
2018.9288 2.9788
2018.9315 4.3646
2018.9342 2.9203
2018.9370 2.1659
2018.9397 1.4415
2018.9425 2.5369
2018.9452 6.1621
2018.9479 2.6372
2018.9507 3.6620
2018.9534 2.6366
2018.9562 0.7709
2018.9589 0.4649
2018.9616 -0.3015
2018.9671 11.3847
2018.9699 12.1972
2018.9726 9.5693
2018.9753 12.9608
2018.9781 11.1319
2018.9808 11.8924
2018.9836 9.5924
2018.9863 10.3218
2018.9890 13.3505
2018.9918 13.6386
2018.9945 16.8661
2018.9973 11.4528
2019.0000 14.5588
2019.0027 11.1539
2019.0055 13.0280
2019.0082 15.3311
2019.0110 19.6434
2019.0137 16.7149
2019.0164 14.9756
2019.0192 14.4756
2019.0219 12.9149
2019.0247 10.6438
2019.0274 14.7821
2019.0301 11.4800
2019.0329 13.2974
2019.0356 15.5646
2019.0384 10.7916
2019.0411 11.1783
2019.0438 14.5949
2019.0466 17.6515
2019.0493 15.2381
2019.0521 15.2147
2019.0548 17.5015
2019.0575 14.5784
2019.0603 13.4256
2019.0630 18.6431
2019.0658 16.0610
2019.0685 15.5394
2019.0712 15.0882
2019.0740 16.6676
2019.0767 15.4076
2019.0795 12.7184
2019.0822 11.9898
2019.0849 13.1112
2019.0877 11.2227
2019.0904 19.2442
2019.0932 15.4057
2019.0959 15.3472
2019.0986 22.3288
2019.1014 16.4505
2019.1041 16.3722
2019.1068 15.3140
2019.1096 16.3960
2019.1123 15.0281
2019.1151 13.5103
2019.1178 17.1226
2019.1205 15.2051
2019.1233 15.4978
2019.1260 14.3707
2019.1288 6.2838
2019.1315 5.5671
2019.1342 5.8107
2019.1370 5.9045
2019.1397 7.1486
2019.1425 9.3429
2019.1452 10.9675
2019.1479 10.3825
2019.1507 9.9877
2019.1534 10.8133
2019.1562 8.4493
2019.1589 9.0056
2019.1616 8.0222
2019.1644 10.6594
2019.1671 12.7870
2019.1699 12.6951
2019.1726 10.6637
2019.1753 8.6527
2019.1781 7.5622
2019.1808 11.8821
2019.1836 12.4924
2019.1863 14.5331
2019.1890 11.5942
2019.1918 14.7857
2019.1945 11.9375
2019.1973 15.2997
2019.2000 15.5622
2019.2027 13.6450
2019.2055 14.2181
2019.2082 10.8514
2019.2110 13.9151
2019.2137 12.8290
2019.2164 15.0231
2019.2192 17.1075
2019.2219 15.8121
2019.2247 19.6068
2019.2274 18.8218
2019.2301 17.7069
2019.2329 16.7522
2019.2356 16.9676
2019.2384 17.0431
2019.2411 19.3088
2019.2438 15.3045
2019.2466 15.1904
2019.2493 16.6769
2019.2521 14.1639
2019.2548 12.9715
2019.2575 14.7296
2019.2603 19.4881
2019.2630 18.7371
2019.2658 19.3264
2019.2685 16.9960
2019.2712 17.8659
2019.2740 20.5860
2019.2767 14.6263
2019.2795 11.6067
2019.2822 7.2472
2019.2849 7.8378
2019.2877 12.4183
2019.2904 12.8588
2019.2932 16.1392
2019.2959 15.3595
2019.2986 14.9595
2019.3014 13.9794
2019.3041 15.2589
2019.3068 20.0681
2019.3096 15.5170
2019.3123 14.8054
2019.3151 16.3134
2019.3178 14.3908
2019.3205 15.0177
2019.3233 15.7740
2019.3260 13.6397
2019.3288 15.0146
2019.3315 13.5791
2019.3342 18.0234
2019.3370 22.8675
2019.3397 19.8313
2019.3425 18.3649
2019.3452 20.7783
2019.3479 15.5114
2019.3507 16.6543
2019.3534 16.6169
2019.3562 13.7393
2019.3589 18.5514
2019.3616 15.7433
2019.3644 15.8949
2019.3671 14.8062
2019.3699 19.4272
2019.3726 19.4180
2019.3753 18.5284
2019.3781 16.2786
2019.3808 10.9684
2019.3836 10.6880
2019.3863 9.2572
2019.3890 13.0362
2019.3918 10.3248
2019.3945 7.7731
2019.3973 7.6010
2019.4000 7.5686
2019.4027 9.7459
2019.4055 8.5028
2019.4082 4.0794
2019.4110 12.5756
2019.4137 12.2915
2019.4164 13.0072
2019.4192 10.7029
2019.4219 17.2586
2019.4247 13.3641
2019.4274 12.1496
2019.4301 15.0449
2019.4329 10.9002
2019.4356 9.3155
2019.4384 6.9806
2019.4411 9.1257
2019.4438 14.0307
2019.4466 8.4856
2019.4493 10.8504
2019.4521 14.2552
2019.4548 13.1398
2019.4575 10.6344
2019.4603 9.3289
2019.4630 13.0433
2019.4658 11.5777
2019.4685 14.0119
2019.4712 15.4561
2019.4740 12.3602
2019.4767 14.9042
2019.4795 13.4081
2019.4822 17.0620
2019.4849 19.7057
2019.4877 19.8694
2019.4904 18.8130
2019.4932 19.1765
2019.4959 18.6599
2019.4986 17.8533
2019.5014 14.0566
2019.5041 14.7798
2019.5068 17.0930
2019.5096 16.8861
2019.5123 13.4291
2019.5151 14.0621
2019.5178 14.0051
2019.5205 19.5180
2019.5233 17.6608
2019.5260 19.4036
2019.5288 19.7363
2019.5315 21.3590
2019.5342 19.8016
2019.5370 17.9642
2019.5397 13.0767
2019.5425 16.9692
2019.5452 17.2316
2019.5479 16.9740
2019.5507 17.5964
2019.5534 17.0987
2019.5562 15.6109
2019.5589 17.8031
2019.5616 19.1753
2019.5644 22.1374
2019.5671 20.2795
2019.5699 20.8716
2019.5726 20.9936
2019.5753 18.5855
2019.5781 16.7174
2019.5808 22.1893
2019.5836 16.3209
2019.5863 20.4419
2019.5890 16.9625
2019.5918 15.7025
2019.5945 18.5521
2019.5973 16.1714
2019.6000 19.4502
2019.6027 17.1187
2019.6055 24.7870
2019.6082 26.1350
2019.6110 26.4628
2019.6137 23.3104
2019.6164 21.5378
2019.6192 21.1152
2019.6219 14.7625
2019.6247 22.4497
2019.6274 20.0170
2019.6301 23.1443
2019.6329 16.4717
2019.6356 19.0392
2019.6384 19.8269
2019.6411 19.8548
2019.6438 21.7129
2019.6466 24.2312
2019.6493 21.9499
2019.6521 24.1189
2019.6548 19.6282
2019.6575 15.9180
2019.6603 14.2583
2019.6630 11.0490
2019.6658 16.1302
2019.6685 16.4720
2019.6712 21.1743
2019.6740 19.8371
2019.6767 18.5504
2019.6795 22.4742
2019.6822 16.6585
2019.6849 12.8033
2019.6877 17.7486
2019.6904 19.9243
2019.6932 14.0305
2019.6959 15.5372
2019.6986 15.3743
2019.7014 17.9318
2019.7041 18.5697
2019.7068 23.4281
2019.7096 22.7669
2019.7123 19.9961
2019.7151 17.8658
2019.7178 18.4958
2019.7205 21.2162
2019.7233 20.9069
2019.7260 13.7381
2019.7288 17.6296
2019.7315 16.9815
2019.7342 15.0737
2019.7370 13.4062
2019.7397 17.4491
2019.7425 16.1324
2019.7452 21.5959
2019.7479 23.3398
2019.7507 23.2942
2019.7534 23.1094
2019.7562 19.2354
2019.7589 18.0120
2019.7616 17.3493
2019.7644 16.4271
2019.7671 20.4155
2019.7699 17.4543
2019.7726 15.7936
2019.7753 14.9532
2019.7781 13.8832
2019.7808 16.7634
2019.7836 14.8939
2019.7863 19.3445
2019.7890 20.3352
2019.7918 18.3559
2019.7945 25.0467
2019.7973 21.3674
2019.8000 14.3680
2019.8027 19.5185
2019.8055 12.4687
2019.8082 9.3387
2019.8110 8.0484
2019.8137 11.6578
2019.8164 10.1167
2019.8192 11.4051
2019.8219 9.3731
2019.8247 11.1804
2019.8274 11.6572
2019.8301 11.1032
2019.8329 14.4987
2019.8356 13.2842
2019.8384 13.8297
2019.8411 14.2852
2019.8438 10.8707
2019.8466 10.6562
2019.8493 11.1516
2019.8521 12.7469
2019.8548 14.9519
2019.8575 17.7468
2019.8603 11.5914
2019.8630 17.4957
2019.8658 16.2896
2019.8685 19.4632
2019.8712 17.5764
2019.8740 11.6191
2019.8767 15.2412
2019.8795 10.5729
2019.8822 12.4340
2019.8849 9.9044
2019.8877 12.2342
2019.8904 11.7232
2019.8932 10.8816
2019.8959 9.7391
2019.8986 10.8858
2019.9014 11.7517
2019.9041 11.0366
2019.9068 14.3006
2019.9096 12.2536
2019.9123 12.8155
2019.9151 10.7864
2019.9178 9.0665
2019.9205 11.1962
2019.9233 11.8054
2019.9260 7.2343
2019.9288 7.2228
2019.9315 11.3510
2019.9342 7.8188
2019.9370 6.5864
2019.9397 6.4938
2019.9425 12.0109
2019.9452 11.6378
2019.9479 9.8346
2019.9507 8.6912
2019.9534 8.0777
2019.9562 8.3741
2019.9589 8.2905
2019.9616 8.0968
2019.9644 4.6732
2019.9671 6.0495
2019.9699 13.3659
2019.9726 8.0524
2019.9753 14.3590
2019.9781 12.8957
2019.9808 12.7826
2019.9836 11.7997
2019.9863 16.8770
2019.9890 18.1045
2019.9918 16.1123
2019.9945 16.4204
2019.9973 11.2488
2020.0000 13.9876
2020.0027 10.4066
2020.0055 15.4055
2020.0082 14.5445
2020.0109 16.0534
2020.0137 13.2323
2020.0164 16.1112
2020.0191 16.7102
2020.0219 16.7191
2020.0246 17.7481
2020.0273 14.7772
2020.0301 14.0262
2020.0328 14.7253
2020.0355 17.1245
2020.0383 15.5637
2020.0410 15.1930
2020.0437 16.0024
2020.0464 10.5518
2020.0492 15.4013
2020.0519 15.0310
2020.0546 13.7207
2020.0574 12.5306
2020.0601 11.0305
2020.0628 13.8006
2020.0656 15.7408
2020.0683 12.0012
2020.0710 15.2117
2020.0738 11.1323
2020.0765 12.2131
2020.0792 12.3341
2020.0820 11.9953
2020.0847 13.6868
2020.0874 12.6187
2020.0902 10.7609
2020.0929 18.0135
2020.0956 12.5964
2020.0984 12.1996
2020.1011 13.5031
2020.1038 11.5869
2020.1066 8.9709
2020.1093 19.2552
2020.1120 11.9197
2020.1148 13.4345
2020.1175 14.6395
2020.1202 12.8446
2020.1230 14.7900
2020.1257 11.7554
2020.1284 11.1911
2020.1311 7.7068
2020.1339 10.0327
2020.1366 9.6687
2020.1393 10.8348
2020.1421 13.6109
2020.1448 13.6471
2020.1475 10.6734
2020.1503 13.2297
2020.1530 14.0460
2020.1557 12.9022
2020.1585 12.1385
2020.1612 16.4948
2020.1639 14.8611
2020.1667 12.8976
2020.1694 12.2644
2020.1721 14.1615
2020.1749 14.2888
2020.1776 11.0764
2020.1803 13.7842
2020.1831 15.2722
2020.1858 14.7505
2020.1885 15.4389
2020.1913 17.8476
2020.1940 20.8765
2020.1967 22.9856
2020.1995 20.6749
2020.2022 18.7544
2020.2049 19.3041
2020.2077 15.1639
2020.2104 16.0440
2020.2131 16.0742
2020.2158 16.8946
2020.2186 15.5951
2020.2213 14.0958
2020.2240 14.2466
2020.2268 19.1076
2020.2295 22.3988
2020.2322 19.3000
2020.2350 15.3914
2020.2377 18.4729
2020.2404 17.4746
2020.2432 17.3563
2020.2459 12.6283
2020.2486 14.4417
2020.2514 13.7170
2020.2541 14.0441
2020.2568 9.9128
2020.2596 14.4630
2020.2623 14.2546
2020.2650 18.7073
2020.2678 19.3910
2020.2705 16.8057
2020.2732 19.2611
2020.2760 20.3070
2020.2787 11.3435
2020.2814 14.2102
2020.2842 14.9771
2020.2869 10.9440
2020.2896 9.3508
2020.2923 15.7273
2020.2951 17.4534
2020.2978 17.8389
2020.3005 13.7936
2020.3033 14.2576
2020.3060 11.6105
2020.3087 15.4822
2020.3115 14.9327
2020.3142 18.0117
2020.3169 19.0191
2020.3197 15.9348
2020.3224 14.1386
2020.3251 16.5703
2020.3279 4.0199
2020.3306 6.9975
2020.3333 7.9443
2020.3361 8.8703
2020.3388 15.4258
2020.3415 13.2406
2020.3443 12.4049
2020.3470 18.4287
2020.3497 14.8721
2020.3525 15.7450
2020.3552 14.6476
2020.3579 13.8299
2020.3607 11.2118
2020.3634 10.7036
2020.3661 12.2352
2020.3689 11.9667
2020.3716 10.7981
2020.3743 9.2794
2020.3770 10.7708
2020.3798 11.3222
2020.3825 13.2338
2020.3852 14.7155
2020.3880 18.9774
2020.3907 15.4995
2020.3934 13.5719
2020.3962 15.6747
2020.3989 18.1179
2020.4016 11.0715
2020.4044 12.4355
2020.4071 13.1101
2020.4098 13.4253
2020.4126 18.3411
2020.4153 18.3274
2020.4180 18.7039
2020.4208 22.8408
2020.4235 22.1178
2020.4262 20.5252
2020.4290 22.6627
2020.4317 21.7403
2020.4344 22.9282
2020.4372 25.6061
2020.4399 20.9641
2020.4426 21.4622
2020.4454 16.9804
2020.4481 20.6985
2020.4508 16.1466
2020.4536 22.1647
2020.4563 20.2928
2020.4590 24.8107
2020.4617 22.9085
2020.4645 21.4962
2020.4672 20.0837
2020.4699 16.8111
2020.4727 14.5281
2020.4754 14.9750
2020.4781 14.5716
2020.4809 15.4178
2020.4836 14.5337
2020.4863 17.5293
2020.4891 17.5245
2020.4918 13.0093
2020.4945 16.5837
2020.4973 19.3276
2020.5000 16.0709
2020.5027 18.6238
2020.5055 16.5961
2020.5082 17.0680
2020.5109 17.9995
2020.5137 16.9207
2020.5164 17.1015
2020.5191 16.1020
2020.5219 16.7322
2020.5246 16.7222
2020.5273 14.9621
2020.5301 20.7518
2020.5328 22.2313
2020.5355 17.7308
2020.5383 20.1003
2020.5410 15.3398
2020.5437 20.2093
2020.5464 22.7488
2020.5492 16.3585
2020.5519 13.9583
2020.5546 12.9883
2020.5574 16.9086
2020.5601 21.0291
2020.5628 26.1098
2020.5656 23.8009
2020.5683 23.9524
2020.5710 18.3643
2020.5738 18.2766
2020.5765 17.6594
2020.5792 19.7327
2020.5820 20.3565
2020.5847 17.7005
2020.5874 15.9346
2020.5902 19.0988
2020.5929 21.7432
2020.5956 17.0076
2020.5984 13.4820
2020.6011 13.4366
2020.6038 14.0112
2020.6066 9.3259
2020.6093 11.2206
2020.6120 11.5854
2020.6148 15.2902
2020.6175 9.2950
2020.6202 9.2399
2020.6230 9.1747
2020.6257 13.1996
2020.6284 12.1044
2020.6311 14.6893
2020.6339 12.7441
2020.6366 16.1089
2020.6393 10.3537
2020.6421 12.7784
2020.6448 22.5631
2020.6475 23.4777
2020.6503 18.2323
2020.6530 12.4368
2020.6557 9.9812
2020.6585 14.0555
2020.6612 16.6897
2020.6639 16.2938
2020.6667 16.2478
2020.6694 17.9417
2020.6721 15.0854
2020.6749 15.8190
2020.6776 19.5825
2020.6803 20.9760
2020.6831 19.4093
2020.6858 24.5825
2020.6885 17.5656
2020.6913 20.2787
2020.6940 19.3818
2020.6967 23.2447
2020.6995 23.5977
2020.7022 19.4806
2020.7049 15.4134
2020.7077 19.6663
2020.7104 19.0191
2020.7131 13.8320
2020.7158 19.2548
2020.7186 19.3777
2020.7213 18.4406
2020.7240 17.5135
2020.7268 14.8465
2020.7295 12.3595
2020.7322 11.9526
2020.7350 9.0158
2020.7377 15.2690
2020.7404 11.9723
2020.7432 11.9957
2020.7459 12.5692
2020.7486 18.4828
2020.7514 17.9567
2020.7541 19.7211
2020.7568 17.0058
2020.7596 14.5409
2020.7623 19.1264
2020.7650 13.3022
2020.7678 17.8384
2020.7705 20.2051
2020.7732 17.2520
2020.7760 11.6694
2020.7787 15.4471
2020.7814 15.7051
2020.7842 18.1036
2020.7869 18.4223
2020.7896 19.2415
2020.7923 16.4410
2020.7951 17.1108
2020.7978 16.1310
2020.8005 13.5415
2020.8033 16.7623
2020.8060 17.3535
2020.8087 11.4551
2020.8115 16.7369
2020.8142 18.8191
2020.8169 15.6316
2020.8197 12.5544
2020.8224 9.0376
2020.8251 11.1110
2020.8279 13.6648
2020.8306 13.0589
2020.8333 13.5437
2020.8361 13.5206
2020.8388 23.2995
2020.8415 18.0202
2020.8443 7.9327
2020.8470 11.8068
2020.8497 8.5723
2020.8525 10.0591
2020.8552 10.6770
2020.8579 14.0760
2020.8607 9.9158
2020.8634 13.9863
2020.8661 9.8674
2020.8689 10.3788
2020.8716 11.1206
2020.8743 11.8925
2020.8770 8.2044
2020.8798 9.5562
2020.8825 8.2076
2020.8852 5.2186
2020.8880 2.5090
2020.8907 5.9186
2020.8934 8.1374
2020.8962 9.3052
2020.8989 8.9017
2020.9016 9.7770
2020.9044 8.7408
2020.9071 8.6030
2020.9098 8.9234
2020.9126 13.7220
2020.9153 8.1585
2020.9180 10.8439
2020.9208 7.0991
2020.9235 9.7440
2020.9262 12.1186
2020.9290 13.1030
2020.9317 8.7571
2020.9344 16.3309
2020.9372 14.6545
2020.9399 17.3379
2020.9426 7.2111
2020.9454 11.4540
2020.9481 15.7267
2020.9508 15.1393
2020.9536 16.2716
2020.9563 16.8637
2020.9590 17.0857
2020.9617 12.7675
2020.9645 15.4391
2020.9672 14.9106
2020.9699 17.4719
2020.9727 18.3930
2020.9754 13.6841
2020.9781 16.6050
2020.9809 15.7357
2020.9836 17.6164
2020.9863 15.3969
2020.9891 18.0173
2020.9918 18.6277
2020.9945 17.7279
2020.9973 15.4281
2021.0000 17.7782
2021.0027 18.2078
2021.0055 18.5865
2021.0082 21.0943
2021.0110 17.3115
2021.0137 17.1879
2021.0164 18.5838
2021.0192 14.5691
2021.0219 13.1141
2021.0247 15.0986
2021.0274 17.6729
2021.0301 15.0270
2021.0329 18.6910
2021.5781 13.6204
2021.5808 18.2098
2021.5836 12.3193
2021.5863 11.7487
2021.5890 17.9681
2021.5918 15.3474
2021.5973 16.3562
2021.6000 18.2757
2021.6027 15.5554
2021.6055 11.3751
2021.6082 11.5250
2021.6110 7.9851
2021.6137 14.2955
2021.6164 15.0861
2021.6192 16.7169
2021.6219 10.6481
2021.6247 10.0396
2021.6274 8.3615
2021.6301 9.8038
2021.6329 10.8265
2021.6356 9.4297
2021.6384 13.2134
2021.6411 14.8875
2021.6438 14.8823
2021.6466 11.7576
2021.6493 9.9134
2021.6521 9.8000
2021.6548 9.1372
2021.6575 16.7450
2021.6603 11.9836
2021.6630 15.1930
2021.6658 15.0832
2021.6685 17.2147
2021.6712 17.6075
2021.6740 12.1115
2021.6767 15.0167
2021.6795 20.2929
2021.6822 13.6200
2021.6849 17.6380
2021.6877 15.5668
2021.6904 15.8564
2021.6932 14.8665
2021.6959 15.8871
2021.6986 16.5582
2021.7014 17.0196
2021.7041 15.2313
2021.7068 16.7231
2021.7096 10.5650
2021.7123 13.8770
2021.7151 11.9488
2021.7178 15.5305
2021.7205 9.8319
2021.7233 19.2530
2021.7260 7.7736
2021.7288 15.7138
2021.7315 17.8733
2021.7342 12.8721
2021.7370 13.7701
2021.7397 15.9273
2021.7425 12.8635
2021.7452 11.9587
2021.7479 10.8527
2021.7507 9.7262
2021.7534 10.1997
2021.7562 14.2631
2021.7589 18.3566
2021.7616 20.0501
2021.7644 19.3135
2021.7671 16.6370
2021.7699 13.1504
2021.7726 13.3639
2021.7753 15.8773
2021.7781 14.3107
2021.7808 11.2841
2021.7836 12.7875
2021.7863 13.2109
2021.7890 13.1743
2021.7918 16.2476
2021.7945 16.6409
2021.7973 14.3342
2021.8000 13.0175
2021.8027 14.5908
2021.8055 16.6141
2021.8082 15.7673
2021.8110 10.1905
2021.8137 13.7837
2021.8164 13.8568
2021.8192 9.7300
2021.8219 15.5130
2021.8247 13.0061
2021.8274 12.4891
2021.8301 9.8821
2021.8329 11.6851
2021.8356 15.0580
2021.8384 10.3610
2021.8411 9.8039
2021.8438 14.4667
2021.8466 16.0396
2021.8493 14.1224
2021.8521 16.7252
2021.8548 9.4780
2021.8575 12.2708
2021.8603 5.1335
2021.8630 13.8363
2021.8658 11.2790
2021.8685 10.1818
2021.8712 9.6545
2021.8740 11.8872
2021.8767 11.2800
2021.8795 8.0127
2021.8822 13.1354
2021.8849 12.9482
2021.8904 11.0437
2021.8932 15.9165
2021.8959 15.1392
2021.8986 16.4520
2021.9014 14.0748
2021.9041 15.5877
2021.9068 17.6405
2021.9096 20.1834
2021.9123 20.3162
2021.9151 19.6091
2021.9178 23.0225
2021.9205 18.8366
2021.9233 16.9014
2021.9260 20.8168
2021.9288 18.4829
2021.9315 14.2594
2021.9342 18.2664
2021.9370 14.6638
2021.9397 17.4115
2021.9425 18.6094
2021.9452 19.5775
2021.9479 16.6557
2021.9507 16.4439
2021.9534 14.2621
2021.9562 13.7202
2021.9589 18.9582
2021.9616 20.7459
2021.9644 17.1934
2021.9671 17.6205
2021.9699 15.9771
2021.9726 15.2133
2021.9753 18.9889
2021.9781 17.4539
2021.9808 16.8081
2021.9836 23.2917
2021.9863 23.8143
2021.9890 18.1161
2021.9918 19.0470
2021.9945 18.7368
2021.9973 17.9855
2022.0000 20.4230
2022.0027 16.5298
2022.0055 19.1664
2022.0082 15.3927
2022.0110 14.5288
2022.0137 12.4148
2022.0164 15.5405
2022.0192 19.7561
2022.0219 18.0515
2022.0247 19.1868
2022.0274 16.8819
2022.0301 12.5069
2022.0329 12.6519
2022.0356 14.2267
2022.0384 11.3415
2022.0411 15.5962
2022.0438 14.6009
2022.0466 18.9056
2022.0493 15.1102
2022.0521 17.4349
2022.0548 12.3095
2022.0575 13.7242
2022.0603 10.1990
2022.0630 12.1838
2022.0658 16.8087
2022.0685 17.3436
2022.0712 12.2387
2022.0740 13.0139
2022.0767 15.6392
2022.0795 19.4247
2022.0822 22.6003
2022.0849 15.8659
2022.0877 15.7715
2022.0904 18.2771
2022.0932 17.2527
2022.0959 21.1784
2022.0986 20.3240
2022.1014 20.3896
2022.1041 18.2253
2022.1068 21.7609
2022.1096 15.3066
2022.1123 18.0823
2022.1151 16.6079
2022.1178 18.5936
2022.1205 17.6993
2022.1233 18.3950
2022.1260 14.3108
2022.1288 19.2565
2022.1315 17.8223
2022.1342 17.1880
2022.1370 16.8038
2022.1397 24.9196
2022.1425 17.0554
2022.1452 19.2913
2022.1479 16.7671
2022.1507 13.6930
2022.1534 20.9889
2022.1562 19.4649
2022.1589 18.0908
2022.1616 16.9068
2022.1644 17.9030
2022.1671 19.0398
2022.1699 20.3169
2022.1726 20.0945
2022.1753 20.8125
2022.1781 23.5309
2022.1808 20.0895
2022.1836 23.9684
2022.1863 21.0976
2022.1890 23.6371
2022.1918 18.2567
2022.1945 21.5165
2022.1973 17.0964
2022.2000 13.5464
2022.2027 16.4665
2022.2055 18.0466
2022.2082 19.3367
2022.2110 22.9368
2022.2137 21.9768
2022.2164 22.5167
2022.2192 19.2065
2022.2219 23.0162
2022.2247 18.8756
2022.2274 17.4749
2022.2301 17.7939
2022.2329 15.7126
2022.2356 15.5510
2022.2384 17.7590
2022.2411 19.6067
2022.2438 16.4939
2022.2466 19.9907
2022.2493 19.9269
2022.2521 20.0023
2022.2548 16.9472
2022.2575 14.7515
2022.2603 13.1652
2022.2630 18.1386
2022.2658 15.3215
2022.2685 17.1240
2022.2712 12.3462
2022.2740 14.2581
2022.2767 17.3998
2022.2795 16.8813
2022.2822 14.2726
2022.2849 17.4039
2022.2877 17.8051
2022.2904 18.1363
2022.2932 16.3276
2022.2959 16.8490
2022.2986 16.8305
2022.3014 25.4822
2022.3041 21.8141
2022.3068 18.0063
2022.3096 22.2288
2022.3123 18.4018
2022.3151 19.4851
2022.3178 24.4889
2022.3205 24.7533
2022.3233 30.2982
2022.3260 32.8737
2022.3288 26.5298
2022.3315 23.4164
2022.3342 21.1532
2022.3370 16.3802
2022.3397 22.2773
2022.3425 21.0346
2022.3452 21.0121
2022.3479 17.9797
2022.3507 19.3475
2022.3534 22.5654
2022.3562 20.1535
2022.3589 23.8418
2022.3616 23.6902
2022.3644 20.1788
2022.3671 21.7874
2022.3699 19.9963
2022.3726 22.0452
2022.3753 17.2443
2022.3781 18.9336
2022.3808 14.4229
2022.3836 15.4224
2022.3863 16.3820
2022.3890 20.0017
2022.3918 15.3115
2022.3945 14.4614
2022.3973 13.7415
2022.4000 11.8316
2022.4027 19.5619
2022.4055 21.7722
2022.4082 15.4827
2022.4110 21.1032
2022.4137 18.7339
2022.4164 19.5649
2022.4192 15.2162
2022.4219 13.6779
2022.4247 16.3998
2022.4274 18.2821
2022.4301 13.7446
2022.4329 23.1973
2022.4356 16.4502
2022.4384 14.9333
2022.4411 21.7065
2022.4438 17.8999
2022.4466 19.2733
2022.4493 6.8368
2022.4521 10.3004
2022.4548 7.6140
2022.4575 7.5476
2022.4603 8.6012
2022.4630 14.4748
2022.4658 17.5982
2022.4685 14.8016
2022.4712 16.5948
2022.4740 18.4879
2022.4767 23.6009
2022.4795 21.8336
2022.4822 22.2361
2022.4849 20.5784
2022.4877 20.0403
2022.4904 18.3220
2022.4932 17.7534
2022.4959 15.8145
2022.4986 16.8649
2022.5014 15.7844
2022.5041 19.1432
2022.5068 20.7412
2022.5096 18.6185
2022.5123 17.6252
2022.5151 20.4013
2022.5178 19.3570
2022.5205 17.4222
2022.5233 18.3870
2022.5260 16.1315
2022.5288 13.3457
2022.5315 16.5697
2022.5342 26.0036
2022.5370 18.8474
2022.5397 19.5912
2022.5425 19.8950
2022.5452 18.6190
2022.5479 17.4730
2022.5507 17.0373
2022.5534 19.2519
2022.5562 17.4868
2022.5589 14.9222
2022.5616 20.1479
2022.5644 17.8742
2022.5671 17.5611
2022.5699 16.8586
2022.5726 13.2668
2022.5753 10.7358
2022.5781 13.7155
2022.5808 13.6162
2022.5836 13.1975
2022.5863 20.8893
2022.5890 19.5015
2022.5918 16.6341
2022.5945 14.8471
2022.5973 18.4305
2022.6000 18.2443
2022.6027 17.3584
2022.6055 19.0429
2022.6082 15.6878
2022.6110 12.2130
2022.6137 14.6085
2022.6164 11.8943
2022.6192 15.4304
2022.6219 14.7468
2022.6247 14.5734
2022.6274 16.4304
2022.6301 16.4375
2022.6329 13.7650
2022.6356 15.1426
2022.6384 19.9705
2022.6411 17.7886
2022.6438 17.0668
2022.6466 12.2053
2022.6493 14.6639
2022.6521 16.0927
2022.6548 18.9016
2022.6575 18.7807
2022.6603 25.2899
2022.6630 21.4592
2022.6658 16.8687
2022.6685 17.9187
2022.6712 19.3594
2022.6740 18.5606
2022.6767 16.3723
2022.6795 16.9845
2022.6822 24.5871
2022.6849 25.3701
2022.6877 20.1934
2022.6904 14.7670
2022.6932 21.3109
2022.6959 22.0850
2022.6986 21.7392
2022.7014 24.6536
2022.7041 19.4180
2022.7068 17.8425
2022.7096 15.4569
2022.7123 15.7013
2022.7151 18.5256
2022.7178 8.1798
2022.7205 25.8037
2022.7233 19.4075
2022.7260 15.9710
2022.7288 18.3641
2022.7315 18.2869
2022.7342 17.0593
2022.7370 21.6112
2022.7397 25.3327
2022.7425 19.4636
2022.7452 18.7939
2022.7479 15.6236
2022.7507 16.5324
2022.7534 16.1401
2022.7562 13.3068
2022.7589 19.7225
2022.7616 16.4573
2022.7644 20.2913
2022.7671 18.2746
2022.7699 22.1772
2022.7726 22.2491
2022.7753 19.0006
2022.7781 21.6415
2022.7808 20.4221
2022.7836 20.0224
2022.7863 24.3524
2022.7890 23.0222
2022.7918 21.4819
2022.7945 22.3315
2022.7973 17.7112
2022.8000 16.1210
2022.8027 14.2510
2022.8055 14.2612
2022.8082 14.1117
2022.8110 16.0926
2022.8137 11.9339
2022.8164 13.1458
2022.8192 14.7582
2022.8219 9.9614
2022.8247 7.0752
2022.8274 10.5099
2022.8301 15.0954
2022.8329 10.1420
2022.8356 17.0002
2022.8384 16.7001
2022.8411 9.6516
2022.8438 14.9944
2022.8466 15.2185
2022.8493 12.9838
2022.8521 18.3602
2022.8548 13.7975
2022.8575 12.4456
2022.8603 13.0944
2022.8630 12.9838
2022.8658 18.1737
2022.8685 21.8439
2022.8712 23.5644
2022.8740 18.7750
2022.8767 15.8955
2022.8795 23.2960
2022.8822 17.1062
2022.8849 19.5761
2022.8877 21.6855
2022.8904 17.2043
2022.8932 20.9024
2022.8959 19.6996
2022.8986 18.9159
2022.9014 15.1312
2022.9041 18.2953
2022.9068 15.8180
2022.9096 20.8294
2022.9123 15.3692
2022.9151 20.1474
2022.9178 16.6941
2022.9205 16.9495
2022.9233 17.3338
2022.9260 12.1769
2022.9288 13.9688
2022.9315 16.7796
2022.9342 15.7193
2022.9370 14.9478
2022.9397 17.0653
2022.9425 17.3818
2022.9452 18.7072
2022.9479 18.6216
2022.9507 17.9151
2022.9534 16.8476
2022.9562 16.8691
2022.9589 14.2197
2022.9616 19.4095
2022.9644 18.0483
2022.9671 20.6163
2022.9699 15.6935
2022.9726 16.9599
2022.9753 12.2455
2022.9781 15.0203
2022.9808 11.2444
2022.9836 12.4978
2022.9863 14.1105
2022.9890 14.8425
2022.9918 14.0838
2022.9945 13.7946
2022.9973 11.2047
2023.0000 15.8142
