2016.1284 -6.8956
2016.1311 -10.2728
2016.1339 -0.2696
2016.1366 -10.9060
2016.1393 -6.2321
2016.1421 -6.5077
2016.1448 -9.6528
2016.1475 -11.1274
2016.1503 -10.2014
2016.1530 -5.1347
2016.1557 -6.8373
2016.1585 -8.3792
2016.1612 -11.1403
2016.1639 7.4196
2016.1667 -8.7691
2016.1694 2.6434
2016.1721 -5.9529
2016.1749 -4.5381
2016.1776 -4.5323
2016.1803 -5.3456
2016.1831 -6.5181
2016.1858 -5.4898
2016.1885 -2.7508
2016.1913 -1.6113
2016.1940 -3.3212
2016.1967 -2.0007
2016.1995 -2.2599
2016.2022 -3.2688
2016.2049 -5.7675
2016.2077 -7.3662
2016.2104 -13.1048
2016.2131 -6.5135
2016.2158 -10.5023
2016.2186 -10.5914
2016.2213 -6.7308
2016.2240 -7.0406
2016.2268 -11.0209
2016.2295 -8.8018
2016.2322 -3.7733
2016.2350 -2.4055
2016.2377 -6.8885
2016.2404 -7.0325
2016.2432 -11.2074
2016.2459 -13.6834
2016.2486 -14.9401
2016.2514 -16.4876
2016.2541 -16.4857
2016.2568 -14.4243
2016.2596 -7.8734
2016.2623 -16.7730
2016.2650 -12.0629
2016.2678 -7.6832
2016.2705 1.6262
2016.2732 -4.8945
2016.2760 -6.9655
2016.2787 -7.4765
2016.2814 -10.7376
2016.2842 -14.4287
2016.2869 -14.3897
2016.2896 -9.6206
2016.2923 -9.0113
2016.2951 -8.7718
2016.2978 -7.5220
2016.3005 -10.8619
2016.3033 -13.7014
2016.3060 -11.3204
2016.3087 -11.5489
2016.3115 -14.3768
2016.3142 -12.2341
2016.3169 -1.1308
2016.3197 -5.3067
2016.3224 -18.6418
2016.3279 -11.4494
2016.3306 -12.9619
2016.3333 -5.9343
2016.3361 -10.4065
2016.3388 -10.0885
2016.3415 -7.4503
2016.3443 -4.0420
2016.3470 -6.8135
2016.3497 -4.1749
2016.3634 -6.5097
2016.3934 2.0494
2016.5574 -14.7576
2016.5601 -18.3635
2016.5628 -18.8694
2016.5765 -20.4179
2016.5820 -3.0485
2016.5847 -5.2155
2016.5902 -9.5952
2016.5929 -11.0776
2016.8552 -25.8652
2016.8579 -15.5958
2016.8607 -13.5866
2016.8634 -13.9877
2016.8661 -14.5491
2016.8689 -17.6808
2016.8716 -15.6329
2016.8743 -14.9853
2016.8770 -13.5682
2016.8798 -11.4814
2016.8825 -11.0851
2016.8852 -10.8692
2016.8880 -0.6839
2016.8907 -11.0790
2016.8934 8.9254
2016.8962 -7.8509
2016.8989 -13.4176
2016.9016 -15.1950
2016.9044 -13.7230
2016.9071 -17.5617
2016.9098 -11.8110
2016.9126 -14.0010
2016.9153 -12.7017
2016.9180 -15.9433
2016.9208 -16.5359
2016.9235 -15.4295
2016.9262 -14.2540
2016.9290 -13.7693
2016.9317 -14.6253
2016.9344 -15.9421
2016.9372 -15.9894
2016.9399 -16.4173
2016.9426 -13.3457
2016.9454 -13.3045
2016.9481 -12.5436
2016.9508 -14.3431
2016.9536 -16.2327
2016.9563 -14.6625
2016.9590 -16.6224
2016.9617 -14.5223
2016.9645 -22.8722
2016.9672 -16.9219
2016.9699 -15.9715
2016.9727 -14.8708
2016.9754 -16.7298
2016.9781 -17.6185
2016.9809 -16.1167
2016.9836 -11.7943
2016.9863 -14.6814
2016.9891 -16.2279
2016.9918 -16.0136
2016.9945 -14.3086
2016.9973 -13.4427
2017.0000 -11.1959
2017.0027 -21.0979
2017.0055 -18.0785
2017.0082 -16.6378
2017.0110 -16.2159
2017.0137 -14.8328
2017.0164 -15.3288
2017.0192 -15.7738
2017.0219 -14.3181
2017.0247 -16.2316
2017.0274 -19.8145
2017.0301 -18.4669
2017.0329 -16.6489
2017.0356 -17.7705
2017.0384 -18.7320
2017.0411 -20.6933
2017.0438 -21.2946
2017.0466 -19.8260
2017.0493 -20.1276
2017.0521 -15.4295
2017.0548 -14.8717
2017.0575 -17.6144
2017.0603 -14.9677
2017.0630 -15.7217
2017.0658 -12.2764
2017.0685 -15.2520
2017.0712 -17.9886
2017.0740 -13.9963
2017.0767 -14.1151
2017.0795 -12.5352
2017.0822 -8.6270
2017.0849 -13.3218
2017.0877 -10.9797
2017.0904 -8.4505
2017.0932 -13.3739
2017.0959 -15.4598
2017.0986 -11.6878
2017.1014 -14.2178
2017.1041 -12.4495
2017.1068 -9.4527
2017.1096 -12.2171
2017.1123 -9.3626
2017.1151 -9.0989
2017.1178 -9.0358
2017.1205 -6.5031
2017.1233 -10.8504
2017.1260 -8.7176
2017.1288 -7.6645
2017.1315 -9.9909
2017.1342 -11.5864
2017.1370 -10.8709
2017.1397 -8.6741
2017.1425 -9.2059
2017.1452 -9.7559
2017.1479 -7.6440
2017.1507 -9.8699
2017.1534 -11.8635
2017.1562 -13.1443
2017.1589 -11.6223
2017.1616 -11.1873
2017.1644 -16.1689
2017.1671 -15.3074
2017.1699 -11.9730
2017.1726 -12.3159
2017.1753 -12.5163
2017.1781 -9.8345
2017.1808 -8.1106
2017.1836 -5.4849
2017.1863 -8.8776
2017.1890 -8.4189
2017.1918 -8.3190
2017.1945 -8.6481
2017.1973 -8.3666
2017.2000 -11.4545
2017.2027 -9.4721
2017.2055 -5.5696
2017.2082 -4.6873
2017.2110 -3.3053
2017.2137 -2.8539
2017.2164 -12.5633
2017.2192 -4.4537
2017.2219 -10.5453
2017.2247 -9.0584
2017.2274 -13.4431
2017.2301 -2.4598
2017.2356 -16.7495
2017.2384 -7.3331
2017.2411 -6.1495
2017.2466 -9.8011
2017.2493 -10.2057
2017.2521 -7.8823
2017.2548 -8.4008
2017.2575 -9.8808
2017.2603 -7.7025
2017.2630 0.7045
2017.2658 -5.9197
2017.2685 -9.4050
2017.2712 -6.2212
2017.2740 -0.1681
2017.2767 -6.3557
2017.2795 -6.8438
2017.2822 0.0978
2017.2849 -15.8807
2017.2877 -7.1592
2017.2904 -7.0777
2017.2932 -5.8958
2017.2959 -8.4835
2017.2986 -6.0006
2017.3014 -10.3269
2017.3041 -7.5124
2017.3068 -2.7468
2017.3096 -4.6000
2017.3123 -3.8019
2017.3151 -3.4223
2017.3178 -5.8810
2017.3205 -5.6979
2017.3233 -7.0529
2017.3260 -6.2058
2017.3288 -8.3864
2017.3315 -11.7650
2017.3342 -10.6119
2017.3370 -12.8374
2017.3397 -14.9014
2017.3425 -11.8342
2017.3452 -9.5458
2017.3479 -9.4365
2017.3507 -3.3763
2017.3534 -4.1053
2017.3562 -4.5138
2017.3589 -3.5817
2017.3616 -2.3292
2017.3644 0.7434
2017.3671 -5.0638
2017.3699 -4.5310
2017.3726 -4.3284
2017.3753 -5.5661
2017.3781 -8.0542
2017.5233 -12.9119
2017.5288 -18.0594
2017.5315 -10.3332
2017.5370 3.0293
2017.5397 -16.0744
2017.5452 -13.9519
2017.5479 -8.3356
2017.5507 -9.1794
2017.5534 -5.7431
2017.5562 -3.8468
2017.5589 -10.5606
2017.5616 -14.5443
2017.5644 -11.6381
2017.5671 -17.9219
2017.5699 -13.5656
2017.5726 -8.0594
2017.5753 -3.0832
2017.5781 -1.2970
2017.5808 -8.7608
2017.5836 -7.8947
2017.5863 -8.3686
2017.5890 -10.2826
2017.5918 -14.7067
2017.5945 -10.1708
2017.5973 -8.5750
2017.6000 -7.9392
2017.6027 -10.2935
2017.6055 -3.6678
2017.6110 -11.5364
2017.6164 -8.4252
2017.6192 -9.2296
2017.6219 -9.9640
2017.6247 -10.3884
2017.6274 -6.1227
2017.6301 -11.6171
2017.6329 -12.4014
2017.6356 -11.5657
2017.6384 -7.5700
2017.6411 -8.3643
2017.6438 -7.8584
2017.6466 -7.1926
2017.6521 -15.0607
2017.6548 -7.0447
2017.6575 -6.2585
2017.6603 -16.1523
2017.6630 -8.6361
2017.6658 -9.9293
2017.6685 -14.6594
2017.6712 -13.7064
2017.6740 -7.7503
2017.6767 -18.6114
2017.6904 -11.2620
2017.6932 -10.5007
2017.6959 -4.2681
2017.6986 -10.5844
2017.7014 -10.3998
2017.7041 -13.3946
2017.7068 -5.2589
2017.7096 -12.6530
2017.7123 -11.1871
2017.7151 -19.1414
2017.7205 -3.6416
2017.7233 -24.3178
2017.7260 -11.7351
2017.7288 -11.0737
2017.7315 -6.2038
2017.7342 -6.0357
2017.7370 -8.2195
2017.7397 -8.8254
2017.7425 -12.1037
2017.7452 -5.1846
2017.7507 -15.4036
2017.7534 -16.0591
2017.7562 -16.9949
2017.7589 -15.0309
2017.7616 -13.2671
2017.7644 -11.3236
2017.7671 -9.6003
2017.7699 -13.1872
2017.7726 -11.3043
2017.7753 -12.3416
2017.7781 -8.9791
2017.7808 -12.3568
2017.7836 -15.2246
2017.7863 -14.5827
2017.7890 -17.1709
2017.7918 -15.3893
2017.7945 -16.2178
2017.7973 -15.3765
2017.8000 -11.9153
2017.8027 -15.3243
2017.8055 -11.4434
2017.8082 -16.0226
2017.8110 -12.7419
2017.8137 -13.6614
2017.8164 -13.6109
2017.8192 -9.0106
2017.8219 0.1797
2017.8274 -28.4200
2017.8301 -14.0600
2017.8329 -11.0401
2017.8356 -12.3808
2017.8384 -13.4220
2017.8411 -14.1638
2017.8438 -9.8261
2017.8466 -13.2989
2017.8493 -11.7820
2017.8575 -17.3136
2017.8603 -3.9879
2017.8630 -11.4725
2017.8658 -9.7272
2017.8685 -10.7320
2017.8712 -11.4069
2017.8740 -11.6117
2017.8767 -9.5966
2017.8795 -13.7514
2017.8822 -15.4960
2017.8849 -14.4205
2017.8877 -15.7748
2017.8904 -15.9788
2017.8932 -12.7226
2017.8959 -13.8460
2017.8986 -12.8490
2017.9014 -15.1916
2017.9041 -14.3537
2017.9068 -13.5853
2017.9096 -15.6264
2017.9123 -18.8668
2017.9151 -11.6066
2017.9178 -12.1040
2017.9205 -14.3773
2017.9233 -13.1469
2017.9260 -14.8131
2017.9288 -12.8360
2017.9315 -14.3461
2017.9342 -12.6236
2017.9370 -11.9887
2017.9397 -14.9218
2017.9425 -17.4532
2017.9452 -19.0731
2017.9479 -22.1519
2017.9507 -22.3797
2017.9534 -17.4870
2017.9562 -17.1439
2017.9589 -15.2709
2017.9616 -14.9781
2017.9644 -19.4358
2017.9671 -15.4144
2017.9699 -16.1841
2017.9726 -16.7552
2017.9753 -17.3480
2017.9781 -18.2928
2017.9808 -19.8998
2017.9836 -23.8894
2017.9863 -23.7419
2017.9890 -21.7975
2017.9918 -21.0565
2017.9945 -21.4992
2017.9973 -21.9758
2018.0000 -17.6868
2018.0027 -19.7503
2018.0055 -19.9645
2018.0082 -21.6194
2018.0110 -19.6448
2018.0137 -19.0907
2018.0164 -17.4472
2018.0192 -16.5340
2018.0219 -16.4413
2018.0247 -16.4589
2018.0274 -14.4168
2018.0301 -17.3850
2018.0329 -17.5534
2018.0356 -16.0020
2018.0384 -14.1507
2018.0411 -16.3994
2018.0438 -15.1383
2018.0466 -14.0971
2018.0493 -12.5858
2018.0521 -11.8945
2018.0548 -12.7330
2018.0575 -12.6913
2018.0603 -12.8094
2018.0630 -13.7472
2018.0658 -16.7946
2018.0685 -14.5917
2018.0712 -12.2584
2018.0740 -13.1147
2018.0767 -11.8904
2018.0795 -13.6756
2018.0822 -11.1603
2018.0849 -10.4051
2018.0877 -15.2401
2018.0904 -17.5753
2018.0932 -16.8407
2018.0959 -20.6361
2018.0986 -21.1916
2018.1014 -14.8871
2018.1041 -12.7826
2018.1068 -14.6881
2018.1096 -7.4035
2018.1123 -8.7688
2018.1151 -10.8439
2018.1178 -8.4388
2018.1205 -11.3335
2018.1233 -10.7279
2018.1260 -12.7620
2018.1288 -14.1958
2018.1315 -15.0793
2018.1342 -16.9223
2018.1370 -14.9349
2018.1397 -12.3869
2018.1425 -12.0285
2018.1452 -16.0996
2018.1479 -16.8200
2018.1507 -18.6698
2018.1534 -18.1490
2018.1562 -15.6374
2018.1589 -17.1452
2018.1616 -15.0521
2018.1644 -18.4580
2018.1671 -14.9426
2018.1699 -18.9060
2018.1726 -20.3283
2018.1753 -20.9295
2018.1781 -16.5797
2018.1808 -17.7990
2018.1836 -15.4975
2018.1863 -16.2153
2018.1890 -16.7523
2018.1918 -20.5088
2018.1945 -24.0947
2018.1973 -23.0502
2018.2000 -23.4453
2018.2027 -21.3402
2018.2055 -21.0548
2018.2082 -18.9593
2018.2110 -12.1237
2018.2137 -13.1781
2018.2164 -14.8326
2018.2192 -14.3373
2018.2219 -23.7823
2018.2247 -13.6075
2018.2274 -18.0032
2018.2301 -19.2993
2018.2329 -21.1160
2018.2356 -19.3333
2018.2384 -24.1413
2018.2411 -16.6801
2018.2438 -16.3797
2018.2466 -16.1901
2018.2493 -17.8405
2018.2521 -15.3106
2018.2548 -16.2406
2018.2575 -17.4604
2018.2603 -20.7402
2018.2630 -17.6499
2018.2658 -16.8997
2018.2685 -17.9295
2018.2712 -17.8794
2018.2740 -11.8494
2018.2767 -12.8096
2018.2795 -15.5500
2018.2822 -4.0806
2018.2849 -16.5816
2018.2877 -15.2929
2018.2904 -9.0045
2018.2932 -17.5766
2018.2959 -16.5092
2018.2986 -12.9023
2018.3014 -18.3559
2018.3041 -17.0401
2018.3068 -16.3649
2018.3096 -17.9204
2018.3123 -20.7566
2018.3178 -14.6713
2018.3205 -14.1199
2018.3233 -16.1493
2018.3260 -10.1797
2018.3315 -16.0932
2018.3342 -12.5859
2018.3370 -13.3192
2018.3397 -14.3929
2018.3425 -7.1571
2018.3452 -14.8217
2018.3479 -15.3367
2018.3507 -17.4721
2018.3534 -16.3478
2018.3562 -17.2138
2018.3589 -15.8201
2018.3616 -17.6666
2018.3644 -3.4133
2018.3671 -12.6302
2018.3699 -14.0572
2018.3726 -7.3043
2018.3753 1.7685
2018.3781 -12.9487
2018.3808 -14.4360
2018.3836 -15.6331
2018.3863 -15.5202
2018.5041 -16.5340
2018.5616 -3.6897
2018.5644 -9.0978
2018.5699 -11.9355
2018.5726 -2.2353
2018.5808 -14.7394
2018.5836 -12.6224
2018.5863 -17.1858
2018.5890 -8.4396
2018.5918 -8.6338
2018.5945 -8.9184
2018.5973 -10.7333
2018.6000 -13.3584
2018.6027 -13.3539
2018.6055 0.5004
2018.6082 -16.6354
2018.6110 -17.7115
2018.6164 -8.7438
2018.6192 -15.0201
2018.6219 -12.1165
2018.6247 -17.8628
2018.6274 -19.4190
2018.6301 -13.4152
2018.6329 -19.5113
2018.6356 -14.6373
2018.6384 -16.4630
2018.6411 -15.8686
2018.6438 -15.6539
2018.6466 -17.9990
2018.6493 -18.9537
2018.6521 -18.7481
2018.6548 -18.3921
2018.6575 -12.9857
2018.6603 -15.3888
2018.6658 -12.2535
2018.6685 -13.0242
2018.6712 -17.6635
2018.6740 -14.1615
2018.6767 -6.7383
2018.6849 -12.8024
2018.6904 -14.7376
2018.6932 -16.2092
2018.6959 -15.1403
2018.6986 -16.9609
2018.7014 -15.0513
2018.7041 -15.9914
2018.7068 -12.0213
2018.7096 -16.4012
2018.7123 -18.0712
2018.7151 -15.0214
2018.7178 -10.1417
2018.7205 -13.9325
2018.7233 -18.2937
2018.7260 -18.0354
2018.7288 -19.1177
2018.7315 -19.7908
2018.7370 -20.3796
2018.7397 -17.8955
2018.7452 -11.2008
2018.7479 -13.3303
2018.7507 -13.9116
2018.7534 -14.2948
2018.7562 -17.0498
2018.7589 -16.0763
2018.7616 -15.0644
2018.7644 -16.7838
2018.7671 -15.2444
2018.7699 -16.4760
2018.7726 -15.6585
2018.7753 -14.2017
2018.7781 -11.7456
2018.7808 -13.5098
2018.7836 -10.1944
2018.7863 -12.8691
2018.7890 -14.5038
2018.7918 -15.8184
2018.7945 -16.7126
2018.7973 -23.2364
2018.8000 -17.4696
2018.8027 -14.3721
2018.8082 -21.4842
2018.8110 3.2664
2018.8137 -8.7916
2018.8164 -13.9081
2018.8192 -9.8030
2018.8219 -10.8162
2018.8247 -7.4674
2018.8274 -13.9665
2018.8301 -7.6834
2018.8329 -18.7482
2018.8356 -11.7827
2018.8384 -11.6570
2018.8411 -13.2713
2018.8438 -14.1454
2018.8466 -13.6295
2018.8493 -16.1936
2018.8521 -17.0875
2018.8548 -16.7314
2018.8575 -19.4953
2018.8603 -13.8791
2018.8630 -11.2528
2018.8658 -15.4865
2018.8685 -16.2402
2018.8712 -18.1239
2018.8740 -20.0875
2018.8767 -15.5112
2018.8795 -16.6048
2018.8822 -16.3384
2018.8849 -17.3320
2018.8877 -16.0357
2018.8904 -17.8493
2018.8932 -18.8130
2018.8959 -18.2467
2018.8986 -20.6205
2018.9014 -21.2943
2018.9041 -15.3681
2018.9068 -22.9320
2018.9096 -17.9459
2018.9123 -17.4399
2018.9151 -8.6240
2018.9233 -21.7358
2018.9260 -17.5396
2018.9288 -15.8334
2018.9315 -10.4570
2018.9342 -15.3707
2018.9370 -14.9543
2018.9397 -13.6179
2018.9425 -13.8515
2018.9452 -15.5452
2018.9479 -13.2289
2018.9507 -13.8326
2018.9534 -17.0365
2018.9562 -13.4904
2018.9589 -15.5244
2018.9616 -12.6485
2018.9644 -4.4027
2018.9671 -12.8371
2018.9699 -12.4416
2018.9726 -14.5463
2018.9753 -15.0212
2018.9781 -8.8263
2018.9808 -8.9116
2018.9836 -9.8072
2018.9863 -13.0730
2018.9890 -12.1390
2018.9918 -9.5353
2018.9945 -5.6519
2018.9973 -11.5488
2019.0000 -13.6660
2019.0027 -11.3953
2019.0055 -10.0383
2019.0082 -9.0148
2019.0110 -9.0146
2019.0137 -8.4474
2019.0164 -9.7531
2019.0192 -10.1414
2019.0219 -11.4821
2019.0247 -15.7250
2019.0274 -11.4599
2019.0301 -12.5265
2019.0329 -9.6546
2019.0384 -12.5147
2019.0411 -8.7562
2019.0438 -7.0584
2019.0466 -6.7410
2019.0493 -12.0538
2019.0521 -11.4567
2019.0548 -8.4594
2019.0575 -10.3716
2019.0603 -10.4332
2019.0630 -6.9940
2019.0658 -8.0437
2019.0685 -11.4922
2019.0712 -5.6591
2019.0740 -9.6243
2019.0767 -12.4576
2019.0795 -11.4488
2019.0822 -12.4279
2019.0849 -6.6168
2019.0877 -14.1157
2019.0904 0.5854
2019.0932 -3.1736
2019.0959 -6.6826
2019.0986 -4.4815
2019.1014 -15.1603
2019.1041 -12.3791
2019.1068 -13.5978
2019.1096 -6.2664
2019.1123 -7.4849
2019.1151 -8.9932
2019.1178 -9.6514
2019.1205 -11.7893
2019.1233 -11.7371
2019.1260 -9.6346
2019.1288 -16.2518
2019.1315 -16.6888
2019.1342 -17.8755
2019.1370 -17.7919
2019.1397 -18.2580
2019.1425 -16.4637
2019.1452 -15.0390
2019.1479 -14.2039
2019.1507 -14.7885
2019.1534 -11.6126
2019.1562 -14.6963
2019.1589 -16.8794
2019.1616 -18.4921
2019.1644 -14.1243
2019.1671 -12.3061
2019.1699 -13.2173
2019.1726 -16.1482
2019.1753 -16.3985
2019.1781 -18.5185
2019.1808 -15.9980
2019.1836 -14.1972
2019.1863 -12.2459
2019.1890 -11.9743
2019.1918 -10.3823
2019.1945 -12.2900
2019.1973 -16.1973
2019.2000 -3.1043
2019.2027 -3.7710
2019.2055 -11.2974
2019.2082 -10.2835
2019.2110 -9.6594
2019.2137 -12.0149
2019.2164 -11.2102
2019.2192 -8.3153
2019.2219 -8.1702
2019.2247 -4.8548
2019.2274 -6.0793
2019.2301 -7.0735
2019.2329 -8.7076
2019.2356 -8.3015
2019.2384 -7.9953
2019.2411 -7.0589
2019.2438 -11.9024
2019.2466 -15.4057
2019.2493 -5.0781
2019.2521 -8.5197
2019.2548 -10.2405
2019.2575 -10.6206
2019.2603 -6.2200
2019.2630 -6.9589
2019.2658 -6.4872
2019.2712 -6.4024
2019.2740 -7.5195
2019.2767 -9.9863
2019.2795 -12.9929
2019.2822 -15.7394
2019.2849 -15.5858
2019.2877 -10.2422
2019.2904 -10.4787
2019.2932 -9.0552
2019.2959 -12.1320
2019.2986 -11.8190
2019.3014 -13.6963
2019.3041 -12.4240
2019.3068 -12.7322
2019.3096 -12.1608
2019.3123 -18.3701
2019.3151 -10.0300
2019.3178 -8.8906
2019.3205 -10.4619
2019.3233 -11.0042
2019.3260 -11.3673
2019.3288 -12.1314
2019.3315 -13.3162
2019.3342 -13.6716
2019.3370 -9.0374
2019.3397 -10.3337
2019.3425 -12.0705
2019.3452 -9.8278
2019.3479 -12.3156
2019.3507 -10.8638
2019.3534 1.3475
2019.3562 -8.2317
2019.3589 -6.5813
2019.3616 -9.3514
2019.3644 -8.9919
2019.3671 -8.6729
2019.3699 -6.3643
2019.3726 -9.7562
2019.3753 -11.6785
2019.3781 -15.3712
2019.3808 -17.8543
2019.3836 -19.4679
2019.3863 -20.4318
2019.3890 -20.8262
2019.3918 -15.8510
2019.3945 -14.8462
2019.3973 -14.3218
2019.4000 -15.0878
2019.4027 -15.0342
2019.4055 -13.7609
2019.4082 -17.6881
2019.4110 -15.4256
2019.4137 -12.9335
2019.4164 -13.1015
2019.4192 -16.1399
2019.4219 -4.5884
2019.4247 -12.3871
2019.4274 -13.0360
2019.4301 -12.6052
2019.4329 -17.7646
2019.4356 -16.2242
2019.4384 -17.4040
2019.4411 -17.1841
2019.4466 -18.3649
2019.4493 -7.7556
2019.4521 -10.2566
2019.4548 -7.0579
2019.4575 -11.9594
2019.4603 -13.2711
2019.4630 -12.5231
2019.4658 -13.5554
2019.4685 -12.8579
2019.4712 -9.8107
2019.4740 -13.4437
2019.4767 -8.1470
2019.4795 -9.1206
2019.4822 -7.8945
2019.4849 -7.6486
2019.4877 -6.2230
2019.4904 -4.7777
2019.4932 -5.1927
2019.4959 -7.7579
2019.4986 -7.4535
2019.5014 -5.7492
2019.5041 -9.1653
2019.5068 -5.5715
2019.5096 -6.0580
2019.5123 -9.0647
2019.5151 -9.3016
2019.5178 -6.2687
2019.5205 -3.3360
2019.5233 -3.7536
2019.5260 -1.2413
2019.5288 -2.7192
2019.5315 -2.0674
2019.5342 -2.8457
2019.5370 -4.3242
2019.5397 -5.9729
2019.5425 -2.5017
2019.5452 -3.3208
2019.5479 -2.0900
2019.5507 -11.2293
2019.5534 -7.4488
2019.5562 -7.8785
2019.5589 -7.4683
2019.5616 -6.8283
2019.5644 -5.8184
2019.5671 -4.5786
2019.5699 -4.2690
2019.5726 -3.7895
2019.5753 -5.1101
2019.5781 -5.9808
2019.5808 -7.2717
2019.5836 -14.4931
2019.5863 -9.9053
2019.5890 -15.7385
2019.5918 -18.6924
2019.5945 -18.3370
2019.5973 -18.3423
2019.6000 -17.0182
2019.6027 -19.1846
2019.6055 -15.2415
2019.6082 -5.4489
2019.6110 -5.9566
2019.6137 6.7655
2019.6164 -0.4827
2019.6192 -5.6111
2019.6219 -10.3896
2019.6247 -8.8181
2019.6274 -7.1867
2019.6301 -0.7751
2019.6329 -2.0534
2019.6356 -2.6916
2019.6384 -3.0094
2019.6411 -1.5870
2019.6438 -2.8942
2019.6466 1.2591
2019.6493 -1.4371
2019.6521 -0.7028
2019.6548 -4.9479
2019.6575 -13.2922
2019.6603 -16.8159
2019.6630 -18.6387
2019.6658 -13.7007
2019.6685 -8.9224
2019.6712 -2.5337
2019.6795 -25.2651
2019.6849 -6.0835
2019.6904 1.0306
2019.6932 -3.7464
2019.6959 -9.8225
2019.6986 -9.3779
2019.7014 -7.1923
2019.7041 -7.4959
2019.7068 -3.0286
2019.7096 0.2198
2019.7123 -2.6108
2019.7151 -5.7804
2019.7178 -5.4987
2019.7205 -1.4460
2019.7233 -2.8119
2019.7260 -7.2766
2019.7288 -7.2000
2019.7315 -9.2320
2019.7342 -7.8026
2019.7370 -7.0818
2019.7397 -6.8094
2019.7425 -5.9555
2019.7452 -2.4299
2019.7479 -0.0828
2019.7507 -0.3046
2019.7534 -1.3062
2019.7562 -2.6775
2019.7589 -3.8585
2019.7616 -7.3893
2019.7644 -7.5498
2019.7671 -4.2301
2019.7699 -2.2703
2019.7726 -6.1403
2019.7753 -7.1201
2019.7781 -7.6198
2019.7808 -0.5594
2019.7836 4.1012
2019.7863 -22.2482
2019.7945 5.6139
2019.7973 -2.3353
2019.8000 -8.3245
2019.8027 -7.8138
2019.8055 -13.8131
2019.8082 -10.5625
2019.8110 -12.7719
2019.8137 -15.4614
2019.8164 -15.5811
2019.8192 -10.2709
2019.8219 -12.8608
2019.8247 -10.3209
2019.8274 -10.4312
2019.8301 -10.6917
2019.8329 -10.5822
2019.8356 -10.5316
2019.8384 -9.7498
2019.8411 -12.7971
2019.8438 -11.0535
2019.8466 -15.7891
2019.8493 -18.3442
2019.8521 -19.4388
2019.8603 -9.7613
2019.8630 -7.0555
2019.8658 -9.5300
2019.8712 -3.0202
2019.8740 -8.7163
2019.8767 -9.3032
2019.8795 -12.9410
2019.8822 -9.6599
2019.8849 -7.3801
2019.8877 -14.3416
2019.8904 -12.1946
2019.8932 -11.0093
2019.8959 -16.5658
2019.8986 -14.6342
2019.9014 -15.0646
2019.9041 -11.7773
2019.9068 -9.6724
2019.9096 -9.5599
2019.9123 -9.0701
2019.9151 -10.5830
2019.9178 -8.2878
2019.9205 -9.4432
2019.9233 -9.8393
2019.9260 -14.3459
2019.9288 -13.3231
2019.9315 -14.4709
2019.9342 -19.9791
2019.9370 -18.4178
2019.9397 -17.7169
2019.9425 -14.4764
2019.9452 -13.0263
2019.9479 -14.8065
2019.9507 -15.1969
2019.9534 -12.9376
2019.9562 -9.0586
2019.9589 -11.4797
2019.9616 -14.0809
2019.9644 -12.7223
2019.9671 -12.8837
2019.9699 -7.6352
2019.9726 -9.3066
2019.9753 -10.4180
2019.9781 -11.7294
2019.9808 -12.1907
2019.9836 -11.0718
2019.9863 -6.7828
2019.9890 -6.3035
2019.9918 -8.7040
2019.9945 -4.7342
2019.9973 -6.3541
2020.0000 -7.3037
2020.0027 -6.7030
2020.0055 -6.6424
2020.0082 -3.8218
2020.0109 2.5388
2020.0137 -6.7106
2020.0164 -4.9000
2020.0191 -2.0194
2020.0219 -0.6188
2020.0246 -3.1282
2020.0273 -6.7376
2020.0301 -7.7471
2020.0328 -9.7265
2020.0355 -5.2459
2020.0383 -8.6152
2020.0410 -7.8646
2020.0437 -5.9639
2020.0464 -10.2733
2020.0492 -7.1526
2020.0519 -9.3218
2020.0546 -9.4011
2020.0574 -11.1103
2020.0601 -10.3594
2020.0628 -10.4785
2020.0656 -7.1076
2020.0683 -9.1566
2020.0710 -5.9556
2020.0738 -14.5846
2020.0765 -14.5834
2020.0792 -10.9922
2020.0820 -11.6909
2020.0847 -7.6590
2020.0874 -7.7064
2020.0902 -9.8232
2020.0929 -4.7294
2020.0956 -12.0549
2020.1011 -4.2445
2020.1066 -8.0921
2020.1148 -5.3306
2020.1175 -6.6627
2020.1202 -5.5046
2020.1257 -4.2277
2020.1284 -9.0990
2020.1311 -9.6201
2020.1339 -7.2111
2020.1366 -7.2421
2020.1393 -8.0930
2020.1421 -3.7339
2020.1448 -1.8748
2020.1475 -6.4458
2020.1503 -6.3169
2020.1530 -3.0881
2020.1557 -4.9595
2020.1585 -5.9711
2020.1612 -0.7430
2020.1639 -1.9949
2020.1667 -4.5165
2020.1694 -4.6779
2020.1721 -4.6791
2020.1749 -5.1200
2020.1803 0.4189
2020.1831 0.7787
2020.1858 -1.2912
2020.1885 -0.7509
2020.1913 -0.8603
2020.1940 2.5005
2020.1967 5.9615
2020.1995 1.9628
2020.2022 2.8443
2020.2049 3.5260
2020.2077 -1.9620
2020.2104 -1.7697
2020.2131 -4.2872
2020.2158 0.6955
2020.2186 -0.1516
2020.2213 -4.1084
2020.2240 -4.1650
2020.2268 7.0187
2020.2295 11.1825
2020.2322 4.0967
2020.2350 2.3710
2020.2377 4.1056
2020.2404 -3.8396
2020.2432 2.3554
2020.2459 -3.1391
2020.2486 -0.5904
2020.2514 1.4726
2020.2541 -0.9806
2020.2568 -7.5800
2020.2596 -4.1362
2020.2623 -5.1994
2020.2678 -6.5881
2020.2705 3.0258
2020.2732 -0.6985
2020.2760 4.4286
2020.2787 -5.0532
2020.2814 -5.4642
2020.2842 -3.6347
2020.2869 -6.7550
2020.2896 -7.4855
2020.2951 0.8620
2020.2978 1.9993
2020.3005 -0.2848
2020.3033 -0.8405
2020.3060 -5.1783
2020.3087 -2.5883
2020.3115 -2.1010
2020.3142 1.9533
2020.3169 3.9844
2020.3197 -4.3080
2020.3224 3.3157
2020.3251 3.4352
2020.3333 -13.9980
2020.3361 -8.9377
2020.3388 -2.5577
2020.3415 -4.9579
2020.3443 -9.1184
2020.3470 -1.8792
2020.3497 -3.2401
2020.3525 -2.7512
2020.3552 -3.7824
2020.3579 5.3662
2020.3607 -1.8854
2020.3634 -6.7370
2020.3661 -7.6386
2020.3689 -6.3204
2020.3716 -8.2121
2020.3743 -7.8339
2020.3770 -5.4556
2020.3798 -6.4673
2020.3825 -1.5190
2020.3852 -1.3306
2020.3880 3.5479
2020.3907 -2.5634
2020.3934 -4.4846
2020.3962 -5.0157
2020.3989 -3.9765
2020.4016 -7.5972
2020.4044 -7.2976
2020.4071 -9.1277
2020.4098 -5.3576
2020.4126 -0.5872
2020.4153 -1.9366
2020.4180 -1.1857
2020.4208 -2.6446
2020.4235 0.3667
2020.4262 -0.4919
2020.4290 -1.8303
2020.4317 -0.5786
2020.4344 -0.9668
2020.4372 -0.5850
2020.4399 -7.4631
2020.4426 -9.8411
2020.4454 -12.0992
2020.4481 -7.7173
2020.4508 -4.1654
2020.4590 6.9899
2020.4617 -0.6386
2020.4645 3.3028
2020.4672 -1.4960
2020.4699 -1.9349
2020.4727 -4.6941
2020.4754 -4.5335
2020.4781 -4.2131
2020.4809 -12.6730
2020.4836 -6.2833
2020.4863 -0.7938
2020.4891 -1.1046
2020.4918 -3.6159
2020.4945 -3.7675
2020.4973 -0.9495
2020.5000 -3.0223
2020.5027 -1.0658
2020.5055 0.3300
2020.5082 -0.3048
2020.5109 0.1997
2020.5137 -1.4263
2020.5164 -1.8128
2020.5191 -2.8797
2020.5219 -5.1971
2020.5246 -1.6049
2020.5273 -5.4230
2020.5301 -3.3513
2020.5328 0.0501
2020.5355 2.6913
2020.5383 6.2624
2020.5410 1.4633
2020.5437 -0.1158
2020.5464 1.6251
2020.5519 -10.7429
2020.5546 -4.9118
2020.5574 -7.1305
2020.5601 -3.2289
2020.5628 1.9928
2020.5656 1.0949
2020.5683 3.7874
2020.5710 -0.1198
2020.5738 1.6535
2020.5765 -0.6427
2020.5792 9.7116
2020.5820 2.7665
2020.5847 -4.2884
2020.5874 -2.1731
2020.5902 -0.6176
2020.5929 1.2280
2020.5956 -6.5262
2020.5984 -7.8903
2020.6011 -8.2342
2020.6038 -10.3581
2020.6066 -6.8518
2020.6093 -6.3255
2020.6120 -8.7191
2020.6148 -8.2826
2020.6175 -12.0961
2020.6202 -10.9395
2020.6230 -14.7229
2020.6257 -13.5763
2020.6284 -14.0997
2020.6311 -13.5131
2020.6339 -13.2066
2020.6366 -14.4801
2020.6393 -13.8736
2020.6421 -9.5472
2020.6448 -1.6509
2020.6475 -1.4046
2020.6503 -6.4285
2020.6530 -8.4925
2020.6557 -14.2266
2020.6585 -11.5808
2020.6612 -10.3752
2020.6639 -1.4598
2020.6667 -3.1147
2020.6694 -1.3901
2020.6721 -3.8161
2020.6749 -4.9926
2020.6776 -0.4696
2020.6803 -0.6469
2020.6831 2.5353
2020.6858 0.2671
2020.6885 -1.0914
2020.6913 -2.5301
2020.6940 -4.7191
2020.6967 -2.4484
2020.6995 4.2322
2020.7022 -2.9774
2020.7049 -7.7571
2020.7077 11.6631
2020.7104 -2.1767
2020.7131 -7.4565
2020.7158 -1.2663
2020.7186 -0.0561
2020.7213 -1.0557
2020.7240 -2.9352
2020.7268 -3.3146
2020.7295 -7.4837
2020.7322 -6.7326
2020.7350 -11.0613
2020.7377 -4.3496
2020.7404 -8.9276
2020.7432 -7.3652
2020.7459 -5.7324
2020.7486 -0.9591
2020.7514 -2.4552
2020.7541 -1.5504
2020.7568 -1.9547
2020.7596 -3.5483
2020.7623 -0.7809
2020.7650 -4.0928
2020.7678 -3.2637
2020.7705 0.1262
2020.7732 -0.8330
2020.7760 -4.7013
2020.7787 -3.5987
2020.7814 -4.3651
2020.7842 -0.7307
2020.7869 -0.8153
2020.7896 -1.0389
2020.7923 -1.6716
2020.7951 -5.0533
2020.7978 -2.7740
2020.8005 -5.4738
2020.8033 -6.2525
2020.8060 -3.0102
2020.8087 -1.7469
2020.8115 -11.5626
2020.8142 13.7227
2020.8169 3.5592
2020.8197 -9.6434
2020.8224 -9.9948
2020.8251 -9.1052
2020.8279 -8.5145
2020.8306 -12.6126
2020.8333 3.0909
2020.8361 -5.1822
2020.8443 5.7273
2020.8470 -2.7639
2020.8497 7.8771
2020.8525 -13.0297
2020.8552 -17.1046
2020.8579 7.7722
2020.8634 -1.4802
2020.8661 -10.6198
2020.8689 -9.9087
2020.8716 -12.0771
2020.8743 -11.7052
2020.8770 -12.1233
2020.8798 -8.6816
2020.8825 -10.8603
2020.8852 -19.5297
2020.8880 -21.2100
2020.8907 -16.5014
2020.8934 -18.4242
2020.8962 -13.1986
2020.8989 -11.5149
2020.9016 -12.6532
2020.9044 -15.1438
2020.9071 -16.1569
2020.9098 -13.8128
2020.9126 -11.5418
2020.9153 -18.0439
2020.9180 -14.5477
2020.9208 -13.7117
2020.9235 -14.0361
2020.9262 -13.0107
2020.9290 -9.0656
2020.9317 -13.3208
2020.9344 2.8037
2020.9372 -12.8021
2020.9426 11.1257
2020.9454 -7.8608
2020.9481 -9.6976
2020.9508 -7.4946
2020.9536 -4.7618
2020.9563 -4.4693
2020.9590 -5.5670
2020.9617 -8.7049
2020.9645 -7.7530
2020.9672 -9.9914
2020.9699 -5.3599
2020.9727 -5.7487
2020.9754 -5.9076
2020.9781 -7.0167
2020.9809 -10.3361
2020.9836 -10.4856
2020.9863 -9.3253
2020.9891 -2.3251
2020.9918 -1.5152
2020.9945 -4.1654
2020.9973 -4.5357
2021.0000 -4.1062
2021.0027 -3.8575
2021.0055 -4.4803
2021.0082 -1.6845
2021.0110 -4.4399
2021.0137 0.2536
2021.0164 -3.1538
2021.0192 -5.9421
2021.0219 -7.4611
2021.0247 -7.5307
2021.0274 -4.5708
2021.0329 -5.8719
2021.0356 -5.6926
2021.0384 -9.9733
2021.0411 -9.4938
2021.0438 -10.0741
2021.0466 -10.3739
2021.0493 -9.8932
2021.0521 -12.5118
2021.0575 -11.6566
2021.0603 -8.7925
2021.0630 -7.3872
2021.0658 -9.8006
2021.0685 -5.9425
2021.0712 -7.7330
2021.0740 -13.2817
2021.0767 -11.4287
2021.0795 -13.3437
2021.0822 -4.2565
2021.0849 -7.4456
2021.0877 -5.4011
2021.0904 -5.3033
2021.0932 -7.8823
2021.0959 -7.9986
2021.0986 -9.5122
2021.1014 -8.3735
2021.1041 -9.2027
2021.1123 -4.7102
2021.1151 -0.0735
2021.1178 -2.6160
2021.1205 -6.2179
2021.1233 -1.8594
2021.1260 0.0891
2021.1288 -1.1525
2021.1315 -11.8046
2021.1342 -5.5173
2021.1370 -11.9609
2021.1397 -9.2057
2021.1425 -5.0219
2021.1452 -1.2798
2021.1479 -3.5697
2021.1507 -4.9616
2021.1534 -4.0260
2021.1562 -5.1731
2021.1589 -1.3431
2021.1616 -0.4763
2021.1644 -2.9711
2021.1671 -2.2060
2021.1726 -0.5858
2021.1753 -6.6807
2021.1781 -7.5457
2021.1808 -6.2307
2021.1836 -7.6358
2021.1863 -7.0909
2021.1890 -1.9260
2021.1918 -1.3811
2021.1945 -4.3163
2021.1973 1.7885
2021.2000 -1.8668
2021.2027 0.1379
2021.2055 2.7026
2021.2082 -0.1527
2021.2110 -2.6581
2021.2137 -3.6435
2021.2164 -6.5390
2021.2192 -3.5245
2021.2219 -8.7100
2021.2247 -5.2756
2021.2274 -7.2511
2021.2301 -5.1168
2021.2329 1.2576
2021.2356 -3.5481
2021.2384 -2.6938
2021.2411 -2.8096
2021.2438 -3.1053
2021.2466 -10.0912
2021.2493 1.5028
2021.2521 2.0266
2021.2548 -7.2097
2021.2575 1.3138
2021.2630 2.9505
2021.2658 -1.7263
2021.2685 -1.8432
2021.2712 -0.7702
2021.2740 -2.5872
2021.2767 -2.0743
2021.2795 -3.8915
2021.2822 -4.1086
2021.2849 -1.2057
2021.2877 -2.0029
2021.2904 -3.0600
2021.2932 -2.0571
2021.2959 -1.5641
2021.3041 -14.9447
2021.3068 -4.6114
2021.3096 -3.8580
2021.3123 -7.3144
2021.3151 -8.3807
2021.3178 -6.1968
2021.3205 -7.1827
2021.3233 -10.9684
2021.3260 -6.4440
2021.3288 -13.3893
2021.3315 -11.8229
2021.3342 -9.1932
2021.3370 -8.9005
2021.3397 -13.9949
2021.3507 1.9316
2021.3562 -10.0935
2021.3589 -6.3637
2021.3616 -2.4728
2021.3699 -2.3349
2021.3726 -10.5312
2021.3753 0.5927
2021.3836 -11.9964
2021.3918 -7.2711
2021.3945 -8.3516
2021.3973 -6.7834
2021.4000 -7.9069
2021.4027 -8.6923
2021.4055 -10.9796
2021.4082 -8.9993
2021.4110 -4.5813
2021.4137 -4.9057
2021.4164 -7.1706
2021.4192 -6.9557
2021.4219 -3.8711
2021.4247 -2.8669
2021.4274 -7.1230
2021.4301 -4.1695
2021.4329 -0.4965
2021.4356 -1.3339
2021.4384 1.0581
2021.4411 -0.0004
2021.4438 -3.1695
2021.4466 -5.2093
2021.4493 -3.2497
2021.4521 -5.1908
2021.4548 0.2573
2021.4575 -6.7854
2021.4603 -1.4989
2021.4630 0.8567
2021.4658 0.9214
2021.4685 4.1052
2021.4712 -2.8621
2021.4740 6.4697
2021.4767 2.8003
2021.4822 -7.1417
2021.4849 -3.8344
2021.4877 -6.5984
2021.4904 -15.5936
2021.4932 -1.2402
2021.4959 1.2520
2021.4986 -3.2669
2021.6356 -8.3023
2021.6384 -9.2186
2021.6411 -4.6741
2021.6438 -8.1989
2021.6466 -8.6329
2021.6493 -11.3259
2021.6521 -11.9281
2021.6575 -6.2493
2021.6603 -6.8384
2021.6630 -8.2263
2021.6658 -6.7030
2021.6685 -8.4979
2021.6712 -15.1811
2021.6740 -6.1126
2021.6767 -5.9727
2021.6795 0.3387
2021.6822 -6.1887
2021.6849 -3.3249
2021.6877 0.7600
2021.6904 -4.2542
2021.6932 -6.3475
2021.6959 -4.6301
2021.6986 -3.5620
2021.7014 -4.3235
2021.7041 -5.7046
2021.7068 -5.0053
2021.7096 -4.7259
2021.7123 -7.4164
2021.7151 -6.1870
2021.7178 -7.2778
2021.7205 -8.8188
2021.7233 2.5599
2021.7260 -4.8820
2021.7288 -5.9245
2021.7315 -3.4476
2021.7370 -5.9866
2021.7397 -5.0226
2021.7425 -7.8397
2021.7452 -8.5681
2021.7479 -10.1179
2021.7507 -9.7985
2021.7534 -12.4491
2021.7562 -8.7298
2021.7589 -3.8706
2021.7616 -3.3514
2021.7644 -0.5923
2021.7671 -3.4133
2021.7699 -6.0743
2021.7726 -6.8254
2021.7753 -3.9365
2021.7781 -4.9976
2021.7808 -9.5387
2021.7836 -5.7199
2021.7863 -8.9911
2021.7890 -6.1722
2021.7918 -4.0534
2021.7945 -6.2945
2021.7973 -4.6356
2021.8000 -5.8067
2021.8027 -5.8978
2021.8055 -3.9788
2021.8082 -6.7198
2021.8110 -10.4007
2021.8137 -4.7315
2021.8164 -4.6923
2021.8192 -9.3430
2021.8219 -7.7836
2021.8247 -10.9541
2021.8274 2.4954
2021.8329 -5.6851
2021.8356 -2.6553
2021.8411 -8.6254
2021.8438 -6.5453
2021.8466 -3.8652
2021.8493 -6.1750
2021.8521 -10.6648
2021.8548 -10.2244
2021.8603 -3.0736
2021.8630 6.2669
2021.8658 -4.6526
2021.8685 -2.5519
2021.8712 -10.0812
2021.8740 -13.1905
2021.8767 -6.2797
2021.8795 -10.6588
2021.8822 -8.2079
2021.8849 -7.3069
2021.8904 -8.8748
2021.8932 -4.2736
2021.8959 -4.2324
2021.8986 -8.5312
2021.9014 -9.2599
2021.9041 -4.6985
2021.9068 -2.0271
2021.9096 -1.6356
2021.9123 -2.0041
2021.9151 -2.1026
2021.9178 0.4499
2021.9233 -9.2402
2021.9260 0.6469
2021.9288 5.2754
2021.9315 -6.8750
2021.9370 11.8673
2021.9397 1.8096
2021.9425 6.8227
2021.9452 3.3862
2021.9479 -6.2798
2021.9507 -5.1456
2021.9534 -2.7112
2021.9562 -4.0568
2021.9589 -5.4125
2021.9616 -8.5585
2021.9644 -5.1549
2021.9671 -2.1218
2021.9699 -3.8093
2021.9753 7.0533
2021.9781 4.7731
2021.9808 -6.7383
2021.9836 -0.2409
2021.9863 2.9651
2021.9890 -3.6705
2021.9918 -0.3878
2021.9945 -4.7568
2021.9973 -3.6778
2022.0000 -3.6309
2022.0027 -3.4651
2022.0055 -5.0194
2022.0082 -6.8038
2022.0110 -9.4282
2022.0137 -10.8828
2022.0164 -5.9775
2022.0192 -2.3522
2022.0219 -3.2671
2022.0247 -1.0520
2022.0274 -3.9470
2022.0301 -5.6221
2022.0329 -7.8772
2022.0356 -7.0924
2022.0384 -8.5477
2022.0411 -4.5230
2022.0438 -5.6284
2022.0466 -0.5138
2022.0493 -8.8093
2022.0521 -4.5948
2022.0575 -5.2860
2022.0603 -9.5816
2022.0630 -6.2273
2022.0658 -3.5030
2022.0685 -4.2887
2022.0712 -4.3845
2022.0740 -6.8002
2022.0767 -5.6760
2022.0795 0.9282
2022.0822 1.6924
2022.0849 -4.3934
2022.0877 -2.9092
2022.0904 -0.8650
2022.0932 -2.2208
2022.0959 -0.5266
2022.0986 -3.4724
2022.1014 0.1417
2022.1041 4.6459
2022.1096 -4.7658
2022.1123 -0.0716
2022.1151 -3.5575
2022.1178 -2.1434
2022.1205 -1.4593
2022.1233 -1.8551
2022.1260 -6.2810
2022.1315 -4.4129
2022.1342 1.7512
2022.1370 -1.2447
2022.1425 -1.5766
2022.1479 1.1614
2022.1507 -7.3846
2022.1534 -2.7306
2022.1562 -2.2066
2022.1589 -2.7427
2022.1616 -4.8987
2022.1644 -2.4249
2022.1671 -2.2812
2022.1699 -1.1776
2022.1726 -0.7343
2022.1753 -0.1211
2022.1781 3.4620
2022.1808 -2.7451
2022.1836 3.1376
2022.1863 7.6002
2022.1890 5.3526
2022.1918 -3.1752
2022.1945 -0.4131
2022.1973 -2.7312
2022.2000 -6.6995
2022.2027 -6.9079
2022.2055 -3.2765
2022.2082 -0.6352
2022.2164 3.5876
2022.2192 -1.6418
2022.2219 5.4286
2022.2247 5.4989
2022.2274 0.1490
2022.2301 -1.2110
2022.2329 -5.7212
2022.3534 -10.8713
2022.3562 -8.4527
2022.3589 -1.1640
2022.3616 -3.9450
2022.3644 -4.8659
2022.3671 -8.2767
2022.3699 -7.5872
2022.3753 -2.8779
2022.3781 0.3319
2022.3808 -0.0880
2022.3836 -6.2278
2022.3863 -1.2175
2022.3890 2.5930
2022.3918 -2.3564
2022.3945 -4.5556
2022.3973 -4.1347
2022.4000 -8.6836
2022.4027 -3.9724
2022.4055 1.1689
2022.4082 -4.9896
2022.4110 0.0221
2022.4192 -3.4116
2022.4219 -4.6788
2022.4247 -5.4057
2022.4274 -3.5324
2022.4301 -2.1089
2022.4329 1.9749
2022.4356 2.7288
2022.4411 0.6072
2022.4438 6.0116
2022.4466 -0.4839
2022.4493 -7.0094
2022.4521 -10.2547
2022.4548 -9.3501
2022.4575 -11.9255
2022.4603 -12.3808
2022.4630 -5.8262
2022.4658 -2.8817
2022.4685 -4.7273
2022.4712 -4.9829
2022.4740 -4.7787
2022.4767 4.5653
2022.4795 -2.3208
2022.4822 -0.6371
2022.4849 -5.1637
2022.4877 -7.0405
2022.4904 -6.5876
2022.4932 -7.3050
2022.4959 -9.9027
2022.4986 -6.5711
2022.5014 -9.1505
2022.5041 -10.0209
2022.5068 -6.6522
2022.5096 -6.8243
2022.5123 -2.6371
2022.5151 -1.8007
2022.5178 -0.3648
2022.5205 -1.5995
2022.5233 -0.3847
2022.5260 -1.8902
2022.5288 0.0239
2022.5315 -9.9222
2022.5397 1.9985
2022.5425 -2.4980
2022.5452 -2.0144
2022.5479 -2.0306
2022.5507 -1.9066
2022.5534 -1.4323
2022.5562 -3.9577
2022.5589 1.9475
2022.5616 5.3931
2022.5644 -5.7707
2022.5671 1.1162
2022.5699 -2.0362
2022.5726 -8.6278
2022.5753 -6.4686
2022.5781 -5.1984
2022.5808 -6.3372
2022.5836 -5.1051
2022.5863 -1.0321
2022.5890 -5.3983
2022.5918 -4.7537
2022.5945 -3.3083
2022.5973 -10.5821
2022.6000 0.5248
2022.6027 -1.1376
2022.6055 0.1707
2022.6082 -3.6603
2022.6137 -7.9703
2022.6164 -6.0994
2022.6192 -5.7879
2022.6219 -6.2058
2022.6247 -2.9331
2022.6274 -3.4899
2022.6301 -3.4362
2022.6329 -7.0720
2022.6356 -5.4274
2022.6384 2.2477
2022.6411 -5.7467
2022.6438 -0.8107
2022.6466 -4.6844
2022.6493 -5.0576
2022.6521 -3.4306
2022.6548 -2.5231
2022.6575 -0.1954
2022.6603 4.6526
2022.6658 1.7095
2022.6712 0.1703
2022.6740 -6.1476
2022.6767 -4.1245
2022.6795 -4.1605
2022.6822 -0.1556
2022.6849 0.0301
2022.6877 2.8865
2022.6904 -5.3166
2022.6932 0.8209
2022.6959 -2.2712
2022.7014 -0.9944
2022.7041 0.6043
2022.7068 -0.4369
2022.7096 -1.3981
2022.7151 -8.9908
2022.7178 -14.5725
2022.7205 2.4655
2022.7233 0.2730
2022.7260 -1.2999
2022.7288 -2.8734
2022.7315 -1.9776
2022.7342 -2.3726
2022.7370 0.1117
2022.7397 3.8150
2022.7425 -1.5328
2022.7452 -6.8016
2022.7479 -5.5316
2022.7507 -2.8030
2022.7534 -11.7460
2022.7562 -10.0606
2022.7589 -7.3265
2022.7616 -8.0437
2022.7644 1.0080
2022.7671 1.0785
2022.7699 0.8581
2022.7726 2.6168
2022.7753 -1.8753
2022.7781 1.5120
2022.7808 -4.0912
2022.7836 -3.3249
2022.7863 4.6911
2022.7890 5.0268
2022.7918 5.0424
2022.7945 1.8979
2022.7973 -1.0264
2022.8000 -1.9906
2022.8027 -4.9745
2022.8055 -4.1880
2022.8082 -4.8710
2022.8110 -5.7334
2022.8137 -5.4651
2022.8164 -7.7261
2022.8192 -3.6960
2022.8219 -8.0750
2022.8247 -9.3829
2022.8274 -9.0995
2022.8301 -5.0648
2022.8329 -7.6385
2022.8384 -4.2378
2022.8411 -4.5236
2022.8438 1.2328
2022.8493 -7.7582
2022.8521 -1.6360
2022.8548 -6.3423
2022.8575 -1.4472
2022.8630 -3.2738
2022.8658 -3.8059
2022.8685 2.7726
2022.8712 -0.7185
2022.8740 -0.7593
2022.8767 3.5497
2022.8795 3.6087
2022.8822 -2.4928
2022.8849 -3.6848
2022.8877 -0.0576
2022.8904 -3.5813
2022.8932 0.3438
2022.8959 -3.4624
2022.8986 -4.4001
2022.9014 -6.7795
2022.9041 -7.5508
2022.9068 -5.9342
2022.9096 -0.1899
2022.9123 -8.2481
2022.9151 -0.5389
2022.9178 -3.2321
2022.9205 -3.8272
2022.9233 -2.9141
2022.9260 -8.4728
2022.9288 -6.2932
2022.9315 -6.1654
2022.9342 -6.8693
2022.9370 -5.7049
2022.9397 -4.6021
2022.9425 -1.5309
2022.9452 -4.4114
2022.9479 -1.4533
2022.9507 -3.6968
2022.9534 -3.0017
2022.9562 -4.0081
2022.9589 -7.0659
2022.9616 -4.3851
2022.9644 -5.8457
2022.9671 2.6725
2022.9699 1.1893
2022.9726 0.5449
2022.9753 3.7393
2022.9781 -6.6476
2022.9808 -6.3756
2022.9836 -7.8747
2022.9863 -4.4649
2022.9890 -6.6162
2022.9918 -4.5085
2022.9945 -7.9618
2022.9973 -7.6761
2023.0000 -4.4413
