2013.2192 -3.0998
2013.2219 -2.0850
2013.2247 -0.4891
2013.2274 2.0378
2013.2301 0.3458
2013.2329 1.8349
2013.2356 4.2650
2013.2384 -3.9338
2013.2411 -0.6015
2013.2438 7.5117
2013.2466 -3.4532
2013.2493 4.2582
2013.2521 -1.0937
2013.2548 1.7105
2013.2575 7.5304
2013.2603 4.9354
2013.2630 1.9852
2013.2658 -1.8409
2013.2685 -8.0032
2013.2712 -3.8023
2013.2740 6.5513
2013.2767 1.7872
2013.2795 -11.3651
2013.2822 6.1439
2013.2849 4.1437
2013.2877 3.1037
2013.2904 7.8237
2013.2932 3.2629
2013.2959 2.7010
2013.2986 4.2875
2013.3014 1.0218
2013.3041 11.4436
2013.3068 6.4922
2013.3096 3.1073
2013.3123 4.6783
2013.3151 5.9548
2013.3178 -4.0538
2013.3205 4.9121
2013.3233 6.6720
2013.3260 9.3254
2013.3288 5.3018
2013.3315 11.0639
2013.3342 8.4848
2013.3370 4.7146
2013.3397 10.1334
2013.3425 8.2513
2013.3452 7.8784
2013.3479 8.7946
2013.3507 11.5202
2013.3534 9.6952
2013.3562 10.8197
2013.3589 5.9237
2013.3616 1.8774
2013.3644 5.3008
2013.3671 10.8440
2013.3699 4.4670
2013.3726 3.7900
2013.3753 2.0431
2013.3781 2.2663
2013.3836 2.9533
2013.3863 0.8974
2013.3890 3.2418
2013.3918 1.3168
2013.3945 3.9224
2013.3973 5.7587
2013.4000 5.5258
2013.4027 5.1837
2013.4055 8.2625
2013.4082 8.1623
2013.4110 6.7232
2013.4137 4.2153
2013.4164 5.4788
2013.4192 5.7034
2013.4219 9.9592
2013.4247 9.1959
2013.4274 14.5235
2013.4301 16.0019
2013.4329 9.9909
2013.4356 8.6104
2013.4384 -3.3297
2013.4411 6.3105
2013.4438 7.9409
2013.4466 5.4513
2013.4493 6.6917
2013.4521 -0.4381
2013.4548 -2.3782
2013.4575 -3.8188
2013.4603 -4.1899
2013.4630 6.8984
2013.4658 4.7358
2013.4685 8.6924
2013.4712 9.5280
2013.4740 10.1525
2013.4767 10.9757
2013.4795 9.8375
2013.4822 10.2179
2013.4849 3.9967
2013.4877 5.5837
2013.4904 3.3990
2013.4932 0.3023
2013.4959 2.8235
2013.4986 4.0529
2013.5014 2.8412
2013.5041 5.8182
2013.5068 5.2341
2013.5096 3.6589
2013.5123 8.8228
2013.5151 5.5658
2013.5178 0.2380
2013.5205 -7.4406
2013.5370 -5.5635
2013.5397 -4.7553
2013.5425 -4.1172
2013.5452 -2.6791
2013.5479 2.5289
2013.5507 5.9670
2013.5534 7.3952
2013.5562 13.0137
2013.5589 7.0424
2013.5616 8.6015
2013.5644 6.9111
2013.5671 3.7411
2013.5699 -1.1583
2013.5726 -2.2270
2013.5753 -2.9249
2013.5781 3.0379
2013.5808 7.2716
2013.5836 6.8756
2013.5863 10.9990
2013.5890 12.2921
2013.5918 8.1648
2013.5945 9.9173
2013.5973 9.5996
2013.6000 4.4617
2013.6027 7.6838
2013.6055 5.3460
2013.6082 0.1882
2013.6110 2.2905
2013.6137 -0.5869
2013.6164 3.9259
2013.6192 3.2991
2013.6219 0.8527
2013.6247 5.4268
2013.6274 4.6414
2013.6301 5.3467
2013.6329 4.7427
2013.6356 7.4094
2013.6384 2.8569
2013.6411 5.5254
2013.6438 5.4947
2013.6466 8.4252
2013.6493 2.3267
2013.6521 4.8893
2013.6548 2.4733
2013.6575 1.6985
2013.6603 0.3850
2013.6630 0.3930
2013.6658 3.0924
2013.6685 2.2527
2013.6712 4.3537
2013.6740 1.7754
2013.6767 4.7677
2013.6795 9.5407
2013.6822 9.5742
2013.6849 -1.5016
2013.6877 0.9230
2013.6904 2.6182
2013.6932 5.4838
2013.6959 4.4198
2013.6986 3.8063
2013.7014 3.7931
2013.7041 3.6302
2013.7068 6.8476
2013.7096 1.3053
2013.7123 7.8532
2013.7151 6.9114
2013.7178 5.2597
2013.7205 7.4881
2013.7233 4.7466
2013.7260 7.2852
2013.7288 4.4038
2013.7315 3.7525
2013.7342 4.0111
2013.7370 1.3596
2013.7397 4.0781
2013.7425 5.3464
2013.7452 6.2745
2013.7479 10.7525
2013.7507 3.8004
2013.7534 12.6386
2013.7562 7.6469
2013.7589 3.9555
2013.7616 6.3842
2013.7644 7.8530
2013.7671 3.7820
2013.7699 4.6511
2013.7726 9.1103
2013.7753 8.7896
2013.7781 13.4990
2013.7808 6.7484
2013.7836 6.6979
2013.7863 8.0974
2013.7890 9.0770
2013.7918 11.0866
2013.7945 9.2261
2013.7973 11.1556
2013.8000 10.5151
2013.8027 8.6746
2013.8055 8.9640
2013.8082 5.7133
2013.8110 12.3325
2013.8137 10.9516
2013.8164 11.6806
2013.8192 12.2595
2013.8219 14.0382
2013.8247 9.0668
2013.8274 8.5852
2013.8301 8.2534
2013.8329 10.7614
2013.8356 6.0196
2013.8384 16.9679
2013.8411 15.1562
2013.8438 14.5943
2013.8466 17.9622
2013.8493 12.8798
2013.8521 13.7170
2013.8548 11.9435
2013.8575 16.5294
2013.8603 14.4445
2013.8630 11.4487
2013.8658 11.3819
2013.8685 13.3340
2013.8712 9.7248
2013.8740 11.9743
2013.8767 8.6224
2013.8795 14.0789
2013.8822 10.3537
2013.8849 8.7467
2013.8877 15.4679
2013.8904 8.6470
2013.8932 2.5940
2013.8959 6.7488
2013.8986 11.7913
2013.9014 15.1713
2013.9041 8.0488
2013.9068 5.4735
2013.9096 10.6455
2013.9123 10.0247
2013.9151 9.9708
2013.9178 8.2550
2013.9205 7.9787
2013.9233 6.8919
2013.9260 8.1945
2013.9288 5.7467
2013.9315 7.7783
2013.9342 11.2996
2013.9370 12.1604
2013.9397 7.3007
2013.9425 9.9508
2013.9452 9.8504
2013.9479 8.8797
2013.9507 7.6388
2013.9534 9.7275
2013.9562 8.7460
2013.9589 6.1042
2013.9616 3.9522
2013.9644 4.7900
2013.9671 8.9576
2013.9699 8.7551
2013.9726 8.0425
2013.9753 7.9798
2013.9781 8.1370
2013.9808 12.1441
2013.9836 9.4912
2013.9863 21.2283
2013.9890 10.8454
2013.9918 13.1325
2013.9945 9.7597
2013.9973 11.7170
2014.0000 13.5644
2014.0027 11.2417
2014.0055 10.1789
2014.0082 11.4959
2014.0110 12.1027
2014.0137 9.1094
2014.0164 6.7559
2014.0192 7.3223
2014.0219 7.2387
2014.0247 7.7649
2014.0274 9.6811
2014.0301 7.8372
2014.0329 17.2333
2014.0356 12.3193
2014.0384 6.1054
2014.0411 6.7714
2014.0438 8.2975
2014.0466 12.0036
2014.0493 9.6798
2014.0521 7.8261
2014.0548 10.1924
2014.0575 7.3589
2014.0603 7.1454
2014.0630 12.8321
2014.0658 9.1389
2014.0685 10.4659
2014.0712 11.2031
2014.0740 10.0305
2014.0767 13.6381
2014.0795 8.5959
2014.0822 11.4741
2014.0849 12.0535
2014.0877 9.2243
2014.0904 12.0463
2014.0932 12.7895
2014.0959 13.3840
2014.0986 10.0097
2014.1014 9.7565
2014.1041 14.1145
2014.1068 13.6336
2014.1096 12.3838
2014.1123 12.2251
2014.1151 11.8674
2014.1178 14.7307
2014.1205 11.8550
2014.1233 12.3702
2014.1260 14.4664
2014.1288 17.0234
2014.1315 14.9013
2014.1342 11.4300
2014.1370 7.9596
2014.1397 11.9699
2014.1425 12.4210
2014.1452 14.4229
2014.1479 17.8454
2014.1507 17.6086
2014.1534 21.9024
2014.1562 16.1169
2014.1589 14.9519
2014.1616 10.1075
2014.1644 14.4650
2014.1671 15.6557
2014.1699 9.3592
2014.1726 14.3653
2014.1753 14.2639
2014.1781 22.7747
2014.1808 14.9774
2014.1836 13.8919
2014.1863 8.6280
2014.1890 13.5654
2014.1918 11.2538
2014.1945 13.6932
2014.1973 10.5731
2014.2000 10.7335
2014.2027 8.3541
2014.2055 8.2147
2014.2082 10.7751
2014.2110 15.2050
2014.2137 13.6241
2014.2164 14.9024
2014.2192 9.4296
2014.2219 15.2554
2014.2247 16.1696
2014.2274 17.9820
2014.2301 15.5324
2014.2329 17.9206
2014.2356 13.1162
2014.2384 15.8692
2014.2411 13.8193
2014.2438 16.5363
2014.2466 18.6902
2014.2493 19.0827
2014.2521 20.8442
2014.2548 17.5348
2014.2575 25.1245
2014.2603 21.5134
2014.2630 19.9917
2014.2658 19.9093
2014.2685 13.0363
2014.2712 18.3229
2014.2740 18.6891
2014.2767 15.6250
2014.2795 20.8707
2014.2822 21.6962
2014.2849 19.1616
2014.2877 20.9470
2014.2904 24.2025
2014.2932 24.6182
2014.2959 25.8441
2014.2986 23.9803
2014.3014 22.1468
2014.3041 18.7639
2014.3068 14.7615
2014.3096 11.6197
2014.3123 11.2486
2014.3151 15.3283
2014.3178 18.7188
2014.3205 12.2703
2014.3233 18.0928
2014.3260 10.9264
2014.3288 12.5011
2014.3315 17.2365
2014.3342 12.2520
2014.3370 19.5676
2014.3397 19.6332
2014.3425 15.5389
2014.3452 15.2946
2014.3479 22.8004
2014.3507 22.0263
2014.3534 11.1522
2014.3562 15.2182
2014.3589 16.2343
2014.3616 14.9804
2014.3644 19.2466
2014.3671 23.1129
2014.3699 24.4792
2014.3726 25.9855
2014.3753 20.0320
2014.3781 22.5684
2014.3808 21.8650
2014.3836 17.7916
2014.3863 19.0782
2014.3890 18.1649
2014.3918 19.2717
2014.3945 16.3385
2014.3973 14.6853
2014.4000 19.2822
2014.4027 17.8992
2014.4055 22.1562
2014.4082 18.3032
2014.4110 18.8403
2014.4137 16.0675
2014.4164 17.6148
2014.4192 15.5924
2014.4219 17.3601
2014.4247 18.8381
2014.4274 15.1362
2014.4301 18.3146
2014.4329 15.0831
2014.4356 14.0117
2014.4384 12.6206
2014.4411 13.7696
2014.4438 20.4488
2014.4466 21.3381
2014.4493 20.4475
2014.4521 23.5071
2014.4548 26.3269
2014.4575 21.7867
2014.4603 22.0467
2014.4630 16.5968
2014.4658 20.4670
2014.4685 19.7073
2014.4712 17.5178
2014.4740 13.0283
2014.4767 15.4389
2014.4795 12.1796
2014.4822 9.9503
2014.4849 15.4412
2014.4877 16.6621
2014.4904 18.7431
2014.4932 20.9341
2014.4959 18.9152
2014.4986 13.3889
2014.5014 16.4877
2014.5041 16.3211
2014.5068 20.9188
2014.5096 14.0704
2014.5123 15.3655
2014.5151 19.6536
2014.5178 24.7745
2014.5205 24.0477
2014.5233 21.9528
2014.5260 17.0594
2014.5288 15.0571
2014.5315 19.9856
2014.5342 14.7045
2014.5370 24.7733
2014.5397 12.0817
2014.5425 12.7392
2014.5452 10.0856
2014.5479 9.8903
2014.5507 8.7931
2014.5534 11.3235
2014.5562 9.7211
2014.5589 14.7655
2014.5616 18.8464
2014.5644 20.7233
2014.5671 23.9359
2014.5699 21.3637
2014.5726 16.8965
2014.5753 14.0737
2014.5781 16.5350
2014.5808 10.5700
2014.5836 12.4115
2014.5863 16.7324
2014.5890 18.5228
2014.5918 16.9326
2014.5945 15.5920
2014.5973 16.6609
2014.6000 20.6194
2014.6027 23.7775
2014.6055 19.3653
2014.6082 20.2727
2014.6110 19.2499
2014.6137 17.6469
2014.6164 14.6936
2014.6192 17.2302
2014.6219 22.1767
2014.6247 21.5830
2014.6274 17.7793
2014.6301 18.8956
2014.6329 17.6918
2014.6356 17.4681
2014.6384 14.7645
2014.6411 15.0010
2014.6438 20.9176
2014.6466 20.7544
2014.6493 9.6915
2014.6521 12.5787
2014.6548 10.8963
2014.6575 16.1942
2014.6603 14.7524
2014.6630 18.7010
2014.6658 22.1500
2014.6685 14.9690
2014.6712 20.8080
2014.6740 18.7369
2014.6767 24.2959
2014.6795 18.5848
2014.6822 21.6038
2014.6849 21.8628
2014.6877 23.6919
2014.6904 19.7910
2014.6932 20.3601
2014.6959 22.5893
2014.6986 24.1086
2014.7014 19.4380
2014.7041 23.3475
2014.7068 21.8571
2014.7096 21.7868
2014.7123 19.0666
2014.7151 22.9566
2014.7178 20.7368
2014.7205 20.8971
2014.7233 25.6376
2014.7260 18.8682
2014.7288 22.2391
2014.7315 19.7601
2014.7342 20.0614
2014.7370 19.0429
2014.7397 24.0746
2014.7425 22.5166
2014.7452 17.5189
2014.7479 22.4614
2014.7507 21.5167
2014.7534 21.9569
2014.7562 24.5617
2014.7589 21.0508
2014.7616 14.9938
2014.7644 17.9306
2014.7671 22.1407
2014.7699 19.2938
2014.7726 24.7096
2014.7753 17.2679
2014.7781 20.8982
2014.7808 20.8204
2014.7836 19.6140
2014.7863 19.0388
2014.7890 16.9844
2014.7918 21.3005
2014.7945 16.5469
2014.7973 23.5932
2014.8000 18.7391
2014.8027 18.1142
2014.8055 18.7783
2014.8082 18.7911
2014.8110 19.4222
2014.8137 24.9814
2014.8164 25.0183
2014.8192 21.5125
2014.8219 19.3739
2014.8247 26.5920
2014.8274 21.3566
2014.8301 23.3174
2014.8329 29.8545
2014.8356 19.9907
2014.8384 24.8566
2014.8411 16.7420
2014.8438 12.5669
2014.8466 15.3314
2014.8493 15.9953
2014.8521 13.3687
2014.8548 15.7615
2014.8575 16.7836
2014.8603 20.7451
2014.8630 22.0059
2014.8658 17.6760
2014.8685 16.6253
2014.8712 14.6439
2014.8740 17.6716
2014.8767 18.3585
2014.8795 17.0845
2014.8822 17.3096
2014.8849 12.1737
2014.8877 15.2569
2014.8904 18.6690
2014.8932 12.4601
2014.8959 14.8201
2014.8986 16.3091
2014.9014 11.4368
2014.9041 13.3535
2014.9068 19.7089
2014.9096 20.7230
2014.9123 17.5359
2014.9151 20.6375
2014.9178 21.4280
2014.9205 17.8175
2014.9233 16.2562
2014.9260 18.2841
2014.9288 21.6813
2014.9315 21.6079
2014.9342 22.7238
2014.9370 23.0893
2014.9397 26.4042
2014.9425 18.9688
2014.9452 22.2030
2014.9479 17.3469
2014.9507 24.1607
2014.9534 22.3842
2014.9562 26.8877
2014.9589 22.0412
2014.9616 25.4747
2014.9644 22.8583
2014.9671 26.5221
2014.9699 22.0061
2014.9726 26.9504
2014.9753 25.5151
2014.9781 25.0802
2014.9808 26.7057
2014.9836 24.1318
2014.9863 27.2585
2014.9890 22.3459
2014.9918 19.1341
2014.9945 21.8630
2014.9973 20.0428
2015.0000 19.5735
2015.0027 21.4347
2015.0055 21.3159
2015.0082 22.2572
2015.0110 19.6385
2015.0137 18.1099
2015.0164 19.5314
2015.0192 18.6031
2015.0219 20.9349
2015.0247 19.7570
2015.0274 18.5292
2015.0301 21.1318
2015.0329 19.6646
2015.0356 17.1177
2015.0384 20.2711
2015.0411 21.6249
2015.0438 25.1391
2015.0466 19.9237
2015.0493 25.8888
2015.0521 26.6043
2015.0548 27.0603
2015.0575 19.4868
2015.0603 21.4339
2015.0630 18.6215
2015.0658 23.4398
2015.0685 28.1287
2015.0712 25.9682
2015.0740 23.0884
2015.0767 28.5594
2015.0795 23.9310
2015.4110 28.3987
2015.4137 27.1537
2015.4164 29.2592
2015.4192 28.4050
2015.4219 26.9009
2015.4247 27.6869
2015.4274 26.9831
2015.4301 24.3795
2015.4329 25.4261
2015.4356 28.2428
2015.4384 24.5298
2015.4411 22.9369
2015.4438 18.2142
2015.4466 20.8918
2015.4493 22.2495
2015.4521 22.9175
2015.4548 24.1056
2015.4575 30.4240
2015.4603 30.5826
2015.4630 28.5214
2015.4658 25.2405
2015.4685 26.8698
2015.4712 26.1594
2015.4740 20.1791
2015.4767 23.2892
2015.4795 26.3095
2015.4822 30.0200
2015.4849 29.4109
2015.4877 29.8920
2015.4904 31.3133
2015.4932 27.0750
2015.4959 26.6069
2015.4986 24.0290
2015.5014 30.9514
2015.5041 21.5438
2015.5068 20.7565
2015.5096 21.5693
2015.5123 23.8622
2015.5151 24.3453
2015.5178 29.9986
2015.5205 29.2920
2015.5233 30.5856
2015.5260 31.5492
2015.5288 27.2631
2015.5315 29.6071
2015.5342 28.8412
2015.5370 29.9354
2015.5397 32.3598
2015.5425 28.5243
2015.5452 25.5189
2015.5479 27.1037
2015.5507 26.3485
2015.5534 28.3735
2015.5562 26.3086
2015.5589 22.8339
2015.5616 28.2292
2015.5644 28.0746
2015.5671 29.1102
2015.5699 26.6658
2015.5726 21.3916
2015.5753 26.9774
2015.5781 27.1134
2015.5808 30.2594
2015.5836 35.4467
2015.5863 36.7162
2015.5890 32.5476
2015.5918 36.4710
2015.5945 30.7960
2015.5973 28.7625
2015.6000 26.1303
2015.6027 32.8694
2015.6055 29.9094
2015.6082 32.8503
2015.6110 30.4518
2015.6137 31.8838
2015.6164 35.5761
2015.6192 31.6586
2015.6219 31.2311
2015.6247 31.4134
2015.6274 31.5753
2015.6301 33.0267
2015.6329 34.9174
2015.6356 28.3473
2015.6384 27.0161
2015.6411 28.2736
2015.6438 28.9199
2015.6466 30.2345
2015.6493 31.1875
2015.6521 27.9385
2015.6548 23.7475
2015.6575 26.7043
2015.6603 30.4387
2015.6630 30.1705
2015.6658 34.4396
2015.6685 31.2664
2015.6712 27.7809
2015.6740 29.3533
2015.6767 35.3538
2015.6795 28.9224
2015.6822 30.7295
2015.6849 31.9050
2015.6877 32.3793
2015.6904 31.9623
2015.6932 31.1842
2015.6959 31.7452
2015.6986 32.6055
2015.7014 33.1352
2015.7041 34.9743
2015.7068 30.3932
2015.7096 33.1418
2015.7123 33.7305
2015.7151 33.7492
2015.7178 32.0782
2015.7205 39.7676
2015.7233 38.6176
2015.7260 33.8382
2015.7288 31.2497
2015.7315 33.8222
2015.7342 28.9058
2015.7370 28.3707
2015.7397 29.3370
2015.7425 35.0049
2015.7452 25.0245
2015.7479 25.9660
2015.7507 31.0083
2015.7534 27.5706
2015.7562 29.2628
2015.7589 22.9949
2015.7616 31.5570
2015.7644 30.1191
2015.7671 26.4012
2015.7699 30.5134
2015.7726 28.7257
2015.7753 30.6481
2015.7781 27.8406
2015.7808 25.5533
2015.7836 26.5661
2015.7863 30.4292
2015.7890 27.7025
2015.7918 31.9061
2015.7945 29.3999
2015.7973 35.6441
2015.8000 34.5186
2015.8027 33.1735
2015.8055 32.4788
2015.8082 34.3345
2015.8110 37.5706
2015.8137 34.8972
2015.8164 32.8343
2015.8192 28.3720
2015.8219 36.0002
2015.8247 30.6589
2015.8274 26.8483
2015.8301 33.7783
2015.8329 30.8689
2015.8356 34.6399
2015.8384 35.4812
2015.8411 31.1628
2015.8438 31.4947
2015.8466 39.4869
2015.8493 31.4493
2015.8521 33.8119
2015.8548 29.0947
2015.8575 30.3477
2015.8603 35.2308
2015.8630 36.0341
2015.8658 29.2275
2015.8685 29.5610
2015.8712 26.8145
2015.8740 27.3480
2015.8767 26.8416
2015.8795 28.8752
2015.8822 35.7188
2015.8849 33.0023
2015.8877 34.4857
2015.8904 33.7391
2015.8932 37.8223
2015.8959 31.5554
2015.8986 33.3583
2015.9014 32.4711
2015.9041 29.8136
2015.9068 25.5160
2015.9096 36.5280
2015.9123 38.8899
2015.9151 37.0514
2015.9178 34.1728
2015.9205 39.0441
2015.9233 32.1655
2015.9260 27.9968
2015.9288 28.8481
2015.9315 33.0194
2015.9342 29.6906
2015.9370 28.8917
2015.9397 34.4426
2015.9425 32.7635
2015.9452 44.4243
2015.9479 35.9149
2015.9507 29.4053
2015.9534 30.7256
2015.9562 28.3357
2015.9589 26.4156
2015.9616 24.6453
2015.9644 30.8747
2015.9671 31.8439
2015.9699 25.9929
2015.9726 27.9115
2015.9753 29.5299
2015.9781 27.1080
2015.9808 28.0158
2015.9836 32.8332
2015.9863 31.8703
2015.9890 30.5370
2015.9918 29.4733
2015.9945 30.6393
2015.9973 29.8049
2016.0000 27.3100
2016.0027 30.8444
2016.0055 29.6079
2016.0082 31.7405
2016.0109 28.9422
2016.0137 29.7830
2016.0164 26.5231
2016.0191 29.6925
2016.0219 25.1711
2016.0246 28.2892
2016.0273 26.7266
2016.0301 29.0135
2016.0328 24.9799
2016.0355 31.1659
2016.0383 34.5014
2016.0410 27.4266
2016.0437 28.3915
2016.0464 27.2561
2016.0492 28.6305
2016.0519 29.7847
2016.0546 27.5488
2016.0574 29.2628
2016.0601 26.4368
2016.0628 26.7407
2016.0656 25.6948
2016.0683 23.5789
2016.0710 26.6032
2016.0738 27.5477
2016.0765 25.3625
2016.0792 26.8475
2016.0820 30.2128
2016.0847 27.2071
2016.0874 30.6804
2016.0902 28.9527
2016.0929 36.0141
2016.0956 21.0847
2016.0984 29.9846
2016.1011 33.8039
2016.1038 29.4326
2016.1066 30.6608
2016.1093 33.3587
2016.1120 33.8263
2016.1148 32.3237
2016.1175 32.1710
2016.1202 29.6883
2016.1230 32.6156
2016.1257 34.8930
2016.1284 33.0107
2016.1311 29.8388
2016.1339 36.8772
2016.1366 37.4061
2016.1393 39.9456
2016.1421 36.2057
2016.1448 32.4866
2016.1475 38.1984
2016.1503 34.7910
2016.1530 33.0647
2016.1557 38.2595
2016.1585 37.0054
2016.1612 34.7127
2016.1639 33.4029
2016.1667 34.6491
2016.1694 36.0608
2016.1721 39.4176
2016.1749 38.6792
2016.1776 41.4352
2016.1803 40.3853
2016.1831 36.0490
2016.1858 40.1161
2016.1885 39.4361
2016.1913 42.9087
2016.1940 42.6634
2016.1967 43.9300
2016.1995 41.4780
2016.2022 37.1171
2016.2049 37.3069
2016.2077 39.3571
2016.2104 32.3572
2016.2131 39.0370
2016.2158 35.6959
2016.2186 36.0437
2016.2213 37.9801
2016.2240 38.6145
2016.2268 37.2167
2016.2295 31.2862
2016.2322 35.0928
2016.2350 36.2960
2016.2377 37.3555
2016.2404 34.6408
2016.2432 32.2017
2016.2459 30.9279
2016.2486 31.6622
2016.2514 32.6957
2016.2541 30.4085
2016.2568 32.4105
2016.2596 35.0218
2016.2623 34.2624
2016.2650 35.0723
2016.2678 38.8715
2016.2705 36.7500
2016.2732 35.1579
2016.2760 36.8350
2016.2787 34.3215
2016.2814 31.7873
2016.2842 34.9624
2016.2869 34.6369
2016.2896 34.8507
2016.2923 38.3439
2016.2951 35.4265
2016.2978 38.6085
2016.3005 35.0798
2016.3033 33.3605
2016.3060 38.1006
2016.3087 34.7602
2016.3115 32.8691
2016.3142 36.2275
2016.3169 46.3353
2016.3197 39.9325
2016.3224 37.5092
2016.3251 37.6053
2016.3279 35.9108
2016.3306 34.8553
2016.3333 39.2370
2016.3361 37.1960
2016.3388 35.5124
2016.3415 35.5166
2016.3443 36.6487
2016.3470 41.0389
2016.3497 39.7575
2016.3525 40.7946
2016.3552 38.2306
2016.3579 33.8155
2016.3607 34.0797
2016.3634 39.4633
2016.3661 35.1165
2016.3689 36.3396
2016.3716 37.7028
2016.3743 40.7863
2016.3770 40.1004
2016.3798 38.5251
2016.3825 39.8308
2016.3852 42.9677
2016.3880 42.6159
2016.3907 42.5758
2016.3934 38.6975
2016.3962 38.4112
2016.3989 34.3371
2016.4016 34.5155
2016.4044 33.8666
2016.4071 33.6406
2016.4098 33.7177
2016.4126 38.8081
2016.4153 37.6127
2016.4180 36.4317
2016.4208 27.5448
2016.4235 31.8217
2016.4262 29.1321
2016.4290 33.7857
2016.4317 32.5521
2016.4344 35.5411
2016.4372 37.8124
2016.4399 38.3256
2016.4426 37.7305
2016.4454 36.2867
2016.4481 39.7839
2016.4508 39.5319
2016.4536 37.6902
2016.4563 32.6487
2016.4590 38.4670
2016.4617 43.8048
2016.4645 42.3718
2016.4672 42.2376
2016.4699 46.9020
2016.4727 41.4247
2016.4754 42.2654
2016.4781 37.6336
2016.4809 39.3793
2016.4836 38.3720
2016.4863 36.4014
2016.4891 32.8072
2016.4918 30.4091
2016.4945 33.6069
2016.4973 37.7606
2016.5000 42.4632
2016.5027 35.5251
2016.5055 38.4964
2016.5082 39.1471
2016.5109 36.7972
2016.5137 38.3669
2016.5164 36.6061
2016.5191 34.5048
2016.5219 32.1632
2016.5246 36.5713
2016.5273 37.6491
2016.5301 38.9166
2016.5328 39.1439
2016.5355 37.0611
2016.5383 36.6981
2016.5410 39.8851
2016.5437 38.6920
2016.5464 37.4789
2016.5492 37.0958
2016.5519 40.3428
2016.5546 36.4899
2016.5574 33.4173
2016.5601 31.1448
2016.5628 32.2225
2016.5656 34.9006
2016.5683 33.0690
2016.5710 35.9477
2016.5738 35.3669
2016.5765 38.2565
2016.5792 38.0966
2016.5820 30.4173
2016.5847 38.9583
2016.5874 30.2697
2016.5902 34.8115
2016.5929 32.9638
2016.5956 36.6564
2016.5984 37.1494
2016.6011 38.5229
2016.6038 39.1867
2016.6066 39.3411
2016.6093 34.8258
2016.6120 33.6210
2016.6148 38.0767
2016.6175 41.7128
2016.6202 42.2595
2016.6230 40.0465
2016.6257 40.2041
2016.6284 42.7822
2016.6311 41.2808
2016.6339 38.7299
2016.6366 40.7495
2016.6393 39.6097
2016.6421 42.6103
2016.6448 42.0416
2016.6475 43.7733
2016.6503 43.7357
2016.6530 44.7186
2016.6557 44.8120
2016.6585 40.3561
2016.6612 46.1107
2016.6639 42.7759
2016.6667 37.8074
2016.6694 42.4947
2016.6721 40.5770
2016.6749 42.9832
2016.6776 40.5221
2016.6803 41.4627
2016.6831 39.5038
2016.6858 47.7443
2016.6885 41.2030
2016.6913 46.2888
2016.6940 42.7406
2016.6967 43.0473
2016.6995 51.2877
2016.7022 39.1207
2016.7049 47.8652
2016.7077 40.7800
2016.7104 43.1041
2016.7131 42.7962
2016.7158 45.9052
2016.7186 44.0201
2016.7213 40.7397
2016.7240 36.0829
2016.7268 39.3686
2016.7295 39.7755
2016.7322 37.0926
2016.7350 35.9188
2016.7377 38.6129
2016.7404 36.2738
2016.7432 34.5404
2016.7459 35.9916
2016.7486 30.4868
2016.7514 32.9771
2016.7541 32.2472
2016.7568 35.0969
2016.7596 33.9964
2016.7623 39.0156
2016.7650 37.4445
2016.7678 38.0531
2016.7705 39.5814
2016.7732 35.3094
2016.7760 40.2472
2016.7787 37.0547
2016.7814 39.3520
2016.7842 37.7090
2016.7869 36.6357
2016.7896 38.0622
2016.7923 35.4485
2016.7951 37.8945
2016.7978 38.1603
2016.8005 44.7458
2016.8033 50.0111
2016.8060 43.4162
2016.8087 40.7711
2016.8115 37.6358
2016.8142 37.2802
2016.8169 39.6145
2016.8197 36.0385
2016.8224 38.5824
2016.8251 39.6560
2016.8279 45.6395
2016.8306 43.2228
2016.8333 42.9059
2016.8361 38.6593
2016.8388 34.4427
2016.8415 36.7763
2016.8443 35.2700
2016.8470 37.9038
2016.8497 36.9076
2016.8525 35.2814
2016.8552 35.7553
2016.8579 37.9291
2016.8607 38.9929
2016.8634 39.2367
2016.8661 39.1903
2016.8689 36.4038
2016.8716 39.5772
2016.8743 41.2505
2016.8770 38.7536
2016.8798 42.0864
2016.8825 41.6691
2016.8852 38.1515
2016.8880 41.8736
2016.8907 39.2354
2016.8934 43.2269
2016.8962 38.2181
2016.8989 37.9189
2016.9016 35.8093
2016.9044 36.9693
2016.9071 37.2389
2016.9098 35.8180
2016.9126 38.9567
2016.9153 37.7148
2016.9180 33.7610
2016.9208 30.9243
2016.9235 34.3449
2016.9262 34.1230
2016.9290 34.0188
2016.9317 34.6925
2016.9344 32.5842
2016.9372 33.8041
2016.9399 35.9024
2016.9426 34.0494
2016.9454 34.8651
2016.9481 36.5699
2016.9508 36.4437
2016.9536 34.9570
2016.9563 35.4297
2016.9590 36.6222
2016.9617 35.0146
2016.9645 31.9071
2016.9672 37.6499
2016.9699 35.0631
2016.9727 36.8270
2016.9754 34.0317
2016.9781 34.6075
2016.9809 35.2744
2016.9836 40.8628
2016.9863 36.6827
2016.9891 32.4444
2016.9918 35.2781
2016.9945 38.2939
2016.9973 36.2820
2017.0000 36.2826
2017.0027 33.4950
2017.0055 33.3285
2017.0082 36.4030
2017.0110 36.3383
2017.0137 36.8644
2017.0164 35.3913
2017.0192 35.8088
2017.0219 38.5769
2017.0247 38.2154
2017.0274 41.9344
2017.0301 34.8238
2017.0329 34.3734
2017.0356 36.4831
2017.0384 35.2030
2017.0411 32.5829
2017.0438 33.9728
2017.0466 34.8125
2017.0493 32.0920
2017.0521 38.6413
2017.0548 36.6102
2017.0575 33.4386
2017.0603 36.2965
2017.0630 35.9438
2017.0658 41.0005
2017.0685 36.8464
2017.0712 40.3015
2017.0740 36.0356
2017.0767 41.3388
2017.0795 38.7409
2017.0822 39.7319
2017.0849 38.9322
2017.0877 39.6918
2017.0904 39.3208
2017.0932 36.2592
2017.0959 37.9971
2017.0986 39.2945
2017.1014 37.1615
2017.1041 36.0581
2017.1068 42.0245
2017.1096 40.6605
2017.1123 41.7064
2017.1151 45.4321
2017.1178 40.6577
2017.1205 43.5033
2017.1233 42.0988
2017.1260 41.8044
2017.1288 42.5601
2017.1315 41.0259
2017.1342 40.6619
2017.1370 41.2782
2017.1397 42.3548
2017.1425 42.7618
2017.1452 38.8391
2017.1479 39.3669
2017.1507 44.2752
2017.1534 41.4541
2017.1562 38.8536
2017.1589 35.3637
2017.1616 39.1946
2017.1644 35.8864
2017.1671 40.7592
2017.1699 41.5030
2017.1726 37.4677
2017.1753 38.1232
2017.1781 37.9895
2017.1808 44.2366
2017.1836 38.8342
2017.1863 40.3524
2017.1890 41.8511
2017.1918 43.0202
2017.1945 43.8597
2017.1973 41.8894
2017.2000 40.5694
2017.2027 39.8095
2017.2055 48.1597
2017.2082 44.4799
2017.2110 39.6101
2017.2137 44.8101
2017.2164 44.5600
2017.2192 40.9395
2017.2219 36.6488
2017.2247 39.0576
2017.2274 44.4860
2017.2301 37.6938
2017.2329 43.0110
2017.2356 43.4876
2017.2384 43.7834
2017.2411 37.4684
2017.2438 45.0325
2017.2466 40.2354
2017.2493 42.5261
2017.2521 37.6846
2017.2548 43.7510
2017.2575 40.6454
2017.2603 45.0581
2017.2630 46.6592
2017.2658 48.0490
2017.2685 45.2975
2017.2712 44.3849
2017.2740 45.6815
2017.2767 45.7874
2017.2795 46.0727
2017.2822 47.2977
2017.2849 43.3925
2017.2877 51.7873
2017.2904 56.3422
2017.2932 45.8175
2017.2959 47.8334
2017.2986 47.0699
2017.3014 39.5172
2017.3041 44.1656
2017.3068 49.7052
2017.3096 50.4162
2017.3123 50.9187
2017.3151 49.6329
2017.3178 48.2491
2017.3205 48.9473
2017.3233 46.4678
2017.3260 47.9107
2017.3288 46.0462
2017.3315 45.9640
2017.3342 45.4036
2017.3370 41.6649
2017.3397 35.6678
2017.3425 45.0622
2017.3452 45.7579
2017.3479 45.0249
2017.3507 46.0930
2017.3534 50.4522
2017.3562 52.6122
2017.3589 52.5630
2017.3616 47.1444
2017.3644 51.3564
2017.3671 51.5789
2017.3699 53.9117
2017.3726 52.2346
2017.3753 49.9077
2017.3781 47.8007
2017.3808 49.6236
2017.3836 43.8062
2017.3863 47.5985
2017.3890 47.1303
2017.3918 48.6914
2017.3945 46.9719
2017.3973 43.5215
2017.4000 44.3802
2017.4027 44.4078
2017.4055 48.4242
2017.4082 44.8393
2017.4110 39.1930
2017.4137 40.3353
2017.4164 36.9262
2017.4192 42.7461
2017.4219 45.8549
2017.4247 44.2627
2017.4274 44.9297
2017.4301 43.5959
2017.4329 42.8814
2017.4356 43.9762
2017.4384 43.7906
2017.4411 44.6745
2017.4438 43.0781
2017.4466 44.6514
2017.4493 43.6945
2017.4521 46.4175
2017.4548 43.6705
2017.4575 47.0736
2017.4603 52.8369
2017.4630 47.6304
2017.4658 51.1343
2017.4685 47.1985
2017.4712 47.0733
2017.4740 47.5987
2017.4767 53.7648
2017.4795 52.4217
2017.4822 46.7794
2017.4849 44.8181
2017.4877 44.9478
2017.4904 47.4987
2017.4932 45.4707
2017.4959 43.0540
2017.4986 44.4794
2017.5014 39.9972
2017.5041 46.9475
2017.5068 51.7101
2017.5096 41.6547
2017.5123 43.0113
2017.5151 37.7997
2017.5178 46.4697
2017.5205 38.1012
2017.5233 33.8440
2017.5260 37.9080
2017.5288 38.0830
2017.5315 39.9488
2017.5342 48.9054
2017.5370 44.5526
2017.5397 51.1401
2017.5425 50.8379
2017.5452 43.2158
2017.5479 44.2136
2017.5507 44.7213
2017.5534 46.8985
2017.5562 47.3553
2017.5589 46.4113
2017.5616 41.8366
2017.5644 40.9409
2017.5671 41.7540
2017.5699 42.3159
2017.5726 44.5963
2017.5753 50.0351
2017.5781 51.5322
2017.5808 47.7073
2017.5836 45.1994
2017.5863 45.6575
2017.5890 46.4419
2017.5918 43.5030
2017.5945 50.5209
2017.5973 48.2360
2017.6000 45.1386
2017.6027 46.1189
2017.6055 47.1573
2017.6082 45.3340
2017.6110 46.4393
2017.6137 49.1635
2017.6164 48.1670
2017.6192 50.3699
2017.6219 47.7625
2017.6247 45.8253
2017.6274 46.8284
2017.6301 44.1121
2017.6329 47.7167
2017.6356 46.1726
2017.6384 54.2699
2017.6411 49.8191
2017.6438 51.9703
2017.6466 49.8938
2017.6493 56.3900
2017.6521 54.0292
2017.6548 53.1615
2017.6575 50.6474
2017.6603 51.4671
2017.6630 55.1809
2017.6658 47.0395
2017.6685 46.1460
2017.6712 49.5004
2017.6740 50.2920
2017.6767 43.1705
2017.6795 49.4751
2017.6822 48.4154
2017.6849 39.5308
2017.6877 46.6106
2017.6904 40.9845
2017.6932 48.0717
2017.6959 46.5018
2017.6986 46.0042
2017.7014 50.3583
2017.7041 47.4336
2017.7068 55.3195
2017.7096 51.0754
2017.7123 47.9708
2017.7151 47.6352
2017.7178 49.6479
2017.7205 41.4085
2017.7233 42.3563
2017.7260 44.0708
2017.7288 47.2615
2017.7315 49.2678
2017.7342 44.2290
2017.7370 49.6748
2017.7397 50.1544
2017.7425 46.8374
2017.7452 46.8032
2017.7479 45.8412
2017.7507 46.1151
2017.7534 45.5185
2017.7562 47.2814
2017.7589 42.5538
2017.7616 49.9757
2017.7644 49.9169
2017.7671 48.9575
2017.7699 46.5674
2017.7726 49.7466
2017.7753 50.2750
2017.7781 46.2226
2017.7808 47.5595
2017.7836 47.1254
2017.7863 49.9905
2017.7890 46.7146
2017.7918 43.0677
2017.7945 43.0399
2017.7973 46.5710
2017.8000 49.0110
2017.8027 45.6198
2017.8055 43.5775
2017.8082 48.2440
2017.8110 50.0193
2017.8137 50.2533
2017.8164 46.8560
2017.8192 52.6674
2017.8219 50.7073
2017.8247 50.8859
2017.8274 53.1730
2017.8301 47.5485
2017.8329 51.7127
2017.8356 49.2259
2017.8384 51.0382
2017.8411 46.8499
2017.8438 46.5709
2017.8466 46.6012
2017.8493 51.4611
2017.8521 51.7705
2017.8548 47.3794
2017.8575 47.6381
2017.8603 51.2765
2017.8630 48.7746
2017.8658 49.8727
2017.8685 48.2707
2017.8712 48.6787
2017.8740 46.7368
2017.8767 44.7650
2017.8795 46.4334
2017.8822 44.3121
2017.8849 45.1611
2017.8877 47.0306
2017.8904 43.9605
2017.8932 46.1210
2017.8959 46.7121
2017.8986 44.2439
2017.9014 44.4964
2017.9041 44.0997
2017.9068 44.7040
2017.9096 45.1592
2017.9123 43.2654
2017.9151 46.7526
2017.9178 44.6808
2017.9205 45.7194
2017.9233 47.1486
2017.9260 48.1282
2017.9288 49.4582
2017.9315 48.7085
2017.9342 48.5792
2017.9370 48.2402
2017.9397 44.5115
2017.9425 45.6430
2017.9452 45.0346
2017.9479 43.4264
2017.9507 39.8983
2017.9534 47.4003
2017.9562 46.7923
2017.9589 48.8243
2017.9616 48.7163
2017.9644 46.4082
2017.9671 46.7699
2017.9699 49.0515
2017.9726 46.8829
2017.9753 45.9541
2017.9781 45.9850
2017.9808 42.8656
2017.9836 41.9958
2017.9863 42.3756
2017.9890 41.8051
2017.9918 43.1540
2017.9945 44.1625
2017.9973 41.7204
2018.0000 44.0478
2018.0027 45.1345
2018.0055 47.7206
2018.0082 43.5760
2018.0110 43.6409
2018.0137 43.3652
2018.0164 43.3890
2018.0192 44.2624
2018.0219 33.8853
2018.0247 40.3979
2018.0274 46.3102
2018.0301 43.7422
2018.0329 47.0439
2018.0356 49.9354
2018.0384 45.0668
2018.0411 42.5880
2018.0438 44.9891
2018.0466 48.2602
2018.0493 50.9613
2018.0521 51.1424
2018.0548 53.5037
2018.0575 49.2850
2018.0603 48.5165
2018.0630 44.4482
2018.0658 46.4402
2018.0685 48.2424
2018.0712 50.9450
2018.0740 47.5179
2018.0767 50.5413
2018.0795 49.6951
2018.0822 52.2294
2018.0849 54.9342
2018.0877 51.1297
2018.0904 49.8557
2018.0932 49.8423
2018.0959 46.6296
2018.0986 50.2675
2018.1014 53.9261
2018.1041 53.3154
2018.1068 49.0754
2018.1096 54.0961
2018.1123 54.0176
2018.1151 54.9299
2018.1178 50.5629
2018.1205 51.3267
2018.1233 50.6214
2018.1260 49.1969
2018.1288 50.4232
2018.1315 53.9605
2018.1342 45.9186
2018.1370 48.6277
2018.1397 49.4377
2018.1425 50.9086
2018.1452 48.6205
2018.1479 46.5835
2018.1507 49.5774
2018.1534 46.0624
2018.1562 46.1684
2018.1589 50.6855
2018.1616 48.1736
2018.1644 46.1959
2018.1671 48.6847
2018.1699 44.2896
2018.1726 48.4503
2018.1753 46.1462
2018.1781 48.8569
2018.1808 44.5420
2018.1836 46.4310
2018.1863 43.9135
2018.1890 50.0792
2018.1918 44.8674
2018.1945 46.2479
2018.1973 47.6201
2018.2000 46.0637
2018.2027 47.1281
2018.2055 47.2130
2018.2082 48.5080
2018.2110 52.3825
2018.2137 57.6862
2018.2164 53.6385
2018.2192 53.7992
2018.2219 46.3677
2018.2247 51.7736
2018.2274 49.2165
2018.2301 46.2259
2018.2329 45.7414
2018.2356 39.1826
2018.2384 45.2890
2018.2411 50.7302
2018.2438 52.1157
2018.2466 49.2959
2018.2493 53.5551
2018.2521 56.2040
2018.2548 54.7726
2018.2575 53.3207
2018.2603 50.3385
2018.2630 52.9960
2018.2658 50.6530
2018.2685 51.2195
2018.2712 49.8756
2018.2740 58.3212
2018.2767 54.4264
2018.2795 50.5510
2018.2822 54.4451
2018.2849 53.5986
2018.2877 55.3516
2018.2904 56.9639
2018.2932 57.7057
2018.2959 54.8768
2018.2986 54.3373
2018.3014 52.0471
2018.3041 55.8162
2018.3068 57.3746
2018.3096 53.0022
2018.3123 51.8091
2018.3151 53.7353
2018.3178 51.9206
2018.3205 52.1651
2018.3233 53.0888
2018.3260 50.9817
2018.3288 50.3937
2018.3315 52.0651
2018.3342 57.5963
2018.3370 53.2073
2018.3397 52.6280
2018.3425 54.4886
2018.3452 57.4989
2018.3479 53.3990
2018.3507 53.4189
2018.3534 52.4485
2018.3562 53.3980
2018.3589 55.2372
2018.3616 51.6262
2018.3644 58.5550
2018.3671 57.5535
2018.3699 53.1419
2018.3726 61.2100
2018.3753 57.6279
2018.3781 56.2256
2018.3808 48.2831
2018.3836 46.8304
2018.3863 51.5775
2018.3890 47.7043
2018.3918 44.8310
2018.3945 40.4474
2018.3973 42.7636
2018.4000 45.3597
2018.4027 45.6555
2018.4055 45.5511
2018.4082 49.8565
2018.4110 52.7216
2018.4137 55.0362
2018.4164 53.8583
2018.4192 53.6877
2018.4219 51.9347
2018.4247 55.4695
2018.4274 50.6924
2018.4301 52.1436
2018.4329 52.3734
2018.4356 55.7520
2018.4384 56.7196
2018.4411 52.6966
2018.4438 50.0531
2018.4466 53.9194
2018.4493 54.8458
2018.4521 52.2725
2018.4548 56.7596
2018.4575 49.4976
2018.4603 50.4166
2018.4630 38.6268
2018.4658 37.1486
2018.4685 40.3522
2018.4712 46.3777
2018.4740 48.0055
2018.4767 54.1958
2018.4795 53.1088
2018.4822 52.8649
2018.4849 50.9241
2018.4877 47.3269
2018.4904 51.7033
2018.4932 47.1938
2018.4959 48.6484
2018.4986 45.0056
2018.5014 52.7832
2018.5041 49.4514
2018.5068 53.3100
2018.5096 54.1291
2018.5123 54.3785
2018.5151 55.7684
2018.5178 60.1387
2018.5233 64.9803
2018.5260 57.9216
2018.5288 52.8431
2018.5315 56.3150
2018.5342 54.7370
2018.5370 52.6593
2018.5397 56.5618
2018.5425 59.9144
2018.5452 59.2372
2018.5479 54.7501
2018.5507 54.9032
2018.5534 58.4463
2018.5562 62.3294
2018.5589 62.9226
2018.5616 64.0058
2018.5644 66.2890
2018.5671 48.7421
2018.5699 53.8152
2018.5726 57.6882
2018.5753 54.3811
2018.5781 54.4139
2018.5808 52.6065
2018.5836 58.3590
2018.5863 59.3716
2018.5890 55.7443
2018.5918 52.2570
2018.5945 57.8298
2018.5973 56.0626
2018.6000 56.6655
2018.6027 59.4484
2018.6055 56.4313
2018.6082 52.7844
2018.6110 52.6174
2018.6137 53.8806
2018.6164 58.4237
2018.6192 58.6370
2018.6219 58.4703
2018.6247 56.4536
2018.6274 54.8770
2018.6301 59.2604
2018.6329 54.0339
2018.6356 55.1274
2018.6384 53.3310
2018.6411 59.2547
2018.6438 51.9684
2018.6466 51.8421
2018.6493 49.4059
2018.6521 51.1598
2018.6548 67.3337
2018.6575 57.5176
2018.6603 59.4316
2018.6630 56.4357
2018.6658 58.3404
2018.6685 54.3296
2018.6712 55.7635
2018.6740 57.7818
2018.6767 56.2242
2018.6795 64.0803
2018.6822 44.6598
2018.6849 50.4323
2018.6877 54.9176
2018.6904 58.1852
2018.6932 61.9348
2018.6959 61.5861
2018.6986 61.5487
2018.7014 59.1724
2018.7041 57.8667
2018.7068 63.4713
2018.7096 60.2759
2018.7123 58.2401
2018.7151 56.5736
2018.7178 57.5661
2018.7205 58.1472
2018.7233 56.0366
2018.7260 54.9638
2018.7288 59.8987
2018.7315 53.6509
2018.7342 55.2799
2018.7370 67.4955
2018.8137 54.7766
2018.8164 54.5869
2018.8192 56.7112
2018.8219 60.5799
2018.8247 57.0735
2018.8274 64.0224
2018.8301 56.6670
2018.8466 57.1045
2018.8493 52.7539
2018.8521 50.7744
2018.8548 49.2258
2018.8575 48.3279
2018.8603 50.2208
2018.8630 49.8642
2018.8658 46.6281
2018.8685 53.3822
2018.8712 50.5766
2018.8740 48.1211
2018.8767 52.4755
2018.8795 51.1098
2018.8822 61.5238
2018.8849 59.0974
2018.8877 57.7905
2018.8904 57.5629
2018.8932 56.3247
2018.8959 50.7855
2018.8986 51.4753
2018.9014 52.4341
2018.9041 56.6916
2018.9068 52.1177
2018.9096 53.2924
2018.9123 46.3755
2018.9151 51.8969
2018.9178 47.6177
2018.9205 46.6793
2018.9233 47.7115
2018.9260 41.6941
2018.9288 49.2270
2018.9315 54.1601
2018.9342 49.4932
2018.9370 51.4761
2018.9397 51.8789
2018.9425 51.2212
2018.9452 51.7130
2018.9479 49.4241
2018.9507 50.6844
2018.9534 51.5638
2018.9562 52.1620
2018.9589 51.5691
2018.9616 50.6847
2018.9644 55.9789
2018.9671 55.0714
2018.9699 54.0821
2018.9726 49.2309
2018.9753 54.4977
2018.9781 57.1622
2018.9808 57.4144
2018.9836 55.8841
2018.9863 55.3211
2018.9890 57.9854
2018.9918 55.8269
2018.9945 58.3052
2018.9973 56.5704
2019.0000 56.9523
2019.0027 53.4521
2019.0055 50.8511
2019.0082 56.0295
2019.0110 52.4071
2019.0137 56.2041
2019.0164 56.7305
2019.0192 51.5063
2019.0219 51.0115
2019.0247 47.8062
2019.0274 54.1505
2019.0301 52.8842
2019.0329 54.0276
2019.0356 56.1105
2019.0384 55.2331
2019.0411 55.4053
2019.0438 55.8273
2019.0466 59.3290
2019.0493 56.1004
2019.0521 53.2316
2019.0548 53.6727
2019.0575 57.1936
2019.0603 55.8844
2019.0630 58.0352
2019.0658 58.2459
2019.0685 55.9666
2019.0712 58.9372
2019.0740 62.2980
2019.0767 58.3588
2019.0795 55.2197
2019.0822 54.6807
2019.0849 55.1113
2019.0877 57.3515
2019.0904 56.8512
2019.0932 58.5906
2019.0959 57.5897
2019.0986 62.7185
2019.1014 56.3470
2019.1041 57.0853
2019.1068 54.8434
2019.1096 56.4514
2019.1123 59.2994
2019.1151 55.7272
2019.1178 58.6951
2019.1205 56.4129
2019.1233 55.5708
2019.1260 55.9689
2019.1288 51.8270
2019.1315 49.6254
2019.1342 50.3539
2019.1370 51.3327
2019.1397 50.4518
2019.1425 49.8212
2019.1452 51.5710
2019.1479 52.2712
2019.1507 50.5119
2019.1534 51.1530
2019.1562 61.1646
2019.1589 50.7069
2019.1616 51.9097
2019.1644 51.5940
2019.1671 53.3905
2019.1699 54.3093
2019.1726 54.0001
2019.1753 49.6731
2019.1781 50.5681
2019.1808 55.7050
2019.1836 55.5839
2019.1863 57.4746
2019.1890 52.9071
2019.1918 55.8914
2019.1945 55.8873
2019.1973 54.8949
2019.2000 57.4540
2019.2027 59.2446
2019.2055 58.6767
2019.2082 55.4603
2019.2110 57.5851
2019.2137 53.9213
2019.2164 57.5887
2019.2192 60.5472
2019.2219 58.2369
2019.2247 56.0176
2019.2274 62.9194
2019.2301 64.7921
2019.2329 63.1257
2019.2356 65.2901
2019.2384 64.5053
2019.2411 65.1413
2019.2438 60.5379
2019.2466 60.3953
2019.2493 65.7343
2019.2521 65.9650
2019.2548 60.1073
2019.2575 60.3311
2019.2603 64.3061
2019.2630 65.4824
2019.2658 65.3698
2019.2685 63.6782
2019.2712 61.2174
2019.2740 64.9674
2019.2767 59.1080
2019.2795 57.7891
2019.2822 54.5306
2019.2849 55.5224
2019.2877 59.9044
2019.2904 60.5763
2019.2932 64.6282
2019.2959 61.2599
2019.2986 62.4813
2019.3014 59.4023
2019.3041 58.7927
2019.3068 62.1124
2019.3096 61.3913
2019.3123 63.1494
2019.3151 59.2364
2019.3178 60.4123
2019.3205 50.9369
2019.3233 66.6301
2019.3260 63.1818
2019.3288 59.4520
2019.3315 55.5913
2019.3342 57.6308
2019.3370 65.4104
2019.3397 64.2899
2019.3425 66.4494
2019.3452 58.9687
2019.3479 62.7777
2019.3507 61.3863
2019.3534 66.8645
2019.3562 49.4722
2019.3589 56.4593
2019.3616 63.2958
2019.3644 60.3415
2019.3671 59.1363
2019.3699 66.4802
2019.3726 65.4631
2019.3753 63.2049
2019.3781 60.6856
2019.3808 59.6850
2019.3836 54.1531
2019.3863 53.0697
2019.3890 61.5949
2019.3918 56.1984
2019.3945 57.1004
2019.3973 55.3705
2019.4000 54.7589
2019.4027 58.1653
2019.4055 56.0997
2019.4082 53.4221
2019.4110 58.0623
2019.4137 58.2804
2019.4164 56.8368
2019.4192 55.3718
2019.4219 60.2554
2019.4247 54.5677
2019.4274 56.2788
2019.4301 55.5189
2019.4329 54.2480
2019.4356 53.9762
2019.4384 54.2936
2019.4411 54.9103
2019.4438 57.3063
2019.4466 57.3919
2019.4493 57.2471
2019.4521 59.6119
2019.4548 56.6465
2019.4575 48.4910
2019.4603 43.1354
2019.4658 44.2746
2019.4685 42.8295
2019.4767 60.1666
2019.4795 63.6235
2019.4822 65.1610
2019.4849 66.6094
2019.4877 65.8287
2019.4904 65.1790
2019.4932 65.7504
2019.4959 63.4431
2019.4986 63.2866
2019.5014 65.7407
2019.5041 60.3754
2019.5068 62.0005
2019.5096 63.1161
2019.5123 59.3721
2019.5151 58.7384
2019.5178 60.3550
2019.5205 64.0120
2019.5233 59.9891
2019.5260 60.8165
2019.5288 62.2840
2019.5315 63.1016
2019.5342 62.1692
2019.5370 60.3569
2019.5397 51.7246
2019.5425 59.0822
2019.5452 59.0996
2019.5479 61.0170
2019.5507 60.8741
2019.5534 60.6610
2019.5562 63.1077
2019.5589 60.3440
2019.5616 55.4399
2019.5644 63.4455
2019.5671 67.7406
2019.5699 66.9452
2019.5726 68.0392
2019.5753 67.2327
2019.5781 63.6556
2019.5808 64.8379
2019.5836 57.9886
2019.5863 60.5774
2019.5890 68.4741
2019.5918 66.0691
2019.5945 59.9023
2019.5973 61.9741
2019.6000 64.4344
2019.6027 61.6034
2019.6055 64.3713
2019.6082 69.1482
2019.6110 69.0842
2019.6137 67.8894
2019.6164 69.8940
2019.6192 66.9981
2019.6219 67.5719
2019.6247 69.5755
2019.6274 72.0289
2019.6301 73.1824
2019.6329 68.8761
2019.6356 65.2101
2019.6384 65.1245
2019.6411 67.4795
2019.6438 67.3352
2019.6466 73.9718
2019.6493 68.7393
2019.6521 69.2279
2019.6548 69.6978
2019.6575 64.3590
2019.6603 64.2217
2019.6630 58.6961
2019.6658 64.5122
2019.6685 67.9196
2019.6712 71.5783
2019.6740 70.5383
2019.6767 69.7995
2019.6795 65.5620
2019.6822 65.8857
2019.6849 62.8207
2019.6877 67.1668
2019.6904 66.3040
2019.6932 72.2925
2019.6959 65.2421
2019.6986 65.0628
2019.7014 67.6446
2019.7041 68.2675
2019.7068 69.2715
2019.7096 71.7366
2019.7123 71.1827
2019.7151 66.7099
2019.7178 70.0780
2019.7205 72.0272
2019.7233 68.0973
2019.7260 64.4584
2019.7288 69.3005
2019.7315 67.8335
2019.7342 69.7974
2019.7370 60.9422
2019.7397 62.8079
2019.7425 66.0545
2019.7452 71.0419
2019.7479 71.9101
2019.7507 75.3714
2019.7534 72.9876
2019.7562 70.9682
2019.7589 69.3530
2019.7616 67.5515
2019.7644 66.1236
2019.7671 69.9288
2019.7699 68.3067
2019.7726 66.6771
2019.7753 66.3195
2019.7781 64.9037
2019.7808 68.4093
2019.7836 62.1860
2019.7863 70.9233
2019.7890 70.3711
2019.7918 65.9788
2019.7945 71.0562
2019.7973 69.3529
2019.8000 64.9286
2019.8027 66.5830
2019.8055 58.9656
2019.8082 58.3062
2019.8110 53.6044
2019.8137 53.2499
2019.8164 53.8722
2019.8192 62.8712
2019.8219 63.2364
2019.8247 62.7974
2019.8274 70.8440
2019.8301 52.2857
2019.8329 60.4730
2019.8356 62.3590
2019.8384 64.0243
2019.8411 63.9690
2019.8438 63.1229
2019.8466 62.0060
2019.8493 60.5684
2019.8521 62.9098
2019.8548 58.4604
2019.8575 69.7601
2019.8603 59.8389
2019.8630 65.9566
2019.8658 67.7633
2019.8685 62.5890
2019.8712 60.6035
2019.8740 60.4869
2019.8767 63.7692
2019.8795 63.2602
2019.8822 60.9800
2019.8849 58.3485
2019.8877 57.6057
2019.8904 55.9715
2019.8932 56.9460
2019.8959 59.6690
2019.8986 63.2705
2019.9014 60.7706
2019.9041 54.8491
2019.9068 60.8560
2019.9096 61.9013
2019.9123 61.5450
2019.9151 59.4170
2019.9178 63.3880
2019.9205 62.8286
2019.9233 61.1990
2019.9260 58.9491
2019.9288 60.0489
2019.9315 59.3285
2019.9342 59.9879
2019.9370 59.1972
2019.9397 59.2363
2019.9425 61.9753
2019.9452 60.8642
2019.9479 57.9330
2019.9507 57.7718
2019.9534 57.9305
2019.9562 58.3293
2019.9589 56.6481
2019.9616 57.8469
2019.9644 56.5959
2019.9671 59.2349
2019.9699 61.4840
2019.9726 61.2233
2019.9753 63.5028
2019.9781 62.4825
2019.9808 63.6524
2019.9836 64.5626
2019.9863 65.5531
2019.9890 67.8738
2019.9918 67.3949
2019.9945 65.1863
2019.9973 58.9281
2020.0000 63.6303
2020.0027 62.7428
2020.0055 66.4953
2020.0082 66.1778
2020.0109 68.6004
2020.0137 64.8629
2020.0164 66.2955
2020.0191 66.9280
2020.0219 68.5906
2020.0246 67.3732
2020.0273 63.4958
2020.0301 64.3084
2020.0328 63.1110
2020.0355 65.6437
2020.0383 64.0063
2020.0410 64.8190
2020.0437 67.0816
2020.0464 60.7243
2020.0492 65.1470
2020.0519 64.1897
2020.0546 63.4124
2020.0574 62.3751
2020.0601 61.1678
2020.0628 63.2405
2020.0656 64.2432
2020.0683 59.9560
2020.0710 63.2787
2020.0738 61.0515
2020.0765 60.0542
2020.0792 65.7070
2020.0820 63.1798
2020.0847 62.5226
2020.0874 63.7756
2020.0902 66.3086
2020.0929 69.3717
2020.0956 65.1949
2020.0984 67.5782
2020.1011 63.4516
2020.1038 58.5850
2020.1066 54.3786
2020.1093 59.9022
2020.1120 69.9559
2020.1148 65.2696
2020.1175 67.1235
2020.1202 69.7374
2020.1230 65.4814
2020.1257 61.5955
2020.1284 61.8197
2020.1311 61.9839
2020.1339 60.7082
2020.1366 59.2726
2020.1393 62.9671
2020.1421 64.2316
2020.1448 67.5862
2020.1475 64.6109
2020.1503 63.9656
2020.1530 67.5104
2020.1557 64.5253
2020.1585 65.0702
2020.1612 69.3052
2020.1639 68.6612
2020.1667 64.1098
2020.1694 64.4408
2020.1721 65.7641
2020.1749 68.4997
2020.1776 64.7275
2020.1803 66.9074
2020.1831 66.0392
2020.1858 66.7430
2020.1885 68.1585
2020.1913 69.4057
2020.1940 69.9644
2020.1967 68.2147
2020.1995 70.9464
2020.2022 71.7394
2020.2049 74.0636
2020.2077 68.6689
2020.2104 69.6852
2020.2131 68.0624
2020.2158 72.6505
2020.2186 71.2293
2020.2213 68.1487
2020.2240 72.3486
2020.2268 76.6690
2020.2295 77.2397
2020.2322 77.2306
2020.2350 73.7617
2020.2377 69.8829
2020.2404 70.4040
2020.2432 71.6849
2020.2459 67.2658
2020.2486 68.1903
2020.2514 67.8395
2020.2541 70.9131
2020.2623 69.7364
2020.2650 71.8937
2020.2678 71.1635
2020.2705 64.8754
2020.2732 68.6490
2020.2760 77.7439
2020.2787 65.8998
2020.2814 67.9162
2020.2842 68.9428
2020.2869 66.4093
2020.2896 66.9251
2020.2923 63.8400
2020.2951 70.4036
2020.2978 67.4755
2020.3005 66.6952
2020.3033 69.6725
2020.3060 66.0070
2020.3087 68.3282
2020.3115 68.9858
2020.3142 73.3194
2020.3169 78.8086
2020.3197 73.7330
2020.3224 71.6323
2020.3251 71.6961
2020.3279 59.3440
2020.3306 62.6865
2020.3333 68.4465
2020.3361 67.4443
2020.3388 69.0000
2020.3415 68.9238
2020.3443 69.8659
2020.3470 71.0464
2020.3497 70.4154
2020.3525 69.5331
2020.3552 66.5196
2020.3579 69.4851
2020.3607 64.5597
2020.3634 57.5336
2020.3661 63.5269
2020.3689 63.6798
2020.3716 64.4623
2020.3743 65.1847
2020.3770 64.6671
2020.3798 65.2096
2020.3825 63.9124
2020.3852 63.4056
2020.3880 64.1694
2020.3907 65.3239
2020.3934 69.8492
2020.3962 68.1556
2020.3989 74.5331
2020.4016 68.5319
2020.4044 67.4421
2020.4071 73.2939
2020.4098 71.6474
2020.4126 74.0328
2020.4153 73.2296
2020.4180 73.2772
2020.4208 71.7655
2020.4235 74.1646
2020.4262 76.5243
2020.4290 73.9046
2020.4317 73.9154
2020.4344 81.1666
2020.4372 79.0583
2020.4399 74.1502
2020.4426 71.7324
2020.4454 71.7047
2020.4481 72.6872
2020.4508 70.3596
2020.4536 75.1721
2020.4563 76.8545
2020.4590 78.5467
2020.4617 74.3086
2020.4645 75.9003
2020.4672 71.9716
2020.4699 70.8424
2020.4727 67.0328
2020.4754 65.3426
2020.4781 65.4117
2020.4809 64.2502
2020.4836 69.7478
2020.4863 80.2747
2020.4891 75.0706
2020.4918 72.8655
2020.4945 84.2194
2020.4973 73.5619
2020.5000 71.8110
2020.5027 68.7866
2020.5055 68.4091
2020.5082 67.9087
2020.5109 66.7456
2020.5137 67.9601
2020.5164 69.1726
2020.5191 68.3931
2020.5219 68.9222
2020.5246 71.3099
2020.5273 66.8666
2020.5301 71.9925
2020.5328 76.1579
2020.5355 67.3431
2020.5383 73.3983
2020.5410 63.7638
2020.5437 69.3799
2020.5464 71.2169
2020.5492 70.3249
2020.5519 71.2243
2020.5546 68.0054
2020.5574 70.9684
2020.5601 70.2236
2020.5628 78.4011
2020.5656 76.4415
2020.5683 78.6148
2020.5710 75.2413
2020.5738 76.4714
2020.5765 76.3553
2020.5792 74.1332
2020.5820 77.8450
2020.5847 76.9777
2020.5874 72.9505
2020.5902 76.9134
2020.5929 72.6963
2020.5956 73.3394
2020.5984 74.0826
2020.6011 69.3559
2020.6038 70.7393
2020.6066 65.5528
2020.6093 68.4164
2020.6120 70.4901
2020.6148 70.6538
2020.6175 64.1777
2020.6202 66.0216
2020.6230 63.2556
2020.6257 63.8796
2020.6284 62.5438
2020.6311 69.9180
2020.6339 72.4323
2020.6366 69.8566
2020.6393 70.6810
2020.6421 68.5155
2020.6448 73.9400
2020.6475 75.5545
2020.6503 67.6892
2020.6530 69.8438
2020.6557 64.8285
2020.6585 66.5333
2020.6612 69.5581
2020.6639 74.0529
2020.6667 72.2377
2020.6694 75.3327
2020.6721 71.9576
2020.6749 71.7826
2020.6776 75.3877
2020.6803 78.3228
2020.6831 77.8979
2020.6858 77.1831
2020.6885 78.3482
2020.6913 79.8134
2020.6940 80.5787
2020.6967 79.9639
2020.6995 77.5992
2020.7022 77.4444
2020.7049 77.2597
2020.7077 76.1050
2020.7104 75.0202
2020.7131 67.4255
2020.7158 78.6108
2020.7186 75.1460
2020.7213 72.7312
2020.7240 72.5664
2020.7268 74.5416
2020.7295 71.6868
2020.7322 72.1319
2020.7350 70.2870
2020.7377 72.8621
2020.7404 68.0171
2020.7432 70.7320
2020.7459 68.3070
2020.7486 76.1718
2020.7514 76.2953
2020.7541 72.1272
2020.7568 76.4876
2020.7596 72.4166
2020.7623 72.2644
2020.7650 73.2311
2020.7678 74.3467
2020.7705 73.0314
2020.7732 71.2754
2020.7760 70.9987
2020.7787 71.4115
2020.7814 71.4338
2020.7842 74.3659
2020.7869 72.3278
2020.7896 74.4896
2020.7923 70.5716
2020.7951 71.1237
2020.7978 71.5161
2020.8005 67.5990
2020.8033 71.1524
2020.8060 72.6565
2020.8087 73.1914
2020.8115 76.5172
2020.8142 70.9941
2020.8169 69.8921
2020.8197 70.4614
2020.8224 67.6921
2020.8251 66.3043
2020.8279 71.8882
2020.8306 69.4338
2020.8333 72.9119
2020.8361 68.9639
2020.8388 78.9998
2020.8415 74.9893
2020.8443 67.6322
2020.8470 67.6382
2020.8497 71.2070
2020.8525 67.3984
2020.8552 70.2921
2020.8579 69.8779
2020.8607 61.6255
2020.8634 60.7046
2020.8661 70.2350
2020.8689 67.3864
2020.8716 70.0185
2020.8743 69.6012
2020.8770 66.1541
2020.8798 62.3370
2020.8825 66.5796
2020.8852 62.1117
2020.8880 67.4930
2020.8907 61.6132
2020.8934 64.5922
2020.8962 67.0095
2020.8989 66.6950
2020.9016 67.2584
2020.9044 65.3195
2020.9071 67.8579
2020.9098 68.9235
2020.9126 69.3359
2020.9153 66.8950
2020.9180 69.4623
2020.9208 64.0992
2020.9235 68.6358
2020.9262 67.5220
2020.9290 75.4179
2020.9317 68.0334
2020.9344 71.6385
2020.9372 73.7833
2020.9399 71.2877
2020.9426 68.0818
2020.9454 72.5855
2020.9481 72.6588
2020.9508 75.0719
2020.9536 75.5046
2020.9563 76.5269
2020.9590 75.0889
2020.9617 72.8206
2020.9645 70.4619
2020.9672 74.1029
2020.9699 76.0835
2020.9727 72.2739
2020.9754 74.3939
2020.9781 76.7935
2020.9809 75.9629
2020.9836 74.2619
2020.9863 70.9706
2020.9891 72.9990
2020.9918 76.1171
2020.9945 75.7549
2020.9973 73.4024
2021.0000 75.0795
2021.0027 78.4051
2021.0055 77.6280
2021.0082 77.7085
2021.0110 76.6669
2021.0137 76.1133
2021.0164 76.4980
2021.0192 75.2913
2021.0219 70.4734
2021.0247 72.5645
2021.0274 78.7848
2021.0301 72.9247
2021.0329 73.6343
2021.0356 70.6438
2021.0384 71.6536
2021.0411 72.0539
2021.0438 70.3149
2021.0466 72.6868
2021.0493 72.8299
2021.0521 73.8544
2021.0548 72.1605
2021.0575 70.3186
2021.0603 71.7488
2021.0630 74.9414
2021.0658 72.5366
2021.0685 77.0946
2021.0712 72.6458
2021.0740 70.1403
2021.0767 71.1683
2021.0795 72.3402
2021.0822 78.5757
2021.0849 74.1723
2021.0877 75.5597
2021.0904 76.6978
2021.0932 73.7165
2021.0959 72.5159
2021.0986 67.4057
2021.1014 77.2561
2021.1041 72.4169
2021.1068 73.3881
2021.1096 73.8197
2021.1123 66.6116
2021.1151 72.0337
2021.1178 71.8060
2021.1205 76.8385
2021.1233 77.6412
2021.1260 71.6239
2021.1288 75.4666
2021.1315 65.9193
2021.1342 72.4819
2021.1370 68.4044
2021.1397 72.5067
2021.1425 76.3988
2021.1452 79.9607
2021.1479 76.9622
2021.1507 76.5334
2021.1534 76.8141
2021.1562 83.1644
2021.1589 79.6642
2021.1616 76.9035
2021.1644 74.8025
2021.1671 75.7315
2021.1699 77.2504
2021.1726 77.3094
2021.1753 72.5583
2021.1781 77.0273
2021.1808 78.0962
2021.1836 70.5851
2021.1863 75.6940
2021.1890 75.9328
2021.1918 77.1216
2021.1945 74.5704
2021.1973 79.5391
2021.2000 78.0778
2021.2027 80.1564
2021.2055 82.6550
2021.2082 82.8735
2021.2110 78.4020
2021.2137 79.0904
2021.2164 77.3487
2021.2192 79.5670
2021.2219 74.5651
2021.2247 77.0632
2021.2274 77.7713
2021.2301 78.1392
2021.2329 82.8270
2021.2356 77.0348
2021.2384 78.9624
2021.2411 76.9200
2021.2438 77.6775
2021.2466 76.5746
2021.2493 74.1107
2021.2521 80.8256
2021.2548 76.4793
2021.2575 76.2720
2021.2603 80.7238
2021.2630 80.4147
2021.2658 77.5347
2021.2685 80.7841
2021.2712 82.7728
2021.2740 80.1910
2021.2767 81.7787
2021.2795 80.0759
2021.2822 84.9429
2021.2849 85.5096
2021.2877 84.8561
2021.2904 80.6026
2021.2932 79.8491
2021.2959 76.8356
2021.2986 79.9123
2021.3014 73.0892
2021.3041 80.3865
2021.3068 77.6441
2021.3096 80.8723
2021.3123 77.2909
2021.3151 77.0302
2021.3178 78.1702
2021.3260 64.7654
2021.3288 74.5490
2021.3315 72.1147
2021.3342 71.8334
2021.3370 76.8447
2021.3397 72.6485
2021.3425 76.4246
2021.3452 78.4426
2021.3479 78.2124
2021.3507 76.8037
2021.3534 85.8364
2021.3562 86.6801
2021.3589 72.5147
2021.3616 82.4999
2021.3644 77.7555
2021.3671 77.1512
2021.3699 74.4169
2021.3726 71.8623
2021.3753 74.8571
2021.3781 65.3612
2021.3808 71.4743
2021.3836 77.4662
2021.3863 75.1166
2021.3890 83.0453
2021.3918 77.2422
2021.3945 75.0269
2021.3973 78.3092
2021.4000 80.3589
2021.4027 74.8657
2021.4055 74.6895
2021.4082 77.0200
2021.4110 80.1070
2021.4137 78.2408
2021.4164 77.7740
2021.4192 77.3872
2021.4219 73.9904
2021.4247 80.1036
2021.4274 78.7967
2021.4301 81.7098
2021.4329 83.0928
2021.4356 84.8759
2021.4384 84.2989
2021.4411 85.1418
2021.4438 79.6548
2021.4466 78.9377
2021.4493 75.9806
2021.4521 73.9035
2021.4548 74.4464
2021.4575 78.4292
2021.4603 82.1121
2021.4630 84.3649
2021.4658 83.6077
2021.4685 81.8704
2021.4712 81.7732
2021.4740 84.7359
2021.4767 82.7287
2021.4795 80.1914
2021.4822 79.7241
2021.4849 77.4468
2021.4877 84.0695
2021.4904 76.7422
2021.4932 81.1548
2021.4959 85.5875
2021.4986 85.5301
2021.5014 88.0328
2021.5041 84.8754
2021.5068 78.0281
2021.5096 77.9807
2021.5123 75.6033
2021.5151 79.1560
2021.5178 82.3986
2021.5205 83.4412
2021.5233 82.9238
2021.5260 76.8964
2021.5288 78.6190
2021.5315 80.5116
2021.5342 81.5043
2021.5370 83.9669
2021.5397 80.7295
2021.5425 84.2621
2021.5452 80.7447
2021.6740 79.2833
2021.6767 81.1056
2021.6795 90.6942
2021.6822 82.1886
2021.6849 84.8683
2021.6877 74.1030
2021.6904 82.1522
2021.6932 83.3455
2021.6959 75.9923
2021.6986 83.8524
2021.7014 84.1752
2021.7041 83.7003
2021.7068 83.3772
2021.7096 84.2956
2021.7123 81.6950
2021.7151 73.6149
2021.7178 82.8849
2021.7205 78.1346
2021.7233 81.1735
2021.7260 82.0612
2021.7288 79.9172
2021.7315 79.2012
2021.7342 73.1226
2021.7370 81.3210
2021.7397 79.8160
2021.7425 81.3072
2021.7452 76.5241
2021.7479 78.1862
2021.7507 78.0565
2021.7534 77.5776
2021.7562 79.6794
2021.7589 81.3319
2021.7616 79.7748
2021.7644 84.4582
2021.7671 87.3817
2021.7699 84.9654
2021.7726 76.4991
2021.7753 81.5826
2021.7781 78.6759
2021.7808 79.0689
2021.7836 80.7513
2021.7863 78.3230
2021.7890 78.7140
2021.7918 80.5741
2021.7945 85.5033
2021.7973 85.3012
2021.8384 78.8266
2021.8411 72.3867
2021.8438 82.7562
2021.8466 82.7152
2021.8493 78.7337
2021.8521 77.2918
2021.8548 75.1794
2021.8575 79.4466
2021.8603 74.8434
2021.8630 68.2899
2021.8685 70.6319
2021.8712 74.2574
2021.8740 75.1127
2021.8767 73.9878
2021.8795 71.8927
2021.8822 77.2973
2021.8849 75.7819
2021.8904 76.3606
2021.8932 80.5249
2021.8959 81.2491
2021.8986 78.2832
2021.9014 79.2774
2021.9041 83.6716
2021.9068 82.0059
2021.9096 82.1703
2021.9123 83.9347
2021.9151 84.2593
2021.9178 87.8443
2021.9205 88.3401
2021.9233 81.1364
2021.9260 84.5333
2021.9288 88.1006
2021.9315 83.3882
2021.9342 80.7461
2021.9370 85.7942
2021.9397 86.8924
2021.9425 86.0405
2021.9452 80.7586
2021.9479 86.0264
2021.9507 82.0040
2021.9534 86.4913
2021.9562 87.3081
2021.9589 86.5344
2021.9616 91.2700
2021.9644 85.9249
2021.9671 87.1191
2021.9699 83.1723
2021.9726 81.9446
2021.9753 85.7158
2021.9781 85.4958
2021.9808 82.6247
2021.9836 87.8621
2021.9863 88.1382
2021.9890 85.0028
2021.9918 86.6058
2021.9945 89.7571
2021.9973 83.5466
2022.0000 85.2943
2022.0027 87.3098
2022.0055 84.2229
2022.0082 83.2437
2022.0110 83.6523
2022.0137 84.9689
2022.0164 84.1536
2022.0192 87.4365
2022.0219 86.5377
2022.0247 87.6574
2022.0274 86.6855
2022.0301 82.6924
2022.0329 82.2281
2022.0356 81.9926
2022.0384 81.9862
2022.0411 83.3389
2022.0438 82.8910
2022.0466 83.3723
2022.0493 77.7432
2022.0521 84.8038
2022.0548 85.2740
2022.0575 85.5142
2022.0603 78.0943
2022.0630 79.6445
2022.0658 84.0649
2022.0685 84.7357
2022.0712 83.1569
2022.0740 81.9087
2022.0767 83.2412
2022.0795 90.2045
2022.0822 90.1084
2022.0849 84.4118
2022.0877 84.4343
2022.0904 85.8360
2022.0932 86.5571
2022.0959 88.4577
2022.0986 86.1478
2022.1014 92.4674
2022.1041 91.6268
2022.1068 89.0059
2022.1096 85.1049
2022.1123 86.1539
2022.1151 89.4128
2022.1178 91.4019
2022.1205 89.8512
2022.1233 88.5607
2022.1260 85.4306
2022.1288 89.2110
2022.1315 88.0319
2022.1342 88.7634
2022.1370 87.7056
2022.1397 95.0786
2022.1425 87.2624
2022.1452 87.5372
2022.1479 85.9030
2022.1507 80.0700
2022.1534 89.5082
2022.1562 89.1276
2022.1589 85.6585
2022.1616 85.1807
2022.1644 85.5248
2022.1671 87.3307
2022.1699 88.3484
2022.1726 88.1578
2022.1753 90.1686
2022.1781 91.9110
2022.1808 88.8746
2022.1836 91.1095
2022.1863 88.7454
2022.1890 90.8323
2022.1918 90.4000
2022.1945 93.5485
2022.1973 86.3176
2022.2000 86.0272
2022.2027 84.2772
2022.2055 88.7375
2022.2082 88.6280
2022.2110 94.0185
2022.2137 89.4789
2022.2164 93.2592
2022.2192 87.0691
2022.2219 90.8387
2022.2247 88.1777
2022.2274 92.1461
2022.2301 81.0437
2022.2329 83.1705
2022.2356 84.5363
2022.2384 87.5610
2022.2411 89.8744
2022.2438 86.8966
2022.2466 92.4375
2022.2493 84.8281
2022.2521 94.7388
2022.2548 87.9894
2022.2575 87.0300
2022.2603 83.2505
2022.2630 87.6710
2022.2658 87.5116
2022.2685 82.3220
2022.2712 83.2425
2022.2740 86.0030
2022.2767 88.0334
2022.2795 90.5639
2022.2822 86.5743
2022.2849 87.8847
2022.2877 87.1651
2022.2904 89.1655
2022.2932 85.6360
2022.2959 85.9564
2022.2986 92.8668
2022.3014 86.6173
2022.3041 81.2677
2022.3068 79.3582
2022.3096 84.0786
2022.3123 80.0591
2022.3151 82.9196
2022.3178 86.0602
2022.3205 84.0607
2022.3233 91.1213
2022.3260 88.6919
2022.3288 90.5826
2022.3315 89.8733
2022.3342 94.6640
2022.3370 85.4148
2022.3397 86.4157
2022.3425 88.6266
2022.3452 85.5276
2022.3479 82.9986
2022.3507 82.4797
2022.3534 79.2708
2022.3562 86.9120
2022.3589 90.5932
2022.3616 88.0545
2022.3644 86.7958
2022.3671 87.5772
2022.3699 86.4386
2022.3726 90.4501
2022.3753 89.1816
2022.3781 92.4431
2022.3808 88.0647
2022.3836 86.7564
2022.3863 93.0780
2022.3890 94.2797
2022.3918 88.8215
2022.3945 83.9733
2022.3973 93.4551
2022.4000 82.9170
2022.4027 103.9089
2022.4055 98.3908
2022.4082 96.6727
2022.4110 92.3247
2022.4137 94.2773
2022.4164 92.8635
2022.4192 89.7437
2022.4219 96.4476
2022.4247 90.2649
2022.4274 88.0153
2022.4301 81.9487
2022.4329 89.3146
2022.4356 90.9129
2022.4384 91.2033
2022.4411 92.2256
2022.4438 89.7694
2022.4466 90.9546
2022.4493 87.8808
2022.4521 82.9877
2022.4548 82.6153
2022.4575 82.0930
2022.4603 79.9008
2022.4630 89.4783
2022.4658 88.2253
2022.4685 87.7815
2022.4712 90.4266
2022.4740 95.4305
2022.4767 98.0127
2022.4795 95.2032
2022.4822 96.7415
2022.4849 94.3875
2022.4877 94.0608
2022.4904 92.2412
2022.4932 87.5985
2022.4959 83.6724
2022.4986 83.6423
2022.5014 82.1680
2022.5041 84.5198
2022.5068 87.3279
2022.5096 96.3327
2022.5123 93.9644
2022.5151 96.9135
2022.5178 94.2200
2022.5205 90.2944
2022.5233 88.9369
2022.5260 82.4979
2022.5288 78.4376
2022.5315 79.0562
2022.5342 91.0942
2022.5370 95.5918
2022.5397 93.3893
2022.5425 94.4469
2022.5452 95.8650
2022.5479 91.0339
2022.5507 87.9439
2022.5534 94.0652
2022.5562 90.5782
2022.5589 93.4731
2022.5616 98.0802
2022.5644 94.6899
2022.5671 94.7623
2022.5699 90.8879
2022.5726 89.0969
2022.5753 86.9296
2022.5781 90.4763
2022.5808 88.0473
2022.5836 90.5510
2022.5863 89.3558
2022.5890 89.7416
2022.5918 93.6884
2022.5945 91.2262
2022.5973 91.8951
2022.6000 90.4250
2022.6027 92.0359
2022.6055 92.5677
2022.6082 82.0905
2022.6110 85.9644
2022.6137 86.6191
2022.6164 88.6449
2022.6192 94.4016
2022.6219 91.2192
2022.6247 93.8177
2022.6274 93.2972
2022.6301 92.0576
2022.6329 90.3989
2022.6356 92.8311
2022.6384 96.9842
2022.6411 94.2981
2022.6438 92.6730
2022.6466 93.9987
2022.6493 89.4553
2022.6521 88.4127
2022.6548 90.3809
2022.6575 92.6200
2022.6603 96.0999
2022.6630 92.2206
2022.6658 89.7523
2022.6685 96.9057
2022.6712 98.3608
2022.6740 92.6675
2022.6767 92.6557
2022.6795 92.4753
2022.6822 98.4061
2022.6849 100.2781
2022.6877 95.1910
2022.6904 91.5948
2022.6932 100.1094
2022.6959 99.2145
2022.6986 104.0702
2022.7014 100.8662
2022.7041 98.7125
2022.7068 97.8589
2022.7096 96.5053
2022.7123 97.6516
2022.7151 96.9976
2022.7178 95.6433
2022.7205 101.5585
2022.7233 96.8330
2022.7260 95.5068
2022.7288 91.8797
2022.7315 96.0017
2022.7342 96.4325
2022.7370 98.7020
2022.7397 99.3103
2022.7425 98.1270
2022.7452 97.7021
2022.7479 92.4355
2022.7507 92.6562
2022.7534 96.7236
2022.7562 89.6580
2022.7589 94.2295
2022.7616 92.9785
2022.7644 97.5949
2022.7671 96.4092
2022.7699 101.1516
2022.7726 99.3221
2022.7753 91.6811
2022.7781 94.2588
2022.7808 94.2353
2022.7836 89.5110
2022.7863 98.9660
2022.7890 89.8605
2022.7918 87.3948
2022.7945 90.3990
2022.7973 89.0534
2022.8000 92.4682
2022.8027 92.4137
2022.8055 91.1299
2022.8082 95.7472
2022.8110 91.3058
2022.8137 89.4459
2022.8164 83.4076
2022.8192 89.5313
2022.8219 87.4371
2022.8247 88.5753
2022.8274 86.3160
2022.8301 91.0395
2022.8329 89.8564
2022.8356 96.4296
2022.8384 90.2991
2022.8411 93.6144
2022.8438 87.9851
2022.8466 86.0007
2022.8493 83.7809
2022.8521 93.8252
2022.8548 100.4931
2022.8575 87.9541
2022.8603 90.4779
2022.8630 90.8740
2022.8658 94.8720
2022.8685 91.4214
2022.8712 87.1018
2022.8740 88.9928
2022.8767 89.0938
2022.8795 94.5045
2022.8822 88.9845
2022.8849 91.6232
2022.8877 91.4902
2022.8904 96.7551
2022.8932 99.4476
2022.8959 99.0669
2022.8986 92.7729
2022.9014 96.6151
2022.9041 96.0629
2022.9068 92.0359
2022.9096 93.8338
2022.9123 98.3960
2022.9151 96.2422
2022.9178 95.9333
2022.9205 95.9209
2022.9233 98.0850
2022.9260 92.4757
2022.9288 94.8529
2022.9315 99.2268
2022.9342 94.6474
2022.9370 94.1848
2022.9397 98.1390
2022.9425 100.3600
2022.9452 98.2379
2022.9479 98.8229
2022.9507 99.9148
2022.9534 91.8338
2022.9562 96.3999
2022.9589 96.2732
2022.9616 97.0237
2022.9644 98.5214
2022.9671 99.4865
2022.9699 97.2590
2022.9726 90.4789
2022.9753 92.6663
2022.9781 95.1912
2022.9808 91.2937
2022.9836 91.3239
2022.9863 90.2817
2022.9890 92.8373
2022.9918 95.2306
2022.9945 92.3418
2022.9973 92.2610
2023.0000 94.5480
