2008.0232 0.4732
2008.0260 -1.9464
2008.0287 0.7337
2008.0314 -3.6063
2008.0342 -2.9664
2008.0369 -2.6467
2008.0396 -4.0570
2008.0423 -4.2673
2008.0451 -3.0176
2008.0478 -5.9277
2008.0505 -4.6577
2008.0533 -2.5474
2008.0560 -4.3869
2008.0587 -6.5160
2008.0615 -2.6548
2008.0642 -4.7732
2008.0669 -5.2011
2008.0697 -5.3684
2008.0724 -6.1352
2008.0751 -4.4914
2008.0779 -0.0168
2008.0806 -5.5716
2008.0833 -7.3545
2008.0861 -8.5643
2008.0888 -5.7112
2008.0915 -4.6755
2008.0943 -5.7274
2008.0970 -5.4471
2008.0997 -2.7349
2008.1025 -2.7710
2008.1052 2.8143
2008.1079 -1.9791
2008.1107 -6.4515
2008.1134 -1.3032
2008.1161 -3.2943
2008.1189 -3.7352
2008.1216 -6.1460
2008.1243 -5.9470
2008.1270 -7.0284
2008.1298 -6.7505
2008.1325 -2.9235
2008.1352 -5.8076
2008.1380 -2.3830
2008.1407 -4.3300
2008.1434 -1.9089
2008.1462 -2.9398
2008.1489 -1.3931
2008.1516 -1.4888
2008.1544 -3.8174
2008.1571 -7.0289
2008.1598 -7.0237
2008.1626 -7.7118
2008.1653 -4.9815
2008.1680 -2.9722
2008.1708 3.4161
2008.1735 -5.0765
2008.1762 -0.7899
2008.1790 -7.7241
2008.1817 -5.7590
2008.1844 -4.7645
2008.1872 -3.1806
2008.1899 -4.7771
2008.1926 -8.4041
2008.1954 -3.4615
2008.1981 -3.5992
2008.2008 -5.5271
2008.2035 -3.6151
2008.2063 -7.6133
2008.2090 -2.5815
2008.2117 -5.2496
2008.2145 -8.0277
2008.2172 -12.7556
2008.2199 -9.1932
2008.2227 -8.8505
2008.2254 -11.2075
2008.2281 -12.5040
2008.2309 -7.0000
2008.2336 -8.8155
2008.2363 -9.1603
2008.2391 -7.7544
2008.2418 -9.2378
2008.2445 -7.7803
2008.2473 -5.4422
2008.2500 -3.1140
2008.2527 -3.4559
2008.2555 -6.9878
2008.2582 -2.2696
2008.2609 -1.0713
2008.2637 -9.6230
2008.2664 -10.6346
2008.2691 -9.0960
2008.2719 -11.8172
2008.2746 -9.9183
2008.2773 -7.3891
2008.2801 -7.7898
2008.2828 -6.9801
2008.2855 -5.9202
2008.2882 -7.1901
2008.2910 -5.4795
2008.2937 -3.6187
2008.2964 -5.1974
2008.2992 -3.5958
2008.3019 -4.1538
2008.3046 -2.5913
2008.3074 -7.1084
2008.3101 -5.8650
2008.3128 -7.3210
2008.3156 -4.6666
2008.3183 -6.6716
2008.3210 -7.9460
2008.3238 -5.4698
2008.3265 -8.4230
2008.3292 -5.6555
2008.3320 -5.6464
2008.3347 -3.9951
2008.3374 -1.8717
2008.3402 -5.4365
2008.3429 -3.9796
2008.3456 -8.5410
2008.3484 -8.5609
2008.3511 -4.9995
2008.3538 -2.3169
2008.3566 -4.5232
2008.3593 -6.2585
2008.3620 0.2270
2008.3648 -1.5069
2008.3675 -7.7402
2008.3702 -5.5531
2008.3729 -7.2057
2008.3757 -1.8581
2008.3784 -3.2506
2008.3811 -9.3231
2008.3839 -16.6459
2008.3866 -11.5691
2008.3893 -14.1228
2008.3921 -7.6672
2008.3948 -8.2323
2008.3975 -9.2484
2008.4003 -10.3056
2008.4030 -5.0339
2008.4057 -9.2935
2008.4085 -6.2246
2008.4112 -10.9973
2008.4139 -10.7317
2008.4167 -6.8582
2008.4194 -3.0565
2008.4221 -6.9865
2008.4249 -5.2981
2008.4276 -5.8511
2008.4303 -9.0154
2008.4331 -6.3507
2008.4358 -6.1170
2008.4385 -6.9241
2008.4413 -9.5818
2008.4440 -7.7300
2008.4467 -8.1685
2008.4495 -8.3672
2008.4522 -9.1759
2008.4549 -14.3644
2008.4576 -13.0426
2008.4604 -10.3504
2008.4631 -9.8276
2008.4658 -12.3640
2008.4686 -11.8395
2008.4713 -11.1939
2008.4740 -7.2471
2008.4768 -9.8189
2008.4795 -11.4991
2008.4822 -10.6877
2008.4850 -12.3844
2008.4877 -13.5091
2008.4904 -10.5816
2008.4932 -14.5819
2008.4959 -15.3196
2008.4986 -14.8852
2008.5014 -12.5691
2008.5041 -10.5414
2008.5068 -14.7522
2008.5096 -14.5617
2008.5123 -12.2699
2008.5150 -11.1669
2008.5178 -13.3728
2008.5205 -8.3778
2008.5232 -7.8319
2008.5260 0.1748
2008.5314 -15.4401
2008.5342 -12.7417
2008.5369 -8.6331
2008.5396 -4.3741
2008.5423 -5.2751
2008.5451 -7.7659
2008.5478 -10.3169
2008.5505 -13.2480
2008.5533 -11.3794
2008.5560 -6.6311
2008.5587 -10.5433
2008.5615 -8.2361
2008.5642 -6.3095
2008.5669 -2.4838
2008.5697 -2.7789
2008.5724 -6.8750
2008.5751 -10.4121
2008.5779 -9.1705
2008.5806 -11.0001
2008.5833 -14.2410
2010.0479 5.7404
2010.0507 4.7625
2010.0534 7.7154
2010.0562 4.7192
2010.0589 6.9939
2010.0616 3.6197
2010.0644 0.8868
2010.0671 4.8352
2010.0699 3.3553
2010.0726 6.0969
2010.0753 4.9704
2010.0781 3.9259
2010.0808 5.3934
2010.0836 4.9423
2010.0863 1.0617
2010.0890 5.8016
2010.0918 6.8720
2010.0945 5.5927
2010.0973 1.0939
2010.1000 1.5754
2010.1027 0.2972
2010.1055 1.3993
2010.1082 0.1717
2010.1110 2.2042
2010.1137 1.8270
2010.1164 4.9199
2010.1192 -2.0971
2010.1219 3.4960
2010.1247 5.7891
2010.1274 2.8123
2010.1301 4.0054
2010.1329 2.3185
2010.1356 -0.2385
2010.1384 0.4843
2010.1411 -2.1430
2010.1438 -2.0304
2010.1466 1.5918
2010.1493 5.5139
2010.1521 4.1656
2010.1548 3.6770
2010.1575 6.3880
2010.1603 0.0787
2010.1630 1.6489
2010.1658 4.1091
2010.1685 3.1791
2010.1712 4.4390
2010.1740 7.1389
2010.1767 3.7187
2010.1795 2.2584
2010.1822 0.0880
2010.1849 5.2776
2010.1877 5.3772
2010.1904 1.0867
2010.1931 -1.7738
2010.1959 -2.0743
2010.1986 -1.4749
2010.2014 0.3246
2010.2041 -2.3159
2010.2068 -0.9065
2010.2096 -1.2170
2010.2123 0.9325
2010.2151 0.2321
2010.2178 7.4317
2010.2205 2.8213
2010.2233 3.6010
2010.2260 3.4508
2010.2288 2.4706
2010.2315 2.5805
2010.2342 3.5705
2010.2370 4.8206
2010.2397 2.8808
2010.2425 6.0712
2010.2452 2.6816
2010.2479 5.8722
2010.2507 3.8332
2010.2534 5.1845
2010.2562 14.4960
2010.2589 6.8279
2010.2616 8.4800
2010.2644 0.5624
2010.2671 2.6451
2010.2699 2.7080
2010.2726 5.1512
2010.2753 7.0046
2010.2781 3.8483
2010.2808 2.0222
2010.2836 5.7663
2010.2863 -0.0193
2010.2890 2.2453
2010.2918 1.0000
2010.2945 -0.1350
2010.2973 -1.8798
2010.3000 4.2955
2010.3027 11.4311
2010.3055 4.9368
2010.3082 5.8426
2010.3110 7.1487
2010.3137 8.7848
2010.3164 6.9712
2010.3192 6.1476
2010.3219 3.9142
2010.3247 1.4009
2010.3274 0.7778
2010.3575 8.6020
2010.3603 5.3160
2010.4041 10.8238
2010.4151 6.1131
2010.4288 10.0751
2010.4315 12.7596
2010.4342 7.6547
2010.4452 3.0111
2010.4507 14.8577
2010.4534 6.0268
2010.9931 7.7311
2010.9959 9.0190
2010.9986 11.6571
2011.0014 8.2951
2011.0041 9.3222
2011.0068 12.7283
2011.0096 5.6535
2011.0123 9.9879
2011.0151 17.0717
2011.0178 9.6448
2011.0205 9.7275
2011.0233 8.3497
2011.0260 6.7617
2011.0288 7.7734
2011.0315 7.1650
2011.0342 6.1266
2011.0370 8.8883
2011.0397 6.9901
2011.0425 8.6423
2011.0452 8.3048
2011.0479 7.1177
2011.0507 7.5812
2011.0534 11.0954
2011.0562 7.7403
2011.0589 13.3861
2011.0616 12.1328
2011.0644 11.4105
2011.0671 12.2494
2011.0699 8.4995
2011.0726 11.6210
2011.0753 11.7439
2011.0781 10.3383
2011.0808 8.9243
2011.0836 8.3617
2011.0863 10.4500
2011.0890 9.1193
2011.0918 9.8894
2011.0945 10.1703
2011.0973 9.1119
2011.1000 9.3642
2011.1027 13.4972
2011.1055 10.5006
2011.1082 11.6746
2011.1110 8.8589
2011.1137 12.9237
2011.1164 8.4987
2011.1192 8.2940
2011.1219 9.6894
2011.1247 16.1850
2011.1274 9.9406
2011.1301 13.0562
2011.1329 12.1618
2011.1356 10.8172
2011.1384 12.5624
2011.1411 13.0674
2011.1438 16.1621
2011.1466 13.2263
2011.1493 12.4602
2011.1521 15.0135
2011.1548 9.5563
2011.1575 13.5485
2011.1603 12.9200
2011.1630 12.1608
2011.1658 14.2015
2011.1685 11.7221
2011.1712 9.6826
2011.1740 14.3431
2011.1767 8.5934
2011.1795 10.9837
2011.1822 7.1939
2011.1849 10.1341
2011.1877 8.3941
2011.1904 6.6441
2011.1931 9.7941
2011.1959 13.8939
2011.1986 0.9637
2011.2014 6.6934
2011.2041 6.4230
2011.2068 8.9726
2011.2096 10.0221
2011.2123 8.0615
2011.2151 9.4309
2011.2178 4.2402
2011.2205 3.1295
2011.2233 -0.5814
2011.2260 2.6277
2011.2288 6.7168
2011.2315 4.8758
2011.2342 3.4247
2011.2370 8.2836
2011.2397 5.8324
2011.2425 5.3411
2011.2452 5.5698
2011.2479 3.8677
2011.2507 4.7642
2011.2534 5.8995
2011.2562 6.3736
2011.2589 7.9465
2011.2616 9.5086
2011.2644 9.1897
2011.2671 15.7000
2011.2699 8.1497
2011.2726 2.4588
2011.2753 6.4275
2011.2781 0.4757
2011.2808 6.6238
2011.2836 5.2416
2011.2863 7.4194
2011.2890 6.8173
2011.2918 6.5552
2011.2945 5.1635
2011.2973 3.5821
2011.3000 2.8411
2011.3027 5.4907
2011.3055 3.0010
2011.3082 4.4320
2011.3110 -0.0161
2011.3137 3.7168
2011.3164 4.1907
2011.3192 4.2658
2011.3219 2.5821
2011.3247 4.9299
2011.3274 2.0591
2011.3301 2.9501
2011.3329 5.0936
2011.3356 4.8197
2011.3384 4.6283
2011.3411 1.7490
2011.3438 5.5618
2011.3466 4.7165
2011.3493 6.6629
2011.3521 3.0907
2011.3548 6.2900
2011.3575 4.7304
2011.3603 8.7217
2011.3630 6.8939
2011.3658 8.9267
2011.3685 1.8700
2011.3712 -1.0665
2011.3740 0.9872
2011.3767 0.2807
2011.3794 -3.8560
2011.3822 -2.0031
2011.3849 0.4791
2011.3877 -3.3894
2011.3904 0.8711
2011.3959 2.4784
2011.3986 6.7450
2011.4014 3.3798
2011.4041 14.4628
2011.4096 -0.9775
2011.8863 1.6901
2011.8890 8.1025
2011.8918 8.8748
2011.8945 11.5472
2011.8973 11.6895
2011.9000 5.4519
2011.9027 11.0942
2011.9055 9.2365
2011.9082 14.2388
2011.9110 12.7611
2011.9137 12.4634
2011.9164 17.0057
2011.9192 12.6981
2011.9219 9.3908
2011.9247 8.2135
2011.9274 10.1564
2011.9301 7.9894
2011.9329 13.1925
2011.9356 13.4556
2011.9384 13.4786
2011.9411 10.7117
2011.9438 10.6747
2011.9466 12.3476
2011.9493 16.8304
2011.9521 14.0031
2011.9548 15.2257
2011.9575 18.2280
2011.9603 13.9901
2011.9630 11.6520
2011.9658 12.8035
2011.9685 13.1848
2011.9712 14.6858
2011.9740 16.4164
2011.9767 11.8966
2011.9795 16.3364
2011.9822 14.9458
2011.9849 13.6347
2011.9877 13.2631
2011.9904 15.5709
2011.9931 21.2782
2011.9959 15.5850
2011.9986 13.8411
2012.0014 11.6866
2012.0041 13.2914
2012.0068 12.3455
2012.0096 14.8590
2012.0123 16.4819
2012.0150 17.5143
2012.0178 13.9361
2012.0205 12.4874
2012.0232 16.0183
2012.0260 19.6788
2012.0287 16.1389
2012.0314 11.9486
2012.0342 12.6681
2012.0369 12.5773
2012.0396 16.0763
2012.0423 14.2751
2012.0451 12.9638
2012.0478 14.7924
2012.0505 10.5209
2012.0533 15.9294
2012.0560 13.2979
2012.0587 14.0264
2012.0615 17.5851
2012.0642 17.9638
2012.0669 15.6827
2012.0697 13.7619
2012.0724 18.0112
2012.0751 18.2909
2012.0779 14.5408
2012.0806 9.6411
2012.0833 11.7616
2012.0861 13.4720
2012.0888 16.8322
2012.0915 14.9324
2012.0943 17.9625
2012.0970 14.5726
2012.0997 18.0127
2012.1025 15.0628
2012.1052 18.9429
2012.1079 14.5431
2012.1107 18.3533
2012.1134 13.5637
2012.1161 15.3941
2012.1189 11.8547
2012.1216 16.2855
2012.1243 11.6764
2012.1270 13.9576
2012.1298 13.7989
2012.1325 11.8206
2012.1352 16.1025
2012.1380 13.3846
2012.1407 18.4072
2012.1434 15.9100
2012.1462 17.2332
2012.1489 9.0767
2012.1516 8.6707
2012.1544 13.1951
2012.1571 14.0899
2012.1598 16.2052
2012.1626 14.2213
2012.1653 13.7018
2012.1680 13.8073
2012.1708 11.4677
2012.1735 11.9425
2012.1762 11.0815
2012.1790 13.1844
2012.1817 13.2309
2012.1844 17.4606
2012.1872 8.6333
2012.1899 16.7387
2012.1926 14.7164
2012.1954 4.8362
2012.1981 4.6977
2012.2008 11.2007
2012.2035 -2.2252
2012.2063 0.7897
2012.2090 3.4851
2012.2117 5.6208
2012.2145 5.7364
2012.2172 3.3716
2012.2199 4.8061
2012.2227 4.7896
2012.2254 6.4218
2012.2281 7.3424
2012.2309 -0.2390
2012.2336 6.3775
2012.2363 9.1914
2012.2391 10.5325
2012.2418 3.3505
2012.2445 3.7750
2012.2473 1.4868
2012.2500 5.1384
2012.2527 4.9497
2012.2555 7.5908
2012.2582 6.7318
2012.2609 1.5926
2012.2637 2.5633
2012.2664 3.0238
2012.2691 7.5043
2012.2719 7.4847
2012.2746 7.7150
2012.2773 10.4652
2012.2801 10.8654
2012.2828 10.1856
2012.2855 8.8557
2012.2882 7.4859
2012.2910 9.4860
2012.2937 7.6063
2012.2964 8.7265
2012.2992 5.0568
2012.3019 11.8472
2012.3046 8.4077
2012.3074 2.4784
2012.3101 7.9491
2012.3128 8.5200
2012.3156 18.5410
2012.3183 12.5922
2012.3210 12.6936
2012.3238 4.8352
2012.3265 5.5371
2012.3292 8.6491
2012.3320 5.3717
2012.3347 8.4450
2012.3374 5.7189
2012.3402 8.0334
2012.3429 5.0183
2012.3456 3.7637
2012.3484 3.1395
2012.3511 4.5656
2012.3538 6.2620
2012.3566 7.7086
2012.3593 7.8954
2012.3620 7.1823
2012.3648 7.1392
2012.3675 9.5661
2012.3702 4.0230
2012.3729 2.9497
2012.3757 1.3263
2012.3784 3.5627
2012.3811 1.7087
2012.3839 0.3045
2012.3866 2.7998
2012.3893 3.5047
2012.3921 3.8091
2012.3948 9.5129
2012.3975 9.7061
2012.4003 5.2486
2012.4030 3.0304
2012.4057 8.8413
2012.4085 6.2815
2012.4112 10.9807
2012.4139 5.0888
2012.4167 6.7746
2012.4194 11.2582
2012.4221 10.1897
2012.4249 13.2692
2012.4276 13.4670
2012.4303 16.0532
2012.4331 13.2878
2012.4358 13.6311
2012.4385 10.3032
2012.4413 9.4342
2012.4440 5.9043
2012.4467 11.7236
2012.4495 13.9422
2012.4522 11.7704
2012.4549 12.6882
2012.4576 11.9258
2012.4604 11.0033
2012.4631 13.4209
2012.4658 10.9288
2012.4686 11.8769
2012.4713 13.1356
2012.4740 10.8150
2012.4768 10.3951
2012.4795 15.1762
2012.4822 9.8083
2012.4850 9.6217
2012.4877 6.5264
2012.4904 10.3927
2012.4932 6.9606
2012.4959 6.3403
2012.4986 10.3212
2012.5014 10.2024
2012.5041 6.3141
2012.5068 9.6861
2012.5096 13.4784
2012.5123 13.4310
2012.5150 11.3738
2012.5178 8.0469
2012.5205 6.1202
2012.5232 1.1337
2012.5260 6.5573
2012.5287 7.7910
2012.5314 5.6048
2012.5342 3.7987
2012.5369 9.9025
2012.5396 8.1264
2012.5423 14.2002
2012.5451 13.3940
2012.5478 10.6177
2012.5505 7.1612
2012.5533 7.7446
2012.5560 6.9378
2012.5587 7.5308
2012.5615 5.9535
2012.5642 4.4860
2012.5669 -0.0219
2012.5697 5.6499
2012.5724 3.7614
2012.5751 6.7025
2012.5779 5.7431
2012.5806 3.9033
2012.5833 6.0330
2012.5861 5.8522
2012.5888 6.8808
2012.5915 4.2791
2012.5943 7.2469
2012.5970 3.8343
2012.5997 2.0614
2012.6025 6.1281
2012.6052 -1.4954
2012.6079 2.9308
2012.6107 5.1869
2012.6134 3.2827
2012.6161 5.1684
2012.6189 13.8039
2012.6216 9.3794
2012.6243 12.6649
2012.6270 7.1503
2012.6298 5.6258
2012.6325 8.3713
2012.6352 6.0469
2012.6380 7.4426
2012.6407 6.1185
2012.6434 4.4746
2012.6462 5.6908
2012.6489 7.0774
2012.6516 10.2043
2012.6544 10.2014
2012.6571 7.3190
2012.6598 7.2169
2012.6626 6.5152
2012.6653 8.3741
2012.6680 5.6146
2012.6708 3.3268
2012.6735 4.6707
2012.6762 6.6061
2012.6790 0.4128
2012.6817 4.4907
2012.6844 4.0897
2012.6872 2.0097
2012.6899 1.3805
2012.6926 5.1719
2012.6954 7.7639
2012.6981 5.1863
2012.7008 6.4390
2012.7035 8.2418
2012.7063 7.7546
2012.7090 6.0772
2012.7117 8.9296
2012.7145 5.1716
2012.7172 2.9430
2012.7199 1.8637
2012.7227 3.6736
2012.7254 0.6125
2012.7281 3.2203
2012.7309 3.2569
2012.7336 5.3222
2012.7363 8.9359
2012.7391 6.6780
2012.7418 11.9683
2012.7445 3.2466
2012.7473 5.1230
2012.7500 3.1675
2012.7527 5.3312
2012.7555 7.0741
2012.7582 5.9462
2012.7609 8.3875
2012.7637 9.4080
2012.7664 9.1878
2012.7691 10.3968
2012.7719 14.4350
2012.7746 13.2725
2012.7773 13.7393
2012.7801 10.2454
2012.7828 10.5608
2012.7855 11.3255
2012.7882 10.4095
2012.7910 12.1029
2012.7937 11.2756
2012.7964 10.7477
2012.7992 4.5691
2012.8019 19.5399
2012.8046 22.5701
2012.8074 26.5498
2012.8128 29.0572
2012.8156 24.5651
2012.8183 24.7025
2012.8210 25.8293
2012.8238 23.5056
2012.8265 23.5913
2012.8292 20.9966
2012.8320 21.4714
2012.8347 25.0960
2012.8374 26.2106
2012.8402 22.6852
2012.8429 19.5198
2012.8456 27.5544
2012.8484 24.5390
2012.8511 22.7936
2012.8538 26.7682
2012.8566 19.8428
2012.8593 19.3674
2012.8620 21.9120
2012.8648 24.8266
2012.8675 17.8612
2012.8702 25.4358
2012.8729 18.5704
2012.8757 9.7650
2012.8784 11.1995
2012.8811 10.3941
2012.8839 13.8387
2012.8866 11.0833
2012.8893 11.0478
2012.8921 11.4124
2012.8948 11.9069
2012.8975 8.4815
2012.9003 11.3660
2012.9030 9.2905
2012.9057 23.0151
2012.9085 8.8396
2012.9112 11.4241
2012.9139 12.2486
2012.9167 9.6631
2012.9194 10.1976
2012.9221 11.1421
2012.9249 8.4266
2012.9276 11.7211
2012.9303 6.9556
2012.9331 8.5001
2012.9358 8.1046
2012.9385 8.4290
2012.9413 9.8635
2012.9440 15.3880
2012.9467 14.0125
2012.9495 16.8670
2012.9522 15.6615
2012.9549 20.3060
2012.9576 20.9505
2012.9604 19.0550
2012.9631 18.7595
2012.9658 18.6340
2012.9686 13.7785
2012.9713 13.2029
2012.9740 17.5074
2012.9768 17.6719
2012.9795 20.2864
2012.9822 18.7409
2012.9850 19.1854
2012.9877 20.5199
2012.9904 18.0544
2012.9932 19.5189
2012.9959 21.2634
2012.9986 19.5679
2013.0014 23.8123
2013.0041 20.1167
2013.0068 15.9610
2013.0096 17.2953
2013.0123 18.7896
2013.0151 17.6339
2013.0178 17.6481
2013.0205 22.2224
2013.0233 18.3967
2013.0260 22.0510
2013.0288 18.2053
2013.0315 20.5897
2013.0342 20.6341
2013.0370 19.1786
2013.0397 15.0831
2013.0425 18.7577
2013.0452 17.7024
2013.0479 17.9672
2013.0507 17.2921
2013.0534 14.0271
2013.0562 17.2323
2013.0589 19.8176
2013.0616 18.8430
2013.0644 16.4185
2013.0671 16.5443
2013.0699 17.5901
2013.0726 18.1262
2013.0753 15.0724
2013.0781 19.7689
2013.0808 17.9155
2013.0836 19.3444
2013.0863 16.8272
2013.0890 18.2138
2013.0918 19.3241
2013.0945 20.8578
2013.0973 20.3147
2013.1000 21.7647
2013.1027 18.7876
2013.1055 20.9032
2013.1082 20.9113
2013.1110 21.2318
2013.1137 21.3343
2013.1164 19.3789
2013.1192 16.8752
2013.1219 20.2030
2013.1247 15.4123
2013.1274 17.0228
2013.1301 18.2344
2013.1329 18.3268
2013.1356 20.8298
2013.1384 16.1933
2013.1411 12.5271
2013.1493 17.9485
2013.1521 11.2416
2013.1548 20.6941
2013.1575 16.9458
2013.1603 15.1865
2013.1630 14.8062
2013.1658 16.4761
2013.1685 16.2663
2013.1712 21.2568
2013.1740 19.8076
2013.1767 15.9586
2013.1795 18.3599
2013.1822 14.8814
2013.1849 16.5331
2013.1877 18.5449
2013.1904 19.1768
2013.1931 15.3888
2013.1959 13.3409
2013.1986 20.4831
2013.2014 16.5553
2013.2041 18.8675
2013.2068 18.7497
2013.2096 18.9118
2013.2123 18.9839
2013.2151 17.6558
2013.2178 18.2776
2013.2205 14.5193
2013.2233 20.3608
2013.2260 16.4421
2013.2288 22.3232
2013.2315 20.5940
2013.2342 19.4046
2013.2370 18.1048
2013.2397 18.4348
2013.2425 20.7843
2013.2452 24.0935
2013.2479 19.9127
2013.2507 19.3724
2013.2534 20.6423
2013.2562 17.8224
2013.2589 21.5127
2013.2616 20.7931
2013.2644 24.3934
2013.2671 22.4736
2013.2699 18.3036
2013.2726 18.2434
2013.2753 23.4528
2013.2781 16.7518
2013.2808 21.1702
2013.2836 18.7181
2013.2863 17.1753
2013.2890 21.9117
2013.2918 20.4773
2013.2945 18.7719
2013.2973 18.3556
2013.3000 13.9081
2013.3027 14.1195
2013.3055 15.3096
2013.3082 18.9184
2013.3110 15.4157
2013.3137 17.2316
2013.3164 18.4859
2013.3192 17.7485
2013.3219 16.9493
2013.3247 16.6183
2013.3274 13.6555
2013.3301 11.9107
2013.3329 16.8949
2013.3356 14.7783
2013.3384 12.3409
2013.3411 13.4528
2013.3438 13.8939
2013.3466 15.3745
2013.3493 16.4145
2013.3521 16.4139
2013.3548 13.6329
2013.3575 18.4414
2013.3603 14.0396
2013.3630 12.5174
2013.3658 15.2249
2013.3685 17.9623
2013.3712 13.2594
2013.3740 8.5165
2013.3767 11.1334
2013.3794 11.5404
2013.3822 16.6173
2013.3849 11.6744
2013.3877 5.5616
2013.3904 7.3689
2013.3931 11.0965
2013.3959 14.8144
2013.3986 20.0326
2013.4014 12.9812
2013.4041 14.4903
2013.4068 15.9898
2013.4096 15.5399
2013.4123 16.9505
2013.4151 16.4614
2013.4178 15.5021
2013.4205 15.5026
2013.4233 14.9330
2013.4260 13.3833
2013.4288 16.0536
2013.4315 16.6637
2013.4342 15.5839
2013.4370 15.1440
2013.4397 14.4042
2013.4425 16.9144
2013.4452 13.4246
2013.4479 9.1050
2013.4507 11.8554
2013.4534 12.3360
2013.4562 11.4568
2013.4589 9.0677
2013.4616 9.7789
2013.4644 14.0803
2013.4671 20.9919
2013.4699 17.4538
2013.4726 17.6960
2013.4753 18.7386
2013.4781 18.6915
2013.4808 18.3147
2013.4836 13.6684
2013.4863 16.7525
2013.4890 11.8170
2013.4918 7.4920
2013.4945 9.1975
2013.4973 9.0635
2013.5000 14.5499
2013.5027 16.8868
2013.5055 15.0341
2013.5082 16.9318
2013.5110 15.9499
2013.5137 17.9883
2013.5164 15.1671
2013.5192 14.8163
2013.5219 14.5257
2013.5247 20.0855
2013.5274 15.0055
2013.5301 12.8358
2013.5329 10.8863
2013.5356 11.3671
2013.5384 14.2981
2013.5411 13.5693
2013.5438 15.5107
2013.5466 18.1423
2013.5493 18.6740
2013.5521 20.3458
2013.5548 15.8278
2013.5575 17.7198
2013.5603 15.0220
2013.5630 10.7142
2013.5658 12.0165
2013.5685 7.7488
2013.5712 5.9811
2013.5740 9.3035
2013.5767 9.3758
2013.5794 10.4381
2013.5822 16.6004
2013.5849 13.8027
2013.5877 16.0351
2013.5904 18.8775
2013.5931 18.5600
2013.5959 13.5326
2013.5986 12.5352
2013.6014 4.6779
2013.6041 10.7507
2013.6068 7.0835
2013.6096 9.2163
2013.6123 9.2593
2013.6151 5.7722
2013.6178 9.1152
2013.6205 10.3883
2013.6233 11.9914
2013.6260 8.9845
2013.6288 10.0977
2013.6315 9.5809
2013.6342 7.6441
2013.6370 11.3774
2013.6397 10.5607
2013.6425 9.2941
2013.6452 9.6675
2013.6479 2.4009
2013.6507 5.8343
2013.6534 8.0078
2013.6562 6.4112
2013.6589 3.4947
2013.6616 5.3482
2013.6644 9.1218
2013.6671 6.9759
2013.6699 12.4311
2013.6726 1.4773
2013.6753 5.4843
2013.6781 7.4022
2013.6808 7.7808
2013.6836 9.3200
2013.6863 4.3097
2013.6890 2.8298
2013.6918 5.3203
2013.6945 4.8110
2013.6973 9.9518
2013.7000 7.9327
2013.7027 7.9635
2013.7055 9.5942
2013.7082 10.5047
2013.7110 8.1248
2013.7137 14.0945
2013.7164 12.3136
2013.7192 10.6122
2013.7219 11.2100
2013.7247 10.4270
2013.7274 8.8131
2013.7301 12.2482
2013.7329 7.7123
2013.7356 6.9651
2013.7384 9.2167
2013.7411 8.3769
2013.7438 12.8556
2013.7466 9.2128
2013.7493 10.7484
2013.7521 11.0333
2013.7548 22.0375
2013.7575 8.2711
2013.7603 9.6741
2013.7630 9.9466
2013.7658 9.0186
2013.7685 16.2301
2013.7712 10.8312
2013.7740 13.2418
2013.7767 16.3920
2013.7794 17.3119
2013.7822 16.3114
2013.7849 14.3207
2013.7877 16.6996
2013.7904 13.0684
2013.7931 15.5169
2013.7959 14.4952
2013.7986 15.8734
2013.8014 15.4714
2013.8041 14.8394
2013.8068 15.8973
2013.8096 16.1252
2013.8123 17.5631
2013.8151 15.9610
2013.8178 18.4190
2013.8205 16.7870
2013.8233 18.6152
2013.8260 20.8135
2013.8288 17.1221
2013.8315 20.9608
2013.8342 20.5996
2013.8370 21.5785
2013.8397 23.0073
2013.8425 26.0561
2013.8452 25.6448
2013.8479 23.2636
2013.8507 20.6723
2013.8534 24.5209
2013.8562 22.9296
2013.8589 26.7381
2013.8616 21.3766
2013.8644 21.2851
2013.8671 20.7534
2013.8699 21.1017
2013.8726 16.1799
2013.8753 17.5180
2013.8781 18.8961
2013.8808 19.9140
2013.8836 21.0918
2013.8863 20.5795
2013.8890 25.5571
2013.8918 21.8246
2013.8945 20.6719
2013.8973 23.1191
2013.9000 21.0962
2013.9027 25.2931
2013.9055 18.2999
2013.9082 17.6965
2013.9110 20.3430
2013.9137 16.6593
2013.9164 19.5152
2013.9192 18.6790
2013.9219 16.3207
2013.9247 18.8105
2013.9274 20.7583
2013.9301 17.7345
2013.9329 17.5590
2013.9356 16.0321
2013.9384 18.5340
2013.9411 16.8546
2013.9438 19.8042
2013.9466 20.8730
2013.9493 19.8210
2013.9521 17.4084
2013.9548 20.2354
2013.9575 19.5221
2013.9603 18.2785
2013.9630 18.2350
2013.9658 18.6415
2013.9685 22.2183
2013.9712 22.7155
2013.9740 21.2132
2013.9767 20.7715
2013.9795 20.3707
2013.9822 21.4508
2013.9849 20.0121
2013.9877 23.6245
2013.9904 20.1983
2013.9931 22.3337
2013.9959 22.2106
2013.9986 19.0194
2014.0014 20.7899
2014.0041 20.4608
2014.0068 16.9119
2014.0096 16.5833
2014.0123 19.7150
2014.0151 20.1069
2014.0178 15.9092
2014.0205 15.5618
2014.0233 21.3648
2014.0260 21.3782
2014.0288 17.8820
2014.0315 21.1263
2014.0342 23.1410
2014.0370 21.3063
2014.0397 19.8620
2014.0425 20.6483
2014.0452 17.1152
2014.0479 19.7226
2014.0507 23.2707
2014.0534 20.5794
2014.0562 22.6288
2014.0589 15.7389
2014.0616 18.0497
2014.0644 19.1613
2014.0671 21.8636
2014.0699 19.5967
2014.0726 18.2706
2014.0753 20.9753
2014.0781 22.1410
2014.0808 20.8575
2014.0836 21.9145
2014.0863 22.9418
2014.0890 18.9692
2014.0918 23.6268
2014.0945 23.0745
2014.0973 24.1424
2014.1000 19.8405
2014.1027 20.0187
2014.1055 22.5270
2014.1082 20.8355
2014.1110 23.5441
2014.1137 24.5328
2014.1164 20.6516
2014.1192 22.8305
2014.1219 25.8895
2014.1247 24.1886
2014.1274 25.4878
2014.1301 20.4070
2014.1329 20.8663
2014.1356 19.8656
2014.1384 18.3650
2014.1411 18.7945
2014.1438 24.3939
2014.1466 26.7334
2014.1493 25.0729
2014.1521 21.0225
2014.1548 26.7320
2014.1575 25.8015
2014.1603 27.3810
2014.1630 22.8905
2014.1658 27.8600
2014.1685 24.6995
2014.1712 28.0891
2014.1740 25.2686
2014.1767 28.2682
2014.1795 30.4979
2014.1822 28.1877
2014.1849 23.7775
2014.1877 23.7375
2014.1904 25.1875
2014.1931 22.2077
2014.1959 20.9381
2014.1986 23.9486
2014.2014 21.0893
2014.2041 18.0902
2014.2068 18.4312
2014.2096 20.4825
2014.2123 24.8041
2014.2151 21.2658
2014.2178 19.8378
2014.2205 17.7302
2014.2233 21.1427
2014.2260 21.0356
2014.2288 21.9688
2014.2315 18.8024
2014.2342 22.1462
2014.2370 21.1905
2014.2397 20.2850
2014.2425 17.2000
2014.2452 23.7754
2014.2479 18.0132
2014.2507 22.6951
2014.2534 20.3909
2014.2562 21.1204
2014.2589 18.2732
2014.2616 14.1391
2014.2644 15.9379
2014.2671 15.6993
2014.2699 11.7530
2014.2726 11.9387
2014.2753 12.7163
2014.2781 13.0454
2014.2808 16.4957
2014.2836 14.5171
2014.2863 13.7591
2014.2890 12.8517
2014.2918 18.2945
2014.2945 23.6272
2014.2973 18.8596
2014.3000 11.5215
2014.3027 17.0325
2014.3055 12.6824
2014.3082 12.0209
2014.3110 13.7378
2014.3137 11.4328
2014.3164 13.9857
2014.3192 15.7261
2014.3219 10.3639
2014.3247 11.2287
2014.3274 11.0003
2014.3301 11.8488
2014.3329 14.0869
2014.3356 15.4949
2014.3384 14.6829
2014.3411 14.4408
2014.3438 12.9885
2014.3466 12.9662
2014.3493 17.1037
2014.3521 13.1411
2014.3548 12.7182
2014.3575 15.0352
2014.3603 13.8919
2014.3630 16.1184
2014.3658 16.5746
2014.3685 21.4405
2014.3712 22.7862
2014.3740 21.5514
2014.3767 17.9964
2014.3794 18.5709
2014.3822 21.8951
2014.3849 15.8289
2014.3877 18.9122
2014.3904 18.1351
2014.3931 18.7375
2014.3959 15.5994
2014.3986 13.4507
2014.4014 14.7116
2014.4041 18.3619
2014.4068 18.3216
2014.4096 14.8507
2014.4123 17.0892
2014.4151 17.7473
2014.4178 17.5754
2014.4205 15.0335
2014.4233 12.4915
2014.4260 17.0495
2014.4288 11.5874
2014.4315 11.8353
2014.4342 12.5231
2014.4370 15.9009
2014.4397 16.3386
2014.4425 21.3263
2014.4452 15.9939
2014.4479 15.1615
2014.4507 16.5190
2014.4534 20.4465
2014.4562 23.4539
2014.4589 19.5113
2014.4616 19.9786
2014.4644 15.1159
2014.4671 16.1232
2014.4699 13.6004
2014.4726 13.7775
2014.4753 15.3346
2014.4781 13.5417
2014.4808 11.4987
2014.4836 11.9756
2014.4863 15.6825
2014.4890 14.7894
2014.4918 15.1062
2014.4945 13.1429
2014.4973 17.0796
2014.5000 17.4462
2014.5027 12.6628
2014.5055 11.0393
2014.5082 15.3657
2014.5110 16.5620
2014.5137 12.9182
2014.5164 10.7644
2014.5192 18.7705
2014.5219 25.4765
2014.5247 16.0824
2014.5274 14.6083
2014.5301 10.6041
2014.5329 15.1998
2014.5356 14.5254
2014.5384 11.7409
2014.5411 15.2864
2014.5438 11.5917
2014.5466 10.5170
2014.5493 13.0922
2014.5521 12.4774
2014.5548 11.2524
2014.5575 7.1874
2014.5603 15.0923
2014.5630 24.0271
2014.5658 16.4318
2014.5685 25.6064
2014.5712 11.3810
2014.5740 12.0754
2014.5767 14.9198
2014.5794 16.1341
2014.5822 16.4480
2014.5849 12.2498
2014.5877 18.9394
2014.5904 21.9470
2014.5931 20.9827
2014.5959 20.8567
2014.5986 18.5392
2014.6014 19.2203
2014.6041 17.9403
2014.6068 18.2293
2014.6096 18.4374
2014.6123 16.5450
2014.6151 16.2020
2014.6178 14.8188
2014.6205 17.3554
2014.6233 20.3721
2014.6260 19.2490
2014.6288 20.7463
2014.6315 18.9742
2014.6342 20.4329
2014.6370 13.6424
2014.6397 17.1431
2014.6425 17.6151
2014.6452 12.8885
2014.6479 16.1835
2014.6507 12.3103
2014.6534 14.0391
2014.6562 11.9501
2014.6589 14.1833
2014.6616 17.7591
2014.6644 23.5775
2014.6671 14.7474
2014.6699 21.9973
2014.6726 19.9772
2014.6753 23.4372
2014.6781 18.4471
2014.6808 21.6871
2014.6836 24.7171
2014.6863 18.9272
2014.6890 16.2972
2014.6918 16.8773
2014.6945 16.8474
2014.6973 19.6575
2014.7000 18.3576
2014.7027 16.5177
2014.7055 16.5178
2014.7082 16.6879
2014.7110 16.4080
2014.7137 18.9782
2014.7164 20.2283
2014.7192 17.9684
2014.7219 14.7486
2014.7247 21.5987
2014.7274 19.0188
2014.7301 14.9289
2014.7329 17.4990
2014.7356 16.2891
2014.7384 17.4191
2014.7411 19.7892
2014.7438 15.5892
2014.7466 15.5993
2014.7493 18.4493
2014.7521 22.0993
2014.7548 21.7294
2014.7575 22.3494
2014.7603 20.1796
2014.7630 21.7497
2014.7658 21.7498
2014.7685 25.6400
2014.7712 20.2702
2014.7740 23.5503
2014.7767 21.4305
2014.7794 21.6206
2014.7822 20.4408
2014.7849 23.5309
2014.7877 20.9010
2014.7904 19.9311
2014.7931 19.4411
2014.7959 17.6311
2014.7986 20.9411
2014.8014 19.7110
2014.8041 15.7409
2014.8068 19.0607
2014.8096 16.0305
2014.8123 20.6503
2014.8151 23.2399
2014.8178 26.0095
2014.8205 24.7090
2014.8233 23.1585
2014.8260 28.9678
2014.8288 25.7071
2014.8315 29.4463
2014.8342 21.8039
2014.8370 22.4285
2014.8397 20.7002
2014.8425 19.8591
2014.8452 20.0455
2014.8479 19.4695
2014.8507 20.6111
2014.8534 20.9106
2014.8562 19.9181
2014.8589 15.6337
2014.8616 22.5076
2014.8644 16.2699
2014.8671 21.7708
2014.8699 17.5405
2014.8726 15.3189
2014.8753 18.4864
2014.8781 16.1530
2014.8808 16.9190
2014.8836 14.9043
2014.8863 12.3992
2014.8890 14.5939
2014.8918 20.2084
2014.8945 11.5530
2014.8973 15.2377
2014.9000 18.2926
2014.9027 14.8681
2014.9055 20.4541
2014.9082 23.0409
2014.9110 22.1985
2014.9137 21.7072
2014.9164 21.9368
2014.9192 24.1062
2014.9219 18.4751
2014.9247 18.4836
2014.9274 20.5817
2014.9301 22.0595
2014.9329 23.4970
2014.9356 25.9042
2014.9384 21.5512
2014.9411 28.1881
2014.9438 23.3447
2014.9466 21.7113
2014.9493 22.1078
2014.9521 24.8943
2014.9548 27.0508
2014.9575 26.1073
2014.9603 21.1939
2014.9630 27.1506
2014.9658 22.0775
2014.9685 26.4246
2014.9712 19.9619
2014.9740 26.3795
2014.9767 21.2374
2014.9795 24.2056
2014.9822 24.2643
2014.9849 22.5733
2014.9877 25.3528
2014.9904 21.9529
2014.9931 20.9234
2014.9959 20.4846
2014.9986 20.9863
2015.0041 8.6726
2015.0068 9.9677
2015.0096 20.4741
2015.0123 21.0117
2015.0151 19.6303
2015.0178 22.3299
2015.0205 23.6504
2015.0233 22.6818
2015.0260 22.9738
2015.0288 21.5766
2015.0315 26.0099
2015.0342 24.3437
2015.0370 22.1579
2015.0397 21.6924
2015.0425 21.4871
2015.0452 20.8420
2015.0479 22.8569
2015.0507 26.7219
2015.0534 26.0567
2015.0562 27.5913
2015.0589 23.6257
2015.0616 24.2697
2015.0644 23.4532
2015.0671 26.0962
2015.0699 28.1686
2015.0726 23.2303
2015.0753 24.6013
2015.0781 26.3913
2015.0808 25.8604
2015.0836 25.4080
2015.0863 26.8537
2015.0890 21.8677
2015.0918 27.4802
2015.0945 28.6311
2015.0973 29.9108
2015.1000 25.2894
2015.1027 23.7970
2015.1055 26.5638
2015.1082 24.5199
2015.1110 23.7455
2015.1137 24.5407
2015.1164 24.2957
2015.1192 21.6706
2015.1219 25.9356
2015.1247 30.4208
2015.1274 29.1264
2015.1301 25.8925
2015.1329 27.6593
2015.1356 27.4069
2015.1384 24.7555
2015.1411 25.8353
2015.1438 25.2963
2015.1466 28.1188
2015.1493 25.7428
2015.1521 21.2486
2015.1548 26.6062
2015.1575 24.3659
2015.1603 24.6578
2015.1630 25.2820
2015.1658 22.5183
2015.1685 24.5068
2015.1712 24.6072
2015.1740 26.4496
2015.1767 33.0338
2015.1795 23.4799
2015.1822 29.6377
2015.1849 26.2771
2015.1877 26.2182
2015.1904 26.2508
2015.1931 27.7649
2015.1959 25.0004
2015.1986 28.9872
2015.2014 29.4553
2015.2041 25.5646
2015.2068 25.3450
2015.2096 24.5865
2015.2123 27.1290
2015.2151 24.9025
2015.2178 25.3167
2015.2205 24.9418
2015.2233 26.7877
2015.2260 23.4842
2015.2288 25.2512
2015.2315 22.0789
2015.2342 17.7469
2015.2370 13.6954
2015.2397 18.8642
2015.2425 18.7133
2015.2452 17.7325
2015.2479 17.4225
2015.2507 18.8835
2015.2534 23.0857
2015.2562 22.5488
2015.2589 18.2728
2015.2616 25.7976
2015.2644 19.9432
2015.2671 16.6294
2015.2699 18.7662
2015.2726 15.5235
2015.2753 18.3613
2015.2781 14.8593
2015.2808 15.3777
2015.2836 14.6162
2015.2863 21.2848
2015.2890 17.0334
2015.2918 17.1420
2015.2945 17.1304
2015.2973 19.5186
2015.3000 14.7465
2015.3027 22.9540
2015.3055 17.5611
2015.3082 19.2176
2015.3110 19.2435
2015.3137 16.3087
2015.3164 16.0531
2015.3192 21.6767
2015.3219 17.6893
2015.3247 16.6209
2015.3274 17.5614
2015.3301 24.4108
2015.3329 14.5799
2015.3356 15.6785
2015.3384 24.6768
2015.3411 21.3146
2015.3438 18.5519
2015.3466 11.7986
2015.3493 12.4847
2015.3521 11.6502
2015.3548 16.3150
2015.3575 18.8190
2015.3603 20.9522
2015.3630 11.7345
2015.3658 13.0360
2015.3685 14.9764
2015.3712 14.5359
2015.3740 15.4043
2015.3767 14.8916
2015.3794 18.0677
2015.3822 17.2126
2015.3849 20.3862
2015.3877 23.5985
2015.3904 23.6095
2015.3931 14.6790
2015.3959 15.9371
2015.3986 20.2136
2015.4014 16.1886
2015.4041 23.1020
2015.4068 20.0036
2015.4096 18.0736
2015.4123 17.7218
2015.4151 20.0175
2015.4178 18.0505
2015.4205 20.0407
2015.4233 17.0485
2015.4260 16.5440
2015.4288 19.7774
2015.4315 17.4490
2015.4342 18.6289
2015.4370 16.4873
2015.4397 9.8844
2015.4425 16.1204
2015.4452 12.2356
2015.4479 13.4700
2015.4507 10.9540
2015.4534 14.1977
2015.4562 14.7213
2015.4589 19.8749
2015.4616 20.2689
2015.4644 23.4234
2015.4671 16.4285
2015.4699 16.1446
2015.4726 14.4017
2015.4753 15.1101
2015.4781 16.3300
2015.4808 19.5116
2015.4836 21.0450
2015.4863 20.0105
2015.4890 20.9183
2015.4918 25.4886
2015.4945 19.9515
2015.4973 16.5369
2015.5000 14.0828
2015.5027 13.5186
2015.5055 13.5645
2015.5082 12.6505
2015.5137 7.5825
2015.5164 11.0185
2015.5192 14.0146
2015.5219 14.1506
2015.5247 12.9067
2015.5274 15.8228
2015.5301 13.5389
2015.5329 15.8051
2015.5356 14.3412
2015.5384 15.6973
2015.5411 14.9734
2015.5438 13.3795
2015.5466 15.6356
2015.5493 17.8717
2015.5521 15.9277
2015.5548 17.1437
2015.5575 16.7497
2015.5603 18.8257
2015.5630 24.0417
2015.5658 19.1276
2015.5685 17.8434
2015.5712 18.0593
2015.5740 11.4950
2015.5767 16.8908
2015.5794 20.8765
2015.5822 17.6421
2015.5849 16.6677
2015.5877 16.8932
2015.5904 17.8488
2015.5931 18.7943
2015.5959 19.7598
2015.5986 16.9753
2015.6014 17.6508
2015.6041 18.8463
2015.6068 19.2217
2015.6096 20.8572
2015.6123 19.6826
2015.6151 18.7981
2015.6178 19.2135
2015.6205 16.9289
2015.6233 19.7844
2015.6260 18.8198
2015.6288 19.6852
2015.6315 22.9407
2015.6342 19.4762
2015.6370 16.9716
2015.6397 18.4371
2015.6425 18.3426
2015.6452 17.9581
2015.6479 25.2537
2015.6507 22.9992
2015.6534 20.6448
2015.6562 23.2104
2015.6589 20.4461
2015.6616 21.0317
2015.6644 20.7174
2015.6671 20.4934
2015.6699 19.5897
2015.6726 15.6465
2015.6753 24.1836
2015.6781 20.1611
2015.6808 18.7790
2015.6836 15.3972
2015.6863 23.5058
2015.6890 31.1246
2015.6918 20.5438
2015.6945 22.3833
2015.6973 19.9830
2015.7000 23.1530
2015.7027 24.9832
2015.7055 26.4736
2015.7082 22.7843
2015.7110 27.8251
2015.7137 24.7261
2015.7164 20.9473
2015.7192 26.4487
2015.7219 26.7901
2015.7247 19.8017
2015.7274 17.4434
2015.7301 19.6352
2015.7329 16.0371
2015.7356 15.8690
2015.7384 17.9209
2015.7411 17.1029
2015.7438 19.5449
2015.7466 18.2369
2015.7493 10.5092
2015.7521 14.0929
2015.7548 14.3282
2015.7575 13.9050
2015.7603 14.1932
2015.7630 16.7726
2015.7658 17.8831
2015.7685 14.0445
2015.7712 15.7568
2015.7740 16.8999
2015.7767 23.1835
2015.7794 12.2277
2015.7822 15.7022
2015.7849 11.3869
2015.7877 14.5117
2015.7904 14.3765
2015.7931 17.4011
2015.7959 16.1855
2015.7986 19.6195
2015.8014 21.9730
2015.8041 21.6058
2015.8068 19.9478
2015.8096 19.7990
2015.8123 18.3591
2015.8151 16.9781
2015.8178 14.0759
2015.8205 17.9322
2015.8233 21.3671
2015.8260 19.0502
2015.8288 18.8417
2015.8315 20.0712
2015.8342 25.5092
2015.8370 25.3760
2015.8397 25.7519
2015.8425 24.1068
2015.8452 24.0907
2015.8479 24.8939
2015.8507 26.4564
2015.8534 25.2681
2015.8562 24.4493
2015.8589 21.0999
2015.8616 25.4801
2015.8644 22.8298
2015.8671 23.3793
2015.8699 24.2885
2015.8726 20.8576
2015.8753 19.9165
2015.8781 20.9454
2015.8808 22.0844
2015.8836 30.6034
2015.8863 22.7527
2015.8890 25.0922
2015.8918 25.7820
2015.8945 28.6422
2015.8973 27.5529
2015.9000 24.4242
2015.9027 26.3960
2015.9055 25.4486
2015.9082 22.4018
2015.9110 29.4160
2015.9137 25.8210
2015.9164 24.6269
2015.9192 29.2832
2015.9219 27.0397
2015.9247 22.5566
2015.9274 23.6636
2015.9301 26.0009
2015.9329 27.8884
2015.9356 26.8561
2015.9384 22.6540
2015.9411 19.8719
2015.9438 29.1601
2015.9466 26.3983
2015.9493 20.4866
2015.9521 24.3949
2015.9548 22.6434
2015.9575 31.2218
2015.9603 23.7502
2015.9630 21.7987
2015.9658 27.2971
2015.9685 24.1154
2015.9712 22.4537
2015.9740 24.6319
2015.9767 24.2200
2015.9795 20.8880
2015.9822 24.6158
2015.9849 24.7934
2015.9877 29.0909
2015.9904 25.7481
2015.9931 26.7652
2015.9959 23.8419
2015.9986 24.4985
2016.0014 22.6445
2016.0041 19.3086
2016.0068 26.6709
2016.0096 21.9215
2016.0123 21.1806
2016.0150 21.5083
2016.0178 20.8749
2016.0205 18.4805
2016.0232 21.1752
2016.0260 22.0394
2016.0287 21.4530
2016.0314 24.4465
2016.0342 18.5998
2016.0369 26.2632
2016.0396 22.9169
2016.0423 20.0410
2016.0451 22.5057
2016.0478 21.6113
2016.0505 22.9779
2016.0533 22.8656
2016.0560 21.0246
2016.0587 24.0852
2016.0615 20.7075
2016.0642 20.8017
2016.0669 18.8079
2016.0697 18.6864
2016.0724 21.9873
2016.0751 21.0408
2016.0779 24.8271
2016.0806 22.3763
2016.0833 26.9875
2016.0861 27.9492
2016.0888 25.4912
2016.0915 25.8837
2016.0943 25.5965
2016.0970 24.6996
2016.0997 26.3231
2016.1025 24.7869
2016.1052 25.5409
2016.1079 25.7451
2016.1107 27.4496
2016.1134 25.2742
2016.1161 26.6390
2016.1189 24.5939
2016.1216 22.1789
2016.1243 27.4740
2016.1270 26.5891
2016.1298 26.1043
2016.1325 27.1294
2016.1352 27.7345
2016.1380 27.2296
2016.1407 32.9246
2016.1434 30.3594
2016.1462 26.1842
2016.1489 28.6988
2016.1516 22.9031
2016.1544 28.8073
2016.1571 28.7313
2016.1598 28.7949
2016.1626 27.1183
2016.1653 30.2516
2016.1680 27.9749
2016.1708 27.4782
2016.1735 31.3414
2016.1762 27.7346
2016.1790 26.2678
2016.1817 25.4210
2016.1844 23.5542
2016.1872 25.1473
2016.1899 28.9004
2016.1926 29.1035
2016.1954 27.8565
2016.1981 28.1496
2016.2008 27.9326
2016.2035 24.6556
2016.2063 27.3586
2016.2090 25.4916
2016.2117 20.2145
2016.2145 28.2475
2016.2172 23.7704
2016.2199 25.2133
2016.2227 23.4762
2016.2254 24.4990
2016.2281 28.3019
2016.2309 25.7047
2016.2336 25.9175
2016.2363 27.0904
2016.2391 24.4331
2016.2418 20.8959
2016.2445 24.4787
2016.2473 23.3609
2016.2500 22.8512
2016.2527 23.1297
2016.2555 23.6065
2016.2582 25.5218
2016.2609 29.0657
2016.2637 25.3783
2016.2664 27.9399
2016.2691 36.5904
2016.2719 26.5802
2016.2746 32.7492
2016.2773 25.9477
2016.2801 26.0757
2016.2828 27.2535
2016.2855 23.5411
2016.2882 24.9687
2016.2910 24.7965
2016.2937 28.5945
2016.2964 28.4130
2016.2992 30.7320
2016.3019 23.5017
2016.3046 23.3322
2016.3074 21.8736
2016.3101 23.3362
2016.3128 21.5701
2016.3156 26.0953
2016.3183 33.6420
2016.3210 28.2404
2016.3238 23.4006
2016.3265 24.4327
2016.3292 26.8669
2016.3320 22.1352
2016.3347 28.0883
2016.3374 26.3959
2016.3402 24.8277
2016.3429 25.0233
2016.3456 25.0124
2016.3484 26.0147
2016.3511 26.9098
2016.3538 29.2975
2016.3566 23.2673
2016.3593 27.5690
2016.3620 30.2023
2016.3648 24.3567
2016.3675 18.8620
2016.3702 19.8278
2016.3729 26.8738
2016.3757 24.0697
2016.3784 24.5052
2016.3811 26.9498
2016.3839 29.3734
2016.3866 32.5855
2016.3893 34.6158
2016.3921 32.7441
2016.3948 28.9399
2016.3975 26.2029
2016.4003 28.6228
2016.4030 19.1994
2016.4057 20.9421
2016.4085 24.8308
2016.4112 23.4451
2016.4139 24.3454
2016.4167 26.6153
2016.4194 24.3152
2016.4221 28.6649
2016.4249 25.9046
2016.4276 24.8742
2016.4303 27.1437
2016.4331 26.2232
2016.4358 23.6126
2016.4385 26.9620
2016.4413 22.8414
2016.4440 24.6007
2016.4467 22.6600
2016.4495 25.5293
2016.4522 29.0385
2016.4549 28.8878
2016.4576 24.7370
2016.4604 29.2563
2016.4631 26.3056
2016.4658 29.3749
2016.4686 26.6042
2016.4713 26.0235
2016.4740 22.1129
2016.4768 25.0723
2016.4795 24.6617
2016.4822 21.3912
2016.4850 20.6308
2016.4877 23.3104
2016.4904 22.8601
2016.4932 23.8598
2016.4959 24.3097
2016.4986 28.4996
2016.5014 28.2597
2016.5041 24.7798
2016.5068 26.5700
2016.5096 25.7202
2016.5123 23.2306
2016.5150 31.5910
2016.5178 25.4614
2016.5205 26.1619
2016.5232 22.1724
2016.5260 21.8430
2016.5287 32.5236
2016.5314 30.8242
2016.5342 26.3849
2016.5369 24.6055
2016.5396 29.8062
2016.5423 26.9668
2016.5451 27.4674
2016.5478 26.6280
2016.5505 26.2886
2016.5533 24.5592
2016.5560 21.8397
2016.5587 22.8902
2016.5615 21.4706
2016.5642 22.2110
2016.5669 29.4314
2016.5697 22.3416
2016.5724 24.9518
2016.5751 21.1119
2016.5779 26.4719
2016.5806 27.7118
2016.5833 23.6091
2016.5861 22.4107
2016.5888 23.3169
2016.5915 24.0583
2016.5943 23.1151
2016.5970 28.0579
2016.5997 28.1070
2016.6025 25.2228
2016.6052 26.7659
2016.6079 25.7565
2016.6107 21.1351
2016.6134 26.0422
2016.6161 23.4481
2016.6189 22.1433
2016.6216 18.4782
2016.6243 21.5732
2016.6270 33.3087
2016.6298 29.1651
2016.6325 28.1028
2016.6352 28.1424
2016.6380 30.1441
2016.6407 27.6184
2016.6434 29.6258
2016.6462 35.7266
2016.6489 32.8312
2016.6516 34.1701
2016.6544 31.4237
2016.6571 33.5724
2016.6598 29.4266
2016.6626 26.6268
2016.6653 29.1931
2016.6680 31.1925
2016.6708 23.3338
2016.6735 24.5770
2016.6762 26.7819
2016.6790 26.6284
2016.6817 25.2963
2016.6844 24.9556
2016.6872 24.0262
2016.6899 23.3978
2016.6926 27.1204
2016.6954 25.8738
2016.6981 34.0680
2016.7008 31.3527
2016.7035 34.3179
2016.7063 23.0635
2016.7090 23.5593
2016.7117 26.4052
2016.7145 24.2710
2016.7172 20.1867
2016.7199 20.5721
2016.7227 21.3371
2016.7254 22.9516
2016.7281 22.0555
2016.7309 24.7985
2016.7336 21.8707
2016.7363 22.7718
2016.7391 26.2618
2016.7418 24.8805
2016.7445 26.1578
2016.7473 25.3935
2016.7500 22.3282
2016.7527 21.9131
2016.7555 26.5082
2016.7582 22.3034
2016.7609 24.2887
2016.7637 30.5240
2016.7664 27.7393
2016.7691 28.7544
2016.7719 25.2195
2016.7746 26.2043
2016.7773 32.0489
2016.7801 24.3731
2016.7828 21.9070
2016.7855 24.7405
2016.7882 23.9934
2016.7910 24.0559
2016.7937 21.0478
2016.7964 21.2590
2016.7992 32.9495
2016.8019 27.4592
2016.8046 25.7182
2016.8074 29.6763
2016.8101 34.1334
2016.8128 25.8096
2016.8156 22.7747
2016.8183 24.8388
2016.8210 17.7017
2016.8238 18.4034
2016.8265 22.7338
2016.8292 28.8830
2016.8320 26.1407
2016.8347 22.5769
2016.8374 27.1914
2016.8402 27.0042
2016.8429 22.8854
2016.8456 23.0050
2016.8484 27.2731
2016.8511 25.7496
2016.8538 22.7347
2016.8566 20.0983
2016.8593 29.5605
2016.8620 24.2813
2016.8648 26.9307
2016.8675 28.6489
2016.8702 24.8357
2016.8729 26.0313
2016.8757 26.7756
2016.8784 25.5388
2016.8811 27.9108
2016.8839 37.5617
2016.8866 29.2115
2016.8893 34.2502
2016.8921 35.1079
2016.8948 35.8746
2016.8975 27.3804
2016.9003 25.2052
2016.9030 21.5692
2016.9057 25.2823
2016.9085 24.5445
2016.9112 25.8260
2016.9139 25.0567
2016.9167 27.3368
2016.9194 26.2968
2016.9221 24.4468
2016.9249 25.8867
2016.9276 24.7367
2016.9303 23.7566
2016.9331 24.9764
2016.9358 24.3662
2016.9385 23.5360
2016.9413 25.6857
2016.9440 24.4053
2016.9467 26.8648
2016.9495 27.0443
2016.9522 23.1336
2016.9549 23.3429
2016.9576 21.6620
2016.9604 23.9210
2016.9631 21.9400
2016.9658 21.0687
2016.9686 23.6574
2016.9713 24.5859
2016.9740 22.5043
2016.9768 22.4725
2016.9795 20.1205
2016.9822 21.9784
2016.9850 25.8761
2016.9877 23.1036
2016.9904 22.2110
2016.9932 24.2381
2016.9959 21.3850
2016.9986 23.4517
2017.0014 23.8982
2017.0041 20.8546
2017.0068 20.7710
2017.0096 22.9674
2017.0123 23.3837
2017.0151 22.5100
2017.0178 20.1863
2017.0205 22.4026
2017.0233 26.9788
2017.0260 24.9451
2017.0288 25.0713
2017.0315 26.4975
2017.0342 24.4737
2017.0370 25.7899
2017.0397 26.2860
2017.0425 20.5222
2017.0452 21.8383
2017.0479 22.5645
2017.0507 21.7506
2017.0534 26.1467
2017.0562 26.1128
2017.0589 25.7289
2017.0616 25.0950
2017.0644 25.9611
2017.0671 29.0573
2017.0699 28.5934
2017.0726 28.4295
2017.0753 27.6056
2017.0781 28.0517
2017.0808 28.2378
2017.0836 31.6038
2017.0863 26.8793
2017.0890 28.9046
2017.0918 29.9695
2017.0945 26.4042
2017.0973 26.4286
2017.1000 29.3527
2017.1027 27.0367
2017.1055 25.8105
2017.1082 32.2642
2017.1110 27.7178
2017.1137 27.5813
2017.1164 29.2747
2017.1192 26.6181
2017.1219 29.9515
2017.1247 27.0449
2017.1274 26.8884
2017.1301 26.7019
2017.1329 26.5656
2017.1356 25.7994
2017.1384 26.6534
2017.1411 27.0475
2017.1438 26.2719
2017.1466 30.3066
2017.1493 26.2515
2017.1521 24.5967
2017.1548 26.2022
2017.1575 25.9381
2017.1603 28.1244
2017.1630 30.1324
2017.1658 27.7390
2017.1685 23.3048
2017.1712 27.3092
2017.1740 29.6816
2017.1767 23.4613
2017.1795 32.0979
2017.1822 27.6306
2017.1849 24.0089
2017.1877 30.1222
2017.1904 34.0099
2017.1931 30.2814
2017.1959 28.6761
2017.1986 28.0134
2017.2014 31.1926
2017.2041 31.2833
2017.2068 30.6647
2017.2096 29.9464
2017.2123 35.3776
2017.2151 30.4279
2017.2178 35.0465
2017.2205 32.9429
2017.2233 30.7566
2017.2260 28.5768
2017.2288 30.2631
2017.2315 25.7247
2017.2342 28.7412
2017.2370 28.6318
2017.2397 30.4761
2017.2425 27.3433
2017.2452 31.1330
2017.2479 29.8071
2017.2507 27.7480
2017.2534 27.4461
2017.2562 31.5816
2017.2589 25.5147
2017.2616 33.2255
2017.2644 33.7444
2017.2671 31.4016
2017.2699 31.4373
2017.2726 32.4916
2017.2753 33.2450
2017.2781 33.9874
2017.2808 31.8793
2017.2836 32.8708
2017.2863 30.2322
2017.2890 35.1736
2017.2918 32.0453
2017.2945 30.6275
2017.2973 28.0105
2017.3000 31.8844
2017.3027 28.6195
2017.3055 36.4861
2017.3082 36.1943
2017.3110 34.6044
2017.3137 30.9666
2017.3164 32.3411
2017.3192 30.8082
2017.3219 29.5980
2017.3247 28.5309
2017.3274 27.9370
2017.3301 25.8764
2017.3329 31.5490
2017.3356 31.7344
2017.3384 28.3524
2017.3411 25.1128
2017.3438 28.5152
2017.3466 33.5296
2017.3493 29.6855
2017.3521 31.9828
2017.3548 31.7413
2017.3575 30.8107
2017.3603 28.4807
2017.3630 28.4912
2017.3658 31.5019
2017.3685 30.2325
2017.3712 30.9328
2017.3740 33.5025
2017.3767 32.9215
2017.3794 31.2595
2017.3822 30.2362
2017.3849 26.8314
2017.3877 26.2949
2017.3904 27.1864
2017.3931 28.3657
2017.3959 22.7625
2017.3986 24.4766
2017.4014 29.0478
2017.4041 25.9958
2017.4068 29.9204
2017.4096 30.0113
2017.4123 24.6884
2017.4151 28.7532
2017.4178 24.0477
2017.4205 28.0720
2017.4233 27.8659
2017.4260 29.7896
2017.4288 28.7131
2017.4315 28.8764
2017.4342 29.0794
2017.4370 29.7523
2017.4397 26.4851
2017.4425 23.7177
2017.4452 21.9902
2017.4479 26.3626
2017.4507 31.8550
2017.4534 30.3074
2017.4562 29.3797
2017.4589 22.1620
2017.4616 24.1844
2017.4644 26.4168
2017.4671 28.3193
2017.4699 25.9319
2017.4726 26.2946
2017.4753 26.3275
2017.4781 36.5005
2017.4808 29.2737
2017.4836 23.3471
2017.4863 25.5807
2017.4890 26.3846
2017.4918 23.5887
2017.4945 23.7332
2017.4973 25.5779
2017.5000 23.5024
2017.5027 27.4166
2017.5055 28.0807
2017.5082 30.8046
2017.5110 37.2484
2017.5137 33.2420
2017.5164 32.5356
2017.5192 34.5891
2017.5219 30.7327
2017.5247 28.3362
2017.5274 25.4698
2017.5301 23.2734
2017.5329 26.3771
2017.5356 27.7910
2017.5384 28.5451
2017.5411 30.5094
2017.5438 27.5138
2017.5466 23.5086
2017.5493 27.1436
2017.5521 28.1490
2017.5548 27.6847
2017.5575 30.0508
2017.5603 26.4873
2017.5630 25.0543
2017.5658 25.2217
2017.5685 26.2996
2017.5712 27.4781
2017.5740 24.6071
2017.5767 34.0768
2017.5794 33.1570
2017.5822 32.7280
2017.5849 28.2196
2017.5877 29.4020
2017.5904 29.3050
2017.5931 24.8286
2017.5959 26.2028
2017.5986 30.0675
2017.6014 30.3727
2017.6041 24.7684
2017.6068 28.4244
2017.6096 32.5509
2017.6123 30.4777
2017.6151 31.3048
2017.6178 27.1521
2017.6205 26.7696
2017.6233 23.5674
2017.6260 24.7752
2017.6288 25.4832
2017.6315 24.3212
2017.6342 25.9192
2017.6370 25.0372
2017.6397 28.9152
2017.6425 29.5630
2017.6452 28.2207
2017.6479 30.1882
2017.6507 34.1355
2017.6534 31.6626
2017.6562 31.6093
2017.6589 29.7457
2017.6616 27.8017
2017.6644 28.7873
2017.6671 27.6626
2017.6699 27.4979
2017.6726 26.5231
2017.6753 27.4782
2017.6781 30.9232
2017.6808 29.0282
2017.6836 34.2931
2017.6863 20.3780
2017.6890 29.6027
2017.6918 30.2674
2017.6945 29.6220
2017.6973 27.1665
2017.7000 30.0310
2017.7027 30.4553
2017.7055 30.6796
2017.7082 38.4637
2017.7110 30.6378
2017.7137 29.2618
2017.7164 29.6857
2017.7192 27.8195
2017.7219 30.6631
2017.7247 29.0267
2017.7274 33.1402
2017.7301 26.0636
2017.7329 31.6869
2017.7356 32.4601
2017.7384 28.3431
2017.7411 30.0361
2017.7438 26.7589
2017.7466 31.6116
2017.7493 27.1739
2017.7521 25.6043
2017.7548 25.8726
2017.7575 31.8190
2017.7603 26.5635
2017.7630 29.0664
2017.7658 29.2177
2017.7685 29.7077
2017.7712 28.1263
2017.7740 27.8638
2017.7767 29.6904
2017.7794 29.3760
2017.7822 28.9609
2017.7849 27.3452
2017.7877 27.2890
2017.7904 25.5025
2017.7931 26.2057
2017.7959 26.2489
2017.7986 25.7121
2017.8014 29.4556
2017.8041 28.2193
2017.8068 33.5835
2017.8096 32.3983
2017.8123 30.9839
2017.8151 33.0103
2017.8178 27.9276
2017.8205 37.3661
2017.8233 43.2059
2017.8260 36.0770
2017.8288 33.2197
2017.8315 31.3440
2017.8342 30.9409
2017.8370 29.3409
2017.8397 28.4739
2017.8425 27.5496
2017.8452 33.1177
2017.8479 27.1180
2017.8507 29.9201
2017.8534 37.9540
2017.8562 36.1992
2017.8589 30.3456
2017.8616 33.0828
2017.8644 32.6607
2017.8671 32.7790
2017.8699 33.9474
2017.8726 32.2656
2017.8753 33.8435
2017.8781 33.2407
2017.8808 33.5670
2017.8836 31.0021
2017.8863 30.7059
2017.8890 28.3479
2017.8918 31.0380
2017.8945 34.1360
2017.8973 31.8415
2017.9000 31.7643
2017.9027 28.7042
2017.9055 30.6208
2017.9082 30.0440
2017.9110 32.7335
2017.9137 28.4190
2017.9164 36.8907
2017.9192 33.0213
2017.9219 31.9914
2017.9247 35.9010
2017.9274 34.0701
2017.9301 33.2788
2017.9329 31.8871
2017.9356 34.8351
2017.9384 32.5427
2017.9411 32.8700
2017.9438 30.0271
2017.9466 31.3640
2017.9493 29.4506
2017.9521 28.1172
2017.9548 32.7436
2017.9575 30.2900
2017.9603 32.7863
2017.9630 29.8627
2017.9658 30.2490
2017.9685 31.8155
2017.9712 29.9421
2017.9740 32.9688
2017.9767 32.0057
2017.9795 31.3928
2017.9822 26.6202
2017.9849 27.7779
2017.9877 27.9159
2017.9904 29.5443
2017.9931 32.2131
2017.9959 31.1424
2017.9986 29.2121
2018.0014 30.5122
2018.0041 30.3525
2018.0068 33.6427
2018.0096 36.4330
2018.0123 35.5432
2018.0151 32.8035
2018.0178 31.8538
2018.0205 30.0741
2018.0233 32.0344
2018.0260 32.8947
2018.0288 32.2550
2018.0315 27.9553
2018.0342 33.7556
2018.0370 36.1160
2018.0397 32.3963
2018.0425 30.8566
2018.0452 34.3569
2018.0479 34.0972
2018.0507 37.3375
2018.0534 36.6578
2018.0562 35.5881
2018.0589 33.9784
2018.0616 35.3587
2018.0644 38.2390
2018.0671 33.9093
2018.0699 34.0895
2018.0726 36.1898
2018.0753 36.6100
2018.0781 35.8702
2018.0808 33.3205
2018.0836 37.6203
2018.0863 37.1193
2018.0890 35.0278
2018.0918 33.2256
2018.0945 33.6930
2018.0973 30.6899
2018.1000 31.6165
2018.1027 34.9428
2018.1055 34.8489
2018.1082 31.3050
2018.1110 34.0910
2018.1137 34.8370
2018.1164 35.8432
2018.1192 36.4696
2018.1219 34.2563
2018.1247 34.0533
2018.1274 32.4008
2018.1301 30.4487
2018.1329 34.1473
2018.1356 32.4465
2018.1384 32.0165
2018.1411 35.9074
2018.1438 31.4591
2018.1466 32.2518
2018.1493 34.4656
2018.1521 29.8305
2018.1548 29.3666
2018.1575 30.8140
2018.1603 32.2528
2018.1630 33.8530
2018.1658 32.9245
2018.1685 36.2170
2018.1712 35.3907
2018.1740 34.4453
2018.1767 38.3610
2018.1795 35.1575
2018.1822 31.8749
2018.1849 33.9131
2018.1877 26.5120
2018.1904 36.1015
2018.1931 33.5717
2018.1959 33.3324
2018.1986 32.9737
2018.2014 33.4953
2018.2041 32.1373
2018.2068 31.5097
2018.2096 36.9423
2018.2123 33.6151
2018.2151 37.0180
2018.2178 36.2711
2018.2205 36.8741
2018.2233 28.8171
2018.2260 33.8300
2018.2288 36.2728
2018.2315 31.4454
2018.2342 36.7076
2018.2370 34.3896
2018.2397 31.4212
2018.2425 34.2523
2018.2452 33.9429
2018.2479 30.7132
2018.2507 36.0935
2018.2534 35.6638
2018.2562 30.7041
2018.2589 34.1443
2018.2616 27.6445
2018.2644 32.9547
2018.2671 29.8549
2018.2699 31.0952
2018.2726 30.5154
2018.2753 32.6656
2018.2781 33.3458
2018.2808 37.0861
2018.2836 36.8764
2018.2863 36.3467
2018.2890 36.5270
2018.2918 33.2574
2018.2945 29.5878
2018.2973 29.7182
2018.3000 30.1087
2018.3027 28.9293
2018.3055 32.3399
2018.3082 33.4905
2018.3110 30.8212
2018.3137 37.0820
2018.3164 32.5829
2018.3192 30.1338
2018.3219 34.5948
2018.3247 30.2159
2018.3274 30.6371
2018.3301 32.1084
2018.3329 31.8004
2018.3356 30.0430
2018.3384 28.9563
2018.3411 32.6602
2018.3438 32.1546
2018.3466 34.5095
2018.3493 31.9250
2018.3521 34.9108
2018.3548 41.0770
2018.3575 33.1036
2018.3603 33.2705
2018.3630 32.7877
2018.3658 39.1351
2018.3685 35.2427
2018.3712 36.2304
2018.3740 40.1483
2018.3767 38.8162
2018.3794 30.9341
2018.3822 33.2521
2018.3849 32.4800
2018.3877 35.1178
2018.3904 32.0655
2018.3931 30.5829
2018.3959 33.3602
2018.3986 33.5973
2018.4014 35.9340
2018.4041 36.6004
2018.4068 34.3965
2018.4096 34.7721
2018.4123 33.4272
2018.4151 32.3519
2018.4178 35.7859
2018.4205 28.9295
2018.4233 33.1825
2018.4260 32.1852
2018.4288 35.9274
2018.4315 33.0592
2018.4342 34.2508
2018.4370 39.4220
2018.4397 36.4931
2018.4425 37.2039
2018.4452 36.2746
2018.4479 36.1252
2018.4507 30.7157
2018.4534 33.3262
2018.4562 34.5867
2018.4589 27.5373
2018.4616 29.0080
2018.4644 28.0488
2018.4671 28.0398
2018.4699 29.9310
2018.4726 30.1325
2018.4753 26.9743
2018.4781 29.2565
2018.4808 30.7790
2018.4836 33.8120
2018.4863 28.8455
2018.4890 29.6695
2018.4918 30.4640
2018.4945 31.5092
2018.4973 32.8851
2018.5000 30.7723
2018.5027 35.0310
2018.5055 28.1809
2018.5082 35.0020
2018.5110 36.5443
2018.5137 29.2575
2018.5164 34.2517
2018.5192 36.2367
2018.5219 32.8625
2018.5247 30.2089
2018.5274 33.0659
2018.5301 28.9133
2018.5329 34.9311
2018.5356 38.7492
2018.5384 38.9475
2018.5411 38.8759
2018.5438 34.3143
2018.5466 33.5126
2018.5493 39.0807
2018.5521 35.8886
2018.5548 33.7961
2018.5575 38.9132
2018.5603 38.5297
2018.5630 37.7456
2018.5658 36.2808
2018.5685 35.3352
2018.5712 32.7186
2018.5740 31.0111
2018.5767 29.2024
2018.5794 30.4826
2018.5822 29.4917
2018.5849 31.6403
2018.5877 32.5986
2018.5904 35.3465
2018.5931 33.4842
2018.5959 33.1115
2018.5986 35.3286
2018.6014 33.5053
2018.6041 35.2718
2018.6068 38.5080
2018.6096 33.3139
2018.6123 34.9895
2018.6151 35.1449
2018.6178 35.2300
2018.6205 31.2849
2018.6233 29.2395
2018.6260 29.9539
2018.6288 31.2480
2018.6315 32.9819
2018.6342 30.8356
2018.6370 32.1791
2018.6397 33.7723
2018.6425 31.0253
2018.6452 31.2482
2018.6479 31.2708
2018.6507 30.2833
2018.6534 27.9255
2018.6562 30.2276
2018.6589 32.0096
2018.6616 34.1613
2018.6644 35.2229
2018.6671 34.9839
2018.6699 37.7338
2018.6726 36.3828
2018.6753 38.3709
2018.6781 39.3082
2018.6808 42.7447
2018.6836 35.1205
2018.6863 33.2358
2018.6890 34.5605
2018.6918 30.3947
2018.6945 33.9685
2018.6973 29.4921
2018.7000 29.8053
2018.7027 31.9884
2018.7055 33.8014
2018.7082 32.6544
2018.7110 29.6873
2018.7137 29.1904
2018.7164 33.3537
2018.7192 32.0772
2018.7219 30.0510
2018.7247 26.5152
2018.7274 37.2599
2018.7301 32.0051
2018.7329 30.1509
2018.7356 23.0774
2018.7384 23.7846
2018.7411 29.6526
2018.7466 31.9814
2018.7493 30.9725
2018.7521 29.8562
2018.7548 32.0825
2018.7575 29.4112
2018.7603 28.4320
2018.7630 27.0948
2018.7658 31.1593
2018.7685 32.9954
2018.7712 30.2729
2018.7740 30.6715
2018.7767 33.5011
2018.7794 31.9414
2018.7822 33.2223
2018.7849 37.0635
2018.7877 32.8648
2018.7904 32.6661
2018.7931 32.9171
2018.7959 36.3276
2018.7986 29.6775
2018.8014 32.2364
2018.8041 30.9943
2018.8068 36.6509
2018.8096 32.8360
2018.8123 33.2794
2018.8151 30.1109
2018.8178 28.4603
2018.8205 33.3574
2018.8233 37.5219
2018.8260 35.9938
2018.8288 34.8828
2018.8315 38.4186
2018.8342 35.1327
2018.8370 33.5465
2018.8397 33.3201
2018.8425 35.3334
2018.8452 35.3465
2018.8479 38.4594
2018.8507 36.2020
2018.8534 36.4045
2018.8562 35.8268
2018.8589 33.6689
2018.8616 38.9608
2018.8644 37.0525
2018.8671 36.0441
2018.8699 38.2255
2018.8726 36.5068
2018.8753 33.1680
2018.8781 35.8690
2018.8808 37.4899
2018.8836 36.2407
2018.8863 35.5214
2018.8890 35.6720
2018.8918 34.7426
2018.8945 35.1630
2018.8973 33.1634
2018.9000 32.7938
2018.9027 32.6141
2018.9055 34.3644
2018.9082 32.7946
2018.9110 34.8048
2018.9137 31.6450
2018.9164 34.3352
2018.9192 31.7554
2018.9219 32.0656
2018.9247 29.4058
2018.9274 32.6460
2018.9301 34.3662
2018.9329 35.7663
2018.9356 32.4464
2018.9384 31.8464
2018.9411 32.6764
2018.9438 33.1063
2018.9466 34.2961
2018.9493 32.6859
2018.9521 34.1855
2018.9548 31.6451
2018.9575 31.5245
2018.9603 31.7938
2018.9630 31.1730
2018.9658 30.3621
2018.9685 31.8810
2018.9712 32.0498
2018.9740 32.8184
2018.9767 35.3969
2018.9795 33.9551
2018.9822 37.4032
2018.9849 35.7511
2018.9877 32.6788
2018.9904 35.1463
2018.9931 34.7836
2018.9959 34.0107
2018.9986 35.9575
2019.0014 36.3538
2019.0041 40.9278
2019.0068 33.4293
2019.0096 36.4186
2019.0123 38.0757
2019.0151 40.0909
2019.0178 37.4843
2019.0205 36.7760
2019.0233 34.9362
2019.0260 32.9152
2019.0288 35.6629
2019.0315 33.5296
2019.0342 38.1954
2019.0370 38.5206
2019.0397 34.9552
2019.0425 37.9595
2019.0452 37.3135
2019.0479 37.4874
2019.0507 39.3715
2019.0534 36.5558
2019.0562 37.1005
2019.0589 34.9757
2019.0616 36.0217
2019.0644 38.9786
2019.0671 37.7166
2019.0699 34.4157
2019.0726 37.8562
2019.0753 35.7782
2019.0781 38.1619
2019.0808 36.9974
2019.0836 32.7238
