2009.9740 0.7510
2009.9767 4.1300
2009.9795 3.5089
2009.9822 4.7076
2009.9849 5.9462
2009.9877 4.2146
2009.9904 4.3028
2009.9931 4.5607
2009.9959 4.6385
2009.9986 3.2360
2010.0014 5.0728
2010.0041 4.8865
2010.0068 2.7668
2010.0096 8.5741
2010.0123 3.1986
2010.0151 6.9605
2010.0178 0.7900
2010.0205 4.1774
2010.0233 6.3730
2010.0260 4.1170
2010.0288 2.5397
2010.0315 3.7412
2010.0342 4.7718
2010.0370 4.0218
2010.0397 6.4914
2010.0425 4.2109
2010.0452 3.7905
2010.0479 4.8304
2010.0507 4.8110
2010.0534 4.7223
2010.0562 6.3848
2010.0589 10.1586
2010.0616 5.1539
2010.0644 1.7011
2010.0671 5.7403
2010.0699 4.6718
2010.0726 6.4159
2010.0753 7.5327
2010.0781 5.2926
2010.0808 6.1158
2010.0836 6.2010
2010.0863 2.2167
2010.0890 5.1929
2010.0918 5.1597
2010.0945 3.2270
2010.0973 3.0849
2010.1000 1.6334
2010.1027 -2.9776
2010.1055 3.3320
2010.1082 5.2823
2010.1110 3.2931
2010.1137 6.7045
2010.1164 7.3765
2010.1192 4.1191
2010.1219 2.2923
2010.1247 0.4761
2010.1274 1.1206
2010.1301 6.8557
2010.1329 2.4114
2010.1356 1.4778
2010.1384 1.3648
2010.1411 1.1825
2010.1438 1.3909
2010.1466 2.3499
2010.1493 5.2496
2010.1521 5.8899
2010.1548 6.5210
2010.1575 6.1427
2010.1603 3.0751
2010.1630 3.2182
2010.1658 -0.5985
2010.1685 4.4151
2010.1712 5.3588
2010.1740 1.9427
2010.1767 1.9868
2010.1795 4.2810
2010.1822 1.9153
2010.1849 10.4698
2010.1877 6.2043
2010.1904 4.3790
2010.1931 0.4137
2010.1959 0.9885
2010.1986 0.0634
2010.2014 0.5882
2010.2041 0.7831
2010.2068 -0.4520
2010.2096 0.2029
2010.2123 2.7378
2010.2151 0.6526
2010.2178 7.7874
2010.2205 3.7621
2010.2233 3.5767
2010.2260 1.6412
2010.2288 0.9956
2010.2315 2.5199
2010.2342 4.2641
2010.2370 6.4781
2010.2397 2.7120
2010.2425 4.8356
2010.2452 -1.6109
2010.2479 3.8821
2010.2507 5.1243
2010.2534 -0.1142
2010.2562 9.1567
2010.2589 3.9770
2010.2616 5.4268
2010.2644 -0.8138
2010.2671 5.6953
2010.2699 3.2540
2010.2726 3.6426
2010.2753 7.8009
2010.2781 5.2892
2010.2808 5.8374
2010.2836 7.0457
2010.2863 4.9241
2010.2890 1.2927
2010.2918 5.5915
2010.2945 2.9706
2010.2973 -2.1099
2010.3000 -0.0700
2010.3027 7.4204
2010.3055 4.0614
2010.3082 5.1531
2010.3110 5.2154
2010.3137 5.1485
2010.3164 4.9925
2010.3192 4.3374
2010.3219 1.8832
2010.3247 2.0201
2010.3274 1.1581
2010.3301 -0.3827
2010.3329 0.8384
2010.3356 2.6814
2010.3384 1.6061
2010.3411 2.0726
2010.3438 1.8706
2010.3466 -2.2598
2010.3493 1.9312
2010.3521 -0.7665
2010.3548 3.8872
2010.3575 4.4420
2010.3603 -2.3522
2010.3630 -2.3653
2010.3658 -2.6674
2010.3685 5.7712
2010.3712 10.3506
2010.3740 6.5207
2010.3767 7.3313
2010.3794 7.2624
2010.3822 4.2940
2010.3849 7.3758
2010.3877 7.6779
2010.3904 5.7501
2010.3931 2.5024
2010.3959 6.3847
2010.3986 7.7668
2010.4014 13.4988
2010.4041 15.5605
2010.4068 8.9917
2010.4096 8.6526
2010.4123 12.5029
2010.4151 10.6430
2010.4178 9.2835
2010.4205 12.3241
2010.4233 10.8350
2010.4260 12.2362
2010.4288 4.5576
2010.4315 2.7692
2010.4342 2.1711
2010.4370 8.0032
2010.4397 7.1655
2010.4425 7.2880
2010.4452 6.8307
2010.4479 10.1535
2010.4507 5.1166
2010.4534 3.0298
2010.4562 3.7332
2010.4589 3.1868
2010.4616 7.1106
2010.4644 4.0844
2010.4671 -0.8915
2010.4699 -1.0274
2010.4726 -0.6231
2010.4753 0.4814
2010.4781 1.6559
2010.4808 0.4105
2010.4836 1.9853
2010.4863 4.4201
2010.4890 6.8251
2010.4918 7.1401
2010.4945 2.6452
2010.4973 2.6108
2010.5000 2.4495
2010.5027 2.2813
2010.5055 3.0663
2010.5082 3.8739
2010.5110 4.3442
2010.5137 1.9068
2010.5164 2.6815
2010.5192 4.4780
2010.5219 5.2762
2010.5247 4.4058
2010.5274 3.7165
2010.5301 1.6082
2010.5329 3.7306
2010.5356 6.2834
2010.5384 -2.0335
2010.5411 5.1796
2010.5438 4.8624
2010.5466 5.6448
2010.5493 5.7566
2010.5521 6.9374
2010.5548 5.0870
2010.5575 4.3352
2010.5603 6.1919
2010.5630 7.6167
2010.5658 8.9494
2010.5685 7.5498
2010.5712 2.2176
2010.5740 7.9527
2010.5767 7.5047
2010.5794 2.5136
2010.5822 0.2682
2010.5849 2.6950
2010.5877 2.5738
2010.5904 3.7152
2010.5931 4.6197
2010.5959 4.4681
2010.5986 2.2209
2010.6014 2.7486
2010.6041 5.0918
2010.6068 6.3813
2010.6096 7.4075
2010.6123 7.2410
2010.6151 7.7524
2010.6178 1.1524
2010.6205 -1.4486
2010.6233 -1.5298
2010.6260 -0.7807
2010.6288 -2.0408
2010.6315 -4.2294
2010.6342 2.2541
2010.6370 -0.3098
2010.6397 4.6896
2010.6425 3.3129
2010.6452 4.8705
2010.6479 1.6832
2010.6507 2.2215
2010.6534 3.1360
2010.6562 3.9373
2010.6589 3.1460
2010.6616 0.5527
2010.6644 3.5879
2010.6671 1.9978
2010.6699 2.9578
2010.6726 1.7881
2010.6753 3.8685
2010.6781 -1.1509
2010.6808 -0.5003
2010.6836 2.2506
2010.6863 3.6015
2010.6890 2.9525
2010.6918 3.0636
2010.6945 0.5747
2010.6973 0.0559
2010.7000 -5.2828
2010.7027 -2.0015
2010.7055 0.3897
2010.7082 -0.2690
2010.7110 0.6523
2010.7137 1.0335
2010.7164 4.1647
2010.7192 4.4658
2010.7219 3.9769
2010.7247 1.4978
2010.7274 2.6087
2010.7301 3.5995
2010.7329 -1.2399
2010.7356 -3.5294
2010.7384 2.1409
2010.7411 1.4711
2010.7438 -0.1489
2010.7466 0.0808
2010.7493 1.3105
2010.7521 2.4300
2010.7548 -0.0404
2010.7575 -1.8509
2010.7603 2.2286
2010.7630 -2.6018
2010.7658 3.0977
2010.7685 4.7972
2010.7712 2.0267
2010.7740 1.4261
2010.7767 2.7356
2010.7794 0.9851
2010.7822 1.6046
2010.7849 2.5140
2010.7877 1.2335
2010.7904 -1.9071
2010.7931 -1.4976
2010.7959 2.8119
2010.7986 7.5613
2010.8014 6.1808
2010.8041 3.8703
2010.8068 3.3297
2010.8096 -0.1408
2010.8123 3.7887
2010.8151 5.5882
2010.8178 -0.6323
2010.8205 2.6972
2010.8233 -4.2033
2010.8260 1.4663
2010.8288 5.7358
2010.8315 4.6354
2010.8342 -1.3338
2010.8370 6.1593
2010.8397 -0.2055
2010.8425 -2.6084
2010.8452 -3.8896
2010.8479 0.2806
2010.8507 -0.8081
2010.8534 4.0242
2010.8562 6.9172
2010.8589 7.4007
2010.8616 2.9845
2010.8644 2.7383
2010.8671 7.5119
2010.8699 2.6751
2010.8726 1.9677
2010.8753 2.8393
2010.8781 8.0698
2010.8808 6.3390
2010.8836 9.5866
2010.8863 6.4524
2010.8890 7.5362
2010.8918 8.2477
2010.8945 7.7568
2010.8973 6.0331
2010.9000 5.5964
2010.9027 3.2266
2010.9055 5.3433
2010.9082 6.6464
2010.9110 7.6857
2010.9137 6.9408
2010.9164 7.6116
2010.9192 7.3978
2010.9219 5.6597
2010.9247 6.3873
2010.9274 2.9511
2010.9301 0.9612
2010.9329 2.2179
2010.9356 2.5514
2010.9384 3.4519
2010.9411 4.2897
2010.9438 3.6650
2010.9466 5.2781
2010.9493 4.7192
2010.9521 4.7286
2010.9548 2.9964
2010.9575 2.0629
2010.9603 6.1183
2010.9630 3.4530
2010.9658 5.1271
2010.9685 3.4208
2010.9712 3.8445
2010.9740 1.2783
2010.9767 2.8625
2010.9795 3.1773
2010.9822 16.8529
2010.9849 8.7897
2010.9877 5.6078
2010.9904 2.8675
2010.9931 5.6589
2010.9959 2.2825
2010.9986 6.8183
2011.0014 5.1863
2011.0041 5.9243
2011.0068 5.3621
2011.0096 3.5397
2011.0123 6.8471
2011.0151 8.2644
2011.0178 5.3015
2011.0205 6.0987
2011.0233 5.4857
2011.0288 4.0600
2011.0315 3.0173
2011.0342 2.6846
2011.0370 7.5922
2011.0397 4.5799
2011.0425 4.6279
2011.0452 4.7062
2011.0479 5.6048
2011.0507 6.0537
2011.0534 6.9931
2011.0562 5.2729
2011.0589 9.0831
2011.0616 8.6639
2011.0644 9.6752
2011.0671 9.3070
2011.0699 7.0895
2011.0726 6.1927
2011.0753 7.7666
2011.0781 8.1812
2011.0808 5.6365
2011.0836 8.0336
2011.0863 8.7232
2011.0890 8.0451
2011.0918 6.6191
2011.0945 10.6052
2011.0973 8.0332
2011.1000 6.4328
2011.1027 9.8840
2011.1055 8.2167
2011.1082 7.0805
2011.1110 10.4155
2011.1137 9.7913
2011.1164 6.2180
2011.1192 8.7653
2011.1219 13.0330
2011.1247 11.8411
2011.1274 7.8893
2011.1301 11.0975
2011.1329 7.7356
2011.1356 11.6833
2011.1384 9.8506
2011.1411 9.4273
2011.1438 12.6532
2011.1466 9.3181
2011.1493 14.3220
2011.1521 12.2246
2011.1548 8.6659
2011.1575 8.8255
2011.1603 7.8935
2011.1630 7.8798
2011.1658 11.3857
2011.1685 10.0613
2011.1712 8.3667
2011.1740 11.5118
2011.1767 6.9067
2011.1795 7.9914
2011.1822 5.7457
2011.1849 7.1899
2011.1877 6.1038
2011.1904 10.8075
2011.1931 5.8909
2011.1959 5.5341
2011.1986 -0.4730
2011.2014 1.2097
2011.2041 2.1022
2011.2068 0.3045
2011.2096 2.4165
2011.2123 5.7383
2011.2151 10.7499
2011.2178 6.7212
2011.2205 7.8623
2011.2233 3.3832
2011.2260 3.8039
2011.2288 5.1743
2011.2315 6.6946
2011.2342 1.6746
2011.2370 3.4644
2011.2397 1.8039
2011.2425 3.3833
2011.2452 6.7325
2011.2479 1.4905
2011.2507 2.6268
2011.2534 3.9412
2011.2562 4.3741
2011.2589 6.3955
2011.2616 7.8255
2011.2644 7.3344
2011.2671 12.2721
2011.2699 5.0789
2011.2726 2.1448
2011.2753 5.3901
2011.2781 4.6648
2011.2808 15.7990
2011.2836 6.8229
2011.2863 10.4667
2011.2890 7.3903
2011.2918 7.4841
2011.2945 10.1381
2011.2973 6.8024
2011.3000 5.6871
2011.3027 5.6225
2011.3055 7.9285
2011.3082 8.9855
2011.3110 16.0834
2011.3137 18.1924
2011.3164 16.4227
2011.3192 19.1843
2011.3219 17.6674
2011.3247 18.6221
2011.3274 16.2486
2011.3301 16.5473
2011.3329 18.2095
2011.3356 22.4855
2011.3384 21.1249
2011.3411 19.2374
2011.3438 18.2427
2011.3466 19.2106
2011.3493 19.5608
2011.3521 17.8431
2011.3548 21.2471
2011.3575 18.1625
2011.3603 19.0592
2011.3630 18.4168
2011.3658 19.1450
2011.3685 17.1736
2011.3712 11.9123
2011.3740 18.8108
2011.3767 18.7289
2011.3794 15.4563
2011.3822 19.8926
2011.3849 16.8477
2011.3877 16.9912
2011.3904 19.8329
2011.3931 20.1925
2011.3959 16.2498
2011.3986 16.0543
2011.4014 19.3660
2011.4041 21.8444
2011.4068 12.6194
2011.4096 15.4906
2011.4123 15.6678
2011.4151 16.7224
2011.4178 16.1163
2011.4205 12.4193
2011.4233 13.3216
2011.4260 12.3833
2011.4288 10.4144
2011.4315 12.3348
2011.4342 14.8048
2011.4370 14.5744
2011.4397 18.1835
2011.4425 19.1723
2011.4452 14.3608
2011.4479 10.8492
2011.4507 9.5573
2011.4534 11.3353
2011.4562 13.6233
2011.4589 13.4213
2011.4616 10.4593
2011.4644 14.6574
2011.4671 18.3257
2011.4699 13.8442
2011.4726 15.7130
2011.4753 14.8022
2011.4781 14.7617
2011.4808 17.7517
2011.4836 12.5522
2011.4863 14.1932
2011.4890 15.1048
2011.4918 16.0572
2011.4945 10.5402
2011.4973 9.0639
2011.5000 16.8975
2011.5027 13.0310
2011.5055 17.7144
2011.5082 17.2876
2011.5110 11.1509
2011.5137 9.6841
2011.7247 -1.3601
2011.7274 11.6456
2011.7301 3.7508
2011.7329 2.6653
2011.7356 3.3391
2011.8260 -0.5845
2011.8288 10.6837
2011.8315 9.9418
2012.2555 7.4175
2012.2582 4.0258
2012.8347 11.1601
2012.8374 11.4085
2012.8402 9.8569
2012.8429 6.7751
2012.8456 9.7732
2012.8484 9.7312
2012.8511 7.7090
2012.8538 11.5268
2012.8566 6.7243
2012.8593 4.1217
2012.8620 6.7789
2012.8648 9.5260
2012.8675 7.3828
2012.8702 11.6895
2012.8729 8.3860
2012.8757 8.1222
2012.8784 7.8183
2012.8811 8.4841
2012.8839 11.8797
2012.8866 9.9950
2012.8893 10.4501
2012.8921 10.3749
2012.8948 9.9494
2012.8975 7.6937
2012.9003 7.0377
2012.9030 6.0514
2012.9057 5.4948
2012.9085 7.7279
2012.9112 10.3006
2012.9139 12.7830
2012.9167 12.8951
2012.9194 11.0168
2012.9221 9.9481
2012.9249 11.0990
2012.9276 11.7695
2012.9303 8.5698
2012.9331 9.5598
2012.9358 10.9595
2012.9385 11.1190
2012.9413 10.9483
2012.9440 11.0675
2012.9467 8.1065
2012.9495 7.0155
2012.9522 8.1143
2012.9549 11.3632
2012.9576 10.1120
2012.9604 8.7808
2012.9631 8.8597
2012.9658 11.0286
2012.9686 5.2777
2012.9713 -0.0331
2012.9740 7.8262
2012.9768 7.6558
2012.9795 10.9156
2012.9822 8.0256
2012.9850 8.6259
2012.9877 10.9865
2012.9904 11.8275
2012.9932 8.7189
2012.9959 9.6806
2012.9986 9.3628
2013.0014 10.0754
2013.0041 9.1288
2013.0068 6.9231
2013.0096 7.3482
2013.0123 8.1941
2013.0151 8.2407
2013.0178 8.4281
2013.0205 9.5862
2013.0233 8.2750
2013.0260 9.2344
2013.0288 7.9144
2013.0315 9.4251
2013.0342 8.5862
2013.0370 10.6779
2013.0397 10.7201
2013.0425 8.7528
2013.0452 6.5459
2013.0479 8.4594
2013.0507 9.1633
2013.0534 2.4575
2013.0562 3.9320
2013.0589 7.1469
2013.0616 6.3620
2013.0644 6.4573
2013.0671 10.6628
2013.0699 9.7685
2013.0726 9.8843
2013.0753 7.7602
2013.0781 11.6562
2013.0808 8.7922
2013.0836 10.6584
2013.0863 9.6448
2013.0890 8.9416
2013.0918 11.6488
2013.0945 10.3466
2013.0973 13.8550
2013.1000 12.1541
2013.1027 12.3141
2013.1055 11.1749
2013.1082 10.6768
2013.1110 9.3397
2013.1137 9.5738
2013.1164 10.0192
2013.1192 7.9359
2013.1219 9.9541
2013.1247 6.2438
2013.1274 7.5152
2013.1301 7.8183
2013.1329 7.9932
2013.1356 9.3300
2013.1384 8.6988
2013.1411 3.3196
2013.1438 3.6627
2013.1466 2.4480
2013.1493 1.0057
2013.1521 4.4959
2013.1548 9.7486
2013.1575 6.3039
2013.1603 8.5719
2013.1630 6.7126
2013.1658 6.1046
2013.1685 5.2676
2013.1712 10.2718
2013.1740 4.8969
2013.1767 3.9530
2013.1795 6.6200
2013.1822 1.7379
2013.1849 3.5066
2013.1877 5.8661
2013.1904 6.8064
2013.1931 2.7173
2013.1959 0.6789
2013.1986 6.7610
2013.2014 8.2238
2013.2041 4.3870
2013.2068 2.5407
2013.2096 7.8848
2013.2123 7.8093
2013.2151 9.1141
2013.2178 8.8392
2013.2205 7.5746
2013.2233 7.2501
2013.2260 8.1858
2013.2288 9.8016
2013.2315 9.1674
2013.2342 8.8632
2013.2370 10.9391
2013.2397 9.7448
2013.2425 11.8704
2013.2452 16.9159
2013.2479 14.3417
2013.2507 15.3687
2013.2534 17.7865
2013.2562 14.9853
2013.2589 16.1948
2013.2616 14.0550
2013.2644 17.8659
2013.2671 15.1572
2013.2699 11.9690
2013.2726 16.7711
2013.2753 11.3035
2013.2781 9.4161
2013.2808 11.6188
2013.2836 12.2415
2013.2863 14.2041
2013.2890 15.0165
2013.2918 15.2987
2013.2945 15.8306
2013.2973 13.4020
2013.3000 9.6930
2013.3027 7.1833
2013.3055 8.9030
2013.3082 11.1919
2013.3110 20.3699
2013.3137 24.1771
2013.3164 19.1132
2013.3192 13.9082
2013.3219 13.5820
2013.3247 16.4345
2013.3274 12.1957
2013.3301 15.1752
2013.3329 16.5721
2013.3356 17.3062
2013.3384 8.7876
2013.3411 10.3564
2013.3438 13.5827
2013.3466 11.8165
2013.3493 15.1080
2013.3521 16.1472
2013.3548 15.8043
2013.3575 19.7592
2013.3603 14.1921
2013.3630 12.5130
2013.3658 12.2221
2013.3685 13.7395
2013.3712 19.8752
2013.3740 15.6092
2013.3767 21.8418
2013.3794 24.0129
2013.3822 29.9827
2013.3849 28.4512
2013.3877 29.0086
2013.3904 26.1448
2013.3931 23.8501
2013.3959 21.0044
2013.3986 20.0179
2013.4014 18.8807
2013.4041 20.3827
2013.4068 18.1042
2013.4096 13.5252
2013.4123 20.2058
2013.4151 16.6153
2013.4178 14.9731
2013.4205 16.4794
2013.4233 16.2842
2013.4260 15.5678
2013.4288 17.9802
2013.4315 20.8316
2013.4342 26.2022
2013.4370 23.1520
2013.4397 19.2511
2013.4425 19.9199
2013.4452 20.7282
2013.4479 16.8564
2013.4507 20.2746
2013.4534 21.3627
2013.4562 19.1011
2013.4589 16.6499
2013.4616 16.3191
2013.4644 20.5789
2013.4671 17.5895
2013.4699 17.2609
2013.4726 19.6933
2013.4753 20.4069
2013.4781 16.7718
2013.4808 16.7781
2013.4836 15.0860
2013.4863 13.3155
2013.4890 10.7969
2013.4918 5.8102
2013.4945 3.3856
2013.4973 4.6930
2013.5000 5.5909
2013.5027 3.6689
2013.5055 7.4971
2013.5082 6.3355
2013.5110 8.8141
2013.5137 11.8328
2013.5164 9.6916
2013.5192 6.7306
2013.5219 8.0896
2013.5247 11.0088
2013.5493 10.5031
2013.5521 15.5224
2013.5548 11.9218
2013.5575 12.2810
2013.5603 6.9402
2013.5630 10.3193
2013.5658 8.7983
2013.5904 16.7620
2013.5931 11.6490
2013.5959 8.7058
2013.5986 4.3525
2013.6014 3.3589
2013.6041 6.3753
2013.6068 4.8415
2013.6096 3.6075
2013.6123 1.0735
2013.6151 1.6694
2013.6178 5.7853
2013.6205 7.4012
2013.6233 8.3170
2013.6260 6.5829
2013.6288 5.0988
2013.6315 6.8148
2013.6342 4.7908
2013.6370 6.9970
2013.6397 4.9532
2013.6425 2.6997
2013.6452 3.6662
2013.6479 0.7730
2013.6507 3.7700
2013.6534 8.1172
2013.6562 6.9947
2013.6589 4.0424
2013.6616 2.3604
2013.6644 3.5988
2013.6671 3.4297
2013.6699 3.8053
2013.6726 2.0852
2013.6753 0.5691
2013.6781 -3.5432
2013.6808 3.9278
2013.6836 4.0619
2013.6863 0.4587
2013.6890 0.0979
2013.6918 1.9892
2013.6945 4.2023
2013.6973 4.4268
2013.7000 1.0625
2013.7027 2.2990
2013.7055 4.4259
2013.7082 5.8430
2013.7110 1.4400
2013.7137 8.8465
2013.7164 7.2821
2013.7192 3.6267
2013.7219 6.6498
2013.7247 7.7212
2013.7274 7.0904
2013.7301 9.0473
2013.7329 2.8014
2013.7356 3.7025
2013.7384 1.7702
2013.7411 0.0542
2013.7438 2.4942
2013.7466 1.2099
2013.7493 6.4014
2013.7521 1.5119
2013.7548 6.8217
2013.7575 2.5510
2013.7603 1.9396
2013.7630 5.5777
2013.7658 5.2052
2013.7685 7.9921
2013.7712 6.5184
2013.7740 8.8342
2013.7767 11.4995
2013.7794 12.1242
2013.7822 12.3883
2013.7849 9.8720
2013.7877 12.0251
2013.7904 8.0777
2013.7931 11.1498
2013.7959 8.1315
2013.7986 11.0126
2013.8014 11.0633
2013.8041 9.4935
2013.8068 9.7832
2013.8096 10.6925
2013.8123 11.9113
2013.8151 10.0397
2013.8178 12.4777
2013.8205 11.6452
2013.8233 11.5424
2013.8260 10.9691
2013.8288 12.0854
2013.8315 10.9414
2013.8342 9.9171
2013.8370 12.4830
2013.8397 15.5089
2013.8425 17.2948
2013.8452 15.2108
2013.8479 14.1666
2013.8507 11.7125
2013.8534 14.7682
2013.8562 11.6938
2013.8589 17.2792
2013.8616 12.3845
2013.8644 9.5495
2013.8671 11.7344
2013.8699 10.4989
2013.8726 8.3732
2013.8753 8.8272
2013.8781 10.6108
2013.8808 9.6440
2013.8836 10.3469
2013.8863 9.4393
2013.8890 12.5313
2013.8918 8.5828
2013.8945 5.0437
2013.8973 7.2442
2013.9000 11.1240
2013.9027 11.6733
2013.9055 8.2619
2013.9082 5.2299
2013.9110 6.6973
2013.9137 6.1839
2013.9164 7.3098
2013.9192 5.6648
2013.9219 7.7391
2013.9247 8.5727
2013.9274 8.6556
2013.9301 5.3478
2013.9329 7.0895
2013.9356 5.3406
2013.9384 9.8813
2013.9411 6.4615
2013.9438 7.8913
2013.9466 10.0907
2013.9493 9.7299
2013.9521 9.1988
2013.9548 10.8175
2013.9575 7.9361
2013.9603 4.9846
2013.9630 4.6730
2013.9658 4.3413
2013.9685 10.1898
2013.9712 9.4183
2013.9740 7.6069
2013.9767 7.5457
2013.9795 9.4148
2013.9822 10.4041
2013.9849 7.3338
2013.9877 12.0038
2013.9904 6.8642
2013.9931 8.2351
2013.9959 7.3165
2013.9986 6.7385
2014.0014 9.6810
2014.0041 6.1635
2014.0068 5.8461
2014.0096 7.8086
2014.0123 8.4012
2014.0151 7.1840
2014.0178 4.1869
2014.0205 4.0301
2014.0233 6.5135
2014.0260 5.4272
2014.0288 4.7112
2014.0315 7.1757
2014.0342 12.1606
2014.0370 6.4160
2014.0397 7.4719
2014.0425 7.0484
2014.0452 7.1155
2014.0479 10.6333
2014.0507 10.2218
2014.0534 9.0510
2014.0562 8.3011
2014.0589 4.3620
2014.0616 6.1439
2014.0644 8.8566
2014.0671 10.3604
2014.0699 8.1152
2014.0726 6.8910
2014.0753 7.1180
2014.0781 11.2862
2014.0808 9.5156
2014.0836 9.3570
2014.0863 9.5913
2014.0890 7.8683
2014.0918 11.0077
2014.0945 11.9794
2014.0973 11.7533
2014.1000 8.3491
2014.1027 5.4468
2014.1055 11.1260
2014.1082 8.8367
2014.1110 9.6186
2014.1137 12.5517
2014.1164 8.7357
2014.1192 7.7504
2014.1219 13.6957
2014.1247 8.5215
2014.1274 12.6674
2014.1301 11.9235
2014.1329 12.1094
2014.1356 7.5550
2014.1384 6.9202
2014.1411 9.2648
2014.1438 10.3686
2014.1466 8.6814
2014.1493 13.7331
2014.1521 9.3934
2014.1548 10.8923
2014.1575 12.8095
2014.1603 13.9549
2014.1630 8.2484
2014.1658 11.0401
2014.1685 9.7302
2014.1712 12.4989
2014.1740 9.8162
2014.1767 14.9624
2014.1795 16.5275
2014.1822 13.2718
2014.1849 13.0652
2014.1877 11.8480
2014.1904 14.7403
2014.1931 9.9523
2014.1959 7.5840
2014.1986 11.5555
2014.2014 7.1272
2014.2041 6.2890
2014.2068 3.7511
2014.2096 7.5536
2014.2123 13.1567
2014.2151 10.1905
2014.2178 9.2851
2014.2205 6.1707
2014.2233 9.8774
2014.2260 9.9654
2014.2288 11.6447
2014.2315 11.6256
2014.2342 10.1480
2014.2370 9.6923
2014.2397 6.6485
2014.2425 9.7667
2014.2452 12.3871
2014.2479 7.5404
2014.2507 15.2872
2014.2534 10.8672
2014.2562 10.3901
2014.2589 13.9057
2014.2616 14.7539
2014.2644 12.1943
2014.2671 12.2868
2014.2699 9.4511
2014.2726 12.2270
2014.2753 11.1242
2014.2781 9.9526
2014.2808 13.8118
2014.2836 12.7617
2014.2863 10.6121
2014.2890 11.1326
2014.2918 15.6831
2014.2945 14.2734
2014.2973 13.9631
2014.3000 5.1021
2014.3027 12.7802
2014.3055 9.2371
2014.3082 3.5726
2014.3110 7.5864
2014.3137 2.4683
2014.3164 11.2182
2014.3192 9.6857
2014.3219 2.5806
2014.3247 6.7428
2014.3274 8.3319
2014.3301 12.5581
2014.3329 8.4339
2014.3356 10.3495
2014.3384 11.9251
2014.3411 6.1505
2014.3438 4.9659
2014.3466 2.2013
2014.3493 2.2765
2014.3521 0.7217
2014.3548 4.7068
2014.3575 9.4118
2014.3603 9.7468
2014.3630 9.3617
2014.3658 11.7265
2014.3685 11.0613
2014.3712 12.5560
2014.3740 8.7507
2014.3767 3.3653
2014.3794 9.3898
2014.3822 11.7943
2014.3849 9.7987
2014.3877 9.3331
2014.3904 5.2075
2014.3931 6.7818
2014.3959 6.0960
2014.3986 6.0803
2014.4014 9.0945
2014.4041 13.5986
2014.4068 12.6027
2014.4096 11.2868
2014.4123 7.6408
2014.4151 5.9147
2014.4178 9.1682
2014.4205 9.2315
2014.4233 8.2945
2014.4260 24.6672
2014.4342 24.5642
2014.4370 23.9561
2014.4479 21.6830
2014.4507 19.1846
2014.4534 18.9361
2014.4562 21.6877
2014.4589 19.7293
2014.4616 19.6310
2014.4644 16.0327
2014.4671 21.7246
2014.4699 18.2466
2014.4726 19.5587
2014.4753 16.6011
2014.4781 16.4236
2014.4808 15.9464
2014.4836 13.7094
2014.4863 17.3527
2014.4890 18.3963
2014.4918 14.1302
2014.4945 11.9744
2014.4973 14.6897
2014.5000 14.0898
2014.5027 16.0050
2014.5055 10.9450
2014.5082 13.9795
2014.5110 19.6581
2014.5137 14.9905
2014.5164 16.4063
2014.5192 18.3152
2014.5219 20.6769
2014.5247 25.4610
2014.5274 15.6971
2014.5301 16.5850
2014.5329 20.2043
2014.5356 12.5846
2014.5384 14.8757
2014.5411 8.1171
2014.5438 7.9386
2014.5466 2.1997
2014.5493 4.1802
2014.5521 4.3297
2014.5548 13.3978
2014.5575 9.6143
2014.5603 14.1688
2014.5630 14.6209
2014.5658 15.1503
2014.5685 20.4266
2014.5712 7.2696
2014.5740 7.2488
2014.5767 8.1840
2014.5794 12.6348
2014.5822 11.6913
2014.5849 9.5362
2014.5877 17.8100
2014.5904 18.3626
2014.5931 18.2542
2014.5959 17.6647
2014.5986 15.5242
2014.6014 18.9827
2014.6041 20.3502
2014.6068 17.5967
2014.6096 16.6524
2014.6123 12.7971
2014.6151 15.5610
2014.6178 8.5940
2014.6205 18.6862
2014.6233 16.7477
2014.6260 15.2484
2014.6288 13.7683
2014.6315 13.0776
2014.6342 16.4661
2014.6370 10.7341
2014.6397 14.6914
2014.6425 12.0681
2014.6452 12.2542
2014.6479 10.8498
2014.6507 3.8149
2014.6534 7.1695
2014.6562 2.5637
2014.6589 6.9674
2014.6616 1.0807
2014.6644 7.4936
2014.6671 4.1551
2014.6699 6.8641
2014.6726 8.1808
2014.6753 5.9953
2014.6781 11.0679
2014.6808 11.4787
2014.6836 11.0379
2014.6863 7.0558
2014.6890 10.1023
2014.6918 7.4678
2014.6945 10.0325
2014.6973 11.4764
2014.7000 8.7498
2014.7027 5.4229
2014.7055 5.6258
2014.7082 6.9287
2014.7110 8.2718
2014.7137 9.4453
2014.7164 12.3194
2014.7192 9.5942
2014.7219 10.4999
2014.7247 10.0667
2014.7274 12.1248
2014.7301 7.0443
2014.7329 8.7955
2014.7356 7.2584
2014.7384 8.9334
2014.7411 10.6305
2014.7438 8.3500
2014.7466 7.4420
2014.7493 10.7273
2014.7521 11.3993
2014.7548 13.8780
2014.7575 13.6829
2014.7603 9.1834
2014.7630 6.4591
2014.7658 8.7394
2014.7685 9.7537
2014.7712 10.2117
2014.7740 12.6426
2014.7767 8.5861
2014.7794 12.1115
2014.7822 9.4085
2014.7849 11.7763
2014.7877 11.9046
2014.7904 7.1827
2014.7931 9.5903
2014.7959 5.7066
2014.7986 3.8313
2014.8014 0.3637
2014.8041 7.6135
2014.8068 11.2899
2014.8096 9.4026
2014.8123 12.3910
2014.8151 13.1045
2014.8808 5.0328
2014.8836 5.6900
2014.8863 7.8371
2014.8890 5.7540
2014.8918 8.5309
2014.8945 4.4478
2014.8973 7.4345
2014.9000 8.9712
2014.9027 2.0278
2014.9055 5.6443
2014.9082 8.4907
2014.9110 9.9871
2014.9137 9.6334
2014.9164 8.3897
2014.9192 13.3658
2014.9219 7.6618
2014.9247 8.6576
2014.9274 8.8933
2014.9301 11.3789
2014.9329 13.4744
2014.9356 13.5099
2014.9384 11.3653
2014.9411 15.3206
2014.9438 13.0059
2014.9466 11.0311
2014.9493 7.7564
2014.9521 12.5016
2014.9548 15.5669
2014.9575 12.9822
2014.9603 7.5075
2014.9630 13.2329
2014.9658 9.8184
2014.9685 13.5839
2014.9712 7.0295
2014.9740 10.7153
2014.9767 9.5612
2014.9795 11.1371
2014.9822 10.6233
2014.9849 10.3196
2014.9877 10.2261
2014.9904 6.1027
2014.9931 6.1896
2014.9959 7.5967
2014.9986 7.4740
2015.0014 5.7717
2015.0041 6.8113
2015.0068 7.7929
2015.0096 13.9462
2015.0123 8.4613
2015.0151 6.6079
2015.0178 8.6660
2015.0205 6.5454
2015.0233 7.8861
2015.0260 8.9479
2015.0288 7.9106
2015.0315 9.8742
2015.0342 8.2486
2015.0370 5.3436
2015.0397 5.9090
2015.0425 7.2549
2015.0452 5.3911
2015.0479 7.1174
2015.0507 13.0037
2015.0534 12.6499
2015.0562 9.9559
2015.0589 6.1516
2015.0616 8.9969
2015.0644 9.7816
2015.0671 10.7055
2015.0699 10.2587
2015.0726 6.1410
2015.0753 7.7522
2015.0781 10.0322
2015.0808 8.8310
2015.0836 8.6073
2015.0863 8.6302
2015.0890 7.3600
2015.0918 12.8069
2015.0945 11.2014
2015.0973 13.2438
2015.1000 10.6442
2015.1027 11.5930
2015.1055 10.7005
2015.1082 13.2471
2015.1110 11.0229
2015.1137 7.8284
2015.1164 11.1337
2015.1192 10.4893
2015.1219 9.3154
2015.1247 14.3923
2015.1274 12.8702
2015.1301 13.6296
2015.1329 11.6107
2015.1356 10.8438
2015.1384 10.6292
2015.1411 9.7472
2015.1438 12.6182
2015.1466 13.5123
2015.1493 9.7099
2015.1521 8.3613
2015.1548 10.2869
2015.1575 11.6968
2015.1603 8.1215
2015.1630 9.8207
2015.1658 8.1224
2015.1685 10.2561
2015.1712 11.6418
2015.1740 8.6893
2015.1767 12.2485
2015.1795 2.6994
2015.1822 13.0919
2015.1849 12.2858
2015.1877 9.6610
2015.1904 10.3076
2015.1931 12.2453
2015.1959 12.8041
2015.1986 16.7239
2015.2014 14.0846
2015.2041 13.0961
2015.2068 13.4282
2015.2096 13.9811
2015.2123 15.0744
2015.2151 12.9782
2015.2178 10.9323
2015.2205 10.9666
2015.2233 8.4111
2015.2260 24.8357
2015.2288 18.7402
2015.2315 14.6345
2015.2342 13.3387
2015.2370 10.8625
2015.2397 12.6559
2015.2425 18.4888
2015.2452 20.7810
2015.2479 17.2039
2015.2507 13.3785
2015.2534 12.9947
2015.2562 11.5523
2015.2589 11.5412
2015.2616 10.6111
2015.2644 4.3420
2015.2671 -1.2163
2015.2699 12.6060
2015.2726 8.9788
2015.2753 10.4019
2015.2781 2.4451
2015.2808 6.7484
2015.2836 5.0114
2015.2863 6.5641
2015.2890 7.4364
2015.2918 9.9580
2015.2945 9.5488
2015.2973 8.4886
2015.3000 9.4173
2015.3027 9.4647
2015.3055 17.1807
2015.3082 17.7151
2015.3110 16.8877
2015.3137 17.2484
2015.3164 13.1771
2015.3192 17.8935
2015.3219 15.7975
2015.3247 11.8189
2015.3274 15.8077
2015.3301 16.9735
2015.3329 15.8856
2015.3356 14.8940
2015.3384 18.4389
2015.3411 22.1305
2015.3438 16.0089
2015.3466 12.3842
2015.3493 4.4867
2015.3521 7.6364
2015.3548 9.5636
2015.3575 13.4383
2015.3603 13.1308
2015.3630 10.6012
2015.3658 11.1796
2015.3685 10.1263
2015.3712 9.5413
2015.3740 8.7948
2015.3767 6.9770
2015.3794 9.3280
2015.3822 12.4380
2015.3849 16.8371
2015.3877 22.6356
2015.3904 22.4834
2015.3931 15.2109
2015.3959 11.0282
2015.3986 12.5154
2015.4014 15.1626
2015.4041 16.4801
2015.4068 10.7379
2015.4096 9.9063
2015.4123 9.8254
2015.4151 9.7945
2015.4178 10.4230
2015.4205 9.6609
2015.4233 6.1683
2015.4260 6.2952
2015.4288 9.4016
2015.4315 5.7776
2015.4342 5.9133
2015.4370 8.9587
2015.4397 4.2338
2015.4425 9.4287
2015.4452 3.9035
2015.4479 1.6881
2015.4507 2.9627
2015.4534 6.1873
2015.4562 5.0419
2015.4589 11.1666
2015.4616 13.5615
2015.4644 14.8065
2015.4671 10.9817
2015.4699 9.2172
2015.4726 8.8531
2015.4753 8.1793
2015.4781 8.0959
2015.4808 9.8831
2015.4836 13.1307
2015.4863 13.8989
2015.4890 13.7377
2015.4918 18.3172
2015.4945 12.1573
2015.4973 8.0283
2015.5000 7.3097
2015.5027 6.3116
2015.5055 4.1641
2015.5082 4.1871
2015.5110 3.5807
2015.5137 1.8949
2015.5164 -0.3903
2015.5192 7.0051
2015.5219 9.1612
2015.5247 9.9979
2015.5274 12.5453
2015.5301 8.4935
2015.5329 12.0923
2015.5356 11.2819
2015.5384 12.2022
2015.5411 9.7433
2015.5438 9.7952
2015.5466 6.9879
2015.5493 12.5415
2015.5521 9.5359
2015.5548 11.5612
2015.5603 5.7845
2015.5630 11.1725
2015.5658 9.8014
2015.5685 9.3614
2015.5767 9.6672
2015.5794 9.4312
2015.5822 7.2565
2015.5849 5.3547
2015.5877 8.1858
2015.5904 10.6297
2015.5931 9.8361
2015.5959 12.9650
2015.5986 9.0259
2015.6014 11.2389
2015.6041 11.9937
2015.6068 8.3601
2015.6096 9.2879
2015.6123 6.1370
2015.6151 2.2270
2015.6178 8.9180
2015.6205 8.0596
2015.6233 10.9316
2015.6260 8.8840
2015.6288 11.7764
2015.6315 10.2888
2015.6342 11.9908
2015.6370 6.6424
2015.6397 5.9933
2015.6425 6.4734
2015.6452 4.6724
2015.6479 4.5702
2015.6507 12.1165
2015.6534 9.2513
2015.6562 8.9842
2015.6589 8.2751
2015.6616 6.1539
2015.6644 6.6303
2015.6671 12.1641
2015.6699 11.0756
2015.6726 4.8948
2015.6753 11.8219
2015.6781 11.6872
2015.6808 7.3707
2015.6836 8.0727
2015.6863 11.0834
2015.6890 11.1629
2015.6918 8.9114
2015.6945 7.4690
2015.6973 4.7660
2015.7000 9.3426
2015.7027 10.7888
2015.7055 14.1249
2015.7082 10.9711
2015.7110 13.2275
2015.7137 13.3143
2015.7164 11.4217
2015.7192 13.5698
2015.7219 16.8589
2015.7247 16.9092
2015.7274 11.3207
2015.7301 10.2836
2015.7329 9.0382
2015.7356 10.0447
2015.7384 5.3731
2015.7411 5.6737
2015.7438 9.2667
2015.7466 8.5522
2015.7493 5.9207
2015.7521 3.7044
2015.7548 8.8930
2015.7575 6.1263
2015.7603 4.7739
2015.7630 10.1053
2015.7658 7.9403
2015.7685 8.9683
2015.7712 6.8692
2015.7740 6.1424
2015.7767 12.5676
2015.7794 4.7344
2015.7822 4.6424
2015.7849 4.4713
2015.7877 8.1006
2015.7904 9.0801
2015.7931 12.6893
2015.7959 11.0477
2015.7986 13.2552
2015.8014 17.2312
2015.8041 10.8454
2015.8068 6.5274
2015.8096 8.8469
2015.8123 3.4434
2015.8151 5.2166
2015.8178 5.1361
2015.8205 4.8215
2015.8233 8.4225
2015.8260 8.5886
2015.8288 7.5694
2015.8315 10.9747
2015.8342 7.3869
2015.8370 12.0187
2015.8397 13.1400
2015.8425 12.3611
2015.8452 9.2717
2015.8479 13.4219
2015.8507 9.7718
2015.8534 12.4513
2015.8562 9.1104
2015.8589 6.7891
2015.8616 13.6774
2015.8644 11.4253
2015.8671 7.1229
2015.8699 7.1900
2015.8726 8.3668
2015.8753 7.5632
2015.8781 5.7392
2015.8808 5.7848
2015.8836 11.9301
2015.8863 7.8049
2015.8890 9.7394
2015.8918 11.9235
2015.8945 13.1471
2015.8973 14.0404
2015.9000 12.9933
2015.9027 11.1959
2015.9055 7.5880
2015.9082 6.4897
2015.9110 11.5511
2015.9137 12.0121
2015.9164 10.8727
2015.9192 9.3828
2015.9219 11.8926
2015.9247 8.2621
2015.9274 5.7012
2015.9301 8.8501
2015.9329 10.3187
2015.9356 7.1870
2015.9384 7.1752
2015.9411 5.9132
2015.9438 10.1711
2015.9466 6.5589
2015.9493 4.5866
2015.9521 5.4742
2015.9548 3.9119
2015.9575 2.8795
2015.9603 2.8273
2015.9630 1.7950
2015.9658 8.3729
2015.9685 8.3810
2015.9712 5.8592
2015.9740 5.4476
2015.9767 6.5862
2015.9795 0.7951
2015.9822 4.3043
2015.9849 7.5238
2015.9877 9.9337
2015.9904 7.1339
2015.9931 8.1946
2015.9959 3.5057
2015.9986 2.9872
2016.0861 5.3775
2016.0888 3.2041
2016.0915 5.1011
2016.0943 3.1984
2016.0970 3.2861
2016.0997 4.6140
2016.1025 3.3821
2016.1052 3.6205
2016.1079 6.5991
2016.1270 17.6021
2016.1298 8.7112
2016.1325 7.9303
2016.1352 10.2393
2016.1380 8.3781
2016.1407 13.9969
2016.1434 12.3754
2016.1462 10.2338
2016.1489 10.8620
2016.1516 9.7899
2016.1544 7.1675
2016.1571 10.4349
2016.1598 10.5019
2016.1626 5.0086
2016.1653 6.4952
2016.1680 3.3817
2016.1708 4.8183
2016.1735 8.6048
2016.1762 8.4214
2016.1790 11.8179
2016.1817 12.7744
2016.1844 9.7109
2016.1872 7.7573
2016.1899 13.6538
2016.1926 15.0603
2016.1954 12.9367
2016.1981 14.1231
2016.2008 13.7096
2016.2035 9.5460
2016.2063 9.3124
2016.2090 11.3288
2016.2117 5.3852
2016.2145 11.3316
2016.2172 8.3780
2016.2199 9.7244
2016.2227 7.9708
2016.2254 11.0772
2016.2281 10.4836
2016.2309 10.5800
2016.2336 6.5564
2016.2363 13.4929
2016.2391 11.7293
2016.2418 5.2657
2016.2445 6.6821
2016.2473 9.3584
2016.2500 6.1444
2016.2527 6.8400
2016.2555 5.8454
2016.2582 6.5005
2016.2609 9.5153
2016.2637 11.8299
2016.2664 8.7043
2016.2691 11.6385
2016.2719 11.4325
2016.2746 11.2365
2016.2773 7.6803
2016.2801 9.5340
2016.2828 6.9877
2016.2855 5.0514
2016.2882 7.1750
2016.2910 8.5687
2016.2937 10.6324
2016.2964 13.3762
2016.2992 15.8800
2016.3019 10.1040
2016.3046 9.9481
2016.3074 8.4224
2016.3101 7.0769
2016.3128 7.8816
2016.3156 9.8065
2016.3183 17.2317
2016.3210 6.4471
2016.3238 7.6329
2016.3265 11.4791
2016.3292 14.5758
2016.3320 6.9745
2016.3347 12.6508
2016.3374 11.0235
2016.3402 10.3014
2016.3429 14.0133
2016.3456 8.3382
2016.3484 11.4048
2016.3511 6.9321
2016.3538 6.0087
2016.3566 7.4937
2016.3593 10.7859
2016.3620 11.6239
2016.3648 16.4068
2016.3675 10.9234
2016.3702 13.5825
2016.3729 20.0730
2016.3757 21.5336
2016.3784 23.3733
2016.3811 26.4709
2016.3839 26.9852
2016.3866 27.1551
2016.3893 28.3694
2016.3921 22.5770
2016.3948 19.4067
2016.3975 15.5273
2016.4003 23.5377
2016.4030 11.3568
2016.4057 12.1133
2016.4085 9.6062
2016.4112 8.9542
2016.4139 13.5384
2016.4167 13.5165
2016.4194 18.1998
2016.4221 15.0086
2016.4249 16.4134
2016.4276 16.1644
2016.4303 18.3720
2016.4331 20.1065
2016.4358 24.3283
2016.4385 23.1776
2016.4413 23.1349
2016.4440 28.9305
2016.4467 28.2047
2016.4522 27.4703
2016.4549 27.7624
2016.4576 29.7744
2016.4604 26.0568
2016.4631 20.6499
2016.4658 23.0239
2016.4686 20.5793
2016.4713 24.4664
2016.4740 10.4555
2016.4768 7.6169
2016.6407 6.8805
2016.6434 11.2046
2016.6462 10.2652
2016.6489 11.5331
2016.6516 14.5491
2016.6544 7.7639
2016.6571 10.1784
2016.6598 7.5733
2016.6626 12.6394
2016.6653 11.7371
2016.6680 8.6613
2016.6708 8.8000
2016.6735 9.3129
2016.6762 11.0999
2016.6790 12.1204
2016.6817 11.4642
2016.6844 11.4611
2016.6872 11.3207
2016.6899 12.5826
2016.6926 10.8467
2016.6954 13.4726
2016.6981 17.9101
2016.7008 13.5187
2016.7035 13.5082
2016.7063 10.4383
2016.7090 9.4986
2016.7117 12.0490
2016.7145 11.6891
2016.7172 6.2485
2016.7199 7.1170
2016.7227 13.9143
2016.7254 10.9900
2016.7281 10.7039
2016.7309 10.1256
2016.7336 9.7150
2016.7363 7.1415
2016.7391 12.6950
2016.7418 3.5852
2016.7445 6.5517
2016.7473 3.5543
2016.7500 4.1541
2016.7527 8.6247
2016.7555 1.7259
2016.7582 6.4176
2016.7609 4.0796
2016.7637 3.8618
2016.7664 6.8039
2016.7691 10.6058
2016.7719 7.3572
2016.7746 6.9181
2016.7773 8.2182
2016.7801 6.9373
2016.7828 5.7853
2016.7855 7.8220
2016.7882 5.6772
2016.7910 7.3308
2016.7937 5.3325
2016.7964 9.8222
2016.7992 9.4196
2016.8019 13.1347
2016.8046 12.5572
2016.8074 10.7570
2016.8101 7.4938
2016.8128 8.8976
2016.8156 9.8980
2016.8183 9.9850
2016.8210 -0.0017
2016.8238 0.9979
2016.8265 4.4134
2016.8292 7.1247
2016.8320 5.4917
2016.8347 6.2958
2016.8374 7.8578
2016.8402 10.6879
2016.8429 8.0359
2016.8456 8.4320
2016.8484 6.9963
2016.8511 6.3887
2016.8538 0.5393
2016.8566 -0.3819
2016.8593 2.5953
2016.8620 4.5908
2016.8648 5.1347
2016.8675 3.8270
2016.8702 1.4677
2016.8729 4.8070
2016.8757 5.5449
2016.8784 4.4513
2016.8811 6.3964
2016.8839 6.2103
2016.8866 -1.5772
2016.8893 9.2741
2016.8921 4.3343
2016.8948 4.4533
2016.8975 1.6212
2016.9003 4.6481
2016.9030 3.1640
2016.9057 5.3490
2016.9085 3.7830
2016.9112 5.0462
2016.9139 5.1685
2016.9167 7.5603
2016.9194 3.3420
2016.9221 2.3237
2016.9249 1.9955
2016.9276 3.0373
2016.9303 3.4291
2016.9331 4.0508
2016.9358 3.2226
2017.1192 7.5141
2017.1219 9.1745
2017.1247 7.7355
2017.1274 7.8169
2017.1301 8.7488
2017.1329 6.3312
2017.1356 6.3741
2017.1384 6.4176
2017.1411 8.5216
2017.1438 6.1462
2017.1466 7.0814
2017.1493 5.5271
2017.1521 4.9035
2017.1548 5.6506
2017.1575 4.6183
2017.1603 5.2666
2017.1630 5.5772
2017.1658 -3.0620
2017.1685 2.5597
2017.1712 7.6816
2017.1740 6.5330
2017.1767 2.7831
2017.1795 6.5012
2017.1822 4.7966
2017.1849 -3.7315
2017.1877 0.6763
2017.1904 6.5892
2017.1931 10.3065
2017.1959 7.9574
2017.1986 5.6913
2017.2014 8.2274
2017.2041 9.2550
2017.2068 12.4334
2017.2096 11.6219
2017.2123 9.8996
2017.2151 5.9060
2017.2178 9.6302
2017.2205 12.8317
2017.2233 8.8295
2017.2260 5.5830
2017.2288 11.1816
2017.2315 9.2744
2017.2342 11.0707
2017.2370 22.7599
2017.2397 21.6611
2017.2425 23.2337
2017.2452 25.1770
2017.2479 24.8943
2017.2507 24.0695
2017.2534 23.6628
2017.2562 24.9444
2017.2589 19.8844
2017.2616 22.4229
2017.2644 23.6201
2017.2671 27.2062
2017.2699 23.6812
2017.2726 23.5154
2017.2753 23.6990
2017.2781 22.0119
2017.2808 22.2145
2017.2836 22.3068
2017.2863 22.0890
2017.2890 28.0313
2017.2918 28.5538
2017.2945 29.0566
2017.2973 24.1800
2017.3000 21.0840
2017.3027 18.3988
2017.3055 29.8045
2017.3082 28.7614
2017.3110 27.2495
2017.3137 26.7190
2017.3164 27.0601
2017.3192 25.3829
2017.3219 25.6176
2017.3247 24.3243
2017.3274 19.6531
2017.3301 16.2142
2017.3329 13.2273
2017.3356 13.5223
2017.3384 9.9689
2017.3411 6.9970
2017.3438 10.3064
2017.3466 11.0171
2017.3493 9.2287
2017.3521 12.4612
2017.3548 13.6444
2017.3575 15.2981
2017.3603 14.4922
2017.3630 8.3565
2017.3658 24.3208
2017.3685 18.9850
2017.3712 14.1390
2017.3740 18.1225
2017.3767 19.7153
2017.3794 22.6975
2017.3822 22.8686
2017.3849 20.5187
2017.3877 19.0176
2017.3904 20.2950
2017.3931 15.2409
2017.3959 13.4050
2017.3986 11.6772
2017.4068 5.9707
2017.4096 12.1837
2017.4123 6.7040
2017.4151 11.2422
2017.4425 5.2435
2017.4452 2.1732
2017.4479 4.8227
2017.4507 2.4120
2017.4562 7.6603
2017.4589 7.7194
2017.4616 9.0487
2017.4699 12.5879
2017.4726 7.4585
2017.4753 10.5095
2017.4781 15.6812
2017.4808 13.2035
2017.4836 7.8266
2017.4863 9.0805
2017.4890 7.9854
2017.4918 8.5312
2017.4945 10.4582
2017.4973 7.5562
2017.5000 9.4043
2017.5027 10.9426
2017.5055 11.4809
2017.5082 10.5392
2017.5110 11.1276
2017.5137 13.9361
2017.5164 17.0546
2017.5192 14.7232
2017.5219 14.7319
2017.5247 11.3506
2017.5274 7.4894
2017.5301 7.8382
2017.5329 9.8372
2017.5356 7.2262
2017.5384 10.4452
2017.5411 7.6044
2017.5438 8.3036
2017.5466 6.7829
2017.5493 7.8923
2017.5521 6.9218
2017.5548 9.0813
2017.5575 5.7009
2017.5712 22.6503
2017.5740 8.3905
2017.5767 19.5707
2017.5822 13.0414
2017.5849 10.5921
2017.5877 10.4030
2017.5904 9.5842
2017.5931 8.9156
2017.5959 9.8073
2017.5986 4.8492
2017.6014 9.7013
2017.6233 21.7659
2017.6260 19.6799
2017.6288 17.2741
2017.6315 13.7884
2017.6342 16.3730
2017.6370 18.4677
2017.6397 20.9025
2017.6425 23.9276
2017.6452 21.8827
2017.6479 22.0381
2017.6507 23.6636
2017.6534 21.1992
2017.6562 23.0550
2017.6589 17.3409
2017.6616 19.2070
2017.6644 22.6332
2017.6671 19.1108
2017.6699 17.9711
2017.6726 19.6740
2017.6753 16.1091
2017.6781 15.1264
2017.6808 15.1157
2017.6836 22.0768
2017.6863 11.4594
2017.6890 17.4735
2017.6918 20.8187
2017.6945 14.4851
2017.6973 18.5622
2017.7000 17.7501
2017.7027 19.1884
2017.7055 18.3171
2017.7082 23.2059
2017.7110 15.9246
2017.7137 15.5331
2017.7164 14.2812
2017.7192 14.1086
2017.7219 15.9553
2017.7247 16.1510
2017.7274 12.4155
2017.7301 11.2287
2017.7329 9.4404
2017.7356 9.8603
2017.7384 11.2684
2017.7411 7.9144
2017.7438 8.0281
2017.7466 6.2994
2017.7493 4.5581
2017.7521 3.2545
2017.7548 10.0488
2017.7575 4.7511
2017.7603 7.1815
2017.7630 11.1202
2017.7658 11.9674
2017.7685 13.0231
2017.7712 10.8275
2017.7740 13.5008
2017.7767 14.0231
2017.7794 14.1245
2017.7822 17.5352
2017.7849 13.6552
2017.7877 12.5449
2017.7904 9.1842
2017.7931 8.1333
2017.7959 8.4024
2017.7986 9.3216
2017.8014 10.1811
2017.8041 9.9709
2017.8068 12.6513
2017.8096 14.1623
2017.8123 13.0642
2017.8151 10.4169
2017.8178 8.7308
2017.8205 11.3559
2017.8233 9.5024
2017.8260 8.9403
2017.8288 12.1099
2017.8315 9.6413
2017.8342 10.1154
2017.8370 9.7629
2017.8397 8.3734
2017.8425 7.7968
2017.8452 8.1126
2017.8479 5.3007
2017.8507 9.9007
2017.8534 9.0425
2017.8562 10.0856
2017.8589 9.4398
2017.8616 9.9548
2017.8644 9.5404
2017.8671 8.2462
2017.8699 7.3720
2017.8726 9.2375
2017.8753 8.2524
2017.8781 9.5165
2017.8808 9.5694
2017.8836 5.8809
2017.8863 7.3906
2017.8890 7.0884
2017.8918 7.4539
2017.8945 10.3368
2017.8973 9.2869
2017.9000 11.4738
2017.9027 6.4974
2017.9055 9.2073
2017.9082 8.5732
2017.9110 9.0948
2017.9137 5.0519
2017.9164 12.0947
2017.9192 8.1854
2017.9219 9.1347
2017.9247 12.4727
2017.9274 11.3793
2017.9301 11.2549
2017.9329 10.2593
2017.9356 11.1128
2017.9384 10.1553
2017.9411 6.4071
2017.9438 9.2981
2017.9466 8.1685
2017.9493 7.1484
2017.9521 4.9378
2017.9548 8.9869
2017.9575 5.9858
2017.9603 10.5044
2017.9630 9.1030
2017.9658 6.9816
2017.9685 8.1803
2017.9712 11.8392
2017.9740 8.8783
2017.9767 9.5379
2017.9795 9.6079
2017.9822 6.1584
2017.9849 4.3297
2017.9877 4.4516
2017.9904 6.5744
2017.9931 7.5381
2017.9959 8.0228
2017.9986 4.4087
2018.0014 7.1455
2018.0041 8.4124
2018.0068 9.4593
2018.0096 5.3461
2018.0123 7.1729
2018.0151 6.3697
2018.0178 7.5465
2018.0205 8.0633
2018.0233 11.2701
2018.0260 8.3971
2018.0288 8.1741
2018.0315 6.5012
2018.0342 10.9385
2018.0370 11.5459
2018.0397 8.7934
2018.0425 7.7312
2018.0452 9.4491
2018.0479 9.3373
2018.0507 12.9557
2018.0534 14.1044
2018.0562 13.7334
2018.0589 12.2926
2018.0616 10.1322
2018.0644 12.7422
2018.0671 12.0125
2018.0699 12.1531
2018.0726 15.1042
2018.0753 13.6957
2018.0781 11.0176
2018.0808 11.7800
2018.0836 14.2029
2018.0863 15.7163
2018.0890 14.6304
2018.0918 10.4549
2018.0945 12.8801
2018.0973 7.8858
2018.1000 11.9121
2018.1027 13.1989
2018.1055 13.8363
2018.1082 8.4043
2018.1110 12.5728
2018.1137 12.6019
2018.1164 13.9916
2018.1192 12.6818
2018.1219 11.6126
2018.1247 9.4339
2018.1274 8.6458
2018.1301 9.2083
2018.1329 8.6413
2018.1356 6.1649
2018.1384 9.4790
2018.1411 9.8837
2018.1438 11.2590
2018.1466 3.9848
2018.1493 12.3112
2018.1521 9.9582
2018.1548 6.4657
2018.1575 4.8337
2018.1603 5.9324
2018.1630 10.4416
2018.1658 8.9915
2018.1685 12.4722
2018.1712 7.4336
2018.1740 9.2755
2018.1767 10.9880
2018.1795 7.8610
2018.1822 4.1044
2018.1849 3.7283
2018.1877 2.1624
2018.1904 8.0268
2018.1931 9.1115
2018.1959 8.5563
2018.1986 9.2312
2018.2014 9.1162
2018.2041 10.0212
2018.2068 9.7761
2018.2096 10.6509
2018.2123 13.1755
2018.2151 12.1000
2018.2178 16.3041
2018.2205 12.9779
2018.2233 8.0113
2018.2260 9.8443
2018.2288 13.4568
2018.2315 8.0187
2018.2342 15.6001
2018.2370 13.0207
2018.2397 8.6507
2018.2425 12.2399
2018.2452 11.7682
2018.2479 13.2661
2018.2507 14.3339
2018.2534 16.5317
2018.2562 10.8094
2018.2589 11.8070
2018.2616 10.0947
2018.2644 11.7122
2018.2671 10.6897
2018.2699 11.3872
2018.2726 10.9346
2018.2753 13.2420
2018.2781 13.8694
2018.2808 12.5667
2018.2836 8.8640
2018.2863 17.4012
2018.2890 14.1385
2018.2918 16.0257
2018.2945 13.1728
2018.2973 17.4400
2018.3000 14.0971
2018.3027 12.9842
2018.3055 15.1913
2018.3082 16.1584
2018.3110 13.4855
2018.3137 10.0625
2018.3164 8.0796
2018.3192 10.3266
2018.3219 12.3136
2018.3247 10.6907
2018.3274 11.2977
2018.3301 11.4547
2018.3329 12.4215
2018.3356 11.9580
2018.3384 10.8543
2018.3411 10.8104
2018.3438 7.4163
2018.3466 11.9020
2018.3493 10.9976
2018.3521 9.2030
2018.3548 10.5184
2018.3575 12.1936
2018.3603 10.1688
2018.3630 6.7239
2018.3658 14.9790
2018.3685 10.5041
2018.3712 10.1492
2018.3740 16.3743
2018.3767 7.9494
2018.3794 5.4947
2018.3822 10.9900
2018.3849 6.6054
2018.3877 10.8109
2018.3904 8.8866
2018.3931 11.0525
2018.3959 9.2586
2018.3986 13.0548
2018.4014 15.3213
2018.4041 13.6680
2018.4068 10.7450
2018.4096 11.9923
2018.4123 10.2999
2018.4151 9.5688
2018.4178 10.5002
2018.4205 3.0237
2018.4233 8.0294
2018.4781 18.2246
2018.4808 19.0430
2018.5959 23.9950
2018.5986 21.0496
2018.6014 20.8530
2018.6041 17.8454
2018.6068 19.4567
2018.6205 11.3435
2018.6233 15.8017
2018.6260 14.6198
2018.6288 13.9179
2018.6315 18.5662
2018.6342 17.0047
2018.6370 12.9937
2018.6397 15.2831
2018.6425 9.6932
2018.6452 11.6840
2018.6479 8.1758
2018.6534 3.8623
2018.6562 11.8574
2018.6589 14.0839
2018.6616 12.5019
2018.6644 9.9314
2018.6671 15.7719
2018.6699 14.9824
2018.6726 16.9529
2018.6753 15.0635
2018.6781 16.2541
2018.6808 17.5948
2018.6836 13.3755
2018.6863 9.1363
2018.6890 13.2472
2018.6918 10.6282
2018.6945 10.1292
2018.6973 13.6103
2018.7000 12.6715
2018.7027 12.2327
2018.7055 10.1841
2018.7082 11.6256
2018.7110 9.7171
2018.7137 6.7288
2018.7164 7.2906
2018.7192 6.6524
2018.7219 7.2344
2018.7247 5.6566
2018.7274 6.0388
2018.7301 7.5912
2018.7329 6.6837
2018.7356 3.8964
2018.7384 8.4792
2018.7411 12.3421
2018.7466 15.9284
2018.7493 16.7519
2018.7521 15.8160
2018.7548 11.3308
2018.7575 9.3461
2018.7603 7.1620
2018.7630 12.1884
2018.7658 14.8953
2018.7685 19.3925
2018.7712 12.0802
2018.7740 12.2481
2018.7767 12.9363
2018.7794 12.3747
2018.7822 13.2332
2018.7849 16.5619
2018.7877 13.6506
2018.7904 11.7494
2018.7931 8.4281
2018.7959 12.6867
2018.7986 12.2452
2018.8014 9.0835
2018.8041 10.2316
2018.8068 14.7794
2018.8096 13.5869
2018.8123 11.9040
2018.8151 6.5907
2018.8178 11.6969
2018.8205 12.3126
2018.8233 17.6377
2018.8260 11.4022
2018.8288 11.8660
2018.8315 10.5191
2018.8342 11.2113
2018.8370 10.7423
2018.8397 10.9922
2018.8425 12.4410
2018.8452 13.5187
2018.8479 15.2755
2018.8507 11.8313
2018.8534 11.3561
2018.8562 11.2301
2018.8589 8.4032
2018.8616 12.9854
2018.8644 11.3469
2018.8671 12.9976
2018.8699 13.2976
2018.8726 11.0970
2018.8753 9.5557
2018.8781 12.8837
2018.8808 12.3412
2018.8836 12.3982
2018.8863 11.6346
2018.8890 12.3906
2018.8918 10.9562
2018.8945 12.5414
2018.8973 8.4662
2018.9000 9.2607
2018.9027 7.4149
2018.9055 10.6688
2018.9082 8.3626
2018.9110 7.0062
2018.9137 5.9696
2018.9164 7.4829
2018.9192 9.0956
2018.9219 6.5178
2018.9247 5.8894
2018.9274 5.2204
2018.9301 8.5208
2018.9329 11.6907
2018.9356 9.7599
2018.9384 8.7286
2018.9411 9.1567
2018.9438 7.0342
2018.9466 10.8311
2018.9493 9.2674
2018.9521 8.9332
2018.9548 8.5383
2018.9575 8.0129
2018.9603 7.1469
2018.9630 7.0702
2018.9685 8.7452
2018.9712 17.8769
2018.9740 8.3879
2018.9767 13.0083
2018.9795 11.2981
2018.9822 13.1974
2018.9849 10.7360
2018.9877 8.8741
2018.9904 12.4215
2018.9931 10.3084
2018.9959 11.4446
2018.9986 13.2003
2019.0014 13.4051
2019.0041 12.1278
2019.0068 9.6883
2019.0096 15.3367
2019.0123 14.5033
2019.0151 16.7481
2019.0178 14.4413
2019.0205 10.1432
2019.0233 12.2138
2019.0260 8.2333
2019.0288 10.4719
2019.0315 10.0697
2019.0342 14.3670
2019.0370 13.6338
2019.0397 12.5504
2019.0425 12.9169
2019.0452 12.7934
2019.0479 14.6602
2019.0507 15.3873
2019.0534 13.5750
2019.0562 14.3735
2019.0589 12.6828
2019.0616 12.3631
2019.0644 15.4646
2019.0671 14.7075
2019.0699 11.5120
2019.0726 15.4081
2019.0753 17.0160
2019.0781 15.1460
2019.0808 15.1682
2019.0836 7.7516
2019.0863 3.8951
2019.0890 8.8288
2019.0918 10.5929
2019.0945 11.1573
2019.0973 11.1321
2019.1000 13.9574
2019.1027 11.8734
2019.1055 13.0999
2019.1082 11.8371
2019.1110 12.5252
2019.1137 10.5840
2019.1164 8.0038
2019.1192 12.9545
2019.1219 12.1563
2019.1247 11.9592
2019.1274 11.8032
2019.1301 8.7086
2019.1329 7.6652
2019.1356 4.1732
2019.1384 7.7026
2019.1411 6.9636
2019.1438 4.7462
2019.1466 7.6904
2019.1493 8.1563
2019.1521 8.5040
2019.1548 11.3836
2019.1575 10.9851
2019.1603 10.1286
2019.1630 9.4339
2019.1658 11.5496
2019.1685 8.0956
2019.1712 12.0818
2019.1740 9.2283
2019.1767 10.8848
2019.1795 8.0316
2019.1822 12.9685
2019.1849 13.9856
2019.1877 15.0527
2019.1904 11.6800
2019.1931 13.1074
2019.1959 9.6048
2019.1986 11.1523
2019.2014 12.7898
2019.2041 11.7673
2019.2068 12.0249
2019.2096 7.9124
2019.2123 10.5499
2019.2151 11.9874
2019.2178 10.6648
2019.2205 12.0521
2019.2233 9.3593
2019.2260 9.2464
2019.2288 12.9434
2019.2315 13.7003
2019.2342 13.7370
2019.2370 15.8235
2019.2397 15.7398
2019.2425 15.4859
2019.2452 13.8218
2019.2479 11.4176
2019.2507 14.3935
2019.2534 15.1594
2019.2562 17.8154
2019.2589 13.4015
2019.2616 16.9875
2019.2644 15.0136
2019.2671 15.8897
2019.2699 14.2357
2019.2726 10.3318
2019.2753 16.4678
2019.2781 11.0539
2019.2808 14.7598
2019.2836 12.6758
2019.2863 8.5816
2019.2890 15.3474
2019.2918 15.0531
2019.2945 14.5388
2019.2973 14.0843
2019.3000 12.9097
2019.3027 10.7750
2019.3055 10.2002
2019.3082 7.0452
2019.3110 9.1701
2019.3137 8.3149
2019.3164 7.7594
2019.3192 11.6638
2019.3219 10.5580
2019.3247 13.4320
2019.3274 13.5858
2019.3301 13.7393
2019.3329 11.8321
2019.3356 13.5040
2019.3384 19.6952
2019.3411 18.0557
2019.3438 15.5356
2019.3466 18.6449
2019.3493 16.8936
2019.3521 14.6119
2019.3548 12.1098
2019.3575 19.1673
2019.3603 16.7345
2019.3630 16.3915
2019.3658 18.4883
2019.3685 10.6349
2019.3712 17.3915
2019.3740 19.3180
2019.3767 16.2245
2019.3794 14.8612
2019.3822 11.7580
2019.3849 11.7049
2019.3877 11.3121
2019.3904 12.5197
2019.3931 9.1275
2019.3959 10.4558
2019.3986 10.8446
2019.4014 9.2639
2019.4041 11.8138
2019.4068 11.9443
2019.4096 8.4155
2019.4123 9.7374
2019.4151 11.7898
2019.4178 7.2621
2019.4205 11.2145
2019.4233 16.9370
2019.4260 18.8094
2019.4288 26.6019
2019.4315 21.1743
2019.4342 16.7469
2019.4370 17.7594
2019.4397 14.7819
2019.4425 14.6945
2019.4452 16.3470
2019.4479 21.2196
2019.4507 13.0322
2019.4534 17.0748
2019.4562 22.1475
2019.4589 18.7601
2019.4616 18.7027
2019.4644 19.4754
2019.4671 19.0880
2019.4699 21.2807
2019.4726 20.7034
2019.4753 16.3460
2019.4781 23.8687
2019.4808 22.0114
2020.0014 9.5910
2020.0041 11.6302
2020.0068 13.7990
2020.0096 8.6776
2020.0123 16.5561
2020.0150 11.1746
2020.0178 14.3331
2020.0205 10.7219
2020.0232 11.4110
2020.0260 9.5305
2020.0287 3.1105
2020.0314 7.9012
2020.0342 9.1926
2020.0369 12.9449
2020.0396 10.3282
2020.0423 10.7525
2020.0451 12.6680
2020.0478 7.3848
2020.0505 10.2830
2020.0533 9.9027
2020.0560 9.0540
2020.0587 9.5370
2020.0615 10.2219
2020.0642 10.6387
2020.0669 11.1376
2020.0697 7.3587
2020.0724 10.2520
2020.0751 9.6777
2020.0779 7.4059
2020.0806 11.2066
2020.0833 10.1291
2020.0861 13.3720
2020.0888 12.6952
2020.0915 13.6588
2020.0943 15.6728
2020.0970 9.2472
2020.0997 6.0219
2020.1025 8.1870
2020.1052 1.7924
2020.1516 9.2926
2020.1544 10.4934
2020.1571 9.9844
2020.1598 4.5257
2020.1626 12.0372
2020.1653 11.3287
2020.1680 7.6603
2020.1708 5.0419
2020.1735 13.6436
2020.1762 6.3253
2020.1790 9.5570
2020.1817 12.7987
2020.1844 9.0504
2020.1872 8.8622
2020.1899 8.6041
2020.1926 5.6059
2020.1954 6.7878
2020.1981 15.1398
2020.2008 15.7517
2020.2035 18.8437
2020.2063 19.3658
2020.2090 13.4378
2020.2117 12.5000
2020.2145 10.5421
2020.2172 13.6343
2020.2199 12.5066
2020.2227 10.4089
2020.2254 13.8212
2020.2281 19.1436
2020.2309 16.9060
2020.2336 20.6085
2020.2363 14.8510
2020.2391 12.3035
2020.2418 10.2861
2020.2445 14.3588
2020.2473 9.3517
2020.2500 7.1853
2020.2527 7.4296
2020.2555 13.4645
2020.2582 10.6200
2020.2609 13.0759
2020.2637 12.8723
2020.2664 13.9791
2020.2691 17.5562
2020.2719 12.7236
2020.2746 15.9212
2020.2773 20.4190
2020.2801 13.8068
2020.2828 12.6347
2020.2855 12.1526
2020.2882 7.9905
2020.2910 7.2082
2020.2937 10.4857
2020.2964 14.5829
2020.2992 16.3399
2020.3019 14.1666
2020.3046 11.8028
2020.3074 9.6185
2020.3101 11.2538
2020.3128 9.0384
2020.3156 11.8025
2020.3183 14.3158
2020.3210 12.7384
2020.3238 11.6101
2020.3265 6.1310
2020.3292 7.5210
2020.3320 5.6391
2020.3347 5.0648
2020.3374 8.2484
2020.3402 8.1400
2020.3429 8.0898
2020.3456 8.1777
2020.3484 7.6141
2020.3511 8.6391
2020.3538 10.0628
2020.3566 10.0053
2020.3593 9.8068
2020.3620 10.9974
2020.3648 7.8473
2020.3675 8.0266
2020.3702 8.4855
2020.3729 8.4241
2020.3757 7.9026
2020.3784 9.0310
2020.3811 5.1896
2020.3839 7.0085
2020.3866 7.3477
2020.3893 9.7076
2020.3921 8.4282
2020.3948 9.0796
2020.3975 17.6620
2020.4003 12.4156
2020.4030 7.7705
2020.4057 14.3368
2020.4085 17.9847
2020.4112 16.7842
2020.4139 13.6554
2020.4167 14.3072
2020.4194 15.9494
2020.4221 15.1319
2020.4249 18.2549
2020.4276 16.2481
2020.4303 16.6817
2020.4331 16.0055
2020.4358 18.4095
2020.4385 21.3937
2020.4413 15.2781
2020.4440 15.5327
2020.4467 10.4573
2020.4495 12.4320
2020.4522 10.0567
2020.4549 10.4114
2020.4576 14.4861
2020.4604 12.2808
2020.4631 12.1453
2020.4658 14.2398
2020.4686 9.9940
2020.4713 10.6881
2020.4740 7.8020
2020.4768 8.9356
2020.4795 4.3689
2020.4822 10.7819
2020.4850 7.5845
2020.4877 7.6968
2020.4904 9.1487
2020.4932 7.4501
2020.4959 4.7610
2020.4986 9.8417
2020.5014 6.5022
2020.5041 10.8428
2020.5068 11.0532
2020.5096 7.3534
2020.5123 10.4836
2020.5150 9.7236
2020.5178 12.9933
2020.5205 12.9329
2020.5232 14.3523
2020.5260 16.8014
2020.5287 16.1702
2020.5314 18.1287
2020.5342 17.7870
2020.5369 17.1449
2020.5396 16.0124
2020.5423 11.2296
2020.5451 13.4864
2020.5478 11.0328
2020.5505 13.4387
2020.5533 13.2142
2020.5560 10.8392
2020.5587 13.4737
2020.5615 14.9677
2020.5642 17.4612
2020.5669 16.6041
2020.5697 19.5764
2020.5724 14.5681
2020.5751 16.0792
2020.5779 5.9397
2020.5806 15.2895
2020.5833 12.0085
2020.5861 15.4668
2020.5888 15.1342
2020.5915 13.7810
2020.5943 13.4170
2020.5970 11.5625
2020.5997 9.9373
2020.6025 12.5316
2020.6052 13.8255
2020.6079 11.9089
2020.6107 11.8119
2020.6134 10.7445
2020.6161 11.1869
2020.6189 6.6390
2020.6216 9.8909
2020.6243 3.4627
2020.6270 3.7644
2020.6298 -0.8440
2020.6325 6.1276
2020.6352 7.5092
2020.6380 5.5409
2020.6407 5.9228
2020.6434 5.9348
2020.6462 11.5871
2020.6489 12.6696
2020.6516 7.6625
2020.6544 6.9657
2020.6571 5.8794
2020.6598 11.8035
2020.6626 8.4182
2020.6653 12.1634
2020.6680 12.1589
2020.6708 10.7647
2020.6735 10.4207
2020.6762 15.8770
2020.6790 13.9535
2020.6817 10.9002
2020.6844 12.8073
2020.6872 11.6745
2020.6899 15.1720
2020.6926 14.1698
2020.6954 15.0377
2020.6981 16.2960
2020.7008 13.8544
2020.7035 13.3731
2020.7063 11.7221
2020.7090 13.0912
2020.7117 12.0707
2020.7145 9.3003
2020.7172 14.1102
2020.7199 14.3603
2020.7227 12.2506
2020.7254 11.4212
2020.7281 11.6620
2020.7309 12.8830
2020.7336 14.0843
2020.7363 12.3357
2020.7391 13.9774
2020.7418 12.4793
2020.7445 11.8915
2020.7473 12.2138
2020.7500 15.3870
2020.7527 15.9425
2020.7555 18.5402
2020.7582 18.0701
2020.7609 17.0620
2020.7637 20.5860
2020.7664 15.8420
2020.7691 16.9199
2020.7719 15.2096
2020.7746 17.2510
2020.7773 13.1842
2020.7801 14.6590
2020.7828 14.8653
2020.7855 18.6031
2020.7882 15.6324
2020.7910 19.6930
2020.7937 14.0049
2020.7964 14.6880
2020.7992 11.3622
2020.8019 10.6875
2020.8046 9.7739
2020.8074 17.3211
2020.8101 14.4393
2020.8128 10.2382
2020.8156 7.3079
2020.8183 9.3483
2020.8210 13.3192
2020.8238 12.9907
2020.8265 12.0627
2020.8292 11.1350
2020.8320 11.5978
2020.8347 9.7239
2020.8374 10.9349
2020.8402 14.7904
2020.8429 12.7499
2020.8456 7.5932
2020.8484 2.6498
2020.8511 7.3794
2020.8538 8.1517
2020.8566 2.6263
2020.8593 9.2529
2020.8620 8.0710
2020.8648 11.6803
2020.8675 11.3305
2020.8702 10.7412
2020.8729 7.7220
2020.8757 8.3027
2020.8784 6.2927
2020.8811 4.7918
2020.8839 5.0897
2020.8866 2.5758
2020.8893 1.8500
2020.8921 5.9618
2020.8948 4.0608
2020.8975 8.0368
2020.9003 7.4593
2020.9030 7.3481
2020.9057 7.6126
2020.9085 7.6726
2020.9112 8.6278
2020.9139 12.3477
2020.9167 8.3828
2020.9194 10.3161
2020.9221 5.5282
2020.9249 10.4991
2020.9276 12.2887
2020.9303 13.7872
2020.9331 6.9046
2020.9358 6.3309
2020.9385 12.0561
2020.9413 9.5503
2020.9440 7.9035
2020.9467 13.5758
2020.9495 12.0271
2020.9522 16.1176
2020.9549 16.0171
2020.9576 17.4559
2020.9604 16.8239
2020.9631 11.9611
2020.9658 13.5876
2020.9686 12.4535
2020.9713 18.6687
2020.9740 15.8432
2020.9768 15.0272
2020.9795 15.9406
2020.9822 14.9636
2020.9850 19.4160
2020.9877 14.3580
2020.9904 12.9796
2020.9932 16.9308
2020.9959 13.7617
2020.9986 15.4922
2021.0014 16.1722
2021.0041 16.6703
2021.0068 17.6462
2021.0096 20.6701
2021.0123 12.2124
2021.0151 12.0430
2021.0178 13.7423
2021.0205 18.8104
2021.0233 15.9375
2021.0260 13.5538
2021.0288 14.6894
2021.0315 12.2346
2021.0342 11.8794
2021.0370 13.5242
2021.0397 12.6590
2021.0425 6.2241
2021.0452 7.9797
2021.0479 10.5158
2021.0507 11.3528
2021.0534 10.4908
2021.0562 11.9599
2021.0589 10.7704
2021.0616 13.4024
2021.0644 18.7262
2021.0671 13.3418
2021.0699 15.6396
2021.0726 11.9196
2021.0753 10.3620
2021.0781 11.2471
2021.0808 9.4550
2021.0836 19.0666
2021.0863 18.4226
2021.0890 16.2327
2021.0918 17.6365
2021.0945 13.7837
2021.0973 13.8542
2021.1000 7.3675
2021.1027 11.1233
2021.1055 11.6414
2021.1082 5.6715
2021.1110 11.4032
2021.1137 8.8263
2021.1164 11.7304
2021.1192 15.1053
2021.1219 13.7707
2021.1247 14.6262
2021.1274 12.2416
2021.1301 12.1065
2021.1329 7.8507
2021.1356 13.2039
2021.1384 6.5557
2021.1411 12.3059
2021.1438 13.1441
2021.1466 16.2401
2021.1493 16.1835
2021.1521 15.7742
2021.1548 16.3817
2021.1575 16.9557
2021.1603 17.6460
2021.1630 16.5426
2021.1658 12.9076
2021.1685 12.7212
2021.1712 13.9636
2021.1740 18.0249
2021.1767 13.4652
2021.1795 14.8946
2021.1822 13.5331
2021.1849 12.3109
2021.1877 14.7580
2021.1904 21.3945
2021.1931 18.3006
2021.1959 17.4763
2021.1986 18.5617
2021.2014 19.6769
2021.2041 20.5721
2021.2068 20.7972
2021.2096 20.7823
2021.2123 19.1877
2021.2151 17.3133
2021.2178 17.2792
2021.2205 18.7057
2021.2233 14.1426
2021.2260 17.6102
2021.2288 18.7385
2021.2315 20.4576
2021.2342 19.3076
2021.2370 20.9387
2021.2397 16.4308
2021.2425 16.5341
2021.2452 16.7186
2021.2479 16.7442
2021.2507 17.2006
2021.2534 15.4578
2021.2562 15.9058
2021.2589 12.8545
2021.2616 11.8940
2021.2644 10.5942
2021.2671 15.0052
2021.2699 17.5070
2021.2726 16.5495
2021.2753 15.6028
2021.2781 16.6968
2021.2808 16.1116
2021.2836 17.4672
2021.2863 21.3735
2021.2890 23.0505
2021.2918 18.6783
2021.2945 14.3068
2021.2973 14.1461
2021.3000 13.8761
2021.3027 12.8268
2021.3055 14.5883
2021.3082 13.9304
2021.3110 13.7834
2021.3137 11.6770
2021.3164 14.4914
2021.3192 14.5665
2021.3219 15.9723
2021.3247 12.9288
2021.3274 10.2860
2021.3301 13.2547
2021.3329 10.4589
2021.3356 11.3292
2021.3384 15.1649
2021.3411 14.9058
2021.3438 9.7814
2021.3466 17.3612
2021.3493 12.3949
2021.3521 13.8919
2021.3548 16.0920
2021.3575 19.2345
2021.3603 12.2692
2021.3630 16.9055
2021.3658 14.4832
2021.3685 11.1316
2021.3712 8.5904
2021.3740 7.5292
2021.3767 11.6775
2021.3794 13.7249
2021.3822 7.5910
2021.3849 10.2754
2021.3877 8.1175
2021.3904 12.5071
2021.3931 15.0536
2021.3959 12.0766
2021.3986 14.0858
2021.4014 15.2006
2021.4041 14.3107
2021.4068 14.0755
2021.4096 11.5648
2021.4123 16.8680
2021.4151 9.9972
2021.4178 10.9948
2021.4205 14.4206
2021.4233 14.5948
2021.4260 20.1174
2021.4288 16.2983
2021.4315 19.2376
2021.4342 21.8253
2021.4370 21.0815
2021.4397 25.8661
2021.4425 24.2892
2021.4452 20.9107
2021.4479 17.2608
2021.4507 16.4594
2021.4534 19.1165
2021.4562 20.8221
2021.4589 21.6364
2021.4616 21.7892
2021.4644 22.9807
2021.4671 23.4008
2021.4699 23.3495
2021.4726 18.3869
2021.4753 20.3430
2021.4781 16.3378
2021.4808 17.5813
2021.4836 16.6135
2021.4863 17.5445
2021.4890 13.7143
2021.4918 12.9129
2021.4945 17.5203
2021.4973 20.1062
2021.5000 22.7690
2021.5027 21.9188
2021.5055 18.9756
2021.5082 15.4399
2021.5110 19.8418
2021.5137 9.9916
2021.5164 12.4396
2021.5192 9.7460
2021.5219 14.0912
2021.5247 16.6753
2021.5274 16.5987
2021.5301 15.1316
2021.5329 14.1642
2021.5356 14.4668
2021.5384 15.7498
2021.5411 14.2133
2021.5438 13.0376
2021.5466 12.9329
2021.5493 10.9696
2021.5521 9.9279
2021.5548 10.0981
2021.5575 11.5504
2021.5603 11.8151
2021.5630 9.8324
2021.5658 7.7826
2021.5685 4.3961
2021.5712 8.8429
2021.5740 14.5235
2021.5767 15.1380
2021.5794 13.9068
2021.5822 16.8494
2021.5849 18.8130
2021.5877 18.6969
2021.5904 16.8911
2021.5931 17.0157
2021.5959 19.1006
2021.5986 21.2158
2021.6014 14.4413
2021.6041 12.5571
2021.6068 16.5132
2021.6096 15.8696
2021.6123 12.8163
2021.6151 15.6733
2021.6178 11.4705
2021.6205 19.3781
2021.6233 13.8358
2021.6260 13.3538
2021.6288 10.3421
2021.6315 9.3006
2021.6342 12.2394
2021.6370 8.9084
2021.6397 8.4075
2021.6425 13.7670
2021.6452 12.8866
2021.6479 15.1664
2021.6507 11.3764
2021.6534 11.5766
2021.6562 9.7970
2021.6589 15.6175
2021.6616 11.2183
2021.6644 13.1992
2021.6671 13.7104
2021.6699 13.9220
2021.6726 16.3640
2021.6753 12.0364
2021.6781 8.8091
2021.6808 18.0121
2021.6836 11.9453
2021.6863 13.9288
2021.6890 13.8524
2021.6918 17.1262
2021.6945 17.6901
2021.6973 18.5140
2021.7000 16.1480
2021.7027 20.2020
2021.7055 12.8260
2021.7082 14.0198
2021.7110 17.5536
2021.7137 11.5772
2021.7164 8.3906
2021.7192 11.9239
2021.7219 9.2568
2021.7247 15.4095
2021.7274 13.1618
2021.7301 19.4538
2021.7329 17.3454
2021.7356 19.6566
2021.7384 19.5772
2021.7411 17.3574
2021.7438 17.1570
2021.7466 13.2861
2021.7493 15.5744
2021.7521 14.2711
2021.7548 14.4063
2021.7575 15.3000
2021.7603 16.1822
2021.7630 18.1132
2021.7658 17.5230
2021.7685 20.8317
2021.7712 18.2994
2021.7740 18.6862
2021.7767 16.0322
2021.7794 17.1575
2021.7822 14.4922
2021.7849 17.8263
2021.7877 14.3301
2021.7904 16.2235
2021.7931 20.3067
2021.7959 17.3498
2021.7986 15.8829
2021.8014 15.4360
2021.8041 15.6293
2021.8068 16.9729
2021.8096 23.2068
2021.8123 22.4112
2021.8151 19.0262
2021.8178 17.1518
2021.8205 10.6482
2021.8233 15.3154
2021.8260 12.9636
2021.8288 7.9428
2021.8315 8.3731
2021.8342 13.6245
2021.8370 15.0867
2021.8397 11.9898
2021.8425 10.4137
2021.8452 14.7583
2021.8479 15.2537
2021.8507 11.9099
2021.8534 10.7267
2021.8562 9.2543
2021.8589 16.2925
2021.8616 11.1114
2021.8644 11.8909
2021.8671 11.8210
2021.8699 12.6617
2021.8726 12.3730
2021.8753 16.9148
2021.8781 17.7071
2021.8808 14.9399
2021.8836 15.6833
2021.8863 16.5170
2021.8918 12.3658
2021.8945 16.3508
2021.8973 16.4362
2021.9000 12.8719
2021.9027 14.3980
2021.9055 18.0543
2021.9082 19.0910
2021.9110 20.2779
2021.9137 22.3050
2021.9164 19.4531
2021.9192 23.6070
2021.9219 22.6771
2021.9247 20.8228
2021.9274 20.9038
2021.9301 18.1096
2021.9329 12.9098
2021.9356 12.3038
2021.9384 11.2013
2021.9411 18.1517
2021.9438 13.7347
2021.9466 17.4198
2021.9493 18.5065
2021.9521 16.4844
2021.9548 18.7629
2021.9575 17.3018
2021.9603 18.4504
2021.9630 19.5984
2021.9658 20.8953
2021.9685 23.0807
2021.9712 18.0440
2021.9740 12.3649
2021.9767 19.3628
2021.9795 16.6874
2021.9822 18.1182
2021.9849 19.7646
2021.9877 25.1164
2021.9904 19.2329
2021.9931 21.1739
2021.9959 19.1487
2021.9986 17.9069
2022.0014 22.1484
2022.0041 19.0639
2022.0068 19.6241
2022.0096 19.9892
2022.0123 13.1698
2022.0151 12.2762
2022.0178 17.8588
2022.0205 20.9679
2022.0233 17.7841
2022.0260 21.7177
2022.0288 19.6191
2022.0315 15.7087
2022.0342 16.2469
2022.0370 12.8240
2022.0397 15.5206
2022.0425 15.2069
2022.0452 12.5134
2022.0479 18.2205
2022.0507 16.1885
2022.0534 16.1980
2022.0562 15.6192
2022.0589 16.3425
2022.0616 12.5485
2022.0644 13.8874
2022.0671 17.1896
2022.0699 18.8056
2022.0726 16.6458
2022.0753 12.9705
2022.0781 15.9201
2022.0808 16.4051
2022.0836 20.5733
2022.0863 17.4524
2022.0890 18.9022
2022.0918 18.9527
2022.0945 17.0239
2022.0973 16.0656
2022.1000 16.9179
2022.1027 13.2405
2022.1055 10.6136
2022.1082 11.8070
2022.1110 9.4706
2022.1137 14.8645
2022.1164 18.7484
2022.1192 21.0224
2022.1219 20.6864
2022.1247 17.9503
2022.1274 14.9241
2022.1301 19.3277
2022.1329 19.0710
2022.1356 18.9540
2022.1384 14.5565
2022.1411 24.0786
2022.1438 18.0102
2022.1466 16.4912
2022.1493 12.9915
2022.1521 10.4411
2022.1548 13.0600
2022.1575 16.3579
2022.1603 14.2650
2022.1630 14.0612
2022.1658 15.8569
2022.1685 15.4924
2022.1712 16.8976
2022.1740 15.7825
2022.1767 18.3771
2022.1795 20.5814
2022.1822 16.0754
2022.1849 19.9391
2022.1877 18.2726
2022.1904 17.0157
2022.1931 19.6285
2022.1959 20.9111
2022.1986 19.9034
2022.2014 18.9253
2022.2041 16.4370
2022.2068 20.8884
2022.2096 18.2695
2022.2123 19.9703
2022.2151 22.9908
2022.2178 25.9911
2022.2205 16.1710
2022.2233 23.0407
2022.2260 22.1801
2022.2288 20.5192
2022.2315 19.6580
2022.2342 18.0265
2022.2370 19.1148
2022.2397 18.4727
2022.2425 19.6204
2022.2452 20.0178
2022.2479 23.9530
2022.2507 18.0042
2022.2534 25.0517
2022.2562 22.4458
2022.2589 19.6568
2022.2616 16.6349
2022.2644 22.0005
2022.2671 17.7939
2022.2699 20.3453
2022.2726 18.7650
2022.3548 11.6141
2022.3575 15.0226
2022.3603 14.0527
2022.3630 14.2038
2022.3658 14.4559
2022.3685 11.5586
2022.3712 11.6218
2022.3740 14.6151
2022.3767 16.6983
2022.3794 19.8812
2022.3822 11.8635
2022.3849 13.5050
2022.3877 22.3354
2022.3904 27.7144
2022.3931 27.2919
2022.3959 26.8376
2022.3986 22.9511
2022.4014 21.6224
2022.4041 29.1211
2022.4068 24.0870
2022.4096 19.5698
2022.4123 15.8093
2022.4151 20.5362
2022.4178 17.7714
2022.4205 18.5551
2022.4233 21.6774
2022.4260 19.1384
2022.4288 20.2582
2022.4315 15.8371
2022.4342 20.8650
2022.4370 20.1322
2022.4397 17.3987
2022.4425 21.1547
2022.4452 21.6504
2022.4479 18.1157
2022.4507 18.5210
2022.4534 17.9663
2022.4562 18.9717
2022.4589 18.5073
2022.4616 13.8834
2022.4644 17.8899
2022.4671 20.0671
2022.4699 18.7751
2022.4726 18.9640
2022.4753 21.3839
2022.4781 22.2049
2022.4808 21.5973
2022.4836 22.8110
2022.4863 23.6963
2022.4890 23.2333
2022.4918 22.8521
2022.4945 26.2428
2022.4973 20.9355
2022.5000 21.3898
2022.5027 16.8057
2022.5055 19.4930
2022.5082 23.0216
2022.5110 22.3615
2022.5137 17.9424
2022.5164 21.1943
2022.5192 19.9472
2022.5219 19.9209
2022.5247 12.1353
2022.5274 11.0302
2022.5301 11.9357
2022.5329 20.4416
2022.5356 23.1378
2022.5384 22.1642
2022.5411 23.7207
2022.5438 25.7471
2022.5466 26.9035
2022.5493 25.3297
2022.5521 25.0556
2022.5548 23.6110
2022.5575 20.3660
2022.5603 18.1103
2022.5630 24.2740
2022.5658 24.2168
2022.5685 17.3587
2022.5712 19.3596
2022.5740 20.3794
2022.5767 19.6279
2022.5794 16.8052
2022.5822 12.6609
2022.5849 15.2647
2022.5877 16.6664
2022.5904 14.3964
2022.5931 17.6747
2022.5959 13.5615
2022.5986 17.4768
2022.6014 18.8709
2022.6041 18.4739
2022.6068 15.1958
2022.6096 13.3570
2022.6123 14.1974
2022.6151 14.4373
2022.6178 13.2567
2022.6205 16.0858
2022.6233 18.0448
2022.6260 15.7938
2022.6288 17.1929
2022.6315 18.5023
2022.6342 16.0120
2022.6370 17.8523
2022.6397 21.7933
2022.6425 26.6051
2022.6452 21.5779
2022.6479 19.3918
2022.6507 19.2169
2022.6534 20.7133
2022.6562 19.6513
2022.6589 19.6310
2022.6616 12.2524
2022.6644 18.8557
2022.6671 18.1227
2022.6699 23.9949
2022.6726 22.1418
2022.6753 18.8831
2022.6781 18.0684
2022.6808 20.7275
2022.6836 19.5999
2022.6863 21.5753
2022.6890 20.0233
2022.6918 19.6937
2022.6945 19.6559
2022.6973 20.0298
2022.7000 18.0549
2022.7027 16.0008
2022.7055 18.8373
2022.7082 19.9140
2022.7110 19.3905
2022.7137 14.3665
2022.7164 13.9315
2022.7192 19.6754
2022.7219 15.1976
2022.7247 17.7779
2022.7274 16.5359
2022.7301 18.0713
2022.7329 17.6736
2022.7356 18.8526
2022.7384 21.2079
2022.7411 22.3191
2022.7438 22.0160
2022.7466 20.1080
2022.7493 17.8150
2022.7521 14.1876
2022.7548 16.6560
2022.7575 12.5806
2022.7603 17.2116
2022.7630 13.0193
2022.7658 21.7941
2022.7685 19.5861
2022.7712 25.0057
2022.7740 24.9931
2022.7767 20.2287
2022.7794 23.2927
2022.7822 18.3754
2022.7849 15.3871
2022.7877 19.8281
2022.7904 18.5686
2022.7931 19.6090
2022.7959 17.8095
2022.7986 19.9504
2022.8014 17.9220
2022.8041 17.4246
2022.8068 16.0184
2022.8096 14.1637
2022.8123 12.8209
2022.8151 15.7402
2022.8178 14.4219
2022.8205 17.7963
2022.8233 15.1936
2022.8260 11.4841
2022.8288 13.5082
2022.8315 19.2961
2022.8342 15.4680
2022.8370 14.9037
2022.8397 14.8528
2022.8425 20.5952
2022.8452 15.2005
2022.8479 14.7885
2022.8507 13.2490
2022.8534 19.3216
2022.8562 16.1460
2022.8589 10.6621
2022.8616 10.5195
2022.8644 13.0279
2022.8671 15.8872
2022.8699 15.8769
2022.8726 17.1870
2022.8753 18.5370
2022.8781 15.2366
2022.8808 21.5958
2022.8836 14.8540
2022.8863 18.9712
2022.8890 16.4570
2022.8918 17.3912
2022.8945 23.0934
2022.8973 20.3734
2022.9000 18.6810
2022.9027 14.7658
2022.9055 16.7676
2022.9082 11.7162
2022.9110 21.4812
2022.9137 19.0223
2022.9164 21.2196
2022.9192 17.3443
2022.9219 20.0166
2022.9247 19.7666
2022.9274 14.3542
2022.9301 18.6596
2022.9329 17.1128
2022.9356 16.1838
2022.9384 16.5525
2022.9411 19.7091
2022.9438 20.1936
2022.9466 16.3561
2022.9493 17.4864
2022.9521 19.3148
2022.9548 17.7111
2022.9575 14.1655
2022.9603 17.3180
2022.9630 18.7185
2022.9658 13.3972
2022.9685 15.8940
2022.9712 13.2791
2022.9740 17.9823
2022.9767 14.8439
2022.9795 14.8937
2022.9822 17.9618
2022.9849 16.4283
2022.9877 16.0031
2022.9904 14.6964
2022.9931 15.2081
2022.9959 13.3383
2022.9986 12.6169
