2009.2466 0.6683
2009.2493 -1.7923
2009.2521 -1.3235
2009.2548 0.3046
2009.2575 0.5422
2009.2603 -0.6007
2009.2630 -0.8241
2009.2658 3.8021
2009.2685 4.5979
2009.2712 1.3434
2009.2740 0.6587
2009.2767 3.3137
2009.2795 6.9985
2009.2822 6.3732
2009.2849 -0.6022
2009.2877 3.4523
2009.2904 5.9269
2009.2932 2.9515
2009.2959 -1.4239
2009.2986 3.1210
2009.3014 4.7760
2009.3041 2.4212
2009.3068 0.5368
2009.3096 1.2926
2009.3123 -0.5812
2009.3151 0.8355
2009.3178 -1.2974
2009.3205 -1.8498
2009.3233 -0.3917
2009.3260 -5.4129
2009.3288 -1.7935
2009.3315 5.9165
2009.3342 4.0169
2009.3370 1.3176
2009.3397 -1.9213
2009.3425 -0.9599
2009.3452 -0.8582
2009.3479 -1.2063
2009.3507 -3.9342
2009.3534 -3.6919
2009.3562 -2.0495
2009.3589 -2.8470
2009.3616 -3.3844
2009.3644 3.5681
2009.3671 7.1007
2009.3699 6.4133
2009.3726 -2.0743
2009.3753 -4.8319
2009.3781 -5.1297
2009.3808 -7.4377
2009.3836 -4.4759
2009.3863 -3.4444
2009.3890 -2.7531
2009.3918 -1.7021
2009.3945 -1.2615
2009.3973 -1.8713
2009.4000 0.9684
2009.4027 1.3578
2009.4055 5.6066
2009.4082 4.6749
2009.4110 0.3526
2009.4137 1.0298
2009.4219 -2.7310
2009.4247 -2.2553
2009.4274 0.3701
2009.4301 -4.5849
2009.4329 -6.2801
2009.4356 -9.9557
2009.4384 -10.7915
2009.4411 0.6224
2009.4438 3.2760
2009.4466 1.6693
2009.4493 -0.7976
2009.4521 2.8453
2009.4548 0.9679
2009.4575 2.4104
2009.4603 5.4526
2009.4630 9.2446
2009.4658 4.7865
2009.4685 5.0982
2009.4712 -1.5903
2009.4740 -4.2389
2009.4767 -3.2677
2009.4795 -5.2265
2009.4822 -4.7355
2009.4849 -1.2147
2009.4877 -2.5239
2009.4904 1.0369
2009.4932 -0.2025
2009.4959 -5.0219
2009.4986 -6.9216
2009.5014 -7.4816
2009.5041 -4.3119
2009.5068 -0.1226
2009.5096 -2.8336
2009.5123 -2.0449
2009.5151 -1.8764
2009.5178 0.2218
2009.5205 2.9198
2009.5233 3.6577
2009.5260 0.9753
2009.5288 -1.8772
2009.5315 -0.8198
2009.5342 -2.4625
2009.5370 2.0547
2009.5397 2.9919
2009.5425 -0.9210
2009.5671 0.0150
2009.5699 -4.3470
2009.5726 -2.4988
2009.5753 2.2596
2009.5781 8.3783
2009.5808 10.0872
2009.5836 7.1664
2009.5863 4.8758
2009.5890 6.9954
2009.5918 5.1453
2009.5945 7.1954
2009.5973 10.2659
2009.6000 12.7067
2009.6027 8.2579
2009.6055 6.1595
2009.6082 6.7416
2009.6110 7.1241
2009.6137 1.0271
2009.6164 -2.5093
2009.6192 2.3648
2009.6219 2.4695
2009.6247 4.3648
2009.6274 9.4808
2009.6301 6.3974
2009.6329 11.3048
2009.6356 9.6129
2009.6384 13.5417
2009.6411 17.6114
2009.6438 12.6019
2009.6466 8.6433
2009.6493 9.4255
2009.6521 8.5087
2010.0000 6.6793
2010.0027 9.9215
2010.0055 4.3436
2010.0082 10.2654
2010.0110 6.9471
2010.0137 11.7086
2010.0164 3.6800
2010.0192 5.7612
2010.0219 4.2922
2010.0247 2.8431
2010.0274 7.3438
2010.0301 5.4145
2010.0329 6.2950
2010.0356 5.8354
2010.0384 13.2156
2010.0411 9.1158
2010.0438 8.7359
2010.0466 1.3459
2010.0493 1.8658
2010.0521 6.8256
2010.0548 3.9754
2010.0575 7.9451
2010.0603 5.5547
2010.0630 2.5543
2010.0658 5.4839
2010.0685 8.4534
2010.0712 7.4530
2010.0740 6.8924
2010.0767 5.4619
2010.0795 1.8914
2010.0822 4.9608
2010.0849 6.2295
2010.0877 9.0676
2010.0904 4.2951
2010.0932 8.3721
2010.0959 9.5286
2010.0986 4.8148
2010.1014 5.9806
2010.1041 5.5762
2010.1068 8.5516
2010.1096 6.9269
2010.1123 7.5822
2010.1151 7.6475
2010.1178 9.2529
2010.1205 6.7185
2010.1233 7.2944
2010.1260 7.8505
2010.1288 11.3770
2010.1315 8.4540
2010.1342 7.3415
2010.1370 7.0496
2010.1397 6.6484
2010.1425 6.6578
2010.1452 6.3981
2010.1479 11.4092
2010.1507 11.9813
2010.1534 12.9644
2010.1562 12.4286
2010.1589 11.1239
2010.1616 13.9704
2010.1644 8.5490
2010.1671 15.8902
2010.1699 11.2739
2010.1726 8.5801
2010.1753 11.0184
2010.1781 8.3589
2010.1808 12.1713
2010.1836 11.5255
2010.1863 5.1413
2010.1890 8.3686
2010.1918 7.4973
2010.1945 2.0872
2010.1973 4.9081
2010.2000 -0.1801
2010.2027 4.6325
2010.2055 5.1057
2010.2082 3.7594
2010.2110 8.7634
2010.2137 6.9776
2010.2164 10.4918
2010.2192 6.2158
2010.2219 7.2396
2010.2247 6.2830
2010.2274 5.8558
2010.2301 8.0880
2010.2329 7.8992
2010.2356 6.9995
2010.2384 6.0286
2010.2411 9.3064
2010.2438 9.5527
2010.2466 7.8275
2010.2493 9.5108
2010.2521 9.3028
2010.2548 13.7536
2010.2575 7.9734
2010.2603 12.9322
2010.2630 8.7603
2010.2658 7.6877
2010.2685 10.9146
2010.2712 14.8712
2010.2740 16.7075
2010.2767 10.3136
2010.2795 11.0099
2010.2822 11.6763
2010.2849 7.8829
2010.2877 7.8401
2010.2904 9.2978
2010.2932 7.3462
2010.2959 0.6554
2010.2986 3.3557
2010.3014 8.4870
2010.3041 6.9196
2010.3068 8.8636
2010.3096 9.0291
2010.3123 8.8262
2010.3151 7.0452
2010.3178 5.4560
2010.3205 4.1090
2010.3233 5.9241
2010.3260 5.3315
2010.3288 5.1414
2010.3315 5.5431
2010.3342 7.1558
2010.3370 6.7393
2010.3397 5.6536
2010.3425 4.9686
2010.3452 5.0544
2010.3479 5.8409
2010.3507 3.7879
2010.3534 5.8356
2010.3562 3.3937
2010.3589 5.0322
2010.3616 2.1612
2010.3644 3.1705
2010.3671 15.7601
2010.3699 9.3600
2010.3726 7.3700
2010.3753 10.4202
2010.3781 8.4204
2010.3808 7.8207
2010.3836 7.6109
2010.3863 7.9911
2010.3890 8.0511
2010.3918 10.4610
2010.3945 12.3506
2010.3973 9.1099
2010.4000 17.6889
2010.4027 14.5775
2010.4055 13.9257
2010.4082 10.0233
2010.4110 14.9905
2010.4137 8.0470
2010.4164 16.7835
2010.4192 14.7400
2010.4219 13.7565
2010.4247 13.4929
2010.4274 10.5793
2010.4301 9.1757
2010.4329 10.1921
2010.4356 11.6184
2010.4384 7.0248
2010.4411 4.6111
2010.4438 9.1474
2010.4466 10.6837
2010.4493 7.5699
2010.4521 8.2662
2010.4548 11.4324
2010.4575 7.8986
2010.4603 14.0548
2010.4630 9.0109
2010.4658 11.9970
2010.4685 12.2332
2010.4712 16.6792
2010.4740 13.8753
2010.4767 14.3814
2010.4795 9.6674
2010.4822 15.5034
2010.4849 17.9194
2010.4877 19.3053
2010.4904 15.0812
2010.4932 11.8371
2010.4959 11.3130
2010.4986 9.3188
2010.5014 8.6445
2010.5041 11.1700
2010.5068 11.3653
2010.5096 10.6104
2010.5123 7.6553
2010.5151 11.2400
2010.5178 11.6044
2010.5205 8.9885
2010.5233 10.4923
2010.5260 9.1358
2010.5288 10.5290
2010.5315 11.8318
2010.5342 7.2442
2010.5370 5.2362
2010.5397 1.9478
2010.5425 12.4290
2010.5452 14.9597
2010.5479 15.3200
2010.5507 13.2397
2010.5534 15.8889
2010.5562 13.5976
2010.5589 14.6757
2010.5616 16.2833
2010.5644 14.3302
2010.5671 14.1866
2010.5699 9.8323
2010.5726 10.1673
2010.5753 7.8217
2010.5781 6.1153
2010.5808 8.4583
2010.5836 7.4396
2010.5863 8.4885
2010.5890 7.0250
2010.5918 7.2793
2010.5945 10.2017
2010.5973 6.5421
2010.6000 10.0908
2010.6027 10.9278
2010.6055 9.8234
2010.6082 10.2977
2010.6110 10.9607
2010.6137 11.0227
2010.6164 7.8738
2010.6192 3.3641
2010.6219 2.4337
2010.6247 0.8229
2010.6274 2.2017
2010.6301 3.5103
2010.6329 16.1988
2010.6356 9.5874
2010.6384 14.3262
2010.6411 12.2553
2010.6438 11.7050
2010.6466 8.7352
2010.6493 13.3162
2010.6521 6.2381
2010.6548 2.7911
2010.6575 2.4252
2010.6603 3.5906
2010.6630 9.1076
2010.6658 6.9559
2010.6685 12.5344
2010.6712 8.8430
2010.6740 10.9617
2010.6767 5.2706
2010.6795 7.4197
2010.6822 12.5791
2010.6849 10.2888
2010.6877 11.6889
2010.6904 11.2694
2010.6932 9.4004
2010.6959 5.4719
2010.6986 6.1640
2010.7014 7.7068
2010.7041 10.5702
2010.7068 8.6644
2010.7096 7.1894
2010.7123 16.6053
2010.7151 10.3921
2010.7178 10.7298
2010.7205 7.1185
2010.7233 7.0983
2010.7260 6.3392
2010.7288 7.3213
2010.7315 0.8446
2010.7342 3.5692
2010.7370 2.0251
2010.7397 6.9524
2010.7425 2.8211
2010.7452 6.1213
2010.7479 7.3531
2010.7507 3.8686
2010.7534 -0.6204
2010.7562 3.1259
2010.7589 4.1170
2010.7616 6.5328
2010.7644 9.7527
2010.7671 6.8465
2010.7699 7.5939
2010.7726 3.8444
2010.7753 6.5579
2010.7781 5.1139
2010.7808 2.1621
2010.7836 1.9421
2010.7863 3.8337
2010.7890 0.8665
2010.7918 7.4102
2010.7945 3.7744
2010.7973 6.6688
2010.8000 4.5230
2010.8027 2.6868
2010.8055 8.2098
2010.8082 5.2616
2010.8110 5.3619
2010.8137 4.0705
2010.8164 5.9068
2010.8192 5.9107
2010.8219 1.0818
2010.8247 6.6597
2010.8274 10.9441
2010.8301 7.1847
2010.8329 2.9118
2010.8356 8.1998
2010.8384 1.9090
2010.8411 -1.5908
2010.8438 0.4502
2010.8466 2.4817
2010.8493 5.3835
2010.8521 9.1853
2010.8548 9.8868
2010.8575 7.5579
2010.8603 5.4182
2010.8630 7.5176
2010.8658 12.7457
2010.8685 7.3824
2010.8712 5.8273
2010.8740 3.3403
2010.8767 12.6510
2010.8795 6.8093
2010.8822 17.5048
2010.8849 10.7574
2010.8877 18.2567
2010.8904 12.9326
2010.8932 12.9647
2010.8959 10.8629
2010.8986 9.9769
2010.9014 9.1864
2010.9041 12.0212
2010.9068 13.2610
2010.9096 11.7856
2010.9123 10.3448
2010.9151 13.2982
2010.9178 11.6386
2010.9205 9.9590
2010.9233 5.7794
2010.9260 7.9097
2010.9288 6.9699
2010.9315 9.0002
2010.9342 7.3304
2010.9370 7.7406
2010.9397 5.6507
2010.9425 9.9708
2010.9452 12.6109
2010.9479 10.0510
2010.9507 9.6611
2010.9534 7.1911
2010.9562 6.9211
2010.9589 10.0211
2010.9616 6.7311
2010.9644 6.9611
2010.9671 8.3110
2010.9699 7.1010
2010.9726 3.6009
2010.9753 5.0909
2010.9781 7.9408
2010.9808 6.4707
2010.9836 8.9207
2010.9863 7.8506
2010.9890 5.4805
2010.9918 9.8505
2010.9945 7.2104
2010.9973 6.7403
2011.0000 4.3503
2011.0027 5.7302
2011.0055 10.2002
2011.0082 5.8100
2011.0110 10.1999
2011.0137 9.9798
2011.0164 7.8796
2011.0192 6.3994
2011.0219 7.7092
2011.0247 5.9690
2011.0274 8.8887
2011.0301 6.9985
2011.0329 5.1383
2011.0356 7.9480
2011.0384 9.3178
2011.0411 9.9576
2011.0438 10.5974
2011.0466 9.9072
2011.0493 11.7070
2011.0521 11.9868
2011.0548 10.9266
2011.0575 12.1865
2011.0603 10.1563
2011.0630 15.7962
2011.0658 15.1462
2011.0685 13.5961
2011.0712 11.9161
2011.0740 14.7962
2011.0767 14.1163
2011.0795 14.1064
2011.0822 8.8275
2011.0849 12.5849
2011.0877 12.6792
2011.0904 13.3898
2011.0932 13.4463
2011.0959 14.3282
2011.0986 12.6151
2011.1014 11.6966
2011.1041 13.6221
2011.1068 13.7812
2011.1096 11.7235
2011.1123 12.7185
2011.1151 12.1257
2011.1178 8.5247
2011.1205 12.4551
2011.1233 15.8563
2011.1260 11.5980
2011.1288 16.9696
2011.1315 17.9707
2011.1342 15.5809
2011.1370 15.8197
2011.1397 13.2367
2011.1425 16.5913
2011.1452 16.3432
2011.1479 17.8719
2011.1507 19.5269
2011.1534 14.6377
2011.1562 23.0240
2011.1589 16.5952
2011.1616 17.6209
2011.1644 19.9335
2011.1671 18.7255
2011.1699 13.9768
2011.1726 14.4375
2011.1753 12.4976
2011.1781 15.8771
2011.1808 13.1260
2011.1836 15.0342
2011.1863 13.1219
2011.1890 13.4390
2011.1918 13.2156
2011.1945 10.8216
2011.1973 11.1270
2011.2000 9.6519
2011.2027 14.2462
2011.2055 15.5800
2011.2082 11.4233
2011.2110 12.4061
2011.2137 14.0484
2011.2164 12.6101
2011.2192 13.5414
2011.2219 9.8921
2011.2247 10.6824
2011.2274 12.5423
2011.2301 18.1416
2011.2329 12.9805
2011.2356 13.9490
2011.2384 9.1270
2011.2411 10.5546
2011.2438 10.0217
2011.2466 10.2082
2011.2493 12.4727
2011.2521 11.5350
2011.2548 8.5753
2011.2575 9.8638
2011.2603 12.7607
2011.2630 15.1661
2011.2658 17.3303
2011.2685 15.7532
2011.2712 13.7953
2011.2740 15.7265
2011.2767 13.1571
2011.2795 15.7072
2011.2822 12.8871
2011.2849 17.3568
2011.2877 17.8166
2011.2904 16.0965
2011.2932 14.8769
2011.2959 13.6378
2011.2986 11.1994
2011.3014 12.2819
2011.3041 13.9254
2011.3068 14.1502
2011.3096 12.7563
2011.3123 13.7940
2011.3151 13.0634
2011.3178 12.9247
2011.3205 16.9780
2011.3233 17.8536
2011.3260 14.7216
2011.3288 16.2921
2011.3315 19.6964
2011.3342 23.8854
2011.3370 17.6587
2011.3397 14.5561
2011.3425 17.5572
2011.3452 16.5817
2011.3479 18.0993
2011.3507 15.0097
2011.3534 19.1925
2011.3562 17.1875
2011.3589 16.9942
2011.3616 16.9424
2011.3644 14.3318
2011.3671 17.6920
2011.3699 14.4428
2011.3726 18.6237
2011.3753 18.2245
2011.3781 13.6249
2011.3808 15.2344
2011.3836 18.3130
2011.3863 20.1400
2011.3890 24.1454
2011.3918 23.4287
2011.3945 23.7897
2011.3973 21.0779
2011.4000 18.0531
2011.4027 21.6550
2011.4055 13.4733
2011.4082 13.6075
2011.4110 13.0875
2011.4137 13.6434
2011.4164 11.2985
2011.4192 14.5833
2011.4219 16.3977
2011.4247 17.1318
2011.4274 16.2755
2011.4301 15.8988
2011.4329 17.0017
2011.4356 16.0041
2011.4384 18.1861
2011.4411 19.2775
2011.4438 12.7285
2011.4466 11.7090
2011.4493 13.4989
2011.4521 12.5083
2011.4548 15.0571
2011.4575 15.4453
2011.4603 13.3829
2011.4630 16.1398
2011.4658 22.8261
2011.4685 16.9417
2011.4712 22.0566
2011.4740 20.3608
2011.4767 19.4043
2011.4795 19.3070
2011.4822 21.1389
2011.4849 18.7700
2011.4877 17.8403
2011.4904 20.9298
2011.4932 14.6884
2011.4959 13.4962
2011.4986 19.8531
2011.5014 16.9195
2011.5041 25.0852
2011.5068 26.8504
2011.5096 23.8251
2011.5123 30.2393
2011.5151 16.4231
2011.5178 13.8165
2011.5205 15.7897
2011.5233 10.6125
2011.5260 14.7052
2011.5288 14.5977
2011.5315 14.8700
2011.5342 15.4323
2011.5370 18.5345
2011.5397 20.0868
2011.5425 18.2691
2011.5452 15.9316
2011.5479 16.7241
2011.5507 14.2869
2011.5534 14.7200
2011.5562 13.1033
2011.5589 16.3370
2011.5616 18.4211
2011.5644 12.1356
2011.5671 15.5206
2011.5699 12.2461
2011.5726 12.6722
2011.5753 11.4390
2011.5781 14.4264
2011.5808 15.3745
2011.5836 14.5332
2011.5863 11.5223
2011.5890 12.5517
2011.5918 15.2315
2011.5945 13.1817
2011.5973 15.9722
2011.6000 15.7230
2011.6027 15.2842
2011.6055 15.6357
2011.6082 18.7375
2011.6110 15.1697
2011.6137 13.2721
2011.6164 12.3349
2011.6192 10.0579
2011.6219 13.4712
2011.6247 17.9248
2011.6274 15.4887
2011.6301 15.9729
2011.6329 14.9173
2011.6356 18.7820
2011.6384 24.9969
2011.6411 26.0221
2011.6438 20.4775
2011.6466 20.0932
2011.6493 18.5190
2011.6521 17.3551
2011.6548 19.1914
2011.6575 16.6279
2011.6603 13.3446
2011.6630 19.9315
2011.6658 21.4486
2011.6685 12.8060
2011.6712 17.0639
2011.6740 16.2022
2011.6767 14.2710
2011.6795 17.8903
2011.6822 14.5702
2011.6849 17.3507
2011.6877 16.9719
2011.6904 17.4537
2011.6932 18.6062
2011.6959 19.0795
2011.6986 12.1835
2011.7014 12.5484
2011.7041 17.3042
2011.7068 15.4009
2011.7096 12.6685
2011.7123 12.4771
2011.7151 12.3967
2011.7178 12.3273
2011.7205 14.7491
2011.7233 13.6219
2011.7260 16.2160
2011.7315 13.5977
2011.7342 15.7055
2011.7370 16.3445
2011.7397 15.7150
2011.7425 13.8068
2011.7452 13.4100
2011.7479 12.3448
2011.7507 9.9312
2011.7534 5.7793
2011.7562 2.9292
2011.7589 12.4006
2011.7616 11.1434
2011.7644 17.6675
2011.7671 14.8228
2011.7699 16.6392
2011.7726 14.6564
2011.7753 14.0245
2011.7781 13.2633
2011.7808 13.8626
2011.7836 12.8724
2011.7863 11.7825
2011.7890 13.3328
2011.7918 15.0432
2011.7945 14.2936
2011.7973 14.0337
2011.8000 14.9836
2011.8027 15.9631
2011.8055 15.6620
2011.8082 14.4903
2011.8110 18.3678
2011.8137 20.8244
2011.8164 22.2100
2011.8192 14.6044
2011.8219 13.3576
2011.8247 22.0894
2011.8274 17.9097
2011.8301 21.0384
2011.8329 17.3955
2011.8356 14.0324
2011.8384 17.2593
2011.8411 15.9261
2011.8438 12.5929
2011.8466 13.4197
2011.8493 16.8765
2011.8521 16.8333
2011.8548 14.1701
2011.8575 18.4368
2011.8603 21.7635
2011.8630 18.0402
2011.8658 17.5269
2011.8685 20.5636
2011.8712 16.4702
2011.8740 13.2069
2011.8767 12.7835
2011.8795 16.1001
2011.8822 16.4567
2011.8849 21.1733
2011.8877 15.1498
2011.8904 17.2464
2011.8932 17.4930
2011.8959 16.0795
2011.8986 13.6160
2011.9014 15.4525
2011.9041 16.6491
2011.9068 19.5356
2011.9096 23.0721
2011.9123 20.0585
2011.9151 21.1850
2011.9178 17.5316
2011.9205 13.4884
2011.9233 16.1855
2011.9260 18.0627
2011.9288 17.1401
2011.9315 24.3276
2011.9342 24.3852
2011.9370 24.4128
2011.9397 18.3005
2011.9425 21.9882
2011.9452 22.1058
2011.9479 19.3434
2011.9507 24.1009
2011.9534 20.7082
2011.9562 23.4555
2011.9589 17.9325
2011.9616 13.8194
2011.9644 20.3160
2011.9671 19.3923
2011.9699 16.9583
2011.9726 16.3640
2011.9753 17.6294
2011.9781 17.2043
2011.9808 15.7589
2011.9836 18.9230
2011.9863 16.9366
2011.9890 22.2997
2011.9918 20.7123
2011.9945 20.5643
2011.9973 19.5957
2012.0000 13.7065
2012.0027 17.9552
2012.0055 15.6605
2012.0082 17.4126
2012.0109 16.7618
2012.0137 23.4481
2012.0164 16.9118
2012.0191 16.6631
2012.0219 17.3022
2012.0246 19.2592
2012.0273 18.5244
2012.0301 16.7579
2012.0328 17.8599
2012.0355 16.5706
2012.0383 19.9102
2012.0410 18.8789
2012.0437 19.5669
2012.0464 19.5544
2012.0492 18.5115
2012.0519 19.3884
2012.0546 14.2554
2012.0574 20.8426
2012.0601 17.6003
2012.0628 18.9185
2012.0656 19.4675
2012.0683 20.8075
2012.0710 20.2087
2012.0738 20.7312
2012.0765 19.7853
2012.0792 18.5412
2012.0820 19.8487
2012.0847 22.2466
2012.0874 24.8945
2012.0902 19.1725
2012.0929 22.7604
2012.0956 19.9584
2012.0984 22.3965
2012.1011 17.9146
2012.1038 23.8827
2012.1066 21.5609
2012.1093 24.1292
2012.1120 26.0676
2012.1148 23.1561
2012.1175 23.6047
2012.1202 25.3334
2012.1230 21.7822
2012.1257 21.3811
2012.1284 18.6902
2012.1311 19.5294
2012.1339 21.1688
2012.1366 17.6183
2012.1393 20.7480
2012.1421 21.5879
2012.1448 17.4979
2012.1475 18.3882
2012.1503 18.8687
2012.1530 20.1793
2012.1557 23.5002
2012.1585 20.9413
2012.1612 22.6726
2012.1639 24.1150
2012.1667 22.6596
2012.1694 18.7563
2012.1721 26.5850
2012.1749 26.5154
2012.1776 24.1375
2012.1803 23.2811
2012.1831 20.6460
2012.1858 18.8120
2012.1885 19.6691
2012.1913 16.1670
2012.1940 18.3556
2012.1967 21.0547
2012.1995 20.2842
2012.2022 19.1438
2012.2049 18.4436
2012.2077 21.0332
2012.2104 20.5225
2012.2131 17.4015
2012.2158 18.8998
2012.2186 17.4974
2012.2213 16.7441
2012.2240 16.0498
2012.2268 16.5342
2012.2295 14.3972
2012.2322 17.8187
2012.2350 14.5085
2012.2377 22.3065
2012.2404 14.9524
2012.2432 11.4662
2012.2459 14.5777
2012.2486 16.9677
2012.2514 18.1366
2012.2541 19.6244
2012.2568 17.3313
2012.2596 13.7574
2012.2623 12.0126
2012.2650 14.2772
2012.2678 19.5511
2012.2705 19.9545
2012.2732 18.2774
2012.2760 28.9899
2012.2787 19.8922
2012.2814 22.4141
2012.2842 18.9560
2012.2869 23.4477
2012.2896 21.6395
2012.2923 15.9214
2012.2951 18.1634
2012.2978 15.6257
2012.3005 21.2283
2012.3033 23.2913
2012.3060 26.0148
2012.3087 30.7489
2012.3115 26.5836
2012.3142 26.7290
2012.3169 28.4953
2012.3197 24.2424
2012.3224 20.9405
2012.3251 22.2296
2012.3279 20.2099
2012.3306 26.9010
2012.3333 22.1823
2012.3361 23.9035
2012.3388 20.8147
2012.3415 23.1460
2012.3443 21.1072
2012.3470 22.8385
2012.3497 20.6498
2012.3525 20.3411
2012.3552 20.7824
2012.3579 25.4438
2012.3607 24.5652
2012.3634 29.1766
2012.3661 33.0780
2012.3689 28.1395
2012.3716 23.4511
2012.3743 20.4527
2012.3770 22.3343
2012.3798 26.0460
2012.3825 23.8478
2012.3852 23.6097
2012.3880 25.8016
2012.3907 23.9135
2012.3934 25.3656
2012.3962 26.8777
2012.3989 25.7600
2012.4016 22.9723
2012.4044 20.2147
2012.4071 18.9972
2012.4098 22.5698
2012.4126 20.7725
2012.4153 24.7953
2012.4180 28.0480
2012.4208 24.7609
2012.4235 26.1937
2012.4262 29.1666
2012.4290 28.6595
2012.4317 27.7524
2012.4344 30.1454
2012.4372 24.4583
2012.4399 27.1613
2012.4426 21.8443
2012.4454 21.6074
2012.4481 24.4604
2012.4508 20.8234
2012.4536 27.4765
2012.4563 25.2496
2012.4590 26.5527
2012.4617 27.9258
2012.4645 29.4389
2012.4672 27.5520
2012.4699 25.5851
2012.4727 31.6683
2012.4754 29.6314
2012.4781 29.7845
2012.4809 28.7977
2012.4836 23.2708
2012.4863 22.1239
2012.4891 24.9271
2012.4918 23.2002
2012.4945 23.5033
2012.4973 23.1665
2012.5000 20.0897
2012.5027 17.0030
2012.5055 20.5165
2012.5082 20.4901
2012.5109 22.5138
2012.5137 22.5976
2012.5164 27.7615
2012.5191 18.9955
2012.5219 13.5896
2012.5246 17.2739
2012.5273 20.4482
2012.5301 22.4627
2012.5328 20.5273
2012.5355 17.2020
2012.5383 25.4868
2012.5410 26.1018
2012.5437 25.2368
2012.5464 19.7920
2012.5492 28.2272
2012.5519 25.6026
2012.5546 18.1181
2012.5574 19.5137
2012.5601 18.3595
2012.5628 21.4553
2012.5656 18.8513
2012.5683 20.6774
2012.5710 18.4736
2012.5738 19.7999
2012.5765 22.8863
2012.5792 16.3228
2012.5820 20.0699
2012.5847 24.2406
2012.5874 21.7256
2012.5902 20.6343
2012.5929 22.4367
2012.5956 20.4523
2012.5984 19.3009
2012.6011 20.1322
2012.6038 14.5759
2012.6066 20.5218
2012.6093 20.8294
2012.6120 21.5186
2012.6148 24.6390
2012.6175 20.9703
2012.6202 22.8523
2012.6230 27.1246
2012.6257 25.6571
2012.6284 27.9593
2012.6311 19.0709
2012.6339 21.0218
2012.6366 24.5816
2012.6393 19.5800
2012.6421 18.9167
2012.6448 19.3814
2012.6475 19.0739
2012.6503 18.9838
2012.6530 22.1108
2012.6557 19.8347
2012.6585 27.0952
2012.6612 22.3619
2012.6639 37.0547
2012.6667 21.9045
2012.6694 24.0541
2012.6721 19.0435
2012.6749 23.2526
2012.6776 18.9715
2012.6803 19.7701
2012.6831 20.6785
2012.6858 18.0766
2012.6885 17.3544
2012.6913 23.1720
2012.6940 26.0593
2012.6967 21.8264
2012.6995 21.6331
2012.7022 25.5595
2012.7049 24.1357
2012.7077 24.9515
2012.7104 24.6770
2012.7131 23.7323
2012.7158 15.7771
2012.7186 15.3417
2012.7213 17.2059
2012.7240 11.3898
2012.7268 15.6734
2012.7295 18.5366
2012.7322 18.9994
2012.7350 20.7819
2012.7377 19.6640
2012.7404 21.9257
2012.7432 22.2971
2012.7459 15.9080
2012.7486 21.2386
2012.7514 21.5291
2012.7541 18.8196
2012.7568 17.1500
2012.7596 18.5804
2012.7623 15.8908
2012.7650 19.5412
2012.7678 20.7616
2012.7705 21.1619
2012.7732 22.5423
2012.7760 23.4226
2012.7787 20.5930
2012.7814 23.3533
2012.7842 25.2036
2012.7869 21.6539
2012.7896 23.4143
2012.7923 19.8346
2012.7951 22.4149
2012.7978 19.3452
2012.8005 19.9755
2012.8033 21.4959
2012.8060 24.9362
2012.8087 26.4266
2012.8115 28.2769
2012.8142 31.6673
2012.8169 30.8077
2012.8197 28.4981
2012.8224 27.0285
2012.8251 24.8189
2012.8279 23.3494
2012.8306 24.2098
2012.8333 29.6203
2012.8361 25.5910
2012.8388 26.1017
2012.8415 21.1425
2012.8443 26.5135
2012.8470 24.7045
2012.8497 23.2755
2012.8525 31.2867
2012.8552 22.6979
2012.8579 22.4191
2012.8607 19.5804
2012.8634 28.2617
2012.8661 26.2530
2012.8689 26.1443
2012.8716 21.1756
2012.8743 22.1569
2012.8770 21.4582
2012.8798 23.3694
2012.8825 21.4506
2012.8852 26.3418
2012.8880 28.7229
2012.8907 28.6739
2012.8934 25.6149
2012.8962 21.1858
2012.8989 25.7366
2012.9016 23.3072
2012.9044 23.4878
2012.9071 22.8883
2012.9098 25.8386
2012.9126 24.5887
2012.9153 24.8688
2012.9180 26.0670
2012.9208 23.0022
2012.9235 23.6347
2012.9262 26.9546
2012.9290 23.7021
2012.9317 25.5574
2012.9344 23.6106
2012.9372 24.0119
2012.9399 23.8215
2012.9426 23.7695
2012.9454 22.5363
2012.9481 17.9118
2012.9508 19.0263
2012.9536 24.1000
2012.9563 22.9331
2012.9590 22.1157
2012.9617 23.3479
2012.9645 22.8701
2012.9672 20.9323
2012.9699 17.6747
2012.9727 18.1276
2012.9754 20.9910
2012.9781 23.1152
2012.9809 21.2503
2012.9836 22.8465
2012.9863 19.5040
2012.9891 21.0729
2012.9918 20.0335
2012.9945 21.4159
2012.9973 22.1803
2013.0000 24.0169
2013.0027 22.2247
2013.0055 20.8628
2013.0082 22.9211
2013.0110 22.7197
2013.0137 25.6686
2013.0164 23.8377
2013.0192 23.6972
2013.0219 25.6568
2013.0247 26.9467
2013.0274 25.1969
2013.0301 25.4573
2013.0329 23.4580
2013.0356 27.7089
2013.0384 24.5200
2013.0411 20.9913
2013.0438 23.9629
2013.0466 22.9747
2013.0493 25.3567
2013.0521 21.1889
2013.0548 23.1314
2013.0575 24.7140
2013.0603 24.1868
2013.0630 19.9099
2013.0658 23.8831
2013.0685 25.8365
2013.0712 24.8101
2013.0740 23.3339
2013.0767 32.0678
2013.0795 25.2919
2013.0822 26.2063
2013.0849 25.9110
2013.0877 28.0662
2013.0904 26.4018
2013.0932 26.5079
2013.0959 28.3244
2013.0986 28.1113
2013.1014 25.5987
2013.1041 27.4065
2013.1068 29.5848
2013.1096 27.4335
2013.1123 29.1327
2013.1151 26.3923
2013.1178 24.3623
2013.1205 31.7328
2013.1233 27.9037
2013.1260 27.6751
2013.1288 26.1870
2013.1315 27.2892
2013.1342 28.0519
2013.1370 25.2951
2013.1397 21.9187
2013.1425 19.5528
2013.1452 16.0473
2013.1479 21.9622
2013.1507 24.5777
2013.1534 28.1035
2013.1562 25.3198
2013.1589 26.5866
2013.1616 23.6738
2013.1644 24.9621
2013.1671 24.4422
2013.1699 27.3640
2013.1726 22.1674
2013.1753 21.7223
2013.1781 24.1388
2013.1808 20.9968
2013.1836 21.7662
2013.1863 24.6269
2013.1890 23.2788
2013.1918 20.3021
2013.1945 20.2165
2013.1973 22.8719
2013.2164 31.2868
2013.2192 26.3292
2013.2219 23.6821
2013.2247 23.8056
2013.2274 30.1795
2013.2301 27.8439
2013.2329 25.6387
2013.2356 28.6637
2013.2384 26.6291
2013.2411 26.9146
2013.2438 31.7502
2013.2466 27.6865
2013.2493 32.8671
2013.2521 33.5022
2013.2548 27.4814
2013.2575 31.0142
2013.2603 34.2604
2013.2630 29.9596
2013.2658 28.0113
2013.2685 27.0151
2013.2712 27.2808
2013.2740 33.5278
2013.2767 30.4359
2013.2795 25.8045
2013.2822 30.1635
2013.2849 31.1622
2013.2877 31.2205
2013.2904 33.0278
2013.2932 33.1538
2013.2959 31.6081
2013.2986 27.5403
2013.3014 26.3901
2013.3041 27.5171
2013.3068 30.5308
2013.3096 30.1509
2013.3123 28.8869
2013.3151 29.1586
2013.3178 27.3955
2013.3205 33.5873
2013.3233 32.5035
2013.3260 30.9037
2013.3288 29.9577
2013.3315 34.1481
2013.3342 30.7180
2013.3370 25.6675
2013.3397 29.4167
2013.3425 27.9056
2013.3452 28.1841
2013.3479 28.7623
2013.3507 32.5903
2013.3534 27.7181
2013.3562 31.6256
2013.3589 29.8530
2013.3616 27.1502
2013.3644 28.8773
2013.3671 28.0643
2013.3699 26.3812
2013.3726 21.6881
2013.3753 23.3649
2013.3781 22.5118
2013.3808 25.9887
2013.3836 25.4357
2013.3863 24.4227
2013.3890 25.1699
2013.3918 23.5872
2013.3945 23.3047
2013.3973 25.6924
2013.4000 26.9203
2013.4027 26.8085
2013.4055 27.8870
2013.4082 27.3357
2013.4110 26.5148
2013.4137 29.8342
2013.4164 28.2838
2013.4192 31.9134
2013.4219 30.7632
2013.4247 28.6530
2013.4274 33.0828
2013.4301 33.0227
2013.4329 37.5027
2013.4356 33.8727
2013.4384 31.6427
2013.4411 28.6928
2013.4438 28.5628
2013.4466 24.0529
2013.4493 25.3329
2013.4521 26.3129
2013.4548 20.5729
2013.4575 19.7928
2013.4603 20.7327
2013.4630 24.6526
2013.4658 23.7923
2013.4685 31.2620
2013.4712 29.3917
2013.4740 32.6212
2013.4767 32.5706
2013.4795 30.4499
2013.4822 29.0890
2013.4849 24.5081
2013.4877 22.6770
2013.4904 19.0657
2013.4932 19.6043
2013.4959 22.9527
2013.4986 20.3708
2013.5014 23.5286
2013.5041 24.1959
2013.5068 21.6929
2013.5096 21.1996
2013.5123 27.1359
2013.5151 30.9920
2013.5178 26.8777
2013.5205 28.6632
2013.5233 27.7784
2013.5260 26.8334
2013.5288 23.1482
2013.5315 23.6628
2013.5342 26.1771
2013.5370 22.6714
2013.5397 24.3754
2013.5425 26.4594
2013.5452 22.9332
2013.5479 24.4869
2013.5507 23.9706
2013.5534 26.6441
2013.5562 29.5977
2013.5589 33.5812
2013.5616 26.3346
2013.5644 26.9581
2013.5671 27.5617
2013.5699 24.5052
2013.5726 22.4388
2013.5753 23.0525
2013.5781 27.1563
2013.5808 26.5502
2013.5836 27.6036
2013.5863 33.3462
2013.5890 34.1680
2013.5918 30.1091
2013.5945 29.9195
2013.5973 26.3993
2013.6000 27.4386
2013.6027 25.7874
2013.6055 28.2758
2013.6082 23.3239
2013.6110 22.5517
2013.6137 20.5193
2013.6164 22.1668
2013.6192 29.7042
2013.6219 24.6517
2013.6247 26.2492
2013.6274 25.0769
2013.6301 24.9647
2013.6329 24.3829
2013.6356 27.0313
2013.6384 22.8202
2013.6411 21.2796
2013.6438 22.5295
2013.6466 26.1700
2013.6493 25.3312
2013.6521 25.0332
2013.6548 23.8860
2013.6575 21.3496
2013.6603 20.2542
2013.6630 19.3298
2013.6658 22.1267
2013.6685 23.4461
2013.6712 23.5081
2013.6740 20.1525
2013.6767 20.5892
2013.6795 21.9778
2013.6822 24.3184
2013.6849 25.1906
2013.6877 18.8544
2013.6904 19.1696
2013.6932 22.5259
2013.6959 23.3732
2013.6986 19.0514
2013.7014 18.8002
2013.7041 24.2395
2013.7068 21.6892
2013.7096 20.2789
2013.7123 19.7987
2013.7151 25.5682
2013.7178 21.7373
2013.7205 25.5259
2013.7233 23.6437
2013.7260 25.2607
2013.7288 20.6265
2013.7315 18.5611
2013.7342 16.0243
2013.7370 17.3759
2013.7397 15.0157
2013.7425 17.1036
2013.7452 22.0393
2013.7479 27.8327
2013.7507 21.9049
2013.7534 24.9270
2013.7562 21.4490
2013.7589 25.2708
2013.7616 24.4026
2013.7644 24.8742
2013.7671 30.0058
2013.7699 30.6773
2013.7726 29.4187
2013.7753 31.2701
2013.7781 29.8514
2013.7808 31.9426
2013.7836 25.8539
2013.7863 28.9351
2013.7890 26.5063
2013.7918 28.3474
2013.7945 26.3486
2013.7973 30.5598
2013.8000 27.1309
2013.8027 25.1821
2013.8055 28.8634
2013.8082 27.9246
2013.8110 33.7559
2013.8137 31.2473
2013.8164 35.1287
2013.8192 31.1302
2013.8219 31.5618
2013.8247 33.1334
2013.8274 33.1952
2013.8301 31.6070
2013.8329 31.1091
2013.8356 29.3518
2013.8384 33.7251
2013.8411 34.0290
2013.8438 32.6334
2013.8466 33.9483
2013.8493 30.1936
2013.8521 34.3491
2013.8548 30.6450
2013.8575 33.5510
2013.8603 31.9472
2013.8630 30.2734
2013.8658 34.4496
2013.8685 29.5357
2013.8712 25.7517
2013.8740 27.9375
2013.8767 27.4530
2013.8795 29.0082
2013.8822 30.3529
2013.8849 26.7972
2013.8877 32.5010
2013.8904 27.3041
2013.8932 26.7166
2013.8959 26.8384
2013.8986 28.2294
2013.9014 30.5495
2013.9041 24.2286
2013.9068 22.7168
2013.9096 26.4139
2013.9123 24.4399
2013.9151 27.3647
2013.9178 23.3875
2013.9205 24.7677
2013.9233 23.1255
2013.9260 25.1210
2013.9288 22.7443
2013.9315 20.9455
2013.9342 25.2848
2013.9370 25.1424
2013.9397 23.0184
2013.9425 25.6128
2013.9452 27.0260
2013.9479 25.5679
2013.9507 23.8687
2013.9534 26.5786
2013.9562 25.1078
2013.9589 24.1062
2013.9616 23.6442
2013.9644 24.0618
2013.9671 26.9492
2013.9699 27.2564
2013.9726 26.1237
2013.9753 25.9013
2013.9781 27.3791
2013.9808 29.8674
2013.9836 26.9862
2013.9863 30.9559
2013.9890 26.9664
2013.9918 29.8279
2013.9945 26.5306
2013.9973 27.7346
2014.0000 30.1100
2014.0027 28.5559
2014.0055 25.6413
2014.0082 27.6863
2014.0110 25.7208
2014.0137 28.3051
2014.0164 25.4492
2014.0192 25.8931
2014.0219 26.2069
2014.0247 25.6207
2014.0274 25.7245
2014.0301 29.2985
2014.0329 35.4326
2014.0356 33.0870
2014.0384 28.5417
2014.0411 29.8669
2014.0438 26.2125
2014.0466 28.1986
2014.0493 29.5954
2014.0521 26.7329
2014.0548 28.3010
2014.0575 23.5301
2014.0603 25.4300
2014.0630 27.9608
2014.0658 31.1828
2014.0685 27.9058
2014.0712 28.1099
2014.0740 26.1754
2014.0767 29.8221
2014.0795 28.6802
2014.0822 27.9897
2014.0849 29.7904
2014.0877 27.1022
2014.0904 27.3650
2014.0932 30.3888
2014.0959 29.6035
2014.0986 27.4391
2014.1014 26.1255
2014.1041 32.0727
2014.1068 29.3707
2014.1096 26.9893
2014.1123 27.3486
2014.1151 27.2385
2014.1178 29.3889
2014.1205 32.7098
2014.1233 30.6312
2014.1260 33.5530
2014.1288 31.3551
2014.1315 32.1475
2014.1342 30.7002
2014.1370 24.6331
2014.1397 27.6362
2014.1425 29.7993
2014.1452 30.1525
2014.1479 31.8558
2014.1507 29.8190
2014.1534 38.6221
2014.1562 32.7051
2014.1589 33.4579
2014.1616 25.6404
2014.1644 31.7729
2014.1671 34.6755
2014.1699 25.9582
2014.1726 35.4810
2014.1753 34.8338
2014.1781 34.1966
2014.1808 30.3696
2014.1836 30.8225
2014.1863 27.5356
2014.1890 32.1786
2014.1918 28.7816
2014.1945 28.5947
2014.1973 27.4577
2014.2000 26.8108
2014.2027 24.7238
2014.2055 23.2868
2014.2082 29.8198
2014.2110 36.1527
2014.2137 30.2056
2014.2164 31.4684
2014.2192 26.3712
2014.2219 31.6538
2014.2247 31.9364
2014.2274 33.6689
2014.2301 30.9513
2014.2329 34.1036
2014.2356 30.6557
2014.2384 32.3177
2014.2411 29.9996
2014.2438 33.2014
2014.2466 35.1630
2014.2493 33.7046
2014.2521 34.5862
2014.2548 30.8778
2014.2575 39.3294
2014.2603 36.7110
2014.2630 39.6425
2014.2658 34.1341
2014.2685 29.5056
2014.2712 37.7071
2014.2740 33.9585
2014.2767 36.5999
2014.2795 40.4712
2014.2822 37.4225
2014.2849 35.2038
2014.2877 33.8749
2014.2904 37.3360
2014.2932 39.4070
2014.2959 36.8579
2014.2986 36.1288
2014.3014 37.0095
2014.3041 31.2302
2014.3068 32.7407
2014.3096 36.1412
2014.3123 29.0515
2014.3151 33.5217
2014.3178 32.9718
2014.3205 26.9718
2014.3233 27.9016
2014.3260 30.0513
2014.3288 25.9908
2014.3315 29.1902
2014.3342 33.2696
2014.3370 36.6689
2014.3397 31.9782
2014.3425 27.8174
2014.3452 25.9766
2014.3479 28.6557
2014.3507 35.3348
2014.3534 27.5539
2014.3562 35.6729
2014.3589 34.4219
2014.3616 33.6708
2014.3644 32.3298
2014.3671 36.1987
2014.3699 36.8376
2014.3726 35.4665
2014.3753 30.1454
2014.3781 36.0143
2014.3808 33.7631
2014.3836 34.2620
2014.3863 32.7409
2014.3890 31.1697
2014.3918 30.9686
2014.3945 32.4675
2014.3973 31.0864
2014.4000 30.6553
2014.4027 29.9143
2014.4055 39.3232
2014.4082 31.2022
2014.4110 30.5513
2014.4137 27.7703
2014.4164 28.1994
2014.4192 30.2686
2014.4219 28.0178
2014.4247 29.3370
2014.4274 26.9562
2014.4301 27.3655
2014.4329 27.9349
2014.4356 25.9642
2014.4384 25.4837
2014.4411 27.0531
2014.4438 31.7026
2014.4466 28.9721
2014.4493 28.6516
2014.4521 28.1711
2014.4548 34.0807
2014.4575 32.8603
2014.4603 31.3200
2014.4630 30.7496
2014.4658 31.9093
2014.4685 28.7090
2014.4712 31.4587
2014.4740 28.1784
2014.4767 31.2682
2014.4795 27.9980
2014.4822 28.5278
2014.4849 31.5076
2014.4877 34.9274
2014.4904 27.6072
2014.4932 30.6171
2014.4959 31.2269
2014.4986 26.7391
2014.5014 28.7759
2014.5041 24.6968
2014.5068 32.0016
2014.5096 29.7000
2014.5123 25.0915
2014.5151 28.0258
2014.5178 32.0526
2014.5205 36.5315
2014.5233 27.4822
2014.5260 32.0744
2014.5288 32.7577
2014.5315 34.4218
2014.5452 26.2515
2014.5479 26.6130
2014.5507 26.6928
2014.5534 27.2006
2014.5562 25.7561
2014.5589 29.7390
2014.5616 32.4188
2014.5644 27.8053
2014.5671 32.3482
2014.5699 32.0269
2014.5726 24.5413
2014.5753 26.3110
2014.5781 28.0856
2014.5808 24.4548
2014.5836 23.8112
2014.5863 27.7574
2014.5890 32.5935
2014.5918 33.6895
2014.5945 33.1254
2014.5973 32.8212
2014.6000 31.1268
2014.6027 36.7324
2014.6055 31.3179
2014.6082 30.6933
2014.6110 29.7687
2014.6137 29.9139
2014.6164 25.7591
2014.6192 29.5742
2014.6219 36.1893
2014.6247 31.7443
2014.6274 29.6893
2014.6301 30.3042
2014.6329 30.0691
2014.6356 27.5339
2014.6384 26.8788
2014.6411 27.8936
2014.6438 30.6183
2014.6685 30.5013
2014.6712 31.3960
2014.6740 32.1606
2014.6767 32.8651
2014.6795 34.6895
2014.6822 33.4739
2014.6849 33.1682
2014.6877 33.5325
2014.6904 33.4367
2014.6932 35.7909
2014.6959 31.2751
2014.6986 33.1193
2014.7014 35.4135
2014.7041 35.8076
2014.7068 34.6118
2014.7096 32.5760
2014.7123 36.5803
2014.7151 36.5945
2014.7178 32.1789
2014.7205 34.2332
2014.7233 38.3776
2014.7260 31.8521
2014.7288 28.8266
2014.7315 32.4313
2014.7342 32.7360
2014.7370 31.3908
2014.7397 34.4457
2014.7425 32.9007
2014.7452 30.5458
2014.7479 32.2511
2014.7507 28.9190
2014.7534 32.5119
2014.7562 33.0794
2014.7589 25.6112
2014.7616 25.3569
2014.7644 28.5363
2014.7671 28.9090
2014.7699 29.3047
2014.7726 32.2231
2014.7753 27.4539
2014.7781 28.4966
2014.7808 28.9411
2014.7836 31.0270
2014.7863 29.4440
2014.7890 27.7517
2014.7918 31.5499
2014.7945 27.9782
2014.7973 29.3262
2014.8000 30.7338
2014.8027 38.1505
2014.8055 33.5460
2014.8082 33.8800
2014.8110 31.6722
2014.8137 33.8223
2014.8164 33.2199
2014.8192 30.3248
2014.8219 32.3265
2014.8247 35.3449
2014.8274 30.3195
2014.8301 32.0200
2014.8329 34.7667
2014.8356 32.4424
2014.8384 31.4276
2014.8411 29.4923
2014.8438 24.8665
2014.8466 26.7202
2014.8493 25.7934
2014.8521 29.3061
2014.8548 28.3382
2014.8575 28.0499
2014.8603 35.0111
2014.8630 30.5017
2014.8658 30.2219
2014.8685 28.4316
2014.8712 24.7707
2014.8740 28.5594
2014.8767 30.8575
2014.8795 27.2651
2014.8822 24.0822
2014.8849 25.3888
2014.8877 25.1250
2014.8904 28.3505
2014.8932 22.3756
2014.8959 26.6002
2014.8986 25.7443
2014.9014 22.4978
2014.9041 30.2009
2014.9068 28.7434
2014.9096 28.7054
2014.9123 27.0869
2014.9151 29.3379
2014.9178 28.2480
2014.9205 25.9366
2014.9233 24.8341
2014.9260 27.7004
2014.9288 28.9657
2014.9315 31.4602
2014.9342 32.0538
2014.9370 31.7368
2014.9397 34.3492
2014.9425 30.1311
2014.9452 29.9827
2014.9479 28.4641
2014.9507 30.9854
2014.9534 29.8067
2014.9562 33.8281
2014.9589 28.7298
2014.9616 32.3318
2014.9644 31.7542
2014.9671 33.7572
2014.9699 29.5409
2014.9726 32.4854
2014.9753 31.5308
2014.9781 32.0872
2014.9808 30.6548
2014.9836 27.3636
2014.9863 31.3538
2014.9890 27.3254
2014.9918 24.5186
2014.9945 27.7635
2014.9973 27.4703
2015.0000 26.6889
2015.0027 30.3787
2015.0055 27.8587
2015.0082 32.2290
2015.0110 27.2895
2015.0137 26.6303
2015.0164 29.8012
2015.0192 28.7724
2015.0219 31.1938
2015.0247 29.9953
2015.0274 29.3970
2015.0301 32.7089
2015.0329 28.5410
2015.0356 26.0832
2015.0384 29.7455
2015.0411 30.4180
2015.0438 31.5806
2015.0466 33.7833
2015.0493 34.1361
2015.0521 40.2890
2015.0548 37.1520
2015.0575 31.3050
2015.0603 33.1481
2015.0630 33.7012
2015.0658 34.2044
2015.0685 39.2476
2015.0712 35.4709
2015.0740 30.3141
2015.0767 36.6374
2015.0795 34.9706
2015.0822 35.4738
2015.0849 34.0567
2015.0877 33.2294
2015.0904 36.8218
2015.0932 34.2141
2015.0959 38.6962
2015.0986 30.7882
2015.1014 34.3701
2015.1041 35.3521
2015.1068 36.9041
2015.1096 36.4661
2015.1123 34.5882
2015.1151 31.6505
2015.1178 32.3130
2015.1205 33.7558
2015.1233 33.8888
2015.1260 33.7921
2015.1288 34.2858
2015.1315 35.4098
2015.1342 32.5044
2015.1370 31.4494
2015.1397 32.4549
2015.1425 37.4010
2015.1452 34.6077
2015.1479 27.2751
2015.1507 27.7431
2015.1534 33.7619
2015.1562 30.3315
2015.1589 29.0819
2015.1616 32.2331
2015.1644 32.7756
2015.1671 31.4094
2015.1699 33.4245
2015.1726 33.7310
2015.1753 31.9986
2015.1781 30.9472
2015.1808 36.0870
2015.1836 30.4576
2015.1863 31.9091
2015.1890 33.2715
2015.1918 35.1945
2015.1945 36.7482
2015.1973 32.6824
2015.2000 33.9571
2015.2027 38.4222
2015.2055 32.8376
2015.2082 36.5433
2015.2110 36.6892
2015.2137 37.4051
2015.2164 33.3811
2015.2192 35.1670
2015.2219 33.6627
2015.2247 36.1583
2015.2274 38.0536
2015.2301 27.4685
2015.2329 29.5729
2015.2356 31.0468
2015.2384 32.7001
2015.2411 31.0328
2015.2438 35.0647
2015.2466 35.8359
2015.2493 32.8474
2015.2521 34.5392
2015.2548 33.5313
2015.2575 29.3337
2015.2603 33.7962
2015.2630 33.6289
2015.2658 26.8516
2015.2685 33.2244
2015.2712 31.4571
2015.2740 29.0497
2015.2767 28.3621
2015.2795 31.2544
2015.2822 29.6564
2015.2849 35.1280
2015.2877 31.5093
2015.2904 30.8101
2015.2932 32.6205
2015.2959 39.1902
2015.2986 33.7894
2015.3014 33.3680
2015.3041 33.3558
2015.3068 34.2828
2015.3096 33.3490
2015.3123 33.5844
2015.3151 33.7887
2015.3178 32.0821
2015.3205 40.9544
2015.3233 31.7057
2015.3260 32.3257
2015.3288 36.6045
2015.3315 31.9014
2015.3342 28.9858
2015.3370 33.3178
2015.3397 39.2876
2015.3425 34.4554
2015.3452 29.4612
2015.3479 29.1052
2015.3507 26.3576
2015.3534 26.6584
2015.3562 30.9780
2015.3589 32.5163
2015.3616 22.8336
2015.3644 18.7700
2015.3671 19.9357
2015.3699 20.0007
2015.3726 22.4452
2015.3753 17.5995
2015.3781 22.6335
2015.3808 25.2176
2015.3836 41.9017
2015.3863 43.3962
2015.3890 42.0510
2015.3918 35.4164
2015.3945 31.9425
2015.3973 32.9594
2015.4000 32.6474
2015.4027 39.7064
2015.4055 35.9168
2015.4082 36.4086
2015.4110 34.3820
2015.4137 33.2269
2015.4164 33.3620
2015.4192 33.9972
2015.4219 31.3124
2015.4247 30.8776
2015.4274 34.3729
2015.4301 31.5782
2015.4329 31.0636
2015.4356 30.5790
2015.4384 29.7145
2015.4411 32.0900
2015.4438 29.4656
2015.4466 28.3512
2015.4493 26.1469
2015.4521 27.2626
2015.4548 26.9984
2015.4575 32.1043
2015.4603 33.5202
2015.4630 34.8562
2015.4658 31.1723
2015.4685 30.6084
2015.4712 31.1146
2015.4740 35.2509
2015.4767 29.3873
2015.4795 31.2437
2015.4822 33.2102
2015.4849 33.6268
2015.4877 30.5235
2015.4904 32.9003
2015.4932 29.0771
2015.4959 29.0140
2015.4986 27.9712
2015.5014 26.8185
2015.5041 24.0561
2015.5068 25.0440
2015.5096 24.9821
2015.5123 28.7204
2015.5151 25.6990
2015.5178 34.2478
2015.5205 33.9169
2015.5233 34.0562
2015.5260 36.1057
2015.5288 33.4755
2015.5315 34.7756
2015.5342 36.2358
2015.5370 34.9263
2015.5397 33.8470
2015.5425 32.8380
2015.5452 32.1792
2015.5479 32.0506
2015.5507 30.4022
2015.5534 33.6741
2015.5562 31.8862
2015.5589 30.4585
2015.5616 33.2311
2015.5644 32.2238
2015.5671 33.9068
2015.5699 31.8000
2015.5726 27.2035
2015.5753 33.6071
2015.5781 34.9610
2015.5808 31.6551
2015.5836 35.0006
2015.5863 33.7987
2015.5890 30.9593
2015.5918 33.2920
2015.5945 31.9569
2015.5973 28.1336
2015.6000 31.6020
2015.6027 34.9720
2015.6055 36.1234
2015.6082 36.0759
2015.6110 33.9795
2015.6137 36.8440
2015.6164 35.7292
2015.6192 35.5048
2015.6219 34.8409
2015.6247 35.6971
2015.6274 36.1533
2015.6301 35.0293
2015.6329 34.9551
2015.6356 30.5503
2015.6384 30.7048
2015.6411 29.6285
2015.6438 31.4111
2015.6466 32.6926
2015.6493 35.7127
2015.6521 36.1612
2015.6548 34.1881
2015.6575 34.0531
2015.6603 36.2660
2015.6630 32.6067
2015.6658 35.7951
2015.6685 35.5815
2015.6712 32.1961
2015.6740 34.8289
2015.6767 34.8103
2015.6795 31.0302
2015.6822 34.7688
2015.6849 38.2664
2015.6877 36.7829
2015.6904 34.8885
2015.6932 34.9834
2015.6959 34.3878
2015.6986 35.7416
2015.7014 37.0352
2015.7041 36.9986
2015.7068 36.0719
2015.7096 37.1953
2015.7123 35.5489
2015.7151 36.6529
2015.7178 36.7174
2015.7205 42.8226
2015.7233 36.2484
2015.7260 38.2053
2015.7288 34.4931
2015.7315 40.5421
2015.7342 37.9025
2015.7370 35.5943
2015.7397 34.5677
2015.7425 37.0128
2015.7452 33.1797
2015.7479 35.4987
2015.7507 27.4292
2015.7534 32.8307
2015.7562 33.9132
2015.7589 33.8865
2015.7616 36.6306
2015.7644 35.0954
2015.7671 28.3508
2015.7699 32.0368
2015.7726 35.5033
2015.7753 41.8602
2015.7781 32.4274
2015.7808 34.5249
2015.7836 33.3726
2015.7863 38.3204
2015.7890 35.5582
2015.7918 38.6660
2015.7945 32.8437
2015.7973 40.3712
2015.8000 38.2885
2015.8027 36.6954
2015.8055 35.2519
2015.8082 33.2679
2015.8110 37.6234
2015.8137 36.1382
2015.8164 35.4223
2015.8192 33.6957
2015.8219 38.1082
2015.8247 36.6697
2015.8274 36.4503
2015.8301 38.2598
2015.8329 37.6082
2015.8356 40.1259
2015.8384 41.3832
2015.8411 36.8899
2015.8438 37.3561
2015.8466 39.1820
2015.8493 36.7274
2015.8521 36.5626
2015.8548 36.5574
2015.8575 31.8321
2015.8603 44.3465
2015.8630 39.1908
2015.8658 38.5349
2015.8685 37.0990
2015.8712 37.7031
2015.8740 33.2772
2015.8767 33.5714
2015.8795 36.5857
2015.8822 38.9801
2015.8849 40.4447
2015.8877 38.7096
2015.8904 37.8448
2015.8932 41.3502
2015.8959 38.1061
2015.8986 37.5624
2015.9014 37.3191
2015.9041 36.1163
2015.9068 34.7541
2015.9096 33.6724
2015.9123 40.0114
2015.9151 41.9411
2015.9178 42.7413
2015.9205 39.0619
2015.9233 35.5528
2015.9260 35.7941
2015.9288 34.4056
2015.9315 37.6974
2015.9342 34.3395
2015.9370 33.6817
2015.9397 36.6242
2015.9425 41.4268
2015.9452 39.8996
2015.9479 38.8525
2015.9507 33.5954
2015.9534 33.3585
2015.9562 29.3716
2015.9589 29.6147
2015.9616 32.1777
2015.9644 34.7108
2015.9671 29.8938
2015.9699 25.7667
2015.9726 29.5995
2015.9753 31.8922
2015.9781 28.3847
2015.9808 28.9170
2015.9836 31.9792
2015.9863 31.7211
2015.9890 32.4427
2015.9918 32.3240
2015.9945 31.8551
2015.9973 29.0658
2016.0000 27.7661
2016.0027 30.9261
2016.0055 32.0159
2016.0082 31.1954
2016.0109 30.2446
2016.0137 31.6936
2016.0164 26.7524
2016.0191 30.8810
2016.0219 31.5094
2016.0246 31.6476
2016.0273 31.3057
2016.0301 29.9035
2016.0328 26.5112
2016.0355 32.8787
2016.0383 33.6462
2016.0410 31.7034
2016.0437 31.9206
2016.0464 31.9777
2016.0492 31.5346
2016.0519 30.7515
2016.0546 31.2683
2016.0574 28.3550
2016.0601 29.7217
2016.0628 30.4684
2016.0656 30.3950
2016.0683 28.9616
2016.0710 32.3982
2016.0738 32.6747
2016.0765 31.5913
2016.0792 30.1079
2016.0820 29.5144
2016.0847 31.9996
2016.0874 34.8934
2016.0902 34.2159
2016.0929 32.0871
2016.0956 28.0873
2016.0984 32.4965
2016.1011 31.7448
2016.1038 32.9223
2016.1066 36.8992
2016.1093 33.7956
2016.1120 36.1716
2016.1148 37.6072
2016.1175 35.8327
2016.1202 34.8080
2016.1230 35.3434
2016.1257 39.5390
2016.1284 37.4948
2016.1311 34.4609
2016.1339 39.4375
2016.1366 42.7248
2016.1393 39.7727
2016.1421 39.2215
2016.1448 37.5512
2016.1475 39.6219
2016.1503 37.3738
2016.1530 37.6469
2016.1557 43.7515
2016.1585 35.6375
2016.1612 33.9351
2016.1639 44.1152
2016.1667 40.9292
2016.1694 40.6867
2016.1721 37.5475
2016.1749 43.0314
2016.1776 40.5981
2016.1803 43.8474
2016.1831 36.3591
2016.1858 41.0128
2016.1885 40.7084
2016.1913 44.4555
2016.1940 44.1540
2016.1967 43.9036
2016.1995 44.6041
2016.2022 41.0551
2016.2049 42.0166
2016.2077 40.3381
2016.2104 33.8295
2016.2131 39.0805
2016.2158 38.5308
2016.2186 35.4503
2016.2213 41.0487
2016.2240 40.9457
2016.2268 39.9511
2016.2295 39.8846
2016.2322 41.6360
2016.2350 41.0851
2016.2377 38.0615
2016.2404 33.8151
2016.2432 37.2656
2016.2459 35.8128
2016.2486 31.2088
2016.2514 31.8645
2016.2541 32.5499
2016.2568 32.1149
2016.2596 43.0696
2016.2623 35.6940
2016.2650 38.7680
2016.2678 40.9517
2016.2705 40.1551
2016.2732 38.4482
2016.2760 38.8609
2016.2787 38.3133
2016.2814 38.4655
2016.2842 36.4773
2016.2869 35.2388
2016.2896 38.2000
2016.2923 38.8409
2016.2951 38.5215
2016.2978 41.3318
2016.3005 36.7918
2016.3033 37.0915
2016.3060 36.3409
2016.3087 35.0201
2016.3115 36.1489
2016.3142 38.4275
2016.3169 43.7058
2016.3197 40.5038
2016.3224 41.0715
2016.3251 37.5990
2016.3279 41.5562
2016.3306 41.5829
2016.3333 43.6385
2016.3361 42.9228
2016.3388 42.2362
2016.3415 39.6885
2016.3443 41.8400
2016.3470 41.2207
2016.3497 41.8107
2016.3525 34.0502
2016.3552 43.2591
2016.3579 36.9075
2016.3607 38.2857
2016.3634 43.0436
2016.3661 40.8514
2016.3689 43.1391
2016.3716 46.2768
2016.3743 40.8447
2016.3770 35.2028
2016.3798 34.8912
2016.3825 36.6700
2016.3852 39.0693
2016.3880 40.8492
2016.3907 38.1998
2016.3934 32.5011
2016.3962 30.9533
2016.3989 31.0864
2016.4098 33.7703
2016.4126 28.0995
2016.4153 31.6414
2016.4180 35.1164
2016.4208 35.1145
2016.4235 37.8654
2016.4262 34.2887
2016.4290 30.5144
2016.4317 30.8222
2016.4344 35.7218
2016.4372 37.5830
2016.4399 38.0756
2016.4426 42.4294
2016.4454 39.7641
2016.4481 45.0595
2016.4508 38.4353
2016.4536 40.8014
2016.4563 37.7075
2016.4590 40.0633
2016.4617 38.8787
2016.4645 41.3235
2016.4672 38.5573
2016.4699 41.1799
2016.4727 35.5212
2016.4754 35.2009
2016.4781 37.3187
2016.4809 35.7445
2016.4836 29.9780
2016.4863 31.1789
2016.4891 32.5271
2016.4918 33.8023
2016.4945 38.2143
2016.4973 37.3932
2016.5000 37.2015
2016.5027 33.6595
2016.5055 36.8672
2016.5082 35.2847
2016.5109 33.3820
2016.5137 35.6291
2016.5164 35.2959
2016.5191 29.6726
2016.5219 29.2792
2016.5246 33.6456
2016.5273 35.9619
2016.5301 35.1680
2016.5328 33.6041
2016.5355 29.2901
2016.5383 32.4460
2016.5410 31.9619
2016.5437 41.6377
2016.5464 35.6736
2016.5492 38.9494
2016.5519 35.0953
2016.5546 33.1811
2016.5574 33.8871
2016.5601 30.7531
2016.5628 31.3491
2016.5656 31.2853
2016.5683 35.2316
2016.5710 36.7380
2016.5738 35.0746
2016.5765 34.4413
2016.5792 40.8582
2016.5820 38.4453
2016.5847 35.0725
2016.5874 36.8398
2016.5902 39.5972
2016.5929 37.9948
2016.5956 42.6624
2016.5984 37.3102
2016.6011 37.9081
2016.6038 41.5662
2016.6066 40.6444
2016.6093 36.4227
2016.6120 34.1212
2016.6148 35.8598
2016.6175 32.4386
2016.6202 33.3876
2016.6230 37.4967
2016.6257 39.9960
2016.6284 39.6854
2016.6311 39.4650
2016.6339 35.9648
2016.6366 38.3648
2016.6393 37.4850
2016.6421 38.8154
2016.6448 38.5659
2016.6475 40.6967
2016.6503 41.6376
2016.6530 42.8388
2016.6557 44.7002
2016.6585 41.7018
2016.6612 45.2636
2016.6639 39.9956
2016.6667 36.5028
2016.6694 41.1436
2016.6721 50.4673
2016.6749 49.6130
2016.6776 43.3098
2016.6803 40.2667
2016.6831 37.3029
2016.6858 43.9273
2016.6885 41.2990
2016.6913 44.0872
2016.6940 37.9808
2016.6967 41.3290
2016.6995 42.3409
2016.7022 40.9054
2016.7049 41.1216
2016.7077 39.4287
2016.7104 39.0056
2016.7131 39.2416
2016.7158 32.8055
2016.7186 34.4265
2016.7213 39.0837
2016.7240 32.7762
2016.7268 34.5629
2016.7295 35.9530
2016.7322 36.0755
2016.7350 32.4196
2016.7377 33.0942
2016.7404 33.6485
2016.7459 42.5122
2016.7568 41.8701
2016.7596 33.6621
2016.7623 42.8734
2016.7650 45.3141
2016.8306 33.4260
2016.8333 38.6497
2016.8361 36.8236
2016.8388 46.8676
2016.8415 38.0318
2016.8443 40.0661
2016.8470 39.3104
2016.8497 38.7247
2016.8525 36.8491
2016.8552 33.3534
2016.8579 35.6976
2016.8607 39.7017
2016.8634 38.7356
2016.8661 38.6294
2016.8689 34.9529
2016.8716 37.4561
2016.8743 37.0291
2016.8770 35.3217
2016.8798 37.0940
2016.8825 38.7658
2016.8852 35.1172
2016.8880 39.7382
2016.8907 37.6186
2016.8934 35.7985
2016.8962 29.0777
2016.8989 30.8864
2016.9016 30.2644
2016.9044 32.3918
2016.9071 29.0184
2016.9098 27.0042
2016.9126 30.2693
2016.9153 27.3735
2016.9180 25.2365
2016.9208 24.8780
2016.9235 24.9783
2016.9262 29.1972
2016.9290 28.5751
2016.9317 28.4819
2016.9344 25.6977
2016.9372 26.4728
2016.9399 26.0971
2016.9426 27.7707
2016.9454 27.9939
2016.9481 29.0166
2016.9508 27.3690
2016.9536 27.1312
2016.9563 30.9832
2016.9590 34.1352
2016.9617 31.7273
2016.9645 26.5696
2016.9672 30.9422
2016.9699 31.9452
2016.9727 33.4786
2016.9754 31.9826
2016.9781 30.1074
2016.9809 30.6929
2016.9836 35.8593
2016.9863 33.1767
2016.9891 30.2852
2016.9918 31.3249
2016.9945 32.2159
2016.9973 33.0683
2017.0000 33.1722
2017.0027 30.2772
2017.0055 31.2029
2017.0082 31.8992
2017.0110 31.9360
2017.0137 34.0935
2017.0164 32.4814
2017.0192 32.4298
2017.0219 35.2286
2017.0247 37.8377
2017.0274 31.1572
2017.0301 33.7570
2017.0329 30.4769
2017.0356 33.9171
2017.0384 28.8375
2017.0411 27.8179
2017.0438 27.6884
2017.0466 26.2188
2017.0493 27.4693
2017.0521 31.8697
2017.0548 29.9500
2017.0575 28.6901
2017.0603 29.0800
2017.0630 29.1296
2017.0658 32.1190
2017.0685 32.7480
2017.0712 34.8866
2017.0740 35.8048
2017.0767 36.2925
2017.0795 37.1797
2017.0822 38.8163
2017.0849 35.8117
2017.0877 35.4561
2017.0904 35.8895
2017.0932 32.1120
2017.0959 36.0836
2017.0986 36.6245
2017.1014 33.0648
2017.1041 34.9545
2017.1068 40.5937
2017.1096 40.6625
2017.1123 38.8110
2017.1151 43.3393
2017.1178 38.6275
2017.1205 39.9956
2017.1233 37.2638
2017.1260 36.3821
2017.1288 35.8106
2017.1315 36.2894
