2008.0287 0.2126
2008.0314 -4.0784
2008.0342 -4.7401
2008.0369 -1.8522
2008.0396 -0.8947
2008.0423 -0.4371
2008.0451 -4.1995
2008.0478 -3.9714
2008.0505 -2.6129
2008.0533 -1.9835
2008.0560 -3.8332
2008.0587 -6.9317
2008.0615 -6.1189
2008.0642 -6.9744
2008.0669 -5.9282
2008.0697 -7.0900
2008.0724 -4.9196
2008.0751 -2.2568
2008.0779 0.4286
2008.0806 -1.4732
2008.0833 -5.3024
2008.0861 -7.0895
2008.0888 -3.8447
2008.0915 -2.4382
2008.0943 -3.0001
2008.0970 -3.3007
2008.0997 -1.6800
2008.1025 0.2518
2008.1052 2.5644
2008.1079 0.7979
2008.1107 -1.0782
2008.1134 2.5962
2008.1161 1.7009
2008.1189 0.4656
2008.1216 -5.0298
2008.1243 -1.5454
2008.1270 -2.7115
2008.1298 -4.3881
2008.1325 -1.0554
2008.1352 -1.8337
2008.1380 -3.4130
2008.1407 -4.5736
2008.1434 -3.3456
2008.1462 -3.1891
2008.1489 -3.2144
2008.1516 -1.5716
2008.1544 -3.8208
2008.1571 -7.0323
2008.1598 -5.1262
2008.1626 -6.9525
2008.1653 -8.7303
2008.1680 -3.5594
2008.1708 0.7805
2008.1735 -5.4507
2008.1762 -4.7227
2008.1790 -9.5457
2008.1817 -8.1294
2008.1844 -5.4037
2008.1872 -5.4187
2008.1899 -7.2642
2008.1926 -8.3902
2008.1954 -4.6765
2008.1981 -7.5831
2008.2008 -10.9399
2008.2035 -11.3868
2008.2063 -8.3437
2008.2090 -7.9906
2008.2117 -9.1273
2008.2145 -16.6939
2008.2172 -12.8201
2008.2199 -13.3560
2008.2227 -9.6414
2008.2254 -19.7763
2008.2281 -15.7606
2008.2309 -9.7141
2008.2336 -13.6969
2008.2363 -10.0888
2008.2391 -12.2598
2008.2418 -11.1797
2008.2445 -8.9085
2008.2473 -7.1464
2008.2500 -6.2341
2008.2527 -5.5815
2008.2555 -7.5487
2008.2582 -5.4557
2008.2609 -3.8623
2008.2637 -7.6987
2008.2664 -9.1048
2008.2691 -6.4906
2008.2719 -8.5161
2008.2746 -9.6813
2008.2773 -7.6762
2008.2801 -9.0407
2008.2828 -9.2749
2008.2855 -5.7187
2008.2882 -8.0122
2008.2910 -3.9853
2008.2937 -2.4280
2008.2964 -7.1303
2008.2992 -6.1422
2008.3019 -6.7037
2008.3046 -5.0748
2008.3074 -7.1655
2008.3101 -5.4157
2008.3128 -7.2054
2008.3156 -7.2847
2008.3183 -9.3535
2008.3210 -8.2718
2008.3238 -7.0896
2008.3265 -5.5869
2008.3292 -4.9337
2008.3320 -9.4588
2008.3347 -3.2317
2008.3374 -5.2225
2008.3402 -4.3714
2008.3429 -4.1385
2008.3456 -7.5741
2008.3484 -8.6882
2008.3511 -10.1010
2008.3538 -7.4427
2008.3566 -6.7635
2008.3593 -8.8234
2008.3620 -2.5526
2008.3648 -11.5514
2008.3675 -9.8498
2008.3702 -6.3981
2008.3729 -11.8663
2008.3757 -12.2646
2008.3784 -7.2932
2008.3811 -4.1022
2008.3839 -8.3019
2008.3866 -7.6423
2008.3893 -6.4236
2008.3921 0.2740
2008.3948 -1.6295
2008.3975 -1.2645
2008.4003 -1.0710
2008.4030 0.8808
2008.4057 0.1308
2008.4085 -0.5513
2008.4112 -7.9455
2008.4139 -11.7719
2008.4167 -10.2301
2008.4194 -4.4400
2008.4221 -5.7114
2008.4249 -0.3942
2008.4276 -1.5883
2008.4303 -1.2635
2008.4331 -11.0597
2008.4358 -5.3069
2008.4385 -6.1447
2008.4413 -5.5932
2008.4440 -5.8322
2008.4467 -6.4116
2008.4495 -4.7913
2008.4522 -7.5210
2008.4549 -11.1408
2008.4576 -9.5104
2008.4604 -7.1998
2008.4631 -6.9088
2008.4658 -8.2072
2008.4686 -6.6651
2008.4713 -9.2321
2008.4740 -5.6583
2008.4768 -6.4935
2008.4795 -6.5075
2008.4822 -4.5402
2008.4850 1.7585
2008.4877 -10.7613
2008.4904 -10.1394
2008.4932 -11.0758
2008.4959 -12.4802
2008.4986 -12.7935
2008.5014 -12.9064
2008.5041 -7.8990
2008.5068 -8.9014
2008.5096 -13.7835
2008.5123 -13.2453
2008.5150 -11.5969
2008.5178 -10.2484
2008.5205 -10.0796
2008.5232 -10.7407
2008.5260 -7.0717
2008.5287 -11.4525
2008.5314 -11.5833
2008.5342 -11.7140
2008.5369 -9.8446
2008.5396 -8.4952
2008.5423 -7.3358
2008.5451 -5.2965
2008.5478 -6.6471
2008.5505 -9.1878
2008.5533 -9.7286
2008.5560 -5.6196
2008.5587 -6.3106
2008.5615 -4.9817
2008.5642 -4.4531
2008.5669 -1.0546
2008.5697 -2.0463
2008.5724 -4.7283
2008.5751 -5.1105
2008.5779 -3.2529
2008.5806 -5.9657
2008.5833 -7.1288
2008.5861 -9.6923
2008.5888 -10.5761
2008.5915 -5.7803
2008.5943 -8.3548
2008.5970 -6.3495
2008.5997 -4.0244
2008.6025 -7.6796
2008.6052 -4.1750
2008.6079 -11.3405
2008.6107 -6.0362
2008.6134 -5.5920
2008.6161 -0.4979
2008.6189 -2.4039
2008.6216 -3.9899
2008.6243 -6.2659
2008.6270 -7.7719
2008.6298 -7.7379
2008.6325 -5.9638
2008.6352 -4.7396
2008.6380 -8.6253
2008.6407 -3.9208
2008.6434 -5.1762
2008.6462 -4.6214
2008.6489 -9.7364
2008.6516 -4.1012
2008.6544 -0.9557
2008.6571 -5.2899
2008.6598 -1.3437
2008.6626 2.6227
2008.6653 3.0298
2008.6680 6.4496
2008.6708 9.2029
2008.6735 8.1292
2008.6762 0.9483
2008.6790 7.0201
2008.6817 1.1641
2008.6844 0.8603
2008.6872 3.8882
2008.6899 -1.0822
2008.6926 0.8286
2008.6954 -6.0795
2008.6981 -4.8167
2008.7008 -4.0335
2008.7035 -3.1499
2008.7063 -0.5163
2008.7090 0.8171
2008.7117 -5.4800
2008.7145 1.9022
2008.7172 1.5035
2008.7199 0.0434
2008.7227 3.2320
2008.7254 3.0187
2008.7281 -2.7165
2010.0315 7.1035
2010.0342 7.9178
2010.0370 7.0421
2010.0397 7.2363
2010.0425 9.7004
2010.0452 7.4146
2010.0479 9.7687
2010.0507 8.1729
2010.0534 8.4472
2010.0562 8.9315
2010.0589 9.5358
2010.0616 5.9603
2010.0644 3.5549
2010.0671 5.5797
2010.0699 3.1346
2010.0726 6.7597
2010.0753 3.8550
2010.0781 5.7005
2010.0808 5.2663
2010.0836 6.2324
2010.0863 3.3991
2010.0890 6.6762
2010.0918 5.5138
2010.0945 3.5619
2010.0973 1.8404
2010.1000 2.1093
2010.1027 1.1987
2010.1055 -0.0716
2010.1082 3.7386
2010.1110 2.9891
2010.1137 3.2800
2010.1164 4.9813
2010.1192 5.6429
2010.1219 -4.7552
2010.1247 1.0670
2010.1274 2.5396
2010.1301 3.6524
2010.1329 -1.3245
2010.1356 3.1888
2010.1384 2.1325
2010.1411 1.2463
2010.1438 1.3303
2010.1466 3.9746
2010.1493 5.4091
2010.1521 5.3537
2010.1548 5.1185
2010.1575 1.3834
2010.1603 0.9685
2010.1630 3.6939
2010.1658 3.0902
2010.1685 4.6274
2010.1712 7.2656
2010.1740 7.1746
2010.1767 3.7344
2010.1795 5.3150
2010.1822 5.6662
2010.1849 9.0580
2010.1877 7.2503
2010.1904 6.6731
2010.1931 3.4462
2010.1959 3.5397
2010.1986 3.3735
2010.2014 8.3875
2010.2041 5.5816
2010.2068 2.3257
2010.2096 -2.0901
2010.2123 3.1340
2010.2151 0.3080
2010.2178 5.2018
2010.2205 3.1653
2010.2233 5.2586
2010.2260 3.7714
2010.2288 2.3338
2010.2315 3.5256
2010.2342 3.8369
2010.2370 3.3875
2010.2397 2.2175
2010.2425 4.9866
2010.2452 1.4149
2010.2479 3.6518
2010.2507 3.3768
2010.2534 0.3701
2010.2562 9.0219
2010.2589 4.9722
2010.2616 6.0813
2010.2644 0.5992
2010.2671 2.3962
2010.2699 1.9324
2010.2726 5.2279
2010.2753 5.8628
2010.2781 3.6474
2010.2808 3.1417
2010.2836 5.1860
2010.2863 1.6803
2010.2890 4.7148
2010.2918 6.1396
2010.2945 1.2749
2010.2973 0.2209
2010.3000 1.3177
2010.3027 2.8455
2010.3055 6.7443
2010.3082 3.1043
2010.3110 4.1657
2010.3137 -1.1613
2010.3164 8.8033
2010.3192 9.6798
2010.3219 3.2282
2010.3247 3.1187
2010.3274 1.4415
2010.3301 4.9465
2010.3329 -2.3578
2010.3356 2.7683
2010.3384 -0.6451
2010.3411 1.2520
2010.3438 1.6694
2010.3466 -2.1427
2010.3493 0.6056
2010.3521 -2.0857
2010.3548 3.2634
2010.3575 -0.4472
2010.3603 -1.9973
2010.3630 -4.7771
2010.3658 -3.1966
2010.3685 5.0743
2010.3712 5.2455
2010.3740 2.8771
2010.3767 1.8089
2010.3794 3.4711
2010.3822 1.1436
2010.3849 2.5563
2010.3877 2.3294
2010.3904 -0.3273
2010.3931 1.2562
2010.3959 0.4400
2010.3986 0.2341
2010.4014 3.8084
2010.4041 6.2129
2010.4068 -2.3124
2010.4096 -2.2575
2010.4123 0.2876
2010.4151 2.1629
2010.4178 -0.9219
2010.4205 3.9333
2010.4233 2.6586
2010.4260 0.7239
2010.4288 -2.0409
2010.4315 -0.1656
2010.4342 -0.8803
2010.4370 -3.3350
2010.4397 -4.9897
2010.4425 -2.1944
2010.4452 -4.3790
2010.4479 -1.3237
2010.4507 13.2116
2010.4534 16.4469
2010.4562 17.0922
2010.4589 18.3276
2010.4616 20.3029
2010.4644 19.6782
2010.4671 17.8935
2010.4699 16.0188
2010.4726 18.5141
2010.4753 15.5194
2010.4781 16.2447
2010.4808 18.0799
2010.4836 22.8052
2010.4863 20.6205
2010.4890 20.6957
2010.4918 20.9009
2010.4945 18.5161
2010.4973 18.2413
2010.5000 22.1866
2010.5027 21.2920
2010.5055 19.9475
2010.5082 22.5330
2010.5110 20.2886
2010.5137 16.1842
2010.5164 16.8598
2010.5192 20.4655
2010.5219 17.7511
2010.5247 21.0768
2010.5274 22.1724
2010.5301 21.0180
2010.5329 23.8536
2010.5356 23.8291
2010.5384 21.8845
2010.5411 16.7599
2010.5438 19.5252
2010.5466 19.3004
2010.5493 23.3454
2010.5521 22.7604
2010.5548 22.8152
2010.5575 21.3398
2010.5603 21.0043
2010.5630 22.6886
2010.5658 25.0228
2010.5685 24.0967
2010.5712 19.4305
2010.5740 20.0840
2010.5767 20.2873
2010.5794 24.1304
2010.5822 24.0730
2010.5849 22.6043
2010.5877 19.3341
2010.5904 19.9726
2010.5931 24.3598
2010.5959 24.3558
2010.5986 20.4407
2010.6014 19.5046
2010.6041 20.7376
2010.6068 22.8396
2010.6096 21.4809
2010.6123 22.8815
2010.6151 23.3515
2010.6178 22.4409
2010.6205 22.4899
2010.6233 20.8385
2010.6260 19.6868
2010.6288 24.7249
2010.6315 18.2229
2010.6342 18.4108
2010.6370 17.8088
2010.6397 19.0169
2010.6425 19.4852
2010.6452 21.0337
2010.6479 17.4727
2010.6507 20.6620
2010.6534 18.0119
2010.6562 18.7125
2010.6589 19.6837
2010.6616 17.1156
2010.6644 22.1685
2010.6671 20.6818
2010.6699 22.1351
2010.6726 20.7084
2010.6753 20.8518
2010.6781 15.7052
2010.6808 16.7886
2010.6836 21.3820
2010.6863 22.4254
2010.6890 23.9589
2010.6918 23.6323
2010.6945 17.8158
2010.6973 22.0893
2010.7000 18.1527
2010.7027 19.4062
2010.7055 22.6198
2010.7082 20.4733
2010.7110 23.4468
2010.7137 22.7103
2010.7164 23.6439
2010.7192 23.6074
2010.7219 20.3210
2010.7247 18.4545
2010.7274 16.5681
2010.7301 17.1517
2010.7329 14.8552
2010.7356 17.0188
2010.7384 14.1624
2010.7411 15.1359
2010.7438 15.6495
2010.7466 18.8331
2010.7493 16.7567
2010.7521 19.4803
2010.7548 15.5241
2010.7575 13.7880
2010.7603 18.7021
2010.7630 19.2662
2010.7658 24.3504
2010.7685 21.8248
2010.7712 17.1992
2010.7740 17.6738
2010.7767 20.5184
2010.7794 17.6932
2010.7822 21.1580
2010.7849 21.1030
2010.7877 20.6480
2010.7904 17.0732
2010.7931 20.7984
2010.7959 20.8837
2010.7986 21.7091
2010.8014 20.8446
2010.8041 16.1102
2010.8068 20.6158
2010.8096 17.7316
2010.8123 20.7474
2010.8151 20.4233
2010.8178 18.4193
2010.8205 19.6254
2010.8233 16.7015
2010.8260 18.3577
2010.8288 18.8940
2010.8315 18.1703
2010.8342 16.7599
2010.8370 21.2555
2010.8397 17.2768
2010.8425 12.9132
2010.8452 13.3846
2010.8479 11.9102
2010.8507 12.3699
2010.8534 16.2332
2010.8562 18.4695
2010.8589 18.7586
2010.8616 20.4901
2010.8644 14.6834
2010.8671 21.8782
2010.8699 18.2441
2010.8726 15.5706
2010.8753 16.3073
2010.8781 17.5739
2010.8808 15.2098
2010.8836 18.8148
2010.8863 15.3083
2010.8890 15.3499
2010.8918 15.4393
2010.8945 17.0160
2010.8973 12.9796
2010.9000 13.6997
2010.9027 10.5858
2010.9055 13.7876
2010.9082 12.9247
2010.9110 13.6065
2010.9137 12.0028
2010.9164 10.6737
2010.9192 7.2930
2010.9219 5.8316
2010.9247 5.1494
2010.9274 7.1363
2010.9301 3.7124
2010.9329 5.8378
2010.9356 6.3523
2010.9384 6.5260
2010.9411 9.6689
2010.9438 10.3410
2010.9466 12.7723
2010.9493 9.0627
2010.9521 9.8224
2010.9548 9.7513
2010.9575 7.1694
2010.9603 8.0266
2010.9630 6.5231
2010.9658 7.5188
2010.9685 8.6136
2010.9712 7.9277
2010.9740 8.6210
2010.9767 8.9634
2010.9795 10.6651
2010.9822 11.5260
2010.9849 9.9761
2010.9877 11.9554
2010.9904 3.8238
2010.9931 10.4115
2010.9959 9.0584
2010.9986 7.9546
2011.0014 7.9399
2011.0041 10.0144
2011.0068 9.1083
2011.0096 5.2015
2011.0123 10.4641
2011.0151 12.8962
2011.0178 7.8379
2011.0205 12.3792
2011.0233 10.8302
2011.0260 8.9709
2011.0288 8.1015
2011.0315 6.7520
2011.0342 6.5625
2011.0370 9.5630
2011.0397 10.4635
2011.0425 7.8143
2011.0452 6.9352
2011.0479 7.4165
2011.0507 9.9081
2011.0534 10.6702
2011.0562 9.8328
2011.0589 11.0259
2011.0616 12.4497
2011.0644 12.3241
2011.0671 13.4993
2011.0699 9.3954
2011.0726 8.9824
2011.0753 11.7803
2011.0781 10.2593
2011.0808 7.2393
2011.0836 4.8100
2011.0863 8.3206
2011.0890 8.3313
2011.0918 9.1120
2011.0945 10.9428
2011.0973 8.6135
2011.1000 6.5643
2011.1027 9.7350
2011.1055 9.0658
2011.1082 10.1066
2011.1110 9.1274
2011.1137 7.6582
2011.1164 8.7690
2011.1192 10.9698
2011.1219 8.6506
2011.1247 13.7615
2011.1274 8.6023
2011.1301 14.1931
2011.1329 15.4738
2011.1356 12.1846
2011.1384 16.1154
2011.1411 12.1362
2011.1438 17.5669
2011.1466 13.5576
2011.1493 13.3783
2011.1521 13.3890
2011.1548 10.6197
2011.1575 15.5303
2011.1603 10.7410
2011.1630 14.0615
2011.1658 10.2721
2011.1685 13.2927
2011.1712 11.1433
2011.1740 18.1038
2011.1767 10.9943
2011.1795 15.8249
2011.1822 10.6054
2011.1849 10.8259
2011.1877 9.4364
2011.1904 11.3369
2011.1931 8.2474
2011.1959 12.2679
2011.1986 9.2884
2011.2014 15.7989
2011.2041 12.1394
2011.2068 13.5599
2011.2096 6.6904
2011.2123 10.5709
2011.2151 14.2414
2011.2178 11.5319
2011.2205 12.8524
2011.2233 4.6229
2011.2260 5.2234
2011.2288 14.1740
2011.2315 9.9845
2011.2342 7.7351
2011.2370 10.5356
2011.2397 10.9062
2011.2425 9.7168
2011.2452 11.8274
2011.2479 7.7181
2011.2507 8.7689
2011.2534 7.2999
2011.2562 11.3910
2011.2589 10.6923
2011.2616 11.8037
2011.2644 13.2454
2011.2671 17.5272
2011.2699 12.3192
2011.2726 6.4214
2011.2753 13.5138
2011.2781 0.0964
2011.2808 15.2093
2011.2836 6.5223
2011.2863 11.5956
2011.2890 9.5592
2011.2918 11.0829
2011.2945 10.8369
2011.2973 12.0812
2011.3000 7.5757
2011.3027 11.3205
2011.3055 10.0956
2011.3082 9.3210
2011.3110 5.1866
2011.3137 8.8626
2011.3164 9.4388
2011.3192 12.3754
2011.3219 13.4922
2011.3247 14.8494
2011.3274 11.2369
2011.3301 12.7848
2011.3329 13.2234
2011.3356 17.0627
2011.3384 10.8527
2011.3411 12.6133
2011.3438 13.3544
2011.3466 11.8260
2011.3493 10.9481
2011.3521 11.6906
2011.3548 15.2535
2011.3575 12.2767
2011.3603 12.0301
2011.3630 11.8138
2011.3658 11.5677
2011.3685 15.8516
2011.3712 8.1557
2011.3740 9.6098
2011.3767 9.5039
2011.3794 8.9679
2011.3822 8.5918
2011.3849 9.4555
2011.3877 8.1490
2011.3904 11.0223
2011.3931 11.7352
2011.3959 8.4978
2011.3986 9.3800
2011.4014 11.7217
2011.4041 11.0330
2011.4068 11.7636
2011.4096 11.5537
2011.4123 10.3732
2011.4151 10.7423
2011.4178 14.5814
2011.4205 12.4104
2011.4233 7.1695
2011.4260 8.9985
2011.4288 8.9875
2011.4315 14.1165
2011.4342 13.8355
2011.4370 15.4044
2011.4397 11.8334
2011.4425 14.3723
2011.4452 7.2312
2011.4479 6.7201
2011.4507 5.9689
2011.4534 8.2978
2011.4562 12.2866
2011.4589 12.6754
2011.4616 8.1042
2011.4644 12.9030
2011.4671 10.0218
2011.4699 8.6005
2011.4726 11.4393
2011.4753 12.6280
2011.4781 14.4167
2011.4808 10.7754
2011.4836 10.2841
2011.4863 12.6528
2011.4890 7.8615
2011.4918 9.4301
2011.4945 3.7688
2011.4973 3.0074
2011.5000 7.5260
2011.5027 4.6744
2011.5055 7.2328
2011.5082 10.1811
2011.5110 3.1994
2011.5137 3.7175
2011.5164 6.4157
2011.5192 6.1038
2011.5219 11.1918
2011.5247 -1.1702
2011.5274 7.4078
2011.5301 -0.2643
2011.5329 -2.0664
2011.5356 3.4915
2011.5384 4.3994
2011.5411 4.2373
2011.5438 4.8752
2011.5466 7.4531
2011.5493 3.6810
2011.5521 1.1389
2011.5548 1.8969
2011.5575 -0.0251
2011.5603 2.2329
2011.5630 -1.3191
2011.5658 -3.0210
2011.5685 7.7072
2011.5712 4.8754
2011.5740 6.2237
2011.5767 1.9720
2011.5794 8.3104
2011.5822 8.1191
2011.5849 11.4591
2011.5877 9.4005
2011.5904 11.1132
2011.5931 13.7371
2011.5959 13.4421
2011.5986 15.7581
2011.6014 15.4949
2011.6041 16.9225
2011.6068 9.9308
2011.6096 10.1797
2011.6123 13.5290
2011.6151 10.1088
2011.6178 8.9487
2011.6205 7.0189
2011.6233 9.0591
2011.6260 8.4093
2011.6288 10.4593
2011.6315 15.6891
2011.6342 16.7085
2011.6370 15.0475
2011.6397 13.0859
2011.6425 10.9737
2011.6452 13.6807
2011.6479 15.5369
2011.6507 16.3621
2011.6534 16.2662
2011.6562 15.4392
2011.6589 10.6809
2011.6616 8.0812
2011.6644 12.3100
2011.6671 8.5676
2011.6699 6.6742
2011.6726 13.8599
2011.6753 14.4847
2011.6781 13.2788
2011.6808 18.6721
2011.6836 9.7547
2011.6863 11.8868
2011.6890 7.7082
2011.6918 12.4792
2011.6945 13.6798
2011.6973 11.8399
2011.7000 10.6198
2011.7027 9.2194
2011.7055 11.8688
2011.7082 11.4480
2011.7110 9.2871
2011.7137 11.8563
2011.7164 9.9654
2011.7192 10.0747
2011.7219 8.6641
2011.7247 13.1137
2011.7274 13.2136
2011.7301 14.4438
2011.7329 12.9843
2011.7356 9.6454
2011.7384 16.5269
2011.7411 18.5990
2011.7438 13.7517
2011.7466 14.3150
2011.7493 15.6691
2011.7521 18.4035
2011.7548 13.4181
2011.7575 13.8931
2011.7603 23.2283
2011.7630 16.4237
2011.7658 17.2395
2011.7685 19.9455
2011.7712 17.7617
2011.7740 15.0582
2011.7767 17.3850
2011.7794 13.7321
2011.7822 14.1393
2011.7849 15.2369
2011.7877 13.5347
2011.7904 13.0127
2011.7931 20.3910
2011.7959 17.9295
2011.7986 19.0583
2011.8014 20.9073
2011.8041 21.0965
2011.8068 19.3860
2011.8096 11.2257
2011.8123 20.7756
2011.8151 23.5258
2011.8178 22.2162
2011.8205 19.8568
2011.8233 16.9176
2011.8260 18.2087
2011.8288 21.0899
2011.8315 23.4214
2011.8342 22.9552
2011.8370 15.8231
2011.8397 19.8249
2011.8425 21.6402
2011.8452 23.1687
2011.8479 18.6901
2011.8507 20.5741
2011.8534 21.9003
2011.8562 26.0484
2011.8589 24.3981
2011.8616 27.9292
2011.8644 25.2112
2011.8671 24.8838
2011.8699 28.3068
2011.8726 28.7498
2011.8753 20.8625
2011.8781 23.4146
2011.8808 26.4657
2011.8836 23.1656
2011.8863 25.6139
2011.8890 23.9203
2011.8918 19.4245
2011.8945 16.1061
2011.8973 15.4449
2011.9000 12.2905
2011.9027 12.6626
2011.9055 19.4509
2011.9082 20.3451
2011.9110 16.3748
2011.9137 18.3697
2011.9164 23.4402
2011.9192 16.6997
2011.9219 16.4089
2011.9247 15.6677
2011.9274 13.7263
2011.9301 13.8646
2011.9329 15.6127
2011.9356 18.1505
2011.9384 17.7880
2011.9411 11.9152
2011.9438 14.3223
2011.9466 12.9591
2011.9493 18.9557
2011.9521 19.4821
2011.9548 17.8683
2011.9575 21.9843
2011.9603 17.5601
2011.9630 16.4858
2011.9658 16.2913
2011.9685 19.1567
2011.9712 19.2819
2011.9740 23.7070
2011.9767 19.4920
2011.9795 21.3969
2011.9822 19.5416
2011.9849 19.3563
2011.9877 19.6509
2011.9904 18.3254
2011.9931 19.9899
2011.9959 17.8243
2011.9986 17.4986
2012.0014 15.2930
2012.0041 18.7471
2012.0068 13.9309
2012.0096 16.6545
2012.0123 16.5879
2012.0150 20.5912
2012.0178 18.7542
2012.0205 16.1272
2012.0232 17.8401
2012.0260 16.9628
2012.0287 20.3856
2012.0314 17.4383
2012.0342 18.8310
2012.0369 16.4337
2012.0396 19.7965
2012.0423 14.7294
2012.0451 15.2624
2012.0478 20.2255
2012.0505 14.5087
2012.0533 16.5722
2012.0560 14.6058
2012.0587 17.1697
2012.0615 14.4438
2012.0642 13.1583
2012.0669 16.9330
2012.0697 17.4180
2012.0724 16.8335
2012.0751 16.6893
2012.0779 15.6655
2012.0806 11.5522
2012.0833 13.8094
2012.0861 13.7772
2012.0888 15.5257
2012.0915 13.5848
2012.0943 19.0345
2012.0970 16.0948
2012.0997 17.0156
2012.1025 13.3069
2012.1052 22.4588
2012.1079 17.0412
2012.1107 21.4040
2012.1134 18.4273
2012.1161 20.0111
2012.1189 17.9153
2012.1216 19.5398
2012.1243 17.3348
2012.1270 19.4401
2012.1298 11.9458
2012.1325 19.7118
2012.1352 19.1281
2012.1380 17.2847
2012.1407 23.0915
2012.1434 20.6086
2012.1462 21.9960
2012.1489 17.6835
2012.1516 18.2812
2012.1544 18.3291
2012.1571 20.9972
2012.1598 21.0654
2012.1626 20.2037
2012.1653 21.5221
2012.1680 21.4105
2012.1708 17.5490
2012.1735 19.3076
2012.1762 18.7263
2012.1790 20.9550
2012.1817 21.0938
2012.1844 24.0427
2012.1872 15.4717
2012.1899 13.6208
2012.1926 19.3100
2012.1954 19.5793
2012.1981 22.1487
2012.2008 20.5582
2012.2035 15.0878
2012.2063 17.8075
2012.2090 16.7774
2012.2117 14.1773
2012.2145 15.7974
2012.2172 15.2477
2012.2199 15.8980
2012.2227 16.8786
2012.2254 18.4692
2012.2281 11.6800
2012.2309 13.5609
2012.2336 19.1920
2012.2363 17.7733
2012.2391 18.8647
2012.2418 13.3963
2012.2445 11.5980
2012.2473 15.0599
2012.2500 16.6418
2012.2527 16.3137
2012.2555 15.2856
2012.2582 16.0875
2012.2609 8.4195
2012.2637 13.6115
2012.2664 15.8936
2012.2691 17.5958
2012.2719 15.4380
2012.2746 17.1504
2012.2773 18.0728
2012.2801 15.3353
2012.2828 18.3480
2012.2855 16.2808
2012.2882 15.1637
2012.2910 14.1268
2012.2937 14.6701
2012.2964 17.7035
2012.2992 12.5071
2012.3019 20.1509
2012.3046 17.0049
2012.3074 19.0391
2012.3101 20.6335
2012.3128 20.9782
2012.3156 16.7731
2012.3183 16.4582
2012.3210 12.4636
2012.3238 8.1593
2012.3265 9.6653
2012.3292 8.9315
2012.3320 12.6279
2012.3347 11.9044
2012.3374 11.0809
2012.3402 12.9976
2012.3429 12.5342
2012.3456 8.9310
2012.3484 9.6878
2012.3511 11.3447
2012.3538 11.8517
2012.3566 12.8787
2012.3593 16.6359
2012.3620 13.8930
2012.3648 17.6803
2012.3675 17.8076
2012.3702 13.8850
2012.3729 11.5624
2012.3757 10.8399
2012.3784 13.5975
2012.3811 14.2451
2012.3839 12.6429
2012.3866 13.3206
2012.3893 13.3285
2012.3921 13.8364
2012.3948 17.3743
2012.3975 15.7824
2012.4003 19.5004
2012.4030 14.6686
2012.4057 15.0868
2012.4085 13.3551
2012.4112 15.8034
2012.4139 14.4118
2012.4167 16.3603
2012.4194 19.1887
2012.4221 17.4472
2012.4249 19.0357
2012.4276 18.3443
2012.4303 22.1728
2012.4331 19.5214
2012.4358 20.8301
2012.4385 17.7587
2012.4413 18.2773
2012.4440 12.5060
2012.4467 17.9947
2012.4495 22.4134
2012.4522 18.7821
2012.4549 19.6908
2012.4576 20.3795
2012.4604 21.8282
2012.4631 18.9669
2012.4658 17.7856
2012.4686 18.2343
2012.4713 18.2830
2012.4740 17.4017
2012.4768 18.2004
2012.4795 21.8791
2012.4822 15.6877
2012.4850 13.6964
2012.4877 6.7550
2012.4904 12.6236
2012.4932 14.1422
2012.4959 15.7008
2012.4986 19.6793
2012.5014 20.9179
2012.5041 18.0763
2012.5068 19.4448
2012.5096 21.7432
2012.5123 26.8116
2012.5150 21.8799
2012.5178 19.8182
2012.5205 20.4164
2012.5232 15.1346
2012.5260 15.0527
2012.5287 10.4207
2012.5314 16.5987
2012.5342 15.5966
2012.5369 17.4645
2012.5396 18.6623
2012.5423 22.5900
2012.5451 18.9876
2012.5478 23.8452
2012.5505 23.0626
2012.5533 21.6200
2012.5560 19.5073
2012.5587 25.4744
2012.5615 19.7515
2012.5642 19.6885
2012.5669 18.3954
2012.5697 24.5122
2012.5724 22.2988
2012.5751 21.5554
2012.5779 24.8018
2012.5806 20.2881
2012.5833 23.1734
2012.5861 25.1266
2012.5888 26.4478
2012.5915 22.4671
2012.5943 24.1247
2012.5970 21.1607
2012.5997 20.4052
2012.6025 23.7183
2012.6052 21.6002
2012.6079 24.5110
2012.6107 23.0109
2012.6134 25.6799
2012.6161 25.9681
2012.6189 26.3058
2012.6216 28.1130
2012.6243 31.2599
2012.6270 21.5465
2012.6298 23.3631
2012.6325 20.7097
2012.6352 22.4765
2012.6380 17.4336
2012.6407 19.4011
2012.6434 20.2192
2012.6462 20.1379
2012.6489 23.5675
2012.6516 20.1680
2012.6544 24.0495
2012.6571 25.0923
2012.6598 24.4763
2012.6626 22.0018
2012.6653 23.2589
2012.6680 23.8773
2012.6708 22.6868
2012.6735 21.2374
2012.6762 22.7290
2012.6790 15.7514
2012.6817 16.7345
2012.6844 20.3984
2012.6872 20.8028
2012.6899 18.8276
2012.6926 23.4129
2012.6954 21.5484
2012.6981 23.6842
2012.7008 23.8599
2012.7035 26.3057
2012.7063 24.8414
2012.7090 23.9269
2012.7117 26.2320
2012.7145 23.2568
2012.7172 18.5711
2012.7199 20.3347
2012.7227 22.7577
2012.7254 19.6899
2012.7281 22.6212
2012.7309 23.8115
2012.7336 24.9308
2012.7363 24.4089
2012.7391 27.9356
2012.7418 26.6911
2012.7445 19.9950
2012.7473 24.5074
2012.7500 22.6486
2012.7527 27.8695
2012.7555 25.8503
2012.7582 22.7609
2012.7609 24.5213
2012.7637 25.0316
2012.7664 25.7916
2012.7691 29.8616
2012.7719 34.7713
2012.7746 22.0210
2012.7773 25.1405
2012.7801 23.2698
2012.7828 25.5290
2012.7855 24.7981
2012.7882 22.6770
2012.7910 25.2058
2012.7937 27.1145
2012.7964 27.6831
2012.7992 23.4516
2012.8019 28.3200
2012.8046 30.4883
2012.8074 34.7964
2012.8101 36.4745
2012.8128 32.0725
2012.8156 27.1404
2012.8183 30.5583
2012.8210 29.3460
2012.8238 31.0437
2012.8265 33.5413
2012.8292 32.6389
2012.8320 31.8764
2012.8347 35.4739
2012.8374 35.7815
2012.8402 33.9592
2012.8429 27.4370
2012.8456 33.8848
2012.8484 34.9026
2012.8511 32.9904
2012.8538 35.8582
2012.8566 34.1061
2012.8593 28.9139
2012.8620 31.2816
2012.8648 33.8794
2012.8675 27.2270
2012.8702 30.9046
2012.8729 28.8221
2012.8757 23.9895
2012.8784 28.4668
2012.8811 27.2840
2012.8839 31.7810
2012.8866 27.9979
2012.8893 30.7846
2012.8921 26.6611
2012.8948 27.7674
2012.8975 22.8736
2012.9003 24.1295
2012.9030 19.1852
2012.9057 21.5107
2012.9085 23.5859
2012.9112 25.4808
2012.9139 23.9854
2012.9167 29.2498
2012.9194 25.6139
2012.9221 24.3679
2012.9249 24.6515
2012.9276 29.2650
2012.9303 23.3683
2012.9331 26.6214
2012.9358 27.2144
2012.9385 29.3971
2012.9413 24.8597
2012.9440 26.2922
2012.9467 24.4746
2012.9495 21.5268
2012.9522 23.1489
2012.9549 25.2709
2012.9576 26.5228
2012.9604 23.2446
2012.9631 23.5464
2012.9658 24.7981
2012.9686 20.1998
2012.9713 20.3214
2012.9740 23.7630
2012.9768 21.7646
2012.9795 26.5361
2012.9822 24.6677
2012.9850 24.8593
2012.9877 25.0209
2012.9904 24.2125
2012.9932 23.8042
2012.9959 22.4560
2012.9986 24.4778
2013.0014 28.0396
2013.0041 24.8209
2013.0068 23.5918
2013.0096 24.9424
2013.0123 22.1825
2013.0151 23.4724
2013.0178 23.0520
2013.0205 22.9614
2013.0233 20.8205
2013.0260 21.0296
2013.0288 25.9085
2013.0315 24.4174
2013.0342 24.7963
2013.0370 27.1452
2013.0397 26.2541
2013.0425 29.6832
2013.0452 22.8224
2013.0479 21.3818
2013.0507 15.7515
2013.0534 16.2814
2013.0562 22.4617
2013.0589 23.2423
2013.0616 19.4734
2013.0644 20.0148
2013.0671 22.0368
2013.0699 19.4693
2013.0726 24.2824
2013.0753 21.3961
2013.0781 26.0204
2013.0808 22.8255
2013.0836 24.6315
2013.0863 21.9885
2013.0890 23.8166
2013.0918 24.9756
2013.0945 25.3456
2013.0973 25.7864
2013.1000 24.1880
2013.1027 26.2905
2013.1055 24.9936
2013.1082 23.9075
2013.1110 25.4919
2013.1137 25.4570
2013.1164 24.4325
2013.1192 24.2986
2013.1219 27.3450
2013.1247 22.1019
2013.1274 22.2291
2013.1301 23.3566
2013.1329 19.4343
2013.1356 21.5922
2013.1384 23.9402
2013.1411 22.8483
2013.1438 20.6565
2013.1466 17.1746
2013.1493 22.5027
2013.1521 19.0907
2013.1548 23.6785
2013.1575 22.7261
2013.1603 22.3335
2013.1630 19.9606
2013.1658 21.2777
2013.1685 21.5649
2013.1712 23.9121
2013.1740 23.2594
2013.1767 22.3468
2013.1795 23.5042
2013.1822 20.4917
2013.1849 21.3592
2013.1877 24.7468
2013.1904 26.8045
2013.1931 22.8022
2013.1959 22.4501
2013.1986 26.4079
2013.2014 21.9259
2013.2041 22.2939
2013.2068 22.7319
2013.2096 28.2001
2013.2123 27.0183
2013.2151 26.0666
2013.2178 23.0049
2013.2205 21.2133
2013.2233 21.6118
2013.2260 24.2904
2013.2288 25.4990
2013.2315 26.9778
2013.2342 26.1766
2013.2370 27.9354
2013.2397 24.3544
2013.2425 28.1434
2013.2452 28.7025
2013.2479 28.6621
2013.2507 25.0126
2013.2534 26.2738
2013.2562 21.6759
2013.2589 24.0986
2013.2616 24.6820
2013.2644 28.8459
2013.2671 26.3604
2013.2699 21.9353
2013.2726 26.7106
2013.2753 24.2863
2013.2781 23.2322
2013.2808 22.0584
2013.2836 19.2548
2013.2863 22.3612
2013.2890 23.8677
2013.2918 23.4742
2013.2945 21.9307
2013.2973 20.1470
2013.3000 14.6531
2013.3027 17.6590
2013.3055 19.7846
2013.3082 22.0398
2013.3110 19.2446
2013.3137 19.0290
2013.3164 16.1928
2013.3192 17.4460
2013.3219 19.3685
2013.3247 20.6104
2013.3274 19.7115
2013.3301 20.4715
2013.3329 20.9596
2013.3356 19.9556
2013.3384 16.3496
2013.3411 14.0019
2013.3438 17.0625
2013.3466 15.8117
2013.3493 19.9996
2013.3521 15.0963
2013.3548 18.3421
2013.3575 18.4170
2013.3603 18.7312
2013.3630 14.0449
2013.3658 15.4482
2013.3685 17.9314
2013.3712 17.0844
2013.3740 12.9876
2013.3767 13.3410
2013.3794 14.8648
2013.3822 19.8392
2013.3849 16.8943
2013.3877 14.2103
2013.3904 17.3373
2013.3931 14.4055
2013.3959 13.4651
2013.3986 19.9661
2013.4014 17.8288
2013.4041 17.0533
2013.4068 14.4298
2013.4096 13.5884
2013.4123 14.0393
2013.4151 11.4218
2013.4178 9.9749
2013.4205 7.8387
2013.4233 9.9331
2013.4260 11.3981
2013.4288 11.4837
2013.4315 10.9997
2013.4342 11.7661
2013.4370 7.9429
2013.4397 4.7801
2013.4425 3.9575
2013.4452 1.3952
2013.4479 -0.8969
2013.4507 3.1012
2013.4534 0.9094
2013.4562 0.3076
2013.4589 -0.8042
2013.4616 1.8340
2013.4644 5.9121
2013.4671 4.4601
2013.4699 6.1080
2013.4726 2.8056
2013.4753 5.9529
2013.4781 4.2500
2013.4808 6.3066
2013.4836 9.5729
2013.4863 8.7887
2013.4890 4.4241
2013.4918 -0.1712
2013.4945 3.5230
2013.4973 3.2565
2013.5000 7.4390
2013.5027 5.7806
2013.5055 7.9912
2013.5082 7.6711
2013.5110 7.8903
2013.5137 10.3890
2013.5164 5.9271
2013.5192 6.1448
2013.5219 7.3422
2013.5247 15.4193
2013.5274 7.9964
2013.5301 7.5734
2013.5329 3.8405
2013.5356 6.9277
2013.5384 10.1651
2013.5411 8.3329
2013.5438 8.7812
2013.5466 8.5499
2013.5493 10.1193
2013.5521 14.5193
2013.5548 16.4102
2013.5575 19.5219
2013.5603 14.3947
2013.5630 11.5585
2013.5658 13.0035
2013.5685 10.6697
2013.5712 11.5473
2013.5740 12.4663
2013.5767 14.0069
2013.5794 16.1791
2013.5822 19.8329
2013.5849 19.3369
2013.5877 17.8411
2013.5904 21.7353
2013.5931 20.5896
2013.5959 16.1940
2013.5986 15.6585
2013.6014 18.0331
2013.6041 19.4277
2013.6068 20.1025
2013.6096 19.1172
2013.6123 22.1821
2013.6151 20.1470
2013.6178 24.8219
2013.6205 24.6669
2013.6233 27.3719
2013.6260 22.4969
2013.6288 25.8020
2013.6315 25.7971
2013.6342 23.1022
2013.6370 24.5874
2013.6397 21.5925
2013.6425 20.0677
2013.6452 19.4628
2013.6479 19.0279
2013.6507 19.5831
2013.6534 23.0882
2013.6562 22.4133
2013.6589 19.8184
2013.6616 20.5734
2013.6644 22.3184
2013.6671 22.6534
2013.6699 20.6385
2013.6726 20.5036
2013.6753 18.6688
2013.6781 20.1140
2013.6808 21.6892
2013.6836 22.7745
2013.6863 22.2698
2013.6890 18.0451
2013.6918 19.8605
2013.6945 23.1558
2013.6973 23.7912
2013.7000 23.7666
2013.7027 22.3820
2013.7055 25.0074
2013.7082 26.7827
2013.7110 22.9181
2013.7137 23.9734
2013.7164 28.1287
2013.7192 28.9140
2013.7219 31.0493
2013.7247 30.4645
2013.7274 28.3297
2013.7301 34.3649
2013.7329 26.4700
2013.7356 27.3251
2013.7384 26.2300
2013.7411 28.6950
2013.7438 34.2099
2013.7466 27.7147
2013.7493 28.5690
2013.7521 24.0810
2013.7548 25.9104
2013.7575 22.2874
2013.7603 21.8621
2013.7630 18.3647
2013.7658 18.2854
2013.7685 23.0843
2013.7712 19.5215
2013.7740 23.3673
2013.7767 24.2318
2013.7794 22.6551
2013.7822 23.2174
2013.7849 19.4488
2013.7877 24.1396
2013.7904 24.5998
2013.7931 25.6396
2013.7959 18.8792
2013.7986 23.4787
2013.8014 26.2683
2013.8041 23.8182
2013.8068 25.2285
2013.8096 24.2993
2013.8123 23.9308
2013.8151 24.2432
2013.8178 29.1966
2013.8205 26.2412
2013.8233 29.5672
2013.8260 28.5946
2013.8288 34.2737
2013.8315 30.0946
2013.8342 30.1376
2013.8370 28.3229
2013.8397 31.3101
2013.8425 32.0293
2013.8452 33.7001
2013.8479 31.0324
2013.8507 30.1460
2013.8534 33.6808
2013.8562 29.0566
2013.8589 33.7531
2013.8616 28.7802
2013.8644 30.6378
2013.8671 30.7355
2013.8699 30.8534
2013.8726 28.0512
2013.8753 30.1186
2013.8781 30.4756
2013.8808 33.6319
2013.8836 32.5774
2013.8863 34.3619
2013.8890 38.2652
2013.8918 37.7671
2013.8945 37.8075
2013.8973 38.6761
2013.9000 36.0129
2013.9027 36.3375
2013.9055 36.3499
2013.9082 36.6698
2013.9110 33.8971
2013.9137 31.5417
2013.9164 34.7034
2013.9192 34.4632
2013.9219 32.4915
2013.9247 34.0584
2013.9274 31.3140
2013.9301 28.5783
2013.9329 28.1314
2013.9356 28.3735
2013.9384 29.6247
2013.9411 27.7550
2013.9438 27.7346
2013.9466 28.5535
2013.9493 30.1419
2013.9521 29.9199
2013.9548 33.1075
2013.9575 32.1249
2013.9603 28.1322
2013.9630 29.4394
2013.9658 27.9667
2013.9685 29.8741
2013.9712 29.4419
2013.9740 28.3499
2013.9767 28.1785
2013.9795 29.0676
2013.9822 27.9374
2013.9849 27.7279
2013.9877 32.0294
2013.9904 28.5017
2013.9931 27.7752
2013.9959 25.0598
2013.9986 25.8057
2014.0014 19.0428
2014.0041 28.2699
2014.0068 21.8669
2014.0096 24.3138
2014.0123 28.4306
2014.0151 29.6174
2014.0178 22.2241
2014.0205 20.8709
2014.0233 23.8577
2014.0260 23.8546
2014.0288 23.1716
2014.0315 24.7587
2014.0342 28.8760
2014.0370 24.4635
2014.0397 27.7212
2014.0425 27.6992
2014.0452 26.6475
2014.0479 26.7861
2014.0507 26.5750
2014.0534 21.6843
2014.0562 27.8741
2014.0589 23.2542
2014.0616 25.6749
2014.0644 25.2160
2014.0671 27.3777
2014.0699 27.5599
2014.0726 27.3828
2014.0753 29.1062
2014.0781 33.3703
2014.0808 29.1751
2014.0836 28.6104
2014.0863 28.5661
2014.0890 25.6721
2014.0918 28.2584
2014.0945 25.2850
2014.0973 28.6320
2014.1000 25.8291
2014.1027 25.0565
2014.1055 31.2741
2014.1082 29.4719
2014.1110 31.6398
2014.1137 31.8779
2014.1164 28.6861
2014.1192 30.1144
2014.1219 32.7027
2014.1247 32.7511
2014.1274 34.0896
2014.1301 32.7480
2014.1329 28.6564
2014.1356 26.3948
2014.1384 25.5131
2014.1411 29.6413
2014.1438 28.4694
2014.1466 34.4774
2014.1493 34.9752
2014.1521 32.6228
2014.1548 33.4203
2014.1575 35.2975
2014.1603 36.9245
2014.1630 30.8111
2014.1658 36.4167
2014.1685 35.4614
2014.1712 34.9851
2014.1740 30.2282
2014.1767 35.4705
2014.1795 35.5622
2014.1822 31.8135
2014.1849 30.5643
2014.1877 32.0649
2014.1904 34.3052
2014.1931 30.5655
2014.1959 26.3957
2014.1986 31.1960
2014.2014 30.4464
2014.2041 28.1772
2014.2068 25.7783
2014.2096 28.6498
2014.2123 31.2219
2014.2151 29.1747
2014.2178 28.3082
2014.2205 24.7725
2014.2233 26.8478
2014.2260 27.9841
2014.2288 30.4915
2014.2315 26.5401
2014.2342 34.9701
2014.2370 24.3314
2014.2397 27.0643
2014.2425 22.2588
2014.2452 25.8149
2014.2479 22.1126
2014.2507 25.7917
2014.2534 25.0521
2014.2562 26.0736
2014.2589 30.1763
2014.2616 27.1700
2014.2644 29.5646
2014.2671 25.9602
2014.2699 24.4766
2014.2726 23.3537
2014.2753 24.2014
2014.2781 25.2698
2014.2808 27.5686
2014.2836 27.0979
2014.2863 26.4176
2014.2890 24.9275
2014.2918 26.4976
2014.2945 28.4679
2014.2973 26.0782
2014.3000 26.8485
2014.3027 28.1887
2014.3055 24.0187
2014.3082 18.2584
2014.3110 24.9278
2014.3137 21.9968
2014.3164 25.8754
2014.3192 22.7833
2014.3219 18.3607
2014.3247 20.4073
2014.3274 21.5331
2014.3301 22.7882
2014.3329 22.4132
2014.3356 23.6781
2014.3384 25.9331
2014.3411 22.2181
2014.3438 22.8531
2014.3466 22.4680
2014.3493 26.6030
2014.3521 21.0379
2014.3548 21.5028
2014.3575 24.4177
2014.3603 25.5125
2014.3630 30.2473
2014.3658 28.1221
2014.3685 30.9468
2014.3712 34.1615
2014.3740 32.3161
2014.3767 26.5407
2014.3794 30.9852
2014.3822 29.3196
2014.3849 25.1240
2014.3877 26.6383
2014.3904 26.0725
2014.3931 25.9766
2014.3959 22.7907
2014.3986 25.0346
2014.4014 23.6585
2014.4041 24.4523
2014.4068 25.4059
2014.4096 23.4795
2014.4123 23.7729
2014.4151 19.5762
2014.4178 21.5691
2014.4205 19.5318
2014.4233 22.5942
2014.4260 22.8963
2014.4288 20.1282
2014.4315 21.8997
2014.4342 20.1610
2014.4370 20.9520
2014.4397 21.9328
2014.4425 19.6832
2014.4452 26.0934
2014.4479 22.1633
2014.4507 24.8430
2014.4534 28.6624
2014.4562 28.5715
2014.4589 24.3804
2014.4616 20.4790
2014.4644 16.5273
2014.4671 18.3454
2014.4699 15.9832
2014.4726 17.2707
2014.4753 19.5580
2014.4781 17.3551
2014.4808 15.8619
2014.4836 15.2584
2014.4863 20.0947
2014.4890 19.2707
2014.4918 15.8565
2014.4945 17.3520
2014.4973 20.4573
2014.5000 20.6821
2014.5027 18.5666
2014.5055 15.0207
2014.5082 14.6645
2014.5110 20.5278
2014.5137 16.8808
2014.5164 22.8034
2014.5192 26.9657
2014.5219 24.4976
2014.5247 24.0992
2014.5274 21.7205
2014.5301 15.6915
2014.5329 19.6222
2014.5356 17.0525
2014.5384 15.0526
2014.5411 13.0124
2014.5438 15.2519
2014.5466 12.4111
2014.5493 13.6701
2014.5521 17.0188
2014.5548 16.4373
2014.5575 9.8255
2014.5603 17.7635
2014.5630 19.6613
2014.5658 14.8388
2014.5685 20.9362
2014.5712 12.5034
2014.5740 15.7803
2014.5767 13.1571
2014.5794 12.6737
2014.5822 7.1501
2014.5849 10.2261
2014.5877 12.8717
2014.5904 13.2568
2014.5931 16.2015
2014.5959 15.8859
2014.5986 12.8600
2014.6014 16.6838
2014.6041 14.9873
2014.6068 13.8606
2014.6096 16.3136
2014.6123 11.9465
2014.6151 13.7193
2014.6178 15.1319
2014.6205 15.4344
2014.6233 17.4968
2014.6260 17.6392
2014.6288 17.5216
2014.6315 13.6240
2014.6342 13.2165
2014.6370 10.2990
2014.6397 15.1616
2014.6425 12.8544
2014.6452 9.3973
2014.6479 9.1804
2014.6507 5.0437
2014.6534 9.5073
2014.6562 7.7711
2014.6589 11.0753
2014.6616 12.2097
2014.6644 17.0545
2014.6671 15.7998
2014.6699 17.7054
2014.6726 17.6715
2014.6753 18.0880
2014.6781 13.5549
2014.6808 16.4423
2014.6836 20.0000
2014.6863 17.8281
2014.6890 17.4966
2014.6918 13.6254
2014.6945 14.3646
2014.6973 14.0741
2014.7000 14.1240
2014.7027 10.2943
2014.7055 13.0448
2014.7082 12.3057
2014.7110 13.3968
2014.7137 15.2483
2014.7164 19.9000
2014.7192 11.3721
2014.7219 11.3344
2014.7247 12.3570
2014.7274 11.6098
2014.7301 10.1029
2014.7329 17.1462
2014.7356 14.7197
2014.7384 15.4735
2014.7411 14.9375
2014.7438 16.9016
2014.7466 19.7560
2014.7493 16.8011
2014.7521 19.0399
2014.7548 18.1025
2014.7575 16.9487
2014.7603 16.7682
2014.7630 18.4606
2014.7658 14.7658
2014.7685 16.2733
2014.7712 15.4030
2014.7740 21.3445
2014.7767 12.5775
2014.7794 14.9718
2014.7822 13.1070
2014.7849 15.2529
2014.7877 16.2392
2014.7904 16.6255
2014.7931 15.6716
2014.7959 13.6072
2014.7986 18.0821
2014.8014 11.4258
2014.8041 13.9582
2014.8068 15.3489
2014.8096 13.3977
2014.8123 18.4242
2014.8151 18.6881
2014.8178 20.6593
2014.8205 22.3973
2014.8233 17.6619
2014.8260 22.9228
2014.8288 19.6998
2014.8315 21.7324
2014.8342 18.7824
2014.8370 23.5017
2014.8397 19.5502
2014.8425 17.4579
2014.8452 18.3349
2014.8479 18.8812
2014.8507 19.2768
2014.8534 22.7917
2014.8562 24.0259
2014.8589 21.5795
2014.8616 24.2824
2014.8644 19.5546
2014.8671 22.9263
2014.8699 17.4473
2014.8726 19.7277
2014.8753 19.4576
2014.8781 25.7769
2014.8808 21.5056
2014.8836 22.8938
2014.8863 22.5715
2014.8890 24.3286
2014.8918 25.3853
2014.8945 23.9414
2014.8973 22.3171
2014.9000 24.2523
2014.9027 18.7271
2014.9055 26.5215
2014.9082 29.0754
2014.9110 28.0989
2014.9137 28.5221
2014.9164 25.3448
2014.9192 27.6268
2014.9219 27.2480
2014.9247 27.7586
2014.9274 30.0585
2014.9301 29.6180
2014.9329 31.5770
2014.9356 34.0056
2014.9384 31.3638
2014.9411 33.4118
2014.9438 31.5196
2014.9466 27.9873
2014.9493 27.4149
2014.9521 31.2426
2014.9548 32.3903
2014.9575 31.7781
2014.9603 26.0962
2014.9630 32.6245
2014.9658 27.4432
2014.9685 32.7223
2014.9712 28.7919
2014.9740 32.2221
2014.9767 30.2428
2014.9795 31.1243
2014.9822 31.7665
2014.9849 28.7295
2014.9877 30.1134
2014.9904 25.3482
2014.9931 25.6541
2014.9959 28.9811
2014.9986 30.9492
2015.0014 26.6984
2015.0041 27.9178
2015.0068 31.5174
2015.0096 34.6970
2015.0123 33.2268
2015.0151 33.7466
2015.0178 31.8964
2015.0205 29.4264
2015.0233 30.1764
2015.0260 28.4364
2015.0288 28.0965
2015.0315 29.6167
2015.0342 29.1468
2015.0370 26.1671
2015.0397 30.9973
2015.0425 30.2575
2015.0452 29.1578
2015.0479 25.2880
2015.0507 32.6183
2015.0534 34.0185
2015.0562 33.5487
2015.0589 30.1889
2015.0616 31.5391
2015.0644 30.2592
2015.0671 33.8693
2015.0699 35.8794
2015.0726 27.7194
2015.0753 31.6293
2015.0781 32.8291
2015.0808 32.2289
2015.0836 33.5181
2015.0863 33.8262
2015.0890 30.2933
2015.0918 36.8996
2015.0945 34.1552
2015.0973 37.1702
2015.1000 28.5748
2015.1027 31.0789
2015.1055 32.9828
2015.1082 33.4966
2015.1110 28.8604
2015.1137 31.8142
2015.1164 32.9883
2015.1192 32.7527
2015.1219 33.7876
2015.1247 35.8531
2015.1274 34.1892
2015.1301 35.7462
2015.1329 36.3541
2015.1356 36.2330
2015.1384 37.0931
2015.1411 37.1844
2015.1438 34.9372
2015.1466 31.8215
2015.1493 30.0474
2015.1521 28.7650
2015.1548 31.1945
2015.1575 35.4560
2015.1603 33.5596
2015.1630 34.2951
2015.1658 32.7510
2015.1685 33.4070
2015.1712 35.9132
2015.1740 33.4195
2015.1767 39.4359
2015.1795 34.1723
2015.1822 35.5289
2015.1849 36.1156
2015.1877 31.9724
2015.1904 32.7592
2015.1931 33.5061
2015.1959 32.6631
2015.1986 34.4101
2015.2014 34.6972
2015.2041 34.2743
2015.2068 29.9215
2015.2096 31.5186
2015.2123 33.9258
2015.2151 33.1430
2015.2178 30.1102
2015.2205 32.7174
2015.2233 33.5746
2015.2260 33.9517
2015.2288 29.8889
2015.2315 28.2860
2015.2342 26.5630
2015.2370 26.6100
2015.2397 25.9870
2015.2425 23.9939
2015.2452 28.8007
2015.2479 27.0175
2015.2507 27.4143
2015.2534 31.2511
2015.2562 31.8479
2015.2589 28.3946
2015.2616 28.6414
2015.2644 27.9382
2015.2671 27.2150
2015.2699 30.5218
2015.2726 26.9986
2015.2753 28.4254
2015.2781 25.7422
2015.2808 20.8089
2015.2836 24.7257
2015.2863 26.9925
2015.2890 23.8593
2015.2918 24.8761
2015.2945 25.9029
2015.2973 30.1997
2015.3000 24.8764
2015.3027 35.3132
2015.3055 28.6300
2015.3082 27.0868
2015.3110 28.6236
2015.3137 23.8804
2015.3164 26.2672
2015.3192 28.0840
2015.3219 28.1507
2015.3247 26.6175
2015.3274 29.5243
2015.3301 29.2211
2015.3329 24.5080
2015.3356 23.4350
2015.3384 29.6921
2015.3411 32.9093
2015.3438 29.2865
2015.3466 20.9539
2015.3493 22.3412
2015.3521 19.7086
2015.3548 19.6061
2015.3575 20.0635
2015.3603 22.3410
2015.3630 19.2085
2015.3658 22.3260
2015.3685 21.3234
2015.3712 18.3809
2015.3740 17.2483
2015.3767 14.9256
2015.3794 17.4129
2015.3822 17.9901
2015.3849 25.0773
2015.3877 28.5443
2015.3904 25.2713
2015.3931 21.8681
2015.3959 16.4349
2015.3986 19.0115
2015.4014 18.3879
2015.4041 20.5043
2015.4068 18.8504
2015.4096 18.9564
2015.4123 11.2923
2015.4151 14.3371
2015.4178 9.7504
2015.4205 14.1521
2015.4233 11.4024
2015.4260 10.5613
2015.4288 13.2290
2015.4315 12.3955
2015.4342 13.9209
2015.4370 11.4153
2015.4397 6.7588
2015.4425 12.3515
2015.4452 7.0635
2015.4479 7.6649
2015.4507 8.4357
2015.4534 11.5260
2015.4562 12.1861
2015.4589 15.7458
2015.4616 15.5053
2015.4644 17.9448
2015.4671 10.0843
2015.4699 13.3238
2015.4726 8.1736
2015.4753 12.3936
2015.4781 10.8539
2015.4808 16.7548
2015.4836 17.4961
2015.4863 13.4381
2015.4890 15.5308
2015.4918 21.6843
2015.4945 16.6487
2015.4973 12.6140
2015.5000 14.6794
2015.5027 9.5046
2015.5055 7.8699
2015.5082 9.1950
2015.5110 7.4502
2015.5137 13.3153
2015.5164 9.1304
2015.5192 7.6755
2015.5219 10.3507
2015.5247 6.0858
2015.5274 8.3010
2015.5301 9.1862
2015.5329 10.0415
2015.5356 10.7069
2015.5384 11.8523
2015.5411 14.3778
2015.5438 10.8034
2015.5466 9.0191
2015.5493 15.7849
2015.5521 11.3009
2015.5548 13.7070
2015.5575 14.7632
2015.5603 14.6596
2015.5630 19.0162
2015.5658 15.2330
2015.5685 16.1799
2015.5712 11.2771
2015.5740 9.3445
2015.5767 14.1320
2015.5794 10.9699
2015.5822 10.7879
2015.5849 14.7062
2015.5877 17.3545
2015.5904 22.4330
2015.5931 20.9317
2015.5959 24.2504
2015.5986 20.7693
2015.6014 22.7783
2015.6041 22.7674
2015.6068 24.0566
2015.6096 22.5059
2015.6123 20.1452
2015.6151 21.5947
2015.6178 23.0142
2015.6205 19.3537
2015.6233 21.4734
2015.6260 22.8530
2015.6288 26.9928
2015.6315 26.4625
2015.6342 24.9023
2015.6370 21.0721
2015.6397 19.1120
2015.6425 18.6618
2015.6452 21.5917
2015.6479 21.1715
2015.6507 19.9714
2015.6534 21.4912
2015.6562 21.8710
2015.6589 25.0308
2015.6616 23.3905
2015.6644 22.3002
2015.6671 21.4697
2015.6699 22.8990
2015.6726 20.0981
2015.6753 24.0570
2015.6781 28.0457
2015.6808 23.4343
2015.6836 22.1828
2015.6863 26.6213
2015.6890 29.1098
2015.6918 26.5483
2015.6945 25.3269
2015.6973 22.7556
2015.7000 25.8544
2015.7027 23.5935
2015.7055 28.8727
2015.7082 28.5321
2015.7110 28.6219
2015.7137 25.2919
2015.7164 35.3423
2015.7192 27.7231
2015.7219 34.0843
2015.7247 25.7960
2015.7274 26.5482
2015.7301 29.2009
2015.7329 29.8342
2015.7356 32.6080
2015.7384 32.5426
2015.7411 32.7378
2015.7438 34.6737
2015.7466 30.8503
2015.7493 29.5377
2015.7521 32.0760
2015.7548 33.6750
2015.7575 33.3447
2015.7603 34.1851
2015.7630 37.4962
2015.7658 33.5980
2015.7685 33.0703
2015.7712 33.0431
2015.7740 32.8765
2015.7767 39.1903
2015.7794 30.0945
2015.7822 33.6492
2015.7849 32.4742
2015.7877 36.0396
2015.7904 36.4552
2015.7931 39.2711
2015.7959 37.4872
2015.7986 42.3235
2015.8014 34.0999
2015.8041 41.5364
2015.8068 39.6330
2015.8096 37.4596
2015.8123 35.5661
2015.8151 36.2327
2015.8178 35.8691
2015.8205 34.3855
2015.8233 38.7416
2015.8260 35.5476
2015.8288 32.8034
2015.8315 35.5188
2015.8342 35.1142
2015.8370 40.0195
2015.8397 40.1649
2015.8425 37.6204
2015.8452 39.2059
2015.8479 39.3214
2015.8507 39.5269
2015.8534 42.6524
2015.8562 37.3080
2015.8589 32.9136
2015.8616 39.5993
2015.8644 38.5549
2015.8671 37.2306
2015.8699 35.2363
2015.8726 35.9120
2015.8753 35.7377
2015.8781 33.7335
2015.8808 40.2092
2015.8836 45.3450
2015.8863 40.9508
2015.8890 40.9966
2015.8918 41.1824
2015.8945 39.3283
2015.8973 38.0341
2015.9000 37.4600
2015.9027 40.3258
2015.9055 39.8717
2015.9082 39.6475
2015.9110 42.1434
2015.9137 40.2793
2015.9164 36.5852
2015.9192 43.9020
2015.9219 40.3595
2015.9247 36.6478
2015.9274 34.9768
2015.9301 36.2764
2015.9329 40.3566
2015.9356 36.0973
2015.9384 32.3084
2015.9411 34.0100
2015.9438 37.0618
2015.9466 32.4640
2015.9493 34.4264
2015.9521 34.1989
2015.9548 34.3115
2015.9575 31.2642
2015.9603 30.5768
2015.9630 31.6994
2015.9658 36.2518
2015.9685 33.9140
2015.9712 31.2959
2015.9740 33.1776
2015.9767 33.6088
2015.9795 29.2597
2015.9822 34.2700
2015.9849 36.7897
2015.9877 38.0089
2015.9904 35.5273
2015.9931 36.6451
2015.9959 36.1720
2015.9986 35.8881
2016.0014 32.5927
2016.0041 31.8829
2016.0068 32.5584
2016.0096 33.0695
2016.0123 30.0267
2016.0150 30.8202
2016.0178 25.1603
2016.0205 28.6274
2016.0232 31.0817
2016.0260 33.0537
2016.0287 30.8636
2016.0314 35.2917
2016.0342 32.9385
2016.0369 31.4041
2016.0396 33.0090
2016.0423 30.7834
2016.0451 30.6077
2016.0478 32.3222
2016.0505 33.7872
2016.0533 31.6631
2016.0560 34.5401
2016.0587 32.5786
2016.0615 32.9590
2016.0642 31.4315
2016.0669 31.4065
2016.0697 28.3842
2016.0724 33.3351
2016.0751 31.7094
2016.0779 37.4075
2016.0806 31.1497
2016.0833 35.2251
2016.0861 35.4923
2016.0888 35.8811
2016.0915 36.7614
2016.0943 37.7930
2016.0970 38.3358
2016.0997 36.9997
2016.1025 38.9945
2016.1052 35.8400
2016.1079 37.6163
2016.1107 38.9030
2016.1134 35.7301
2016.1161 37.8274
2016.1189 34.6348
2016.1216 31.8321
2016.1243 36.5592
2016.1270 38.2960
2016.1298 36.3724
2016.1325 36.4781
2016.1352 37.6231
2016.1380 36.8571
2016.1407 40.2902
2016.1434 40.9020
2016.1462 35.0126
2016.1489 36.5617
2016.1516 34.9992
2016.1544 38.0350
2016.1571 35.9590
2016.1598 37.9509
2016.1626 32.8008
2016.1653 34.0902
2016.1680 32.6495
2016.1708 32.6087
2016.1735 33.3078
2016.1762 32.7369
2016.1790 34.9958
2016.1817 35.2247
2016.1844 32.7235
2016.1872 35.6822
2016.1899 37.3209
2016.1926 40.3694
2016.1954 37.6379
2016.1981 38.4763
2016.2008 37.0746
2016.2035 32.7629
2016.2063 33.3010
2016.2090 37.3191
2016.2117 27.2671
2016.2145 36.6051
2016.2172 32.0529
2016.2199 34.2807
2016.2227 33.4884
2016.2254 35.1860
2016.2281 35.7736
2016.2309 36.2711
2016.2336 31.4085
2016.2363 34.9058
2016.2391 37.1731
2016.2418 32.7603
2016.2445 33.7674
2016.2473 35.0644
2016.2500 33.6510
2016.2527 34.9472
2016.2555 35.5932
2016.2582 35.7488
2016.2609 38.8342
2016.2637 36.5394
2016.2664 37.6944
2016.2691 40.7592
2016.2719 40.2439
2016.2746 37.4185
2016.2773 39.0730
2016.2801 38.9275
2016.2828 39.4220
2016.2855 33.7165
2016.2882 38.2810
2016.2910 42.5657
2016.2937 37.5604
2016.2964 39.2753
2016.2992 27.3503
2016.3019 32.1656
2016.3046 34.5510
2016.3074 33.5768
2016.3101 35.2828
2016.3128 33.3792
2016.3156 39.7259
2016.3183 40.4230
2016.3210 32.3705
2016.3238 30.6484
2016.3265 29.2668
2016.3292 29.5158
2016.3320 26.2163
2016.3347 32.7490
2016.3374 29.2235
2016.3402 31.8499
2016.3429 27.7579
2016.3456 25.9575
2016.3484 27.6785
2016.3511 32.4207
2016.3538 22.7540
2016.3566 23.8884
2016.3593 26.2635
2016.3620 29.4094
2016.3648 29.5159
2016.3675 26.1028
2016.3702 28.6799
2016.3729 21.0673
2016.3757 15.9247
2016.3784 21.0819
2016.3811 17.7989
2016.3839 27.2255
2016.3866 29.7816
2016.3893 30.0170
2016.3921 26.3416
2016.3948 23.1853
2016.3975 24.9979
2016.4003 23.0993
2016.4030 14.4694
2016.4057 17.9979
2016.4085 17.7649
2016.4112 20.9600
2016.4139 16.5437
2016.4167 18.8071
2016.4194 21.5405
2016.4221 21.3138
2016.4249 19.6971
2016.4276 22.0803
2016.4303 20.9434
2016.4331 20.5166
2016.4358 19.6496
2016.4385 23.4526
2016.4413 20.1555
2016.4440 20.4183
2016.4467 17.4511
2016.4495 21.5538
2016.4522 25.0464
2016.4549 22.3790
2016.4576 17.7515
2016.4604 19.6039
2016.4631 21.4262
2016.4658 24.4684
2016.4686 22.3705
2016.4713 21.5625
2016.4740 16.8445
2016.4768 18.1063
2016.4795 18.9781
2016.4822 16.2897
2016.4850 11.9913
2016.4877 14.2227
2016.4904 13.3741
2016.4932 13.0753
2016.4959 14.9364
2016.4986 16.4474
2016.5014 14.2084
2016.5041 14.7193
2016.5068 16.6102
2016.5096 14.7010
2016.5123 10.4717
2016.5150 15.5824
2016.5178 21.3331
2016.5205 12.4837
2016.5232 14.4443
2016.5260 14.9149
2016.5287 15.0454
2016.5314 21.2059
2016.5342 17.4863
2016.5369 17.4067
2016.5396 19.6471
2016.5423 15.5275
2016.5451 14.9478
2016.5478 14.0382
2016.5505 17.1185
2016.5533 16.5587
2016.5560 11.5890
2016.5587 10.8893
2016.5615 12.2695
2016.5642 11.6898
2016.5669 15.0200
2016.5697 13.7103
2016.5724 15.1205
2016.5751 16.2608
2016.5779 13.7410
2016.5806 13.1913
2016.5833 11.6312
2016.5861 13.3203
2016.5888 10.3688
2016.5915 12.3565
2016.5943 12.6937
2016.5970 15.2203
2016.5997 15.3164
2016.6025 13.6821
2016.6052 16.9875
2016.6079 17.1725
2016.6107 14.0072
2016.6134 14.6718
2016.6161 18.0362
2016.6189 19.2905
2016.6216 43.7848
2016.6243 44.2191
2016.6270 50.5435
2016.6298 44.5980
2016.6325 49.7828
2016.6352 53.6177
2016.6380 49.3530
2016.6407 51.6187
2016.6434 53.4148
2016.6462 50.0214
2016.6489 49.9385
2016.6516 48.3462
2016.6544 47.8346
2016.6571 48.8136
2016.6598 44.5535
2016.6626 44.5542
2016.6653 44.5459
2016.6680 38.5716
2016.6708 43.0017
2016.6735 45.7661
2016.6762 48.0644
2016.6790 48.3262
2016.6817 48.9114
2016.6844 49.9896
2016.6872 49.2205
2016.6899 49.1738
2016.6926 48.7192
2016.6954 50.0564
2016.6981 54.5252
2016.7008 53.2251
2016.7035 52.4760
2016.7063 53.0474
2016.7090 54.2792
2016.7117 56.1710
2016.7172 51.4935
2016.7199 52.7635
2016.7227 57.4324
2016.7281 57.0954
2016.7336 57.6701
2016.7363 57.5886
2016.7418 56.6163
2016.7473 56.4298
2016.7801 53.0475
2016.7828 55.0468
2016.7855 51.9059
2016.7882 53.5047
2016.7910 55.9632
2016.7937 54.1716
2016.7964 55.2597
2016.7992 53.5675
2016.8019 56.3851
2016.8046 54.5725
2016.8074 55.4595
2016.8101 54.6464
2016.8128 51.2729
2016.8156 53.1292
2016.8183 51.9152
2016.8210 49.5210
2016.8238 49.0464
2016.8265 51.2816
2016.8292 52.8965
2016.8320 51.8711
2016.8347 48.5057
2016.8374 49.8906
2016.8402 53.8356
2016.8429 46.8408
2016.8456 51.1560
2016.8484 48.3113
2016.8511 47.1466
2016.8538 43.6419
2016.8566 38.2371
2016.8593 40.9622
2016.8620 43.4371
2016.8648 42.3119
2016.8675 43.5865
2016.8702 40.4208
2016.8729 39.4748
2016.8757 41.1385
2016.8784 40.9618
2016.8811 41.9546
2016.8839 41.8371
2016.8866 35.8490
2016.8893 40.8804
2016.8921 38.1912
2016.8948 36.0815
2016.8975 33.2011
2016.9003 34.9000
2016.9030 31.7481
2016.9057 33.6656
2016.9085 33.5022
2016.9112 34.6780
2016.9139 34.5029
2016.9167 37.7169
2016.9194 35.9203
2016.9221 37.4831
2016.9249 37.0154
2016.9276 35.9072
2016.9303 37.7886
2016.9331 39.6695
2016.9358 36.0200
2016.9385 37.7101
2016.9413 40.6200
2016.9440 39.2296
2016.9467 38.8989
2016.9495 38.1780
2016.9522 37.6970
2016.9549 36.1558
2016.9576 37.6645
2016.9604 39.7632
2016.9631 36.2218
2016.9658 32.2705
2016.9686 39.3892
2016.9713 36.4080
2016.9740 36.0069
2016.9768 36.2160
2016.9795 35.8153
2016.9822 36.4648
2016.9850 38.7646
2016.9877 35.3846
2016.9904 36.7651
2016.9932 35.7359
2016.9959 35.5871
2016.9986 38.6488
2017.0014 35.8109
2017.0041 36.6532
2017.0068 32.6757
2017.0096 36.7683
2017.0123 34.6210
2017.0151 32.2939
2017.0178 35.0068
2017.0205 33.8699
2017.0233 39.3031
2017.0260 37.4563
2017.0288 37.1796
2017.0315 37.5329
2017.0342 36.5463
2017.0370 36.6197
2017.0397 40.0632
2017.0425 33.9366
2017.0452 36.7901
2017.0479 36.8535
2017.0507 37.2969
2017.0534 39.5103
2017.0562 38.7336
2017.0589 38.1469
2017.0616 38.5801
2017.0644 39.6932
2017.0671 41.6362
2017.0699 42.4491
2017.0726 42.6919
2017.0753 41.0446
2017.0781 41.1072
2017.0808 42.9595
2017.0836 42.9014
2017.0863 38.0424
2017.0890 40.7426
2017.0918 39.1121
2017.0945 38.4809
2017.0973 38.8192
2017.1000 35.4668
2017.1027 35.7440
2017.1055 37.9307
2017.1082 41.5271
2017.1110 40.5732
2017.1137 39.7690
2017.1164 46.8346
2017.1192 37.5301
2017.1219 40.2055
2017.1247 41.0310
2017.1274 39.0265
2017.1301 37.6320
2017.1329 34.7078
2017.1356 36.1738
2017.1384 38.4501
2017.1411 39.2968
2017.1438 39.7638
2017.1466 39.0814
2017.1493 37.2295
2017.1521 34.8081
2017.1548 35.2775
2017.1575 37.9775
2017.1603 39.9983
2017.1630 42.4002
2017.1658 32.0245
2017.1685 34.4411
2017.1712 38.6899
2017.1740 41.0307
2017.1767 36.4835
2017.1795 37.0180
2017.1822 40.5940
2017.1849 36.7215
2017.1877 40.8402
2017.1904 39.9899
2017.1931 41.4806
2017.1959 43.8720
2017.1986 41.2540
2017.2014 41.4265
2017.2041 42.2992
2017.2068 43.3120
2017.2096 44.4447
2017.2123 45.7872
2017.2151 42.3894
2017.2178 46.1409
2017.2205 46.5318
2017.2233 43.4318
2017.2260 41.6408
2017.2288 44.4285
2017.2315 42.4649
2017.2342 45.7998
2017.2370 42.3030
2017.2397 42.9343
2017.2425 39.9836
2017.2452 43.6908
2017.2479 38.3057
2017.2507 40.6886
2017.2534 38.1196
2017.2562 43.8589
2017.2589 39.2966
2017.2616 40.3329
2017.2644 45.1779
2017.2671 43.4518
2017.2699 41.7047
2017.2726 45.1068
2017.2753 44.5983
2017.2781 42.6293
2017.2808 44.5100
2017.2836 41.5105
2017.2863 39.9809
2017.2890 41.6415
2017.2918 40.7924
2017.2945 40.0237
2017.2973 45.9756
2017.3000 39.4583
2017.3027 42.1719
2017.3055 43.9065
2017.3082 43.5524
2017.3110 44.3296
2017.3137 41.2083
2017.3164 43.4388
2017.3192 40.0610
2017.3219 50.1053
2017.3247 38.6817
2017.3274 39.5804
2017.3301 37.9213
2017.3329 39.4627
2017.3356 41.3642
2017.3384 37.5459
2017.3411 40.3378
2017.3438 38.6899
2017.3466 40.9021
2017.3493 37.9344
2017.3521 37.8470
2017.3548 40.3397
2017.3575 40.4725
2017.3603 39.8955
2017.3630 39.8087
2017.3658 42.1921
2017.3685 42.1755
2017.3712 38.7692
2017.3740 43.2230
2017.3767 39.9869
2017.3794 40.9710
2017.3822 43.8152
2017.3849 39.5796
2017.3877 42.8641
2017.3904 39.1388
2017.3931 37.4636
2017.3959 34.6785
2017.3986 35.7036
2017.4014 35.6988
2017.4041 35.1142
2017.4068 37.1397
2017.4096 38.5953
2017.4123 36.3611
2017.4151 38.2270
2017.4178 37.9433
2017.4205 41.1098
2017.4233 40.4166
2017.4260 41.2236
2017.4288 39.4808
2017.4315 37.9681
2017.4342 40.5956
2017.4370 38.4332
2017.4397 36.0509
2017.4425 33.9387
2017.4452 32.5966
2017.4479 33.2044
2017.4507 34.8823
2017.4534 36.4802
2017.4562 39.5980
2017.4589 37.6257
2017.4616 32.0534
2017.4644 34.7509
2017.4671 39.4883
2017.4699 36.0256
2017.4726 40.4726
2017.4753 37.9095
2017.4781 44.5861
2017.4808 42.8224
2017.4836 35.2385
2017.4863 34.7842
2017.4890 36.5197
2017.4918 33.7948
2017.4945 36.9495
2017.4973 33.7837
2017.5000 34.1468
2017.5027 32.3388
2017.5055 34.4099
2017.5082 36.7499
2017.5110 35.9291
2017.5137 35.4076
2017.5164 35.5853
2017.5192 36.0525
2017.5219 35.9691
2017.5247 31.5653
2017.5274 31.0411
2017.5301 31.0066
2017.5329 32.9819
2017.5356 32.2271
2017.5384 33.2423
2017.5411 32.1176
2017.5438 29.6929
2017.5466 27.6585
2017.5493 30.7343
2017.5521 28.2506
2017.5548 32.6473
2017.5575 32.9245
2017.5603 30.1224
2017.5630 26.7710
2017.5658 28.7703
2017.5685 25.9306
2017.5712 28.1917
2017.5740 30.0939
2017.5767 33.4173
2017.5794 33.3418
2017.5822 31.4374
2017.5849 26.8132
2017.5877 30.6391
2017.5904 30.4149
2017.5931 25.7507
2017.5959 28.9665
2017.5986 29.8724
2017.6014 28.1282
2017.6041 27.8041
2017.6068 28.1099
2017.6096 26.1558
2017.6123 30.8016
2017.6151 30.9275
2017.6178 25.3334
2017.6205 26.8292
2017.6233 26.0051
2017.6260 26.1010
2017.6288 26.2068
2017.6315 23.5327
2017.6342 24.6186
2017.6370 28.0844
2017.6397 32.0603
2017.6425 31.9262
2017.6452 29.5620
2017.6479 29.5679
2017.6507 30.3238
2017.6534 35.5596
2017.6562 31.7355
2017.6589 26.9713
2017.6616 27.8871
2017.6644 28.9730
2017.6671 29.2988
2017.6699 30.5946
2017.6726 29.5704
2017.6753 29.6462
2017.6781 30.6721
2017.6808 28.2279
2017.6836 31.6137
2017.6863 27.9095
2017.6890 34.8453
2017.6918 37.1311
2017.6945 35.1669
2017.6973 34.9627
2017.7000 35.1685
2017.7027 40.7143
2017.7055 40.9600
2017.7082 47.7258
2017.7110 42.2516
2017.7137 41.4074
2017.7164 41.1032
2017.7192 40.3489
2017.7219 40.0447
2017.7247 40.6105
2017.7274 42.1663
2017.7301 42.8520
2017.7329 41.9678
2017.7356 40.9836
2017.7384 41.3493
2017.7411 40.4351
2017.7438 41.8209
2017.7466 44.2866
2017.7493 38.9421
2017.7521 39.5558
2017.7548 40.7376
2017.7575 39.7675
2017.7603 41.7858
2017.7630 43.2826
2017.7658 44.9780
2017.7685 45.0420
2017.7712 41.6349
2017.7740 46.3368
2017.7767 46.9878
2017.7794 45.3279
2017.7822 44.7574
2017.7849 44.0464
2017.7877 42.3050
2017.7904 41.1532
2017.7931 39.8613
2017.7959 43.0994
2017.7986 42.7576
2017.8014 46.6960
2017.8041 45.3247
2017.8068 50.8239
2017.8096 47.0137
2017.8123 46.3542
2017.8151 45.8555
2017.8178 46.6278
2017.8205 49.6712
2017.8233 49.9358
2017.8260 47.9418
2017.8288 45.7893
2017.8315 46.3483
2017.8342 46.3505
2017.8370 43.6870
2017.8397 44.9675
2017.8425 45.9717
2017.8452 46.3293
2017.8479 45.1998
2017.8507 50.2830
2017.8534 53.0384
2017.8562 51.3559
2017.8589 49.6050
2017.8616 51.3854
2017.8644 48.7068
2017.8671 50.8887
2017.8699 51.1210
2017.8726 51.0432
2017.8753 51.8650
2017.8781 52.4861
2017.8808 51.4860
2017.8836 49.4246
2017.8863 48.9414
2017.8890 45.4262
2017.8918 46.9884
2017.8945 50.3780
2017.8973 47.3844
2017.9000 49.5973
2017.9027 44.6165
2017.9055 44.2015
2017.9082 43.7321
2017.9110 43.7279
2017.9137 42.6985
2017.9164 47.9743
2017.9192 45.5491
2017.9219 44.0336
2017.9247 46.0579
2017.9274 41.4220
2017.9301 44.1258
2017.9329 44.7095
2017.9356 44.2129
2017.9384 42.6862
2017.9411 42.2294
2017.9438 39.6525
2017.9466 43.0554
2017.9493 39.1983
2017.9521 38.9911
2017.9548 43.9138
2017.9575 40.8065
2017.9603 42.1192
2017.9630 40.7619
2017.9658 42.6846
2017.9685 43.0773
2017.9712 43.4001
2017.9740 44.4930
2017.9767 44.9460
2017.9795 40.4291
2017.9822 34.2123
2017.9849 38.2657
2017.9877 39.0692
2017.9904 40.3029
2017.9931 42.0068
2017.9959 43.2810
2017.9986 45.2653
2018.0014 44.6099
2018.0041 44.1646
2018.0068 44.0492
2018.0096 37.4039
2018.0123 41.7185
2018.0151 40.9232
2018.0178 42.6179
2018.0205 43.0326
2018.0233 45.9572
2018.0260 45.7619
2018.0288 47.2166
2018.0315 43.8813
2018.0342 45.7161
2018.0370 48.6108
2018.0397 44.0655
2018.0425 42.8202
2018.0452 45.1549
2018.0479 45.5796
2018.0507 48.6443
2018.0534 49.1690
2018.0562 47.4737
2018.0589 45.8085
2018.0616 46.8232
2018.0644 47.1678
2018.0671 45.0325
2018.0699 44.8872
2018.0726 48.8419
2018.0753 46.2766
2018.0781 46.0512
2018.0808 44.4859
2018.0836 48.1503
2018.0863 46.8344
2018.0890 44.3280
2018.0918 41.7214
2018.0945 43.5044
2018.0973 38.3972
2018.1000 40.3397
2018.1027 43.5021
2018.1055 43.6942
2018.1082 41.8262
2018.1110 44.4081
2018.1137 45.6999
2018.1164 45.3416
2018.1192 45.8933
2018.1219 44.4150
2018.1247 45.4768
2018.1274 43.7286
2018.1301 41.5006
2018.1329 40.3726
2018.1356 44.2849
2018.1384 42.2673
2018.1411 37.0899
2018.1438 37.3828
2018.1466 42.1260
2018.1493 44.2395
2018.1521 43.2934
2018.1548 42.8976
2018.1575 43.2623
2018.1603 44.2274
2018.1630 45.3142
2018.1658 44.2996
2018.1685 46.9243
2018.1712 46.5174
2018.1740 46.6985
2018.1767 51.7569
2018.1795 48.4120
2018.1822 46.0332
2018.1849 46.7698
2018.1877 41.5712
2018.1904 50.8869
2018.1931 48.1761
2018.1959 46.2283
2018.1986 44.9329
2018.2014 48.4192
2018.2041 45.5966
2018.2068 46.8145
2018.2096 48.0023
2018.2123 46.4493
2018.2151 49.3250
2018.2178 49.7087
2018.2205 47.7798
2018.2233 41.4177
2018.2260 43.9517
2018.2288 47.2213
2018.2315 38.3858
2018.2342 46.6047
2018.2370 44.7772
2018.2397 43.0627
2018.2425 49.9508
2018.2452 48.1706
2018.2479 44.3660
2018.2507 44.1711
2018.2534 44.5760
2018.2562 40.0606
2018.2589 41.8649
2018.2616 35.9691
2018.2644 38.2331
2018.2671 36.3869
2018.2699 35.7906
2018.2726 37.0642
2018.2753 38.1076
2018.2781 39.1010
2018.2808 41.2444
2018.2836 40.4377
2018.2863 40.6010
2018.2890 39.1143
2018.2918 39.4777
2018.2945 39.6511
2018.2973 42.1246
2018.3000 40.9182
2018.3027 36.5219
2018.3055 41.6058
2018.3082 41.1599
2018.3110 43.2541
2018.3137 39.4186
2018.3164 34.1033
2018.3192 34.1282
2018.3219 39.6735
2018.3247 37.3990
2018.3274 36.1049
2018.3301 36.9110
2018.3329 35.1472
2018.3356 35.8334
2018.3384 35.7796
2018.3411 36.9257
2018.3438 38.8019
2018.3466 37.9680
2018.3493 37.7842
2018.3521 38.1403
2018.3548 42.2965
2018.3575 41.7927
2018.3603 41.8588
2018.3630 40.8450
2018.3658 43.5813
2018.3685 42.7575
2018.3712 40.7238
2018.3740 45.3501
2018.3767 39.3764
2018.3794 40.7927
2018.3822 41.9191
2018.3849 40.2656
2018.3877 44.1721
2018.3904 42.7986
2018.3931 39.4752
2018.3959 39.0319
2018.3986 38.4586
2018.4014 40.1253
2018.4041 41.2622
2018.4068 38.7591
2018.4096 39.9760
2018.4123 38.8331
2018.4151 37.5806
2018.4178 43.1390
2018.4205 44.5782
2018.4233 41.1881
2018.4260 42.3486
2018.4288 42.6797
2018.4315 44.6813
2018.4342 44.3633
2018.4370 46.5256
2018.4397 45.1083
2018.4425 46.1711
2018.4452 44.4640
2018.4479 40.0270
2018.4507 40.4100
2018.4534 40.3129
2018.4562 42.9356
2018.4589 42.5781
2018.4616 42.3903
2018.4644 42.0620
2018.4671 41.1134
2018.4699 45.1642
2018.4726 43.1444
2018.4753 41.6139
2018.4781 46.5626
2018.4808 48.6306
2018.4836 49.7176
2018.4863 44.5637
2018.4890 44.1087
2018.4918 47.1027
2018.4945 45.2354
2018.4973 47.9870
2018.5000 47.6284
2018.5027 49.7496
2018.5055 49.7208
2018.5082 38.5318
2018.5110 49.3528
2018.5137 51.1637
2018.5164 55.8545
2018.5192 49.0652
2018.5219 49.2359
2018.5247 48.6165
2018.5274 47.3870
2018.5301 44.5876
2018.5329 47.9680
2018.5356 51.9885
2018.5384 53.3089
2018.5411 53.2693
2018.5438 49.9897
2018.5466 47.8400
2018.5493 54.0804
2018.5521 52.3208
2018.5548 51.0412
2018.5575 54.6016
2018.5603 51.1420
2018.5630 53.9725
2018.5658 51.2230
2018.5685 51.9035
2018.5712 51.3141
2018.5740 53.9847
2018.5767 50.8254
2018.5794 49.3162
2018.5822 47.4670
2018.5849 49.9779
2018.5877 53.6288
2018.5904 56.1397
2018.5931 51.7107
2018.5959 53.0116
2018.5986 52.5326
2018.6014 54.1736
2018.6041 58.3247
2018.6068 55.7957
2018.6096 50.5368
2018.6123 53.0378
2018.6151 54.2989
2018.6178 59.2199
2018.6205 54.4310
2018.6233 50.4421
2018.6260 52.3132
2018.6288 52.1842
2018.6315 58.1553
2018.6342 55.8064
2018.6370 54.0674
2018.6397 57.7784
2018.6425 56.4795
2018.6452 55.4905
2018.6479 53.9315
2018.6507 53.1325
2018.6534 52.7334
2018.6562 58.4643
2018.6589 58.8453
2018.6616 60.0261
2018.6644 60.0570
2018.6671 59.7671
2018.6699 58.5157
2018.6726 63.2130
2018.6753 64.4991
2018.6781 63.1740
2018.6808 67.9379
2018.6836 62.0208
2018.6863 59.1230
2018.6890 58.4744
2018.6918 58.3652
2018.6945 59.5655
2018.6973 55.8154
2018.7000 55.3551
2018.7027 57.8545
2018.7055 58.4639
2018.7082 57.5232
2018.7110 51.3427
2018.7137 51.9525
2018.7164 53.1526
2018.7192 52.7331
2018.7219 54.7142
2018.7247 52.3859
2018.7274 47.5184
2018.7301 53.4618
2018.7329 51.4662
2018.7356 47.4216
2018.7384 50.3382
2018.7411 55.2361
2018.7466 52.6061
2018.7493 52.6885
2018.7521 49.8519
2018.7548 49.2564
2018.7575 45.3518
2018.7603 46.8781
2018.7630 46.5252
2018.7658 50.5031
2018.7685 50.6417
2018.7712 47.7309
2018.7740 47.8206
2018.7767 50.2709
2018.7794 49.1016
2018.7822 50.0027
2018.7849 54.8241
2018.7877 47.8558
2018.7904 49.0276
2018.7931 47.9496
2018.7959 52.1816
2018.7986 51.0636
2018.8014 49.9956
2018.8041 50.4374
2018.8068 52.4190
2018.8096 52.6804
2018.8123 54.1315
2018.8151 53.8521
2018.8178 52.4723
2018.8205 56.0821
2018.8233 57.7712
2018.8260 55.4997
2018.8288 53.8575
2018.8315 57.6545
2018.8342 53.9809
2018.8370 51.5667
2018.8397 52.4520
2018.8425 55.5068
2018.8452 54.7612
2018.8479 58.7752
2018.8507 53.4288
2018.8534 51.0021
2018.8562 56.6652
2018.8589 53.0779
2018.8616 57.5805
2018.8644 56.3929
2018.8671 56.6751
2018.8699 58.9373
2018.8726 55.8593
2018.8753 53.0914
2018.8781 56.9734
2018.8808 53.9555
2018.8836 50.3476
2018.8863 51.7099
2018.8890 50.6523
2018.8918 50.8349
2018.8945 50.0477
2018.8973 49.8708
2018.9000 49.5741
2018.9027 46.2778
2018.9055 49.9119
2018.9082 46.8864
2018.9110 48.2413
2018.9137 50.1366
2018.9164 50.1629
2018.9192 45.3121
2018.9219 44.3944
2018.9247 43.3497
2018.9274 44.2376
2018.9301 48.1579
2018.9329 48.6104
2018.9356 44.6448
2018.9384 44.2409
2018.9411 43.5085
2018.9438 44.6773
2018.9466 46.4271
2018.9493 46.0676
2018.9521 48.7486
2018.9548 43.3099
2018.9575 42.1212
2018.9603 41.7723
2018.9630 43.8030
2018.9658 44.6529
2018.9685 45.0220
2018.9712 46.2598
2018.9740 45.8063
2018.9767 47.2911
2018.9795 46.3640
2018.9822 49.1548
2018.9849 48.3033
2018.9877 46.9691
2018.9904 48.8721
2018.9931 48.6820
2018.9959 49.0186
2018.9986 50.4417
2019.0014 50.4311
2019.0041 50.0274
2019.0068 45.4611
2019.0096 49.1722
2019.0123 50.9810
2019.0151 55.4476
2019.0178 50.5523
2019.0205 48.7953
2019.0233 47.5868
2019.0260 42.3069
2019.0288 44.6958
2019.0315 44.3338
2019.0342 49.8810
2019.0370 49.5977
2019.0397 49.2239
2019.0425 49.8801
2019.0452 49.0462
2019.0479 47.4826
2019.0507 48.8393
2019.0534 47.0367
2019.0562 50.7749
2019.0589 48.9741
2019.0616 47.6945
2019.0644 48.3363
2019.0671 49.4596
2019.0699 46.8348
2019.0726 50.5119
2019.0753 52.7712
2019.0781 53.2129
2019.0808 49.9972
2019.0836 40.4228
2019.0863 44.9787
2019.0890 45.8447
2019.0918 45.9208
2019.0945 48.8871
2019.0973 52.1035
2019.1000 51.6700
2019.1027 52.3266
2019.1055 50.6032
2019.1082 45.2599
2019.1110 40.3167
2019.1137 42.8835
2019.1164 45.9103
2019.1192 47.3771
2019.1219 47.7639
2019.1247 49.8406
2019.1274 50.1074
2019.1301 46.6340
2019.1329 46.9606
2019.1356 45.4171
2019.1384 45.7435
2019.1411 50.0298
2019.1438 49.9760
2019.1466 51.2821
2019.1493 54.9979
2019.1521 51.2137
2019.1548 50.8992
2019.1575 51.4445
2019.1603 50.5496
2019.1630 46.7146
2019.1658 47.1393
2019.1685 45.5739
2019.1712 49.0285
2019.1740 47.8729
2019.1767 47.6072
2019.1795 46.7814
2019.1822 48.0255
2019.1849 45.1495
2019.1877 48.5935
2019.1904 49.6374
2019.1931 47.7713
2019.1959 48.1451
2019.1986 45.7389
2019.2014 48.1627
2019.2041 48.2765
2019.2068 45.8903
2019.2096 43.4940
2019.2123 47.0978
2019.2151 44.8016
2019.2178 47.6555
2019.2205 45.5394
2019.2233 45.4633
2019.2260 47.1374
2019.2288 47.4614
2019.2315 49.4856
2019.2342 49.4398
2019.2370 44.7542
2019.2397 47.2286
2019.2425 46.9932
2019.2452 45.5079
2019.2479 45.0129
2019.2507 44.3684
2019.2534 45.4844
2019.2562 46.3609
2019.2589 44.0578
2019.2616 49.1052
2019.2644 45.6931
2019.2671 50.0515
2019.2699 45.7603
2019.2726 47.3695
2019.2753 45.9492
2019.2781 43.2293
2019.2808 45.3099
2019.2836 42.1409
2019.2863 41.2823
2019.2890 44.8342
2019.2918 44.5164
2019.2945 41.0991
2019.2973 39.5321
2019.3000 44.9756
2019.3027 43.8194
2019.3055 42.9636
2019.3082 44.7182
2019.3110 43.3832
2019.3137 43.7485
2019.3164 44.5442
2019.3192 42.7103
2019.3219 45.3167
2019.3247 47.7134
2019.3274 44.6205
2019.3301 44.3883
2019.3329 45.0990
2019.3356 43.5628
2019.3384 47.6994
2019.3411 49.8987
2019.3438 48.9703
2019.3466 46.4942
2019.3493 44.2700
2019.3521 42.6875
2019.3548 43.0565
2019.3575 43.0967
2019.3603 38.1280
2019.3630 40.1102
2019.3658 36.4729
2019.3685 32.6659
2019.3712 35.1192
2019.3740 35.6823
2019.3767 32.6450
2019.3822 33.3788
2019.3849 33.9992
2019.3904 36.8062
2019.4123 33.9188
2019.4178 35.6209
2019.4233 34.9323
2019.4288 32.3728
2019.4315 33.1278
2019.4425 32.6356
2019.4452 35.6596
2019.4479 32.6833
2019.4507 35.7468
2019.4534 35.7302
2019.4562 40.7633
2019.4589 35.7962
2019.4616 36.5989
2019.4644 39.1514
2019.4671 38.4137
2019.4699 37.5558
2019.4726 41.0877
2019.4753 38.3194
2019.4781 39.9408
2019.4808 42.1920
2019.4836 43.0831
2019.4863 44.0639
2019.4890 43.8445
2019.4918 44.0649
2019.4945 46.0051
2019.4973 43.7950
2019.5000 40.8147
2019.5027 36.8240
2019.5055 35.0431
2019.5082 39.2619
2019.5110 43.4205
2019.5137 40.0989
2019.5164 42.1571
2019.5192 42.1652
2019.5219 41.6533
2019.5247 45.0212
2019.5274 41.0491
2019.5301 42.8270
2019.5329 46.2949
2019.5356 45.0028
2019.5384 43.3709
2019.5411 40.1390
2019.5438 43.8372
2019.5466 41.0356
2019.5493 39.8942
2019.5521 42.4831
2019.5548 41.4221
2019.5575 41.5815
2019.5603 46.9511
2019.5630 45.4511
2019.5658 48.8114
2019.5685 45.3722
2019.5712 48.8333
2019.5740 49.8349
2019.5767 46.6170
2019.5794 46.3596
2019.5822 48.8527
2019.5849 44.6459
2019.5877 46.5192
2019.5904 48.5526
2019.5931 46.0160
2019.5959 46.6595
2019.5986 49.0231
2019.6014 44.4068
2019.6041 45.9805
2019.6068 47.2543
2019.6096 49.5582
2019.6123 51.4022
2019.6151 53.5562
2019.6178 48.3803
2019.6205 43.3444
2019.6233 45.7286
2019.6260 53.9829
2019.6288 53.1272
2019.6315 54.3816
2019.6342 55.6460
2019.6370 52.0105
2019.6397 51.8851
2019.6425 48.6697
2019.6452 51.9543
2019.6479 54.4190
2019.6507 51.6938
2019.6534 53.3986
2019.6562 52.0634
2019.6589 49.9383
2019.6616 47.5933
2019.6644 47.4883
2019.6671 52.9133
2019.6699 50.7583
2019.6726 55.8733
2019.6753 54.0184
2019.6781 49.3934
2019.6808 49.4085
2019.6836 50.1336
2019.6863 48.9086
2019.6890 48.0137
2019.6918 51.3489
2019.6945 49.3340
2019.6973 43.1591
2019.7000 53.6343
2019.7027 43.6995
2019.7055 42.8547
2019.7082 51.1899
2019.7110 51.8051
2019.7137 47.4203
2019.7164 46.6856
2019.7192 48.8209
2019.7219 50.9161
2019.7247 51.0415
2019.7274 48.6368
2019.7301 50.0621
2019.7329 49.3575
2019.7356 45.7129
2019.7384 46.7083
2019.7411 47.6537
2019.7438 48.6492
2019.7466 54.7146
2019.7493 55.6801
2019.7521 57.5558
2019.7548 53.7815
2019.7575 53.6973
2019.7603 51.3932
2019.7630 52.0693
2019.7658 50.6554
2019.7685 53.0616
2019.7712 55.8078
2019.7740 55.2542
2019.7767 52.4706
2019.7794 51.2771
2019.7822 52.2336
2019.7849 52.6702
2019.7877 54.0069
2019.7904 54.8036
2019.7931 56.3703
2019.7959 58.8570
2019.7986 56.9638
2019.8014 53.3706
2019.8041 54.3474
2019.8068 49.2442
2019.8096 49.3811
2019.8123 53.1579
2019.8151 53.6547
2019.8178 52.9115
2019.8205 58.0083
2019.8233 55.4451
2019.8260 55.5918
2019.8288 58.1385
2019.8315 57.6052
2019.8342 56.5624
2019.8370 57.0804
2019.8397 55.0594
2019.8425 55.4591
2019.8452 55.9296
2019.8479 56.7907
2019.8507 55.5823
2019.8534 57.7344
2019.8562 55.4770
2019.8589 58.3098
2019.8616 52.0629
2019.8644 57.5162
2019.8671 55.3396
2019.8699 58.2129
2019.8726 58.5963
2019.8753 56.4795
2019.8781 55.2025
2019.8808 54.5152
2019.8836 51.4575
2019.8863 49.6194
2019.8890 50.9008
2019.8918 50.7315
2019.8945 50.0917
2019.8973 51.3310
2019.9000 49.9196
2019.9027 49.3672
2019.9055 69.0239
2019.9082 59.2395
2019.9110 53.0740
2019.9137 44.1372
2019.9164 48.4890
2019.9192 50.0281
2019.9219 49.6944
2019.9247 50.3581
2019.9274 49.4793
2019.9301 51.5683
2019.9329 49.8153
2019.9356 47.7503
2019.9384 47.6136
2019.9411 48.0853
2019.9438 50.7656
2019.9466 70.5848
2019.9493 59.9928
2019.9521 57.1300
2019.9548 55.4765
2019.9575 57.2525
2019.9603 57.5982
2019.9630 57.7036
2019.9658 59.9290
2019.9685 59.8147
2019.9712 63.6106
2019.9740 60.6171
2019.9767 64.3942
2019.9795 63.7022
2019.9822 62.7713
2019.9849 60.8015
2019.9877 63.2431
2019.9904 64.1763
2019.9931 64.0712
2019.9959 66.0580
2019.9986 61.8768
2020.0014 60.0077
2020.0041 60.6188
2020.0068 63.6500
2020.0096 59.4912
2020.0123 64.9924
2020.0150 62.1336
2020.0178 64.9049
2020.0205 59.0862
2020.0232 62.4675
2020.0260 59.8188
2020.0287 57.9102
2020.0314 58.3816
2020.0342 56.2130
2020.0369 61.6544
2020.0396 60.2959
2020.0423 60.8074
2020.0451 62.4189
2020.0478 59.3305
2020.0505 61.5620
2020.0533 60.5436
2020.0560 59.2053
2020.0587 58.3669
2020.0615 60.2386
2020.0642 62.7904
2020.0669 63.9421
2020.0697 56.5639
2020.0724 63.7457
2020.0751 60.7675
2020.0779 57.5294
2020.0806 61.9513
2020.0833 56.5832
2020.0861 66.2350
2020.0888 67.7069
2020.0915 64.7387
2020.0943 64.4304
2020.0970 65.8122
2020.0997 63.1840
2020.1025 62.5458
2020.1052 65.1577
2020.1079 59.9996
2020.1107 65.2216
2020.1134 61.6536
2020.1161 61.4357
2020.1189 63.9379
2020.1216 64.7002
2020.1243 64.6626
2020.1270 64.5251
2020.1298 59.8477
2020.1325 61.2806
2020.1352 63.1335
2020.1380 63.1666
2020.1407 62.9200
2020.1434 65.6735
2020.1462 65.2572
2020.1489 60.2411
2020.1516 61.8852
2020.1544 61.9996
2020.1571 60.1442
2020.1598 59.3691
2020.1626 63.6243
2020.1653 64.9414
2020.1680 61.3605
2020.1708 61.4216
2020.1735 61.3546
2020.1762 63.7292
2020.1790 59.7554
2020.1817 63.7431
2020.1844 62.9221
2020.1872 59.1422
2020.1899 62.4535
2020.1926 61.3457
2020.1954 60.5787
2020.1981 66.4724
2020.2008 63.6766
2020.2035 62.7313
2020.2063 63.2163
2020.2090 60.1815
2020.2117 62.6767
2020.2145 61.4619
2020.2172 62.9068
2020.2199 60.1215
2020.2227 57.7556
2020.2254 61.7092
2020.2281 63.3421
2020.2309 59.8342
2020.2336 63.8153
2020.2363 64.1853
2020.2391 65.7941
2020.2418 65.1915
2020.2445 64.4575
2020.2473 58.6722
2020.2500 56.6663
2020.2527 59.9199
2020.2555 63.9431
2020.2582 60.2359
2020.2609 64.9082
2020.2637 65.1603
2020.2664 64.1420
2020.2691 68.4536
2020.2719 63.8348
2020.2746 66.7460
2020.2773 73.2170
2020.2801 66.8478
2020.2828 64.4687
2020.2855 63.0395
2020.2882 61.6104
2020.2910 62.3413
2020.2937 63.3324
2020.2964 68.4236
2020.2992 66.3950
2020.3019 64.9966
2020.3046 64.5385
2020.3074 61.7208
2020.3101 69.4233
2020.3128 64.3263
2020.3156 63.7397
2020.3183 62.6036
2020.3210 63.0780
2020.3238 62.1830
2020.3265 58.9485
2020.3292 61.0847
2020.3320 55.9217
2020.3347 56.9696
2020.3374 62.0481
2020.3402 58.4274
2020.3429 64.8373
2020.3456 58.6178
2020.3484 62.4688
2020.3511 60.4003
2020.3538 60.0121
2020.3566 57.9043
2020.3593 53.5667
2020.3620 61.2794
2020.3648 62.2121
2020.3675 58.4949
2020.3702 58.8278
2020.3729 58.7706
2020.3757 60.4332
2020.3784 60.5157
2020.3811 58.0880
2020.3839 60.6399
2020.3866 57.3415
2020.3893 56.3227
2020.3921 60.2833
2020.3948 62.4635
2020.3975 61.1029
2020.4003 60.8118
2020.4030 56.0598
2020.4057 61.0971
2020.4085 60.8035
2020.4112 60.4490
2020.4139 64.2536
2020.4167 58.7380
2020.4194 63.4323
2020.4221 62.3464
2020.4249 64.2203
2020.4276 60.2542
2020.4303 61.5879
2020.4331 61.8315
2020.4358 65.4349
2020.4385 65.3783
2020.4413 60.8115
2020.4440 61.1346
2020.4467 57.9076
2020.4495 62.0606
2020.4522 66.7434
2020.4549 66.0862
2020.4576 63.0589
2020.4604 62.8015
2020.4631 65.0141
2020.4658 63.7766
2020.4686 61.7191
2020.4713 58.3715
2020.4740 60.3138
2020.4768 57.2661
2020.4795 60.2684
2020.4822 57.5907
2020.4850 56.1529
2020.4877 60.2052
2020.4904 58.6374
2020.4932 64.5296
2020.4959 58.4918
2020.4986 58.9740
2020.5014 58.8563
2020.5041 60.3985
2020.5068 58.7407
2020.5096 59.4329
2020.5123 57.7651
2020.5150 57.6772
2020.5178 62.5293
2020.5205 59.3312
2020.5232 58.3032
2020.5260 62.2750
2020.5287 62.1267
2020.5314 64.1783
2020.5342 67.9998
2020.5369 60.6612
2020.5396 63.7724
2020.5423 58.0835
2020.5451 65.8444
2020.5478 60.7851
2020.5505 55.1656
2020.5533 58.2859
2020.5560 59.0561
2020.5587 60.5560
2020.5615 60.5756
2020.5642 63.8550
2020.5669 65.3842
2020.5697 66.2431
2020.5724 64.6518
2020.5751 65.0001
2020.5779 62.1781
2020.5806 63.0359
2020.5833 65.0127
2020.5861 68.5278
2020.5888 65.2414
2020.5915 65.6136
2020.5943 65.6843
2020.5970 61.6738
2020.5997 60.1922
2020.6025 61.7095
2020.6052 62.5158
2020.6079 61.5213
2020.6107 61.3161
2020.6134 59.5802
2020.6161 63.4238
2020.6189 54.1169
2020.6216 58.9497
2020.6243 58.1622
2020.6270 58.5547
2020.6298 54.3370
2020.6325 57.8095
2020.6352 59.0921
2020.6380 59.7351
2020.6407 53.5284
2020.6434 60.2221
2020.6462 68.6565
2020.6489 65.1215
2020.6516 62.4074
2020.6544 57.9341
2020.6571 56.0518
2020.6598 61.4006
2020.6626 57.9406
2020.6653 60.2118
2020.6680 59.0734
2020.6708 61.4450
2020.6735 59.9368
2020.6762 62.8386
2020.6790 62.5305
2020.6817 61.5426
2020.6844 59.4048
2020.6872 54.5871
2020.6899 60.4795
2020.6926 58.6522
2020.6954 61.4749
2020.6981 65.6379
2020.7008 65.0311
2020.7035 58.8944
2020.7063 56.7080
2020.7090 59.8818
2020.7117 56.9858
2020.7145 57.4701
2020.7172 60.1846
2020.7199 59.1694
2020.7227 57.0845
2020.7254 55.2399
2020.7281 57.9856
2020.7309 56.7315
2020.7336 56.3378
2020.7363 59.1544
2020.7391 59.7514
2020.7418 60.0187
2020.7445 59.2664
2020.7473 61.5745
2020.7500 64.8629
2020.7527 69.0116
2020.7555 66.0105
2020.7582 64.3296
2020.7609 65.2990
2020.7637 67.2887
2020.7664 65.1485
2020.7691 64.2886
2020.7719 64.2889
2020.7746 60.9894
2020.7773 59.7101
2020.7801 63.3110
2020.7828 62.1821
2020.7855 67.0833
2020.7882 65.7148
2020.7910 66.7764
2020.7937 62.5883
2020.7964 65.6202
2020.7992 63.8424
2020.8019 62.4447
2020.8046 66.4971
2020.8074 67.2397
2020.8101 63.3124
2020.8128 66.6753
2020.8156 65.7683
2020.8183 60.8314
2020.8210 63.7946
2020.8238 62.9880
2020.8265 62.9314
2020.8292 62.6250
2020.8320 60.6286
2020.8347 63.7125
2020.8374 62.3567
2020.8402 64.6612
2020.8429 62.7260
2020.8456 63.0811
2020.8484 58.6164
2020.8511 59.1420
2020.8538 59.7378
2020.8566 53.7539
2020.8593 62.6802
2020.8620 60.4666
2020.8648 66.0433
2020.8675 64.3502
2020.8702 64.1173
2020.8729 60.6645
2020.8757 62.8319
2020.8784 60.4395
2020.8811 55.9871
2020.8839 59.6949
2020.8866 58.0428
2020.8893 55.0208
2020.8921 60.2590
2020.8948 62.3971
2020.8975 62.7654
2020.9003 61.6137
2020.9030 62.3821
2020.9057 61.5905
2020.9085 60.5089
2020.9112 62.8273
2020.9139 65.0658
2020.9167 59.6146
2020.9194 64.9651
2020.9221 60.5675
2020.9249 63.7516
2020.9276 65.4472
2020.9303 70.3942
2020.9331 65.4924
2020.9358 64.0818
2020.9385 64.6622
2020.9413 64.1034
2020.9440 60.3453
2020.9467 63.8277
2020.9495 62.8805
2020.9522 66.1137
2020.9549 66.2869
2020.9576 68.9001
2020.9604 66.7632
2020.9631 64.5660
2020.9658 64.2183
2020.9686 64.6701
2020.9713 66.7112
2020.9740 65.1313
2020.9768 66.9805
2020.9795 64.8785
2020.9822 65.5153
2020.9850 67.1106
2020.9877 66.8444
2020.9904 65.2864
2020.9932 71.2966
2020.9959 68.8948
2020.9986 66.8508
2021.0014 68.5145
2021.0041 68.5551
2021.0068 68.4427
2021.0096 69.0675
2021.0123 65.5198
2021.0151 65.1697
2021.0178 65.7874
2021.0205 68.2031
2021.0233 66.8472
2021.0260 67.3396
2021.0288 71.0508
2021.0315 66.4608
2021.0342 64.2299
2021.0370 63.3383
2021.0397 63.2962
2021.0425 62.0838
2021.0452 62.6013
2021.0479 63.4889
2021.0507 61.1669
2021.0534 61.5454
2021.0562 63.0146
2021.0589 63.2048
2021.0616 69.1761
2021.0644 71.6688
2021.0671 66.4231
2021.0699 70.3992
2021.0726 68.6972
2021.0753 66.4075
2021.0781 66.0201
2021.0808 64.7354
2021.0836 72.4220
2021.0863 67.9388
2021.0890 68.4557
2021.0918 69.5127
2021.0945 67.7699
2021.0973 67.6672
2021.1000 64.7847
2021.1027 66.1124
2021.1055 63.9502
2021.1082 69.4483
2021.1110 67.3765
2021.1137 65.9349
2021.1164 67.9636
2021.1192 68.4525
2021.1219 67.5616
2021.1247 67.7210
2021.1274 67.8906
2021.1301 68.1505
2021.1329 64.8607
2021.1356 65.9912
2021.1384 59.4820
2021.1411 67.2531
2021.1438 67.2045
2021.1466 68.5762
2021.1493 67.6582
2021.1521 66.4707
2021.1548 67.9434
2021.1575 67.8066
2021.1603 67.8701
2021.1630 67.3640
2021.1658 65.4388
2021.1685 62.8944
2021.1712 65.3507
2021.1740 68.2477
2021.1767 65.5554
2021.1795 65.3436
2021.1822 69.4023
2021.1849 64.4714
2021.1877 64.9509
2021.1904 67.7007
2021.1931 67.9607
2021.1959 65.2309
2021.1986 69.0712
2021.2014 67.1216
2021.2041 68.2819
2021.2068 69.7622
2021.2096 69.6423
2021.2123 69.3722
2021.2151 67.1618
2021.2178 67.7111
2021.2205 72.0200
2021.2233 67.0384
2021.2726 71.7190
2021.2753 67.6118
2021.2781 69.5742
2021.2808 71.8363
2021.2836 67.1981
2021.2863 71.6698
2021.2890 75.5214
2021.2918 70.9530
2021.2945 66.7047
2021.2973 64.1965
2021.3000 70.4686
2021.3027 71.8610
2021.3055 64.4639
2021.3082 63.1372
2021.3110 65.2311
2021.3137 64.4956
2021.3164 61.7409
2021.3192 63.4270
2021.3219 65.9739
2021.3247 62.9919
2021.3274 64.7109
2021.3301 62.0010
2021.3329 60.8420
2021.3356 61.4638
2021.3384 64.5064
2021.3411 64.4797
2021.3438 65.0137
2021.3466 61.9982
2021.3493 64.4732
2021.3521 67.4887
2021.3548 66.8946
2021.3575 66.1708
2021.3603 68.4673
2021.3630 71.0740
2021.3658 68.1709
2021.3685 62.8678
2021.3712 68.1248
2021.3740 63.4318
2021.3767 65.5287
2021.3794 70.6555
2021.3822 66.2320
2021.3849 65.6383
2021.3877 64.6243
2021.3904 63.3098
2021.3931 67.4650
2021.3959 69.0596
2021.3986 67.7436
2021.4014 72.7971
2021.4041 73.3898
2021.4068 69.3418
2021.4096 70.8930
2021.4123 74.0033
2021.4151 67.5225
2021.4178 70.8404
2021.4205 57.0672
2021.4233 68.6528
2021.4260 71.9375
2021.4288 68.2413
2021.4315 67.5643
2021.4342 70.3666
2021.4370 67.6982
2021.4397 72.8294
2021.4425 72.8401
2021.4452 69.1505
2021.4479 68.7907
2021.4507 67.0208
2021.4534 69.8808
2021.4562 70.2209
2021.4589 69.3011
2021.4616 72.2615
2021.4644 76.7323
2021.4671 72.3536
2021.4699 75.6453
2021.4726 70.2777
2021.4753 71.0808
2021.4781 72.0647
2021.4808 70.7695
2021.4836 69.7053
2021.4863 68.6822
2021.4890 66.1103
2021.4918 65.7097
2021.4945 68.1505
2021.4973 72.6926
2021.5000 72.5356
2021.5027 71.8293
2021.5055 70.4636
2021.5082 68.1885
2021.5110 71.1740
2021.5137 62.9600
2021.5164 67.5465
2021.5192 63.8233
2021.5219 62.3606
2021.5247 70.1081
2021.5274 71.4059
2021.5301 70.4639
2021.5329 68.4821
2021.5356 69.1004
2021.5384 72.0188
2021.5411 70.3472
2021.5438 69.2456
2021.5466 66.9939
2021.5493 65.9320
2021.5521 68.2900
2021.5548 69.9678
2021.5575 67.4953
2021.5603 67.1425
2021.5630 67.3594
2021.5658 64.5958
2021.5685 68.3217
2021.5712 65.2871
2021.5740 67.5820
2021.5767 65.5863
2021.5794 68.4399
2021.5822 71.0128
2021.5849 72.2853
2021.5877 69.4574
2021.5904 70.4991
2021.5931 70.4404
2021.5959 69.4815
2021.5986 68.2522
2021.6014 67.9828
2021.6041 64.6131
2021.6068 65.4833
2021.6096 65.5533
2021.6123 69.1332
2021.6151 63.5530
2021.6178 63.8228
2021.6205 68.2625
2021.6233 62.7923
2021.6260 61.7021
2021.6288 57.9020
2021.6315 59.7820
2021.6342 66.3922
2021.6370 60.8125
2021.6397 62.4130
2021.6425 67.9238
2021.6452 63.7849
2021.6479 67.2363
2021.6507 63.4980
2021.6534 65.4900
2021.6562 64.1325
2021.6589 65.1354
2021.6616 66.3988
2021.6644 63.9727
2021.6671 62.5772
2021.6699 60.5923
2021.6726 63.6181
2021.6753 62.7545
2021.6781 64.0714
2021.6808 66.2888
2021.6836 63.5467
2021.6863 66.3749
2021.6890 65.2835
2021.6918 68.8324
2021.6945 67.7815
2021.6973 66.9108
2021.7000 65.7403
2021.7027 68.4199
2021.7055 66.7895
2021.7082 69.9791
2021.7110 67.8987
2021.7137 66.8082
2021.7164 64.1476
2021.7192 69.7668
2021.7219 66.7957
2021.7247 70.3044
2021.7274 72.3227
2021.7301 75.0207
2021.7329 72.0482
2021.7356 70.6753
2021.7384 70.0318
2021.7411 69.3278
2021.7438 66.1531
2021.7466 68.5278
2021.7493 70.0518
2021.7521 67.6354
2021.7548 71.2886
2021.7575 70.1314
2021.7603 74.0539
2021.7630 75.7061
2021.7658 71.9280
2021.7685 74.6697
2021.7712 68.4311
2021.7740 68.6723
2021.7767 68.1634
2021.7794 67.3042
2021.7822 65.6650
2021.7849 68.5956
2021.7877 64.8562
2021.7904 63.5767
2021.7931 68.9071
2021.7959 64.3376
2021.7986 65.3181
2021.8014 64.4986
2021.8041 66.6691
2021.8068 70.2598
2021.8096 71.1306
2021.8123 69.2015
2021.8151 67.6825
2021.8178 69.2238
2021.8205 60.7653
2021.8233 65.6370
2021.8260 62.9390
2021.8288 60.7412
2021.8315 64.9138
2021.8342 61.4366
2021.8370 61.9596
2021.8397 63.3628
2021.8425 66.8061
2021.8452 64.6396
2021.8479 65.5233
2021.8507 62.9972
2021.8534 62.2212
2021.8562 66.2455
2021.8589 68.8100
2021.8616 63.6447
2021.8644 65.1096
2021.8671 64.7347
2021.8699 68.4101
2021.8726 70.0857
2021.8753 69.8415
2021.8781 66.5376
2021.8808 69.5239
2021.8836 66.3404
2021.8863 69.1072
2021.8918 69.6717
2021.8945 72.0293
2021.8973 71.5272
2021.9000 66.5653
2021.9027 72.2138
2021.9055 72.6326
2021.9082 73.3616
2021.9110 72.2010
2021.9164 71.3808
2021.9192 75.8226
2021.9219 75.9661
2021.9247 72.3412
2021.9274 68.0279
2021.9301 74.1059
2021.9329 67.2253
2021.9356 65.5558
2021.9384 67.0274
2021.9411 71.3699
2021.9438 72.5533
2021.9493 74.6022
2021.9521 71.1975
2021.9548 69.8133
2021.9575 70.6893
2021.9603 73.5655
2021.9630 77.6618
2021.9658 75.9381
2021.9685 75.5642
2021.9712 69.7201
2021.9740 66.1357
2021.9767 76.7008
2021.9795 69.2653
2021.9822 75.6991
2021.9849 75.6022
2021.9877 73.8643
2021.9904 69.9154
2021.9931 73.7755
2021.9959 73.7042
2021.9986 73.3817
2022.0014 75.5977
2022.0041 73.5624
2022.0068 73.9658
2022.0096 71.5381
2022.0123 66.9793
2022.0151 65.7995
2022.0178 69.2288
2022.0205 75.0373
2022.0233 72.4750
2022.0260 76.1622
2022.0288 79.2488
2022.0315 73.7150
2022.0342 74.1508
2022.0370 73.5963
2022.0397 76.6917
2022.0425 75.9169
2022.0452 75.6822
2022.0479 75.1575
2022.0507 75.1731
2022.0534 75.7388
2022.0562 72.5150
2022.0589 74.0815
2022.0616 72.0686
2022.0644 70.7964
2022.0671 74.8348
2022.0699 75.3040
2022.0726 75.8741
2022.0753 74.5852
2022.0781 78.1174
2022.0808 77.9007
2022.0836 78.7568
2022.0863 74.2668
2022.0890 75.7506
2022.0918 79.1576
2022.0945 77.5577
2022.0973 73.3104
2022.1000 74.1355
2022.1027 73.0725
2022.1055 71.6312
2022.1082 73.1912
2022.1110 71.8722
2022.1137 71.3338
2022.1164 69.3657
2022.1192 74.3576
2022.1219 74.1290
2022.1247 70.4198
2022.1274 68.4295
2022.1301 68.7578
2022.1329 73.7944
2022.1356 71.9189
2022.1384 71.3210
2022.1411 79.8404
2022.1438 70.6767
2022.1466 72.7296
2022.1493 70.3687
2022.1521 67.6537
2022.1548 71.6143
2022.1575 72.8502
2022.1603 72.4709
2022.1630 68.0168
2022.1658 72.5417
2022.1685 72.4360
2022.1712 72.0798
2022.1740 71.6032
2022.1767 73.9262
2022.1795 78.9587
2022.1822 73.8410
2022.1849 77.3329
2022.1877 79.4545
2022.1904 79.7559
2022.1931 77.9970
2022.1959 80.2180
2022.1986 78.3988
2022.2014 78.0095
2022.2041 76.3301
2022.2068 79.7506
2022.2096 80.5811
2022.2123 80.3416
2022.2151 81.7622
2022.2178 81.0728
2022.2205 74.2236
2022.2233 81.2144
2022.2260 79.8055
2022.2288 79.2467
2022.2315 77.9582
2022.2342 76.6200
2022.2370 77.0521
2022.2397 74.1545
2022.2425 74.4872
2022.2452 70.8404
2022.2479 78.1538
2022.2507 72.3172
2022.2534 79.2106
2022.2562 73.7240
2022.2589 80.3075
2022.3548 72.8411
2022.3575 75.3269
2022.3603 73.9236
2022.3630 74.8211
2022.3658 73.0996
2022.3685 73.3688
2022.3712 72.5589
2022.3740 71.3198
2022.3767 73.5114
2022.3794 76.7037
2022.3822 73.0268
2022.3849 72.8505
2022.3877 74.0449
2022.3904 77.2298
2022.3931 72.3154
2022.3959 71.7915
2022.3986 71.7082
2022.4014 69.3654
2022.4041 74.2730
2022.4068 75.0611
2022.4096 72.4397
2022.4123 73.7986
2022.4151 73.0698
2022.4178 69.3849
2022.4205 68.8336
2022.4233 70.9856
2022.4260 70.2306
2022.4288 70.0284
2022.4315 67.5587
2022.4342 75.1811
2022.4370 72.1753
2022.4397 73.5812
2022.4425 72.9183
2022.4452 73.9265
2022.4479 71.6653
2022.4507 71.4546
2022.4534 70.8841
2022.4562 73.0233
2022.4589 71.8522
2022.4616 68.9903
2022.4644 71.4374
2022.4671 71.7431
2022.4699 72.4873
2022.4726 73.4196
2022.4753 75.5597
2022.4781 70.4573
2022.4808 76.0722
2022.4836 75.7940
2022.4863 73.9025
2022.4890 73.2574
2022.4918 72.5184
2022.4945 74.6051
2022.4973 70.0279
2022.5000 71.7795
2022.5027 69.8406
2022.5055 72.8911
2022.5082 74.7211
2022.5110 73.5107
2022.5137 77.2298
2022.5164 78.8585
2022.5192 84.6070
2022.5219 76.7851
2022.5247 77.2530
2022.5274 73.8906
2022.5301 77.4381
2022.5329 77.5055
2022.5356 83.1028
2022.5384 72.0000
2022.5411 77.0472
2022.5438 78.0645
2022.5466 77.8819
2022.5493 76.5894
2022.5521 75.6270
2022.5548 76.0649
2022.5575 75.0830
2022.5603 71.1314
2022.5630 76.6801
2022.5658 75.9992
2022.5685 71.3687
2022.5712 73.0687
2022.5740 73.5292
2022.5767 75.4702
2022.5794 71.7218
2022.5822 73.1539
2022.5849 72.3963
2022.5877 74.3788
2022.5904 77.3415
2022.5931 78.3843
2022.5959 78.6972
2022.5986 71.6902
2022.6014 74.4833
2022.6041 76.1765
2022.6068 73.5897
2022.6096 70.5729
2022.6123 71.3662
2022.6151 71.9095
2022.6178 71.0727
2022.6205 71.4360
2022.6233 75.1092
2022.6260 78.2524
2022.6288 78.1455
2022.6315 74.4286
2022.6342 72.4215
2022.6370 76.1944
2022.6397 78.3971
2022.6425 81.5597
2022.6452 76.1821
2022.6479 74.5044
2022.6507 76.4865
2022.6534 79.2884
2022.6562 78.2002
2022.6589 80.6217
2022.6616 76.0129
2022.6644 77.5739
2022.6671 76.0447
2022.6699 78.8153
2022.6726 80.6456
2022.6753 76.5757
2022.6781 76.4857
2022.6808 80.5154
2022.6836 83.5150
2022.6863 86.9844
2022.6890 82.8837
2022.6918 78.1828
2022.6945 81.4918
2022.6973 81.0006
2022.7000 83.7393
2022.7027 78.8479
2022.7055 81.5864
2022.7110 78.9730
2022.7137 81.7612
2022.7164 75.7893
2022.7192 79.7574
2022.7219 80.0054
2022.7247 79.4333
2022.7274 77.1312
2022.7301 77.0991
2022.7329 79.5469
2022.7356 79.9048
2022.7384 82.4526
2022.7411 83.5804
2022.7438 79.0682
2022.7466 80.8161
2022.7493 78.3540
2022.7521 77.3523
2022.7548 73.0809
2022.7575 75.7497
2022.7603 76.9488
2022.7630 74.1080
2022.7658 76.8272
2022.7685 77.3364
2022.7712 78.8256
2022.7740 80.2846
2022.7767 77.8835
2022.7794 79.4020
2022.7822 78.4503
2022.7849 74.0681
2022.7877 80.5055
2022.7904 81.1223
2022.7931 80.4686
2022.7959 75.5042
2022.7986 79.4090
2022.8014 75.2431
2022.8041 75.9963
2022.8068 73.4886
2022.8096 72.8199
2022.8123 73.2601
2022.8151 74.9093
2022.8178 73.6572
2022.8205 73.5739
2022.8233 74.2792
2022.8260 72.8232
2022.8288 72.8558
2022.8315 75.6268
2022.8342 72.0568
2022.8370 73.9763
2022.8397 74.1854
2022.8425 76.0941
2022.8452 76.3124
2022.8479 72.2204
2022.8507 72.1580
2022.8534 80.7753
2022.8562 78.0024
2022.8589 72.3192
2022.8616 71.9057
2022.8644 75.6121
2022.8671 71.8784
2022.8699 77.0045
2022.8726 76.8005
2022.8753 74.9264
2022.8781 73.6422
2022.8808 81.8281
2022.8836 76.6039
2022.8863 75.8498
2022.8890 77.2857
2022.8918 76.6117
2022.8945 79.2478
2022.8973 76.5140
2022.9000 73.5605
2022.9027 70.5371
2022.9055 70.5139
2022.9082 69.7410
2022.9110 77.7183
2022.9137 74.1860
2022.9164 74.4039
2022.9192 74.7919
2022.9219 74.4099
2022.9247 76.6278
2022.9274 73.2857
2022.9301 72.4136
2022.9329 76.8015
2022.9356 75.2094
2022.9384 76.0472
2022.9411 79.0251
2022.9438 78.1230
2022.9466 78.4909
2022.9493 77.3588
2022.9521 78.1167
2022.9548 71.3946
2022.9575 74.0025
2022.9603 73.2405
2022.9630 77.0984
2022.9658 74.2364
2022.9685 75.3145
2022.9712 74.1225
2022.9740 75.8706
2022.9767 76.5487
2022.9795 76.0069
2022.9822 77.0351
2022.9849 74.2634
2022.9877 74.7517
2022.9904 76.6300
2022.9931 74.4284
2022.9959 74.1569
2022.9986 74.9654
