2010.0260 0.0202
2010.0288 2.3482
2010.0315 1.6256
2010.0342 1.4224
2010.0370 2.8988
2010.0397 2.1550
2010.0425 1.1312
2010.0452 1.4774
2010.0479 2.2939
2010.0507 1.0308
2010.0534 4.3183
2010.0562 2.4465
2010.0589 3.3056
2010.0616 2.9058
2010.0644 -1.9229
2010.0671 0.6897
2010.0699 0.5939
2010.0726 3.0497
2010.0753 3.0174
2010.0781 0.5970
2010.0808 1.4187
2010.0836 1.6717
2010.0863 -0.7053
2010.0890 2.3178
2010.0918 3.0011
2010.0945 1.1445
2010.0973 0.8080
2010.1000 -2.4284
2010.1027 -3.5046
2010.1055 -1.9908
2010.1082 -0.4568
2010.1110 -0.9527
2010.1137 6.2916
2010.1164 2.7460
2010.1192 1.6905
2010.1219 -0.0749
2010.1247 7.1698
2010.1274 0.3247
2010.1301 4.3797
2010.1329 6.8249
2010.1356 6.3101
2010.1384 1.7755
2010.1411 -4.4290
2010.1438 -2.0033
2010.1466 0.3825
2010.1493 3.6184
2010.1521 2.7445
2010.1548 2.8007
2010.1575 2.8070
2010.1603 0.1935
2010.1630 3.5301
2010.1658 1.2167
2010.1685 1.5535
2010.1712 7.6903
2010.1740 7.9673
2010.1767 -0.7558
2010.1795 0.9013
2010.1822 -0.1517
2010.1849 4.4955
2010.1877 1.1826
2010.1904 0.1598
2010.1931 -2.7629
2010.1959 -4.0157
2010.1986 -3.2784
2010.2014 -3.1411
2010.2041 -6.4738
2010.2068 -6.5965
2010.2096 -3.2692
2010.2123 -0.5219
2010.2151 -3.1047
2010.2178 -0.4274
2010.2205 -3.6902
2010.2233 -2.3330
2010.2260 -2.8258
2010.2288 -1.6387
2010.2315 -0.7817
2010.2342 0.0853
2010.2370 2.3623
2010.2397 -2.0708
2010.2425 -1.0240
2010.2452 -4.2773
2010.2479 -3.5513
2010.2507 8.1233
2010.2534 0.9766
2010.2562 3.6289
2010.2589 1.6002
2010.2616 5.4007
2010.2644 -2.4996
2010.2671 0.2295
2010.2699 -0.5518
2010.2726 4.7265
2010.2753 2.7047
2010.2781 4.3327
2010.2808 0.4308
2010.2836 2.4891
2010.2863 -0.2323
2010.2890 -1.1233
2010.2918 -1.0738
2010.2945 -3.0235
2010.2973 -6.5724
2010.3000 0.8196
2010.3027 5.7727
2010.3055 0.8869
2010.3082 -5.0574
2010.3110 -0.2204
2010.3137 1.9183
2010.3164 0.5686
2010.3192 0.3908
2010.3219 -1.7350
2010.3247 -2.1887
2010.3274 -2.6203
2010.3301 -1.8697
2010.3329 -3.3388
2010.3356 0.0122
2010.3384 -2.9367
2010.3411 0.0144
2010.3438 -2.8344
2010.3466 -6.2632
2010.3493 -2.6319
2010.3521 -5.0906
2010.3548 -3.2092
2010.3575 -3.4178
2010.3603 -3.3864
2010.3630 -4.2249
2010.3658 2.7566
2010.3685 1.2782
2010.3712 3.0497
2010.3740 2.9813
2010.3767 1.1629
2010.3794 0.3145
2010.3822 1.6462
2010.3849 0.1978
2010.3877 1.8394
2010.3904 -0.0389
2010.3931 2.9527
2010.3959 2.6144
2010.3986 2.5260
2010.4014 7.9976
2010.4041 7.7092
2010.4068 1.7308
2010.4096 4.0624
2010.4123 6.0939
2010.4151 3.1554
2010.4178 8.4070
2010.4205 8.5685
2010.4233 5.7400
2010.4260 5.8716
2010.4288 6.0531
2010.4315 -0.5653
2010.4342 0.0162
2010.4370 3.6878
2010.4397 4.4393
2010.4425 5.9909
2010.4452 4.3724
2010.4479 8.8740
2012.8320 1.9675
2012.8347 1.9043
2012.8374 1.5110
2012.8402 -1.3224
2012.8429 -3.5160
2012.8456 1.6503
2012.8484 -0.7436
2012.8511 0.0424
2012.8538 2.7283
2012.8566 -1.4960
2012.8593 -4.2804
2012.8620 -1.3950
2012.8648 0.8802
2012.8675 1.0253
2012.8702 5.5502
2012.8729 1.9649
2012.8757 0.6495
2012.8784 3.5639
2012.8811 3.3181
2012.8839 5.4522
2012.8866 4.7061
2012.8893 5.2097
2012.8921 5.5132
2012.8948 6.2965
2012.8975 -0.1904
2012.9003 2.9625
2012.9030 1.4852
2012.9057 -2.4623
2012.9085 0.9500
2012.9112 3.5821
2012.9139 6.5240
2012.9167 5.7856
2012.9194 6.3264
2012.9221 3.1665
2012.9249 4.5259
2012.9276 5.0246
2012.9303 5.4727
2012.9331 4.3703
2012.9358 1.3575
2012.9385 5.3342
2012.9413 3.3905
2012.9440 4.2264
2012.9467 2.3522
2012.9495 0.4276
2012.9522 2.2429
2012.9549 4.4181
2012.9576 4.1433
2012.9604 3.2984
2012.9631 3.5135
2012.9658 3.8388
2012.9686 1.1042
2012.9713 -1.8603
2012.9740 2.5056
2012.9768 0.5517
2012.9795 2.7382
2012.9822 -1.7049
2012.9850 0.5424
2012.9877 2.8503
2012.9904 4.5587
2012.9932 3.2378
2012.9959 3.8575
2012.9986 2.7379
2013.0014 4.3291
2013.0041 3.5307
2013.0068 1.0230
2013.0096 1.2857
2013.0123 1.6090
2013.0151 2.2528
2013.0178 2.6271
2013.0205 1.9319
2013.0233 1.5771
2013.0260 4.6329
2013.0288 2.0092
2013.0315 4.0559
2013.0342 6.5231
2013.0370 4.0607
2013.0397 5.0688
2013.0425 3.2174
2013.0452 2.4164
2013.0479 0.7458
2013.0507 2.1556
2013.0534 -1.5541
2013.0562 0.6465
2013.0589 1.8576
2013.0616 4.2091
2013.0644 3.2409
2013.0671 2.6032
2013.0699 2.6558
2013.0726 2.2788
2013.0753 -0.5279
2013.0781 5.9458
2013.0808 3.4699
2013.0836 2.4942
2013.0863 2.6890
2013.0890 2.8941
2013.0918 5.0995
2013.0945 4.7453
2013.0973 6.0216
2013.1000 6.7482
2013.1027 6.0753
2013.1055 6.0828
2013.1082 5.3008
2013.1110 6.0692
2013.1137 3.6581
2013.1164 4.7675
2013.1192 2.3974
2013.1219 3.9779
2013.1247 2.4289
2013.1274 -0.3396
2013.1301 -0.1175
2013.1329 1.6052
2013.1356 3.0085
2013.1384 2.5124
2013.1411 2.3870
2013.1438 5.4721
2013.1466 -7.4820
2013.1493 11.1945
2013.1521 3.8316
2013.1548 4.8195
2013.1575 1.3781
2013.1603 2.7374
2013.1630 3.9774
2013.1658 -0.5122
2013.1685 2.5186
2013.1712 2.3396
2013.1740 -0.0890
2013.1767 -1.0773
2013.1795 -0.7253
2013.1822 -2.1631
2013.1849 -2.8706
2013.1877 1.7122
2013.1904 0.7252
2013.1931 2.7785
2013.1959 6.2920
2013.1986 1.6256
2013.2014 5.4195
2013.2041 1.1736
2013.2068 2.5678
2013.2096 4.9122
2013.2123 1.7168
2013.2151 0.3915
2013.2178 3.4763
2013.2205 -0.2188
2013.2233 -2.0338
2013.2260 -0.3587
2013.2288 3.3365
2013.2315 1.3418
2013.2342 6.8671
2013.2370 2.7224
2013.2397 1.7578
2013.2425 2.7532
2013.2452 6.9986
2013.2479 6.9448
2013.2507 5.2324
2013.2534 5.7213
2013.2562 1.8914
2013.2589 5.5225
2013.2616 2.0545
2013.2644 3.7874
2013.2671 4.1308
2013.2699 5.9448
2013.2726 3.4091
2013.2753 6.9337
2013.2781 5.5684
2013.2808 2.0731
2013.2836 1.4277
2013.2863 4.9619
2013.2890 10.9458
2013.2918 6.8891
2013.2945 4.8417
2013.2973 2.9236
2013.3000 -0.4155
2013.3027 -0.3857
2013.3055 1.6429
2013.3082 4.0402
2013.3110 2.5660
2013.3137 5.2802
2013.3164 2.6226
2013.3192 4.9032
2013.3219 4.4119
2013.3247 3.6283
2013.3274 3.9526
2013.3301 2.5646
2013.3329 4.5656
2013.3356 4.4358
2013.3384 -0.3348
2013.3411 -2.9161
2013.3438 -3.9081
2013.3466 -5.0507
2013.3493 0.1660
2013.3521 -2.2078
2013.3548 -3.0822
2013.3575 2.5229
2013.3603 -0.3225
2013.3630 -2.7584
2013.3658 -2.7246
2013.3685 1.6287
2013.3712 4.0717
2013.3740 -2.5256
2013.3767 -4.7032
2013.3794 -2.0710
2013.3822 -0.4290
2013.3849 -2.0572
2013.3877 -2.4656
2013.3904 -0.9440
2013.3931 -3.0226
2013.3959 0.2589
2013.3986 3.1103
2013.4014 6.0918
2013.4041 0.0133
2013.4068 3.0249
2013.4096 -2.0333
2013.4123 0.4386
2013.4151 0.2206
2013.4178 3.6727
2013.4205 -1.3753
2013.4260 -3.6412
2013.4370 5.2869
2013.4397 5.1990
2013.4425 -2.5590
2013.4589 -0.4570
2013.4644 -11.8231
2013.4671 -9.0812
2013.4781 -6.8736
2013.5493 13.3645
2013.5521 0.8654
2013.5548 2.4264
2013.5575 5.2774
2013.5740 -5.5829
2013.5822 -5.9753
2013.5849 -0.9020
2013.5877 0.1717
2013.5959 7.3759
2013.6041 -7.4861
2013.6096 -3.9724
2013.6123 -6.7351
2013.6205 -4.0716
2013.6260 -12.6950
2013.6288 -10.3064
2013.6315 -9.8677
2013.6342 -7.5289
2013.6370 -10.8000
2013.6397 -1.3210
2013.6425 -8.3621
2013.6452 -5.7731
2013.6479 -12.5641
2013.6507 -11.3152
2013.6562 -12.7276
2013.6589 -13.0889
2013.6616 -14.3204
2013.6644 -12.5721
2013.6671 -10.1936
2013.6699 -5.3145
2013.7521 -6.5900
2013.7548 2.5330
2013.7575 -4.9144
2013.7603 -2.0122
2013.7630 -2.6405
2013.7658 -4.4391
2013.7685 0.4618
2013.7712 -0.1375
2013.7740 2.0427
2013.7767 3.4627
2013.7794 4.2624
2013.7822 3.8718
2013.7849 1.6610
2013.7877 -1.3401
2013.7904 0.7986
2013.7931 0.9771
2013.7959 0.8855
2013.7986 3.1537
2013.8014 2.4618
2013.8041 0.8398
2013.8068 3.1978
2013.8096 3.1956
2013.8123 2.0534
2013.8151 0.7412
2013.8178 4.8090
2013.8205 3.0768
2013.8233 5.7347
2013.8260 4.9726
2013.8288 8.9107
2013.8315 4.1788
2013.8342 2.4370
2013.8370 4.0451
2013.8397 7.5732
2013.8425 8.4914
2013.8452 7.3094
2013.8479 5.3675
2013.8507 4.5455
2013.8534 5.7735
2013.8562 4.7015
2013.8589 9.4194
2013.8616 4.9973
2013.8644 2.7152
2013.8671 4.8730
2013.8699 3.6308
2013.8726 1.9785
2013.8753 2.4962
2013.8781 2.2238
2013.8808 4.1113
2013.8836 4.7088
2013.8863 2.9263
2013.8890 7.2437
2013.8918 3.7210
2013.8945 2.6483
2013.8973 2.6855
2013.9000 3.0626
2013.9027 3.5097
2013.9055 -0.1534
2013.9082 1.0235
2013.9110 -0.1296
2013.9137 -0.7229
2013.9164 1.8137
2013.9192 -1.4502
2013.9219 0.5554
2013.9247 1.8105
2013.9274 0.7851
2013.9301 -1.8607
2013.9329 -1.1370
2013.9356 -0.7535
2013.9384 3.6095
2013.9411 9.1323
2013.9438 0.8148
2013.9466 2.8271
2013.9493 2.2492
2013.9521 0.6212
2013.9548 2.4930
2013.9575 -0.1253
2013.9603 -1.8937
2013.9630 -2.0921
2013.9658 -2.6405
2013.9685 2.3812
2013.9712 1.8229
2013.9740 0.1947
2013.9767 0.2267
2013.9795 1.9188
2013.9822 4.6411
2013.9849 1.7237
2013.9877 6.7666
2013.9904 -0.1503
2013.9931 1.8832
2013.9959 0.0871
2013.9986 -1.7687
2014.0014 1.9360
2014.0041 0.8410
2014.0068 -1.0737
2014.0096 0.6819
2014.0123 0.6478
2014.0151 1.0141
2014.0178 -2.2393
2014.0205 -2.8324
2014.0233 0.8950
2014.0260 0.0427
2014.0288 -1.3493
2014.0315 0.6792
2014.0342 4.8181
2014.0370 -0.5626
2014.0397 -0.0529
2014.0425 2.0572
2014.0452 0.1679
2014.0479 4.8789
2014.0507 2.5604
2014.0534 -0.4375
2014.0562 1.4250
2014.0589 -3.1620
2014.0616 -2.8785
2014.0644 0.7455
2014.0671 2.2901
2014.0699 -0.7648
2014.0726 -0.0192
2014.0753 -0.5730
2014.0781 2.7938
2014.0808 1.9312
2014.0836 1.8396
2014.0863 1.0193
2014.0890 -2.0598
2014.0918 3.4124
2014.0945 3.1755
2014.0973 2.3297
2014.1000 -1.3552
2014.1027 -2.7293
2014.1055 4.4673
2014.1082 0.3245
2014.1110 0.8823
2014.1137 3.1405
2014.1164 1.2391
2014.1192 5.5180
2014.1219 7.5670
2014.1247 5.0862
2014.1274 6.3453
2014.1301 3.3744
2014.1329 1.9133
2014.1356 -0.4380
2014.1384 -1.0597
2014.1411 -0.1918
2014.1438 1.4556
2014.1466 14.2023
2014.1493 2.4684
2014.1521 1.0937
2014.1548 5.1180
2014.1575 5.3615
2014.1603 5.2239
2014.1630 1.6751
2014.1658 7.3853
2014.1685 3.3446
2014.1712 4.8030
2014.1740 2.8906
2014.1767 5.3575
2014.1795 6.0938
2014.1822 4.5795
2014.1849 3.3648
2014.1877 3.9996
2014.1904 5.3742
2014.1931 0.3386
2014.1959 -1.7272
2014.1986 1.9570
2014.2014 -1.0289
2014.2041 -2.4346
2014.2068 -1.7701
2014.2096 -0.0454
2014.2123 4.7497
2014.2151 1.2952
2014.2178 0.9712
2014.2205 -5.6022
2014.2233 -0.0449
2014.2260 -0.4069
2014.2288 3.4919
2014.2315 0.9117
2014.2342 4.6525
2014.2370 8.4843
2014.2397 9.0973
2014.2425 2.4415
2014.2452 12.8970
2014.2479 5.0436
2014.2507 7.6008
2014.2534 10.0285
2014.2562 3.7069
2014.2589 10.6458
2014.2616 7.2351
2014.2644 9.1949
2014.2671 5.2850
2014.2699 5.1055
2014.2726 2.8164
2014.2753 0.8574
2014.2781 0.9287
2014.2808 5.9702
2014.2836 4.2219
2014.2863 3.1736
2014.2890 0.5454
2014.2918 7.5572
2014.2945 5.7790
2014.2973 4.9607
2014.3027 4.3737
2014.3055 1.4750
2014.3082 -1.0940
2014.3110 1.7968
2014.3137 1.9972
2014.3164 3.2472
2014.3192 1.4569
2014.3219 -4.2939
2014.3247 -1.5051
2014.3274 -3.3269
2014.3301 -2.5892
2014.3329 -1.7316
2014.3356 0.8060
2014.3384 0.4135
2014.3411 -1.3690
2014.3438 -4.1716
2014.3466 -2.6942
2014.3493 -2.4569
2014.3521 -1.8696
2014.3548 -2.4925
2014.3575 -0.7154
2014.3603 -1.6584
2014.3630 0.3085
2014.3658 2.6853
2014.3685 5.0220
2014.3712 7.4586
2014.3740 5.9951
2014.3767 0.2615
2014.3794 7.8277
2014.3822 3.1538
2014.3849 2.0498
2014.3877 0.6257
2014.3904 1.3214
2014.3931 0.6869
2014.3959 -1.2477
2014.3986 -2.8724
2014.4014 -2.6673
2014.4041 -0.5624
2014.4068 1.8123
2014.4096 -3.6231
2014.4123 -3.9288
2014.4151 4.6551
2014.4178 6.6383
2014.4205 -0.3291
2014.4233 1.1628
2014.4260 -0.7159
2014.4288 -0.5550
2014.4315 -2.7947
2014.4342 -1.6748
2014.4370 -2.6652
2014.4397 -1.5360
2014.4425 -0.7271
2014.4452 1.0615
2014.4479 -0.5400
2014.4507 0.7383
2014.4534 3.2265
2014.4562 2.2146
2014.4589 4.2128
2014.4616 7.2709
2014.4644 0.3391
2014.4671 -0.6825
2014.7356 -15.3979
2014.7411 -11.6279
2014.7521 -7.7384
2014.7548 -6.2239
2014.7575 -5.9051
2014.7603 -2.6621
2014.7630 -8.0354
2014.9000 -1.1868
2014.9027 -7.0287
2014.9055 -1.5301
2014.9082 1.1090
2014.9110 1.2187
2014.9137 0.8089
2014.9164 -0.1104
2014.9192 5.4404
2014.9219 -1.3790
2014.9247 -2.8184
2014.9274 1.5521
2014.9301 1.2027
2014.9329 2.9431
2014.9356 5.4436
2014.9384 2.3741
2014.9411 5.7346
2014.9438 -0.0648
2014.9466 1.4859
2014.9493 -1.5934
2014.9521 2.9474
2014.9548 2.1383
2014.9575 1.9294
2014.9603 -1.8894
2014.9630 3.3919
2014.9658 0.1235
2014.9685 3.4752
2014.9712 -1.6828
2014.9740 1.1193
2014.9767 -0.9582
2014.9795 0.9744
2014.9822 2.4374
2014.9849 0.3806
2014.9877 2.4542
2014.9904 -0.9019
2014.9931 -2.4377
2014.9959 -0.2031
2014.9986 -1.1481
2015.0014 -1.9427
2015.0041 1.9836
2015.0068 7.0609
2015.0096 3.3990
2015.0123 0.2179
2015.0151 -0.2624
2015.0178 0.6379
2015.0205 -2.6412
2015.0233 -2.0696
2015.0260 -0.0176
2015.0288 -0.5552
2015.0315 2.9377
2015.0342 -0.0991
2015.0370 -2.1557
2015.0397 -2.7920
2015.0425 -2.3082
2015.0452 -4.7344
2015.0479 -3.2804
2015.0507 2.6934
2015.0534 3.9972
2015.0562 2.3009
2015.0589 -0.9357
2015.0616 0.8875
2015.0644 0.5703
2015.0671 2.1528
2015.0699 4.6148
2015.0726 -1.0637
2015.0753 0.1872
2015.0781 2.6976
2015.0808 2.2772
2015.0836 2.9657
2015.0863 1.8029
2015.0890 -1.5311
2015.0918 4.7737
2015.0945 2.7075
2015.1000 0.4225
2015.1027 -0.0261
2015.1055 5.9949
2015.1082 2.3254
2015.1110 0.6956
2015.1137 0.8956
2015.1164 1.1755
2015.1192 2.8455
2015.1219 2.2256
2015.1247 4.0160
2015.1274 2.7468
2015.1301 3.7682
2015.1329 1.8601
2015.1356 1.5828
2015.1384 2.8164
2015.1411 1.4110
2015.1438 2.9766
2015.1466 1.3635
2015.1493 0.7617
2015.1521 -1.9286
2015.1548 1.5226
2015.1575 -0.7344
2015.1603 0.2603
2015.1630 0.2868
2015.1658 -1.7056
2015.1685 0.0128
2015.1712 0.5221
2015.1740 1.3622
2015.1767 6.4030
2015.1795 -3.1554
2015.1822 2.8068
2015.1849 1.3297
2015.1877 -0.5669
2015.1904 -1.8028
2015.1931 3.9917
2015.1959 3.3467
2015.1986 4.9322
2015.2014 4.1081
2015.2041 1.2943
2015.2068 1.4809
2015.2096 4.2377
2015.2123 3.2548
2015.2151 3.6121
2015.2178 1.2095
2015.2205 6.7571
2015.2260 5.9524
2015.2288 5.1301
2015.2315 2.3778
2015.2342 -0.0347
2015.2370 4.2928
2015.2397 -5.3599
2015.2425 -2.4928
2015.2452 -2.0959
2015.2479 -1.6787
2015.2507 -3.1505
2015.2534 -1.0216
2015.2562 -0.2019
2015.2589 1.7584
2015.2616 4.6693
2015.2644 0.5808
2015.2671 -3.6374
2015.2699 8.9148
2015.2726 -1.0727
2015.2753 3.7800
2015.2781 -2.3172
2015.2808 -2.6843
2015.2836 -4.7915
2015.2863 3.7812
2015.2890 -3.7063
2015.2918 -4.1441
2015.2945 -2.7822
2015.2973 0.2593
2015.3000 -2.9297
2015.3027 1.7307
2015.3055 -2.7095
2015.3082 -1.8205
2015.3110 -3.9823
2015.3137 -0.0450
2015.3164 -1.3086
2015.3192 5.7067
2015.3219 -2.2491
2015.3247 -6.6060
2015.3274 -5.3743
2015.3301 -6.7240
2015.3329 -11.3856
2015.3356 -10.5192
2015.3384 -0.0546
2015.3411 -1.8618
2015.3438 -1.0608
2015.3466 -7.3914
2015.3493 -9.4136
2015.3521 -10.6972
2015.3548 -4.7223
2015.3575 -4.7588
2015.3603 -1.2665
2015.3630 -8.3654
2015.3658 -5.3754
2015.3685 -9.3765
2015.3712 -8.4586
2015.3740 -7.1115
2015.3767 -9.8953
2015.3794 -1.5498
2015.3822 -5.3250
2015.3849 -2.9908
2015.3877 0.6528
2015.3904 -2.0939
2015.3931 -9.9711
2015.3959 -5.5885
2015.3986 6.3438
2015.4014 2.8860
2015.4041 -1.9318
2015.4068 -6.7497
2015.4096 -0.0275
2015.4123 -6.4752
2015.4151 -7.9430
2015.4178 -6.0412
2015.4205 -6.6099
2015.4233 -9.8089
2015.4260 -8.2283
2015.4288 -8.1780
2015.4315 -4.7180
2015.4342 -7.9482
2015.4370 -10.2386
2015.4397 -13.9393
2015.4425 -8.7700
2015.4452 -14.0809
2015.4479 -13.3619
2015.4507 -15.4329
2015.4534 -5.0439
2015.4945 -11.9578
2015.4973 -7.6845
2015.5082 -13.4393
2015.5110 -11.8149
2015.5137 -12.0604
2015.5164 -17.0255
2015.5192 -8.2005
2015.5603 -10.7044
2015.5630 -4.6634
2015.5658 -10.7319
2015.5904 -11.0501
2015.5931 -12.1402
2015.5959 -14.3192
2015.5986 -10.1573
2015.6041 -16.2507
2015.6123 -13.7555
2015.6151 -12.7595
2015.6233 -12.0394
2015.6260 -8.5224
2015.6288 -11.1954
2015.6315 -13.9784
2015.6342 -16.5117
2015.6370 -14.8952
2015.6397 -15.0891
2015.6425 -15.0734
2015.6452 -15.7583
2015.6479 -15.3538
2015.6507 -15.0900
2015.6644 -10.1750
2015.6699 -17.3807
2015.6890 -15.4463
2015.7027 -11.1929
2015.7055 -16.6626
2015.7082 -17.0323
2015.7110 -16.2318
2015.7137 -15.6312
2015.7164 -8.0003
2015.7192 -10.4590
2015.7219 -8.9673
2015.7493 -15.7704
2015.7521 -16.9988
2015.7548 -14.7959
2015.7575 -16.5117
2015.7603 -10.5263
2015.7630 -6.3799
2015.7658 -3.4626
2015.7685 -9.8943
2015.7712 -12.9553
2015.7740 -9.6556
2015.7767 -5.9854
2015.7794 -14.8046
2015.7822 -13.1535
2015.7849 -13.1521
2015.7877 -10.8705
2015.7904 -12.4188
2015.7931 -11.5271
2015.7959 -5.9555
2015.7986 -1.9941
2015.8014 7.8070
2015.8041 -0.6223
2015.8068 -1.2621
2015.8096 -0.3625
2015.8123 0.2364
2015.8151 -1.8855
2015.8178 -0.5082
2015.8205 -7.8519
2015.8233 -4.5867
2015.8260 -1.6127
2015.8288 -5.2299
2015.8315 -3.1185
2015.8342 -5.7284
2015.8370 -1.2593
2015.8397 -0.7312
2015.8425 1.4259
2015.8452 -3.7177
2015.8479 0.4480
2015.8507 1.8330
2015.8534 -1.8426
2015.8562 -3.1286
2015.8589 -4.0250
2015.8616 1.4682
2015.8644 -0.5187
2015.8671 -2.9258
2015.8699 -4.4829
2015.8726 -3.5100
2015.8753 -4.2969
2015.8781 -4.5837
2015.8808 -4.4802
2015.8836 0.0337
2015.8863 -5.1119
2015.8890 -2.1370
2015.8918 0.0985
2015.8945 0.5547
2015.8973 0.5418
2015.9000 0.2697
2015.9027 -1.6614
2015.9055 -2.1215
2015.9082 -2.7804
2015.9110 4.0418
2015.9137 1.3954
2015.9164 0.4902
2015.9192 2.2253
2015.9219 0.4203
2015.9247 -0.3746
2015.9274 0.6406
2015.9301 -2.1643
2015.9329 -1.0291
2015.9356 -4.2039
2015.9384 -5.1287
2015.9411 -3.6234
2015.9438 -0.0482
2015.9466 -1.6229
2015.9493 -7.2676
2015.9521 -4.6023
2015.9548 -6.9370
2015.9575 -2.0617
2015.9603 -6.3264
2015.9630 -6.6511
2015.9658 -1.0058
2015.9685 -4.1905
2015.9712 -7.2652
2015.9740 -6.6299
2015.9767 -4.4146
2015.9795 -8.9193
2015.9822 -5.0141
2015.9849 -0.9089
2015.9877 0.6363
2015.9904 -3.1885
2015.9931 -2.6033
2015.9959 -4.5982
2015.9986 -8.7331
2016.1653 4.8888
2016.1680 -1.0397
2016.1708 -0.0084
2016.1735 -1.1371
2016.1762 1.0341
2016.1790 2.1752
2016.1817 3.5662
2016.1844 -2.7629
2016.1872 0.9780
2016.1899 2.5987
2016.1926 1.8395
2016.1954 0.3401
2016.1981 3.0607
2016.2008 2.0912
2016.2035 -2.0183
2016.2063 -0.3678
2016.2090 -0.1174
2016.2117 -7.7171
2016.2145 -1.1267
2016.2172 -2.8564
2016.2199 3.4139
2016.2227 -3.1358
2016.2254 -1.8956
2016.2281 0.1347
2016.2309 -0.6251
2016.2336 0.8552
2016.2363 4.2754
2016.2391 -0.6243
2016.2418 -3.3740
2016.2445 -3.7437
2016.2473 -3.1738
2016.2500 -5.2251
2016.2527 -4.2776
2016.2555 -3.3312
2016.2582 -4.3159
2016.2609 0.7485
2016.2637 -0.8179
2016.2664 -0.8751
2016.2691 9.6471
2016.2719 6.3886
2016.2746 0.5197
2016.2773 6.6604
2016.2801 1.8908
2016.2828 -1.4491
2016.2855 -4.0690
2016.2882 -3.4091
2016.2910 -1.8490
2016.2937 -0.9189
2016.2964 9.9215
2016.2992 1.2722
2016.3019 -4.3866
2016.3046 -1.9050
2016.3074 -2.7929
2016.3101 -4.3000
2016.3128 -4.8664
2016.3156 2.0881
2016.3210 2.8199
2016.3238 4.1375
2016.3265 -1.3538
2016.3292 3.0564
2016.3320 -1.4187
2016.3347 4.9526
2016.3374 -1.9601
2016.3402 -0.3873
2016.3429 3.1306
2016.3456 2.1931
2016.3484 1.2199
2016.3511 4.8704
2016.3538 -5.0056
2016.3566 -14.2988
2016.3593 0.3106
2016.3620 -1.2580
2016.3675 -7.1007
2017.1219 -0.0070
2017.1247 -3.3718
2017.1274 -4.5764
2017.1301 -8.8907
2017.1329 -7.0545
2017.1356 -7.5277
2017.1384 -7.9202
2017.1411 -5.4519
2017.1438 -7.2326
2017.1466 -3.1923
2017.1493 -6.6807
2017.1521 -8.7478
2017.1548 -6.8034
2017.1575 -7.4775
2017.1603 -8.2699
2017.1630 -5.2998
2017.1658 -3.9039
2017.1685 -8.9122
2017.1712 -6.2949
2017.1740 -6.2724
2017.1767 -5.3653
2017.1795 -3.4938
2017.1822 -0.5483
2017.1849 -3.6094
2017.1877 -4.8873
2017.1904 -3.8124
2017.1931 -3.2653
2017.1959 -2.4662
2017.1986 -1.2956
2017.2014 -6.3338
2017.2041 -5.7013
2017.2068 1.3215
2017.2096 -3.2257
2017.2123 -0.6734
2017.2151 0.2081
2017.2178 0.1982
2017.2205 -0.7933
2017.2233 -2.1768
2017.2260 -3.1328
2017.2288 -3.8117
2017.2315 -7.7138
2017.2342 -7.8497
2017.2370 -5.1295
2017.2397 -1.7739
2017.2425 0.8070
2017.2452 -2.8475
2017.2479 -8.1855
2017.2507 -6.0350
2017.2534 -8.5558
2017.2562 1.2620
2017.2589 -4.0413
2017.2616 1.0843
2017.2644 2.8890
2017.2671 -2.8371
2017.2699 -3.8940
2017.2726 -0.5515
2017.2753 0.9105
2017.2781 -1.7780
2017.2808 -2.2667
2017.2836 -3.7856
2017.2863 1.2454
2017.2890 4.6165
2017.2918 8.3776
2017.2945 0.8590
2017.2973 -3.1592
2017.3000 -1.5269
2017.3027 -1.7041
2017.3055 -3.1106
2017.3082 6.6836
2017.3110 9.6588
2017.3137 9.8950
2017.3164 3.9523
2017.3192 -4.5392
2017.3219 -0.8193
2017.3247 -1.0380
2017.3274 -1.9652
2017.3301 -6.7807
2017.3329 -1.8145
2017.3356 -4.7567
2017.3384 -7.0274
2017.3411 -4.4168
2017.3438 -1.4751
2017.3466 1.6176
2017.3493 -2.5787
2017.3521 -3.7643
2017.3548 4.6206
2017.3575 -0.9140
2017.3603 -0.5682
2017.3630 0.3277
2017.3658 1.0536
2017.3685 2.3295
2017.3712 -1.1550
2017.3740 -0.2598
2017.3767 2.0849
2017.3794 0.2488
2017.3822 0.0820
2017.3849 -5.6658
2017.3877 -5.6248
2017.3904 -7.4549
2017.3931 -6.8265
2017.3959 -9.8596
2017.3986 -0.6243
2017.4014 1.6291
2017.4041 0.4106
2017.4068 -3.1701
2017.4096 0.1371
2017.4123 -6.6682
2017.4151 -3.3048
2017.4178 -8.0819
2017.4205 -7.1893
2017.4233 -5.4471
2017.4260 -4.5352
2017.4288 -4.6935
2017.4315 -4.9122
2017.4342 -4.4910
2017.4370 -4.1401
2017.4397 -6.3594
2017.4425 -9.3488
2017.4452 -11.3584
2017.4479 -10.7380
2017.4507 -6.7178
2017.4534 -3.0876
2017.4562 -2.0675
2017.4589 -4.8773
2017.4616 -1.3872
2017.4644 -3.5470
2017.4671 -2.3867
2017.4699 -1.3263
2017.4726 -2.2958
2017.4753 -2.3252
2017.4781 4.5656
2017.4808 -1.8034
2017.4836 -3.7022
2017.4863 -5.2707
2017.4890 -5.9189
2017.4918 -8.0369
2017.4945 -7.4545
2017.4973 -5.6118
2017.5000 -6.5793
2017.5027 -6.1969
2017.5055 -5.8246
2017.5082 -4.8225
2017.5110 -0.4105
2017.5137 -1.6185
2017.5164 -2.3166
2017.5192 -4.0847
2017.5219 -3.8228
2017.5247 -8.8709
2017.5274 -10.0790
2017.5301 -11.7870
2017.5329 -6.7849
2017.5356 -6.2827
2017.5384 0.5497
2017.5411 -2.6479
2017.5438 -3.2052
2017.5466 1.1876
2017.5493 -4.6093
2017.5521 -7.5460
2017.5548 -3.2424
2017.5575 2.0315
2017.5603 -6.1044
2017.5630 -10.9399
2017.5658 -10.3650
2017.5685 -10.4298
2017.5712 -10.3041
2017.5740 -5.3081
2017.5767 0.8484
2017.5794 4.3854
2017.5822 -1.0672
2017.5931 -6.3845
2017.5959 -10.1457
2017.5986 -4.7667
2017.6014 -8.8775
2017.6041 1.7319
2017.6068 -5.2584
2017.6096 -2.8086
2017.6123 -4.3287
2017.6151 -1.9085
2017.6178 -7.1283
2017.6205 -2.0279
2017.6233 -6.4474
2017.6260 -6.7168
2017.6288 -6.1261
2017.6315 -5.3454
2017.6342 -7.4145
2017.6370 -5.2137
2017.6397 -3.9828
2017.6425 -5.6418
2017.6452 -4.6309
2017.6479 -3.2099
2017.6507 0.2510
2017.6534 -2.8881
2017.6562 2.2028
2017.6589 -1.2564
2017.6616 -2.2657
2017.6644 -1.0550
2017.6671 -4.6844
2017.6699 -6.9637
2017.6726 -3.4830
2017.6753 -5.5223
2017.6781 -10.8116
2017.6808 -3.7408
2017.6836 -7.2000
2017.6863 -11.8091
2017.6890 -3.0582
2017.6918 -4.5373
2017.6945 -3.6163
2017.6973 2.7047
2017.7000 -4.3742
2017.7027 -2.9530
2017.7055 -4.5518
2017.7082 2.6794
2017.7110 -4.3492
2017.7137 -5.3878
2017.7164 -6.3263
2017.7192 -8.2648
2017.7219 -3.3932
2017.7247 1.5185
2017.7274 -4.2497
2017.7301 -4.3478
2017.7329 -5.4859
2017.7356 -6.7938
2017.7384 -4.5917
2017.7411 -5.0795
2017.7438 -5.3371
2017.7466 0.2953
2017.7493 -6.5520
2017.7521 -5.5181
2017.7548 -8.5029
2017.7575 -2.1865
2017.7603 -6.6891
2017.7630 -3.9706
2017.7658 -1.7612
2017.7685 -5.5311
2017.7712 -6.2402
2017.7740 -3.6987
2017.7767 -3.9066
2017.7794 -4.8141
2017.7822 -3.5213
2017.7849 -4.8682
2017.7877 -5.5650
2017.7904 -9.4417
2017.7931 -8.8584
2017.7959 -6.7552
2017.7986 -7.6323
2017.8014 -5.1796
2017.8041 -6.8374
2017.8068 -3.5056
2017.8096 -2.0445
2017.8123 -2.2440
2017.8151 -6.3442
2017.8178 -6.1354
2017.8205 -3.1674
2017.8233 -3.9006
2017.8260 -4.1249
2017.8288 -3.3904
2017.8315 -4.7872
2017.8342 -4.7148
2017.8370 -5.9824
2017.8397 -5.3901
2017.8425 5.0821
2017.8452 2.2643
2017.8479 -6.8336
2017.8507 -3.8716
2017.8534 -0.4496
2017.8562 2.7223
2017.8589 -0.2359
2017.8616 -3.9541
2017.8644 -5.2224
2017.8671 -1.9007
2017.8699 -2.3791
2017.8726 -5.0276
2017.8753 -2.9361
2017.8781 -3.0347
2017.8808 -4.3833
2017.8836 -8.0720
2017.8863 -8.1407
2017.8890 -5.9495
2017.8918 -6.2683
2017.8945 -3.9972
2017.8973 -5.8061
2017.9000 -4.6351
2017.9027 -6.9641
2017.9055 -4.7432
2017.9082 -5.4223
2017.9110 -5.2114
2017.9137 -8.9906
2017.9164 -3.0098
2017.9192 -6.0491
2017.9219 -3.8583
2017.9247 -0.7676
2017.9274 -4.7269
2017.9301 -5.0362
2017.9329 -3.0155
2017.9356 -3.9548
2017.9384 -4.4642
2017.9411 -7.8736
2017.9438 -6.4030
2017.9466 -4.0724
2017.9493 -7.9518
2017.9521 -10.2813
2017.9548 -4.2007
2017.9575 -8.4302
2017.9603 -5.0298
2017.9630 -5.7993
2017.9658 -7.6589
2017.9685 -6.9785
2017.9712 -6.1981
2017.9740 -2.3477
2017.9767 -0.2574
2017.9795 -5.9671
2017.9822 -9.4969
2017.9849 -9.3866
2017.9877 -9.8764
2017.9904 -8.8763
2017.9931 -9.0461
2017.9959 -6.9060
2017.9986 -9.5759
2018.0014 -8.3260
2018.0041 -8.3065
2018.0068 -6.9276
2018.0096 -10.0792
2018.0123 -8.8812
2018.0151 -8.8437
2018.0178 -7.3866
2018.0205 -6.9598
2018.0233 -5.0133
2018.0260 -8.2170
2018.0288 -6.0409
2018.0315 -8.2651
2018.0342 -4.6293
2018.0370 -4.8736
2018.0397 -7.4980
2018.0425 -8.6724
2018.0452 -6.7367
2018.0479 -5.1309
2018.0507 -3.4851
2018.0534 -2.8890
2018.0562 -4.6827
2018.0589 -5.4962
2018.0616 -5.4294
2018.0644 -4.5522
2018.0671 -6.5247
2018.0699 -5.2568
2018.0726 -2.8683
2018.0753 -3.6094
2018.0781 -4.2700
2018.0808 -3.9999
2018.0836 -1.2593
2018.0863 -0.7283
2018.0890 -0.1969
2018.0918 1.1149
2018.0945 -2.0729
2018.0973 -7.5204
2018.1000 -5.8575
2018.1027 -2.3843
2018.1055 -2.3508
2018.1082 -6.4570
2018.1110 7.1672
2018.1137 -0.1085
2018.1164 -1.6738
2018.1192 -5.4889
2018.1219 -2.2938
2018.1247 -2.1685
2018.1274 -5.2030
2018.1301 -1.2573
2018.1329 -6.0014
2018.1356 -4.6754
2018.1384 -3.8492
2018.1411 -4.1329
2018.1438 -6.1365
2018.1466 -9.0700
2018.1493 -3.1535
2018.1521 -5.1968
2018.1548 -6.7401
2018.1575 -0.4034
2018.1603 -5.4567
2018.1630 -5.2399
2018.1658 -4.5326
2018.1685 -1.5449
2018.1712 -7.9367
2018.1740 -7.7882
2018.1767 -6.2193
2018.1795 -5.9701
2018.1822 -2.6606
2018.1849 -3.0908
2018.1877 -8.8609
2018.1904 -3.6208
2018.1931 -5.8605
2018.1959 -7.4901
2018.1986 -7.0297
2018.2014 -5.9492
2018.2041 -9.0688
2018.2068 -6.3684
2018.2096 -6.6281
2018.2123 -5.4779
2018.2151 -2.6478
2018.2178 -2.1680
2018.2205 -1.9584
2018.2233 -6.9590
2018.2260 -3.7900
2018.2288 -3.3012
2018.2315 -8.8429
2018.2342 -5.5350
2018.2370 -4.2275
2018.2397 -6.7705
2018.2425 -3.5640
2018.2452 -1.5381
2018.2479 -5.6427
2018.2507 -2.3976
2018.2534 -0.6430
2018.2562 -7.9787
2018.2589 -4.2048
2018.2616 -7.2612
2018.2644 -5.7280
2018.2671 -6.5052
2018.2699 -5.1926
2018.2726 -5.1604
2018.2753 -3.5685
2018.2781 -2.5569
2018.2808 -3.1555
2018.2836 -2.1645
2018.2863 -1.3937
2018.2890 0.6669
2018.2918 2.2072
2018.2945 -0.3928
2018.2973 0.8271
2018.3000 -3.6233
2018.3027 -6.8239
2018.3055 -3.5547
2018.3082 -1.6757
2018.3110 -5.8469
2018.3137 0.1018
2018.3164 -5.0197
2018.3192 -4.1213
2018.3219 -3.4131
2018.3247 -6.7850
2018.3274 -5.5870
2018.3301 -4.0692
2018.3329 -2.4119
2018.3356 -3.4150
2018.3384 -6.0286
2018.3411 -4.2726
2018.3438 0.8730
2018.3466 -4.7518
2018.3493 -4.4368
2018.3521 -4.2222
2018.3548 6.3322
2018.3575 0.5264
2018.3603 1.5004
2018.3630 -6.9158
2018.3658 -0.7520
2018.3685 4.5217
2018.3712 -4.3147
2018.3740 7.7889
2018.3767 5.4026
2018.3794 -3.5237
2018.3822 -3.3699
2018.3849 -4.6760
2018.3877 -4.1518
2018.3904 -7.0575
2018.3931 -5.4130
2018.3959 -5.0882
2018.3986 -5.4130
2018.4014 -4.1476
2018.4041 -4.1017
2018.4068 -6.6455
2018.4096 -6.9788
2018.4123 -7.5916
2018.4151 -8.6040
2018.4178 -8.1260
2018.4205 -4.2276
2018.4233 -6.0688
2018.4260 -3.6597
2018.4288 -8.7301
2018.4315 -0.8003
2018.4342 -5.3700
2018.4370 11.0005
2018.4397 2.8415
2018.4425 -3.2973
2018.4452 4.4643
2018.4479 1.2262
2018.4507 -6.1216
2018.4534 -7.2091
2018.4562 -3.2363
2018.4589 -8.4532
2018.4616 -9.3298
2018.4644 -10.7562
2018.4671 -11.8622
2018.4699 -8.6080
2018.4726 -10.9836
2018.4753 -9.9289
2018.4781 -9.6640
2018.4808 -7.2488
2018.4836 -7.3034
2018.4863 -7.7478
2018.4918 0.0741
2018.4945 1.6704
2018.4973 -1.8130
2018.5000 -4.6345
2018.5027 -0.4142
2018.5055 -5.4222
2018.5082 2.0614
2018.5110 -0.2337
2018.5137 0.1226
2018.5164 2.2399
2018.5192 -0.6317
2018.5219 -0.4326
2018.5247 -2.9328
2018.5274 5.3375
2018.5301 -8.9518
2018.5329 -2.8208
2018.5356 1.7302
2018.5384 -5.6389
2018.5411 1.3618
2018.5438 -3.5079
2018.5466 4.3819
2018.5493 2.9310
2018.5521 -1.6207
2018.5548 -2.0834
2018.5575 3.6028
2018.5603 1.8778
2018.5630 0.3213
2018.5658 -0.9067
2018.5685 -1.4465
2018.5712 1.8819
2018.5740 -4.2317
2018.5767 -5.4175
2018.5794 -6.1156
2018.5822 -8.7959
2018.5849 -6.6965
2018.5877 -3.8172
2018.5904 1.9221
2018.5931 -1.2688
2018.5959 -0.8596
2018.5986 1.3494
2018.6014 -4.7915
2018.6041 -1.1825
2018.6068 3.1064
2018.6096 0.3653
2018.6123 -5.7058
2018.6151 -4.3070
2018.6178 -2.3981
2018.6205 -4.2393
2018.6233 -5.1305
2018.6260 -5.8717
2018.6288 -2.0529
2018.6315 -1.6141
2018.6342 -1.6953
2018.6370 -4.2164
2018.6397 -5.7176
2018.6425 -4.2187
2018.6452 -4.0598
2018.6479 -6.9209
2018.6507 -6.3819
2018.6534 -9.5429
2018.6562 -6.5639
2018.6589 -4.2448
2018.6616 2.1744
2018.6644 -0.3264
2018.6671 4.0928
2018.6699 -3.9379
2018.6726 -1.0187
2018.6753 -5.8995
2018.6781 0.8497
2018.6808 1.8089
2018.6836 2.2081
2018.6863 -6.1827
2018.6890 -2.8035
2018.6918 -7.0243
2018.6945 -6.3151
2018.6973 -6.4158
2018.7000 -9.2866
2018.7027 -4.5073
2018.7055 -7.6481
2018.7082 -5.8388
2018.7110 -8.5995
2018.7137 -7.3301
2018.7164 -6.3608
2018.7192 -6.2814
2018.7219 -5.1220
2018.7247 -7.6325
2018.7274 -7.8631
2018.7301 -10.1435
2018.7329 -8.9940
2018.7356 -11.3744
2018.7384 -10.4747
2018.7411 -7.1250
2018.7466 -2.0555
2018.7493 -2.7955
2018.7521 -3.6645
2018.7548 -5.6124
2018.7575 -6.8893
2018.7603 -5.8053
2018.7630 -4.9905
2018.7658 -3.2148
2018.7685 -2.8284
2018.7712 -7.4814
2018.7740 -6.4938
2018.7767 -5.7658
2018.7794 -5.7273
2018.7822 -5.3184
2018.7849 -2.3393
2018.7877 -3.7600
2018.7904 2.0794
2018.7931 -6.6411
2018.7959 3.9883
2018.7986 3.8177
2018.8014 -5.2131
2018.8041 4.3359
2018.8068 1.5745
2018.8096 0.1528
2018.8123 1.2306
2018.8151 -2.6621
2018.8178 -6.7254
2018.8205 -4.4194
2018.8233 0.0158
2018.8260 -4.2298
2018.8288 -4.5562
2018.8315 -3.6437
2018.8342 -3.4617
2018.8370 -5.3398
2018.8397 -5.9980
2018.8425 -2.2963
2018.8452 -4.0946
2018.8479 -2.1530
2018.8507 -6.4216
2018.8534 -6.5401
2018.8562 -5.0588
2018.8589 -7.4975
2018.8616 -5.4662
2018.8644 -4.7951
2018.8671 -5.2439
2018.8699 -4.7129
2018.8726 -7.0918
2018.8753 -8.2608
2018.8781 -5.4999
2018.8808 -5.2389
2018.8836 -8.0780
2018.8863 -6.2172
2018.8890 -7.0163
2018.8918 -6.5555
2018.8945 -7.2847
2018.8973 -9.0539
2018.9000 -8.4331
2018.9027 -9.3423
2018.9055 -5.6215
2018.9082 -5.1307
2018.9110 -7.1799
2018.9137 -8.6490
2018.9164 -7.6382
2018.9192 -7.4874
2018.9219 -8.5066
2018.9247 -10.8559
2018.9274 -9.9653
2018.9301 -9.2846
2018.9329 -6.7441
2018.9356 -9.9636
2018.9384 -9.4031
2018.9411 -9.2328
2018.9438 -10.0825
2018.9466 -7.1122
2018.9493 -8.4321
2018.9521 -8.6820
2018.9548 -8.6820
2018.9575 -8.8821
2018.9603 -11.1223
2018.9630 -7.5326
2018.9658 -6.2029
2018.9685 -8.5034
2018.9712 -8.7139
2018.9740 -9.1546
2018.9767 -5.7654
2018.9795 -5.4063
2018.9822 -5.4073
2018.9849 -7.3784
2018.9877 -8.9096
2018.9904 -7.5110
2018.9931 -6.3925
2018.9959 -8.6441
2018.9986 -6.2459
2019.0014 -6.0081
2019.0041 -7.0331
2019.0068 -10.5708
2019.0096 -4.4312
2019.0123 -4.3741
2019.0151 -1.8692
2019.0178 -5.3463
2019.0205 -6.0654
2019.0233 -7.2461
2019.0260 -8.7682
2019.0288 -7.0116
2019.0315 -7.6862
2019.0342 -4.3616
2019.0370 -5.5077
2019.0397 -5.5043
2019.0425 -9.6111
2019.0452 -6.2581
2019.0479 -4.3250
2019.0507 -3.6016
2019.0534 -4.8778
2019.0562 -2.0432
2019.0589 -5.3478
2019.0616 -5.9813
2019.0644 -3.0135
2019.0671 -4.5443
2019.0699 -5.8134
2019.0726 -2.9607
2019.0753 -3.1559
2019.0781 -3.9089
2019.0808 -4.4795
2019.0836 -8.4887
2019.0863 -12.5577
2019.0890 -3.1465
2019.0918 -5.8750
2019.0945 -3.8734
2019.0973 -5.2214
2019.1000 -2.5792
2019.1027 -5.7167
2019.1055 -4.8639
2019.1082 -6.0708
2019.1110 -4.0773
2019.1137 -5.5035
2019.1164 -8.1393
2019.1192 -3.7547
2019.1219 -4.4097
2019.1247 -4.4042
2019.1274 -5.1483
2019.1301 -8.7519
2019.1329 -8.8051
2019.1356 -10.9177
2019.1384 -10.4599
2019.1411 -8.8015
2019.1438 -9.1625
2019.1466 -8.4930
2019.1493 -2.4429
2019.1521 -5.0422
2019.1548 -6.6809
2019.1575 -7.7089
2019.1603 -2.1063
2019.1630 -0.2231
2019.1658 2.8903
2019.1685 -6.8262
2019.1712 -6.5625
2019.1740 -6.7187
2019.1767 -11.6148
2019.1795 -14.4207
2019.1822 -3.9166
2019.1849 -0.7723
2019.1877 0.9421
2019.1904 -6.0434
2019.1931 -1.9087
2019.1959 -5.8040
2019.1986 -6.4391
2019.2014 -2.3541
2019.2041 -4.4290
2019.2068 -5.5237
2019.2096 -6.5584
2019.2123 -4.7229
2019.2151 -6.3474
2019.2178 -4.9917
2019.2205 -2.8059
2019.2233 -3.9400
2019.2260 -1.7240
2019.2288 -2.5079
2019.2315 -1.0717
2019.2342 -2.1853
2019.2370 -3.2689
2019.2397 -2.6224
2019.2425 -2.8157
2019.2452 -6.6390
2019.2479 -4.5718
2019.2507 -2.4739
2019.2534 -1.5053
2019.2562 -4.0661
2019.2589 -7.1263
2019.2616 -1.1661
2019.2644 -2.2355
2019.2671 -1.3845
2019.2699 -3.3632
2019.2726 -2.7818
2019.2753 2.3699
2019.2781 -2.7984
2019.2808 -3.6667
2019.2836 -7.8351
2019.2863 -7.9735
2019.2890 -4.3821
2019.2918 -3.3010
2019.2945 -4.7602
2019.2973 -2.9198
2019.3000 -5.7698
2019.3027 -3.2403
2019.3055 -1.5214
2019.3082 -1.7031
2019.3110 -5.1056
2019.3137 -5.0288
2019.3164 -3.0829
2019.3192 -4.8978
2019.3219 -3.0438
2019.3247 -2.5908
2019.3274 -2.8288
2019.3301 -4.7980
2019.3329 -5.7378
2019.3356 -4.9481
2019.3384 0.3812
2019.3411 0.6500
2019.3438 -1.5216
2019.3466 0.0564
2019.3493 -1.9959
2019.3521 -5.7185
2019.3548 -6.2514
2019.3575 -1.7346
2019.3603 -2.0279
2019.3630 -2.4415
2019.3658 -3.1051
2019.3685 -1.2490
2019.3712 -0.4329
2019.3740 -0.8268
2019.3767 -3.4108
2019.3794 -5.2248
2019.3822 -6.3987
2019.3849 -6.7826
2019.3877 -0.6263
2019.3904 -8.1000
2019.3931 -8.0434
2019.3959 -7.9167
2019.3986 -10.2297
2019.4014 -8.9725
2019.4041 -7.8650
2019.4068 -6.6371
2019.4096 -9.3889
2019.4123 -3.4003
2019.4151 2.1685
2019.4178 3.0473
2019.4205 -2.2238
2019.4233 -1.7850
2019.4260 -4.7661
2019.4288 -6.1872
2019.4315 -6.2583
2019.4342 -8.8294
2019.4370 -9.3105
2019.4397 -8.7815
2019.4425 -10.4726
2019.4452 -4.4936
2019.4479 2.6953
2019.4507 -4.0657
2019.4534 -1.8968
2019.4562 -1.7078
2019.4589 -5.3489
2019.4616 -6.4699
2019.4644 -4.8810
2019.4671 -6.1221
2019.4699 -4.7131
2019.4726 -4.5442
2019.4753 -6.4253
2019.4781 -2.4664
2019.4808 -2.0275
2019.4836 -2.1386
2019.4863 -0.6598
2019.4890 4.4091
2019.4918 7.4679
2019.4945 1.8167
2019.4973 1.4755
2019.5000 7.1342
2019.5027 7.5329
2019.5055 2.2016
2019.5082 1.4602
2019.5110 -2.5313
2019.5137 -6.1528
2019.5164 -3.5243
2019.5192 -4.9659
2019.5219 4.2325
2019.5247 3.0808
2019.5274 5.5791
2019.5301 -1.7327
2019.5329 -1.4945
2019.5356 -0.1763
2019.5384 -2.8682
2019.5411 -6.9701
2019.5438 -3.2921
2019.5466 -6.3541
2019.5493 -3.0162
2019.5521 -9.3083
2019.5548 -5.4404
2019.5575 -2.3926
2019.5603 3.0651
2019.6260 1.3040
2019.6288 4.9893
2019.6315 1.9447
2019.6342 4.3502
2019.6370 -4.2140
2019.6397 -0.5380
2019.6425 -4.2017
2019.6452 -2.5648
2019.6479 0.3926
2019.6507 -3.1195
2019.6534 -1.0808
2019.6562 -2.3913
2019.6589 -5.4109
2019.6616 -10.1796
2019.6644 -9.5373
2019.6671 -5.4443
2019.6699 -2.1613
2019.6726 8.1817
2019.6753 -0.7750
2019.6781 -1.8716
2019.6808 -0.2080
2019.6836 -3.3441
2019.6863 -5.4199
2019.6890 -2.0354
2019.6918 1.5596
2019.6945 -3.8751
2019.6973 -6.1093
2019.7000 -8.2930
2019.7027 -2.5862
2019.7055 -2.8788
2019.7137 -6.2527
2019.7164 -5.9426
2019.7219 -7.6501
2019.7247 -3.7075
2019.7274 -9.2341
2019.7301 -8.5498
2019.7329 -9.7144
2019.7356 -12.0481
2019.7384 -11.5307
2019.7411 -12.6422
2019.7438 -5.7526
2019.7466 5.2582
2019.7493 3.4000
2019.7521 2.1022
2019.7548 0.7946
2019.7575 0.2072
2019.7603 -2.8801
2019.7630 -2.3171
2019.7658 -2.7640
2019.7685 -2.7307
2019.7712 -1.5972
2019.7740 -4.2836
2019.7767 -4.9099
2019.7794 -1.8361
2019.7822 -1.3121
2019.7849 -2.1181
2019.7877 -1.8539
2019.7904 1.5803
2019.7931 1.9247
2019.7959 1.0290
2019.7986 -4.0765
2019.8014 -7.6620
2019.8041 -4.2875
2019.8068 -8.9330
2019.8096 -7.5584
2019.8123 -10.2738
2019.8151 -9.8292
2019.8178 -11.1347
2019.8205 -7.8001
2019.8233 -4.0856
2019.8260 -5.4412
2019.8288 -6.4367
2019.8315 -5.9724
2019.8342 -5.5379
2019.8370 -7.3830
2019.8397 -5.8178
2019.8425 -5.4123
2019.8452 -4.6365
2019.8479 -5.7505
2019.8507 -9.1243
2019.8534 -6.1679
2019.8562 -4.1114
2019.8589 -1.3147
2019.8616 -5.2380
2019.8644 -4.9112
2019.8671 -7.0144
2019.8699 -4.8376
2019.8726 -4.5309
2019.8753 -6.7342
2019.8781 -8.4676
2019.8808 -8.5711
2019.8836 -8.7748
2019.8863 -13.5487
2019.8890 -12.4028
2019.8918 -11.9772
2019.8945 -11.4418
2019.8973 -8.7068
2019.9000 -5.2021
2019.9027 -10.0378
2019.9055 -9.9039
2019.9082 -6.7004
2019.9110 -6.0373
2019.9137 2.1552
2019.9164 -6.9834
2019.9192 -9.9766
2019.9219 -7.1149
2019.9247 -9.1178
2019.9274 -11.7051
2019.9301 -11.9865
2019.9329 -7.4217
2019.9356 -12.2304
2019.9384 -13.2723
2019.9411 -13.1070
2019.9438 -9.2744
2019.9466 -9.3539
2019.9493 -11.0055
2019.9521 -12.7187
2019.9548 -11.3833
2019.9575 -11.7889
2019.9603 -12.1553
2019.9630 -14.3322
2019.9658 -12.3892
2019.9685 -14.6660
2019.9712 -8.8323
2019.9740 -13.3479
2019.9767 -5.5224
2019.9795 -5.7756
2019.9822 -5.4671
2019.9849 -9.1766
2019.9877 -6.0038
2019.9904 -7.3184
2019.9931 -6.2201
2019.9959 -4.8386
2019.9986 -10.2937
2020.0014 -10.0254
2020.0041 -9.9368
2020.0068 -8.0884
2020.0096 -9.6000
2020.0123 -4.6017
2020.0150 -10.1634
2020.0178 -7.0551
2020.0205 -6.3966
2020.0232 -7.4880
2020.0260 -10.1192
2020.0287 -8.9601
2020.0314 -9.6408
2020.0342 -10.9911
2020.0369 -7.8509
2020.0396 -9.1204
2020.0423 -8.5993
2020.0451 -7.1577
2020.0478 -11.6955
2020.0505 -9.2326
2020.0533 -10.7890
2020.0560 -9.4047
2020.0587 -10.2996
2020.0615 -11.2836
2020.0642 -10.1467
2020.0669 -6.3189
2020.0697 -12.1001
2020.0724 -6.2702
2020.0751 -7.7492
2020.0779 -9.0071
2020.0806 -9.3838
2020.0833 -11.0497
2020.0861 -7.4656
2020.0888 -8.8215
2020.0915 -7.2373
2020.0943 -6.2230
2020.0970 -5.7587
2020.0997 -0.9242
2020.1025 -3.4998
2020.1052 -11.1952
2020.1079 -9.3006
2020.1107 -12.4359
2020.1134 -8.5811
2020.1161 -8.0463
2020.1189 -7.0313
2020.1216 -8.5963
2020.1243 -8.7911
2020.1270 -8.2459
2020.1298 -12.1306
2020.1325 -12.3651
2020.1352 -11.0796
2020.1380 -12.8440
2020.1407 -11.1182
2020.1434 -8.1524
2020.1462 -8.8264
2020.1489 -11.0303
2020.1516 -9.7741
2020.1544 -7.3078
2020.1571 -9.7913
2020.1598 -9.3847
2020.1626 -5.6780
2020.1653 -7.4513
2020.1680 -10.5445
2020.1708 -9.9177
2020.1735 -10.5708
2020.1762 -11.0740
2020.1790 -10.1271
2020.1817 -6.5702
2020.1844 -5.8233
2020.1872 -7.6064
2020.1899 -7.5095
2020.1926 -9.4026
2020.1954 -8.5857
2020.1981 -4.8287
2020.2008 -4.4318
2020.2035 -3.7849
2020.2063 -3.2779
2020.2090 -9.1510
2020.2117 -8.2040
2020.2145 -7.7871
2020.2172 -6.5702
2020.2199 -8.9333
2020.2227 -11.7064
2020.2254 -7.6995
2020.2281 -1.6126
2020.2309 -0.7157
2020.2336 4.7311
2020.2363 -0.9521
2020.2391 -4.2053
2020.2418 -4.5185
2020.2445 -4.2717
2020.2473 -8.1050
2020.2500 -8.2983
2020.2609 -10.3519
2020.2637 -4.1854
2020.2664 -2.9489
2020.2691 -2.3625
2020.2719 -0.9662
2020.2801 -7.3475
2020.2828 -6.9315
2020.2855 -7.9154
2020.2882 -7.9895
2020.2910 -10.9936
2020.2937 -8.8579
2020.2964 -1.5222
2020.2992 2.5335
2020.3019 -3.2710
2020.3128 -2.4899
2020.3265 -16.0559
2020.3320 -6.0682
2020.3347 -7.4363
2020.3374 -3.9158
2020.3402 -1.7766
2020.3429 0.1014
2020.3456 0.0682
2020.3484 -1.4659
2020.3511 -3.8310
2020.3921 12.8946
2020.3948 -2.2827
2020.3975 -11.0493
2020.4003 -4.8252
2020.4057 -6.9243
2020.4085 -2.0273
2020.4495 -5.4418
2020.4522 -3.9882
2020.4549 -3.3946
2020.4576 -0.1211
2021.0726 -8.5315
2021.0753 -11.5177
2021.0781 -10.2020
2021.0808 -10.2342
2021.0836 -2.6439
2021.0863 -4.8805
2021.0890 -7.6043
2021.0918 -6.2455
2021.0945 -9.4243
2021.0973 -8.9610
2021.1000 -14.2758
2021.1027 -7.1690
2021.1055 -14.3206
2021.1082 -5.0811
2021.1110 -6.1905
2021.1137 -8.3991
2021.1164 -8.1172
2021.1192 -7.1650
2021.1219 -7.0126
2021.1247 -7.0804
2021.1274 -10.4385
2021.1301 -11.2272
2021.1329 -13.2566
2021.1356 -9.0471
2021.1384 -17.5788
2021.1411 -8.3720
2021.1438 -7.0769
2021.1466 -4.8037
2021.1493 -6.0527
2021.1521 -6.8740
2021.1548 -5.6579
2021.1575 -4.6246
2021.1603 -3.8444
2021.1630 -4.2870
2021.1658 -6.8801
2021.1685 -5.6733
2021.1712 -5.6366
2021.1740 -3.3401
2021.1767 -9.0636
2021.1795 -7.0072
2021.1822 -6.3708
2021.1849 -10.2846
2021.1877 -6.9184
2021.1904 -3.6422
2021.1931 -5.6261
2021.1959 -6.1000
2021.1986 1.2161
2021.2014 -6.1479
2021.2041 -4.0519
2021.2068 -2.9358
2021.2096 -6.6998
2021.2123 -5.5438
2021.2151 -5.4977
2021.2178 -6.3316
2021.2205 -4.2955
2021.2233 -8.5593
2021.2260 -3.5030
2021.2288 -6.1067
2021.2315 -4.7204
2021.2342 -2.4339
2021.2370 -4.5474
2021.2397 -5.1908
2021.2425 -5.6140
2021.2452 -3.6772
2021.2479 -5.0403
2021.2507 -5.1534
2021.2534 -5.2465
2021.2562 -8.9595
2021.2589 -0.4326
2021.2616 -2.7456
2021.2644 -7.0686
2021.2671 -0.9216
2021.2699 -2.6445
2021.2726 -6.1174
2021.2753 -8.0803
2021.2781 -8.4032
2021.2808 -9.2260
2021.2836 -6.0288
2021.2863 -4.9215
2021.2890 -2.7042
2021.2918 -5.6168
2021.2945 -9.0494
2021.2973 -7.5319
2021.3000 -6.8944
2021.3027 -5.9468
2021.3055 -5.5892
2021.3082 -4.9115
2021.3110 -8.1037
2021.3137 -8.1859
2021.3164 -10.0480
2021.3192 -8.7700
2021.3219 -11.8420
2021.3247 -14.6138
2021.3274 -8.0456
2021.3301 -12.3170
2021.3329 -12.3962
2021.3356 -5.6929
2021.3384 -10.7273
2021.3411 -8.0297
2021.3438 -5.6901
2021.3466 -7.8087
2021.3493 -5.9257
2021.3521 -4.1213
2021.3548 -2.1555
2021.3575 -2.0287
2021.3603 -6.2010
2021.3630 -5.8824
2021.3658 -8.3332
2021.3685 -8.2436
2021.3712 -5.5537
2021.3740 -7.8737
2021.3767 -13.2538
2021.3794 -8.0640
2021.3822 -8.7347
2021.3849 -3.5058
2021.3877 0.5923
2021.3904 -7.0905
2021.3931 -9.5543
2021.3959 -11.7793
2021.3986 -10.5957
2021.4014 -11.9536
2021.4041 -10.6033
2021.4068 -9.7648
2021.4096 -10.2883
2021.4123 -4.6941
2021.4151 -1.5412
2021.4178 -4.4989
2021.4205 -7.4872
2021.4233 -4.1059
2021.4260 -1.6852
2021.4288 -8.9351
2021.4315 -5.5954
2021.4342 -3.4763
2021.4370 -4.7977
2021.4397 -0.8696
2021.4425 -1.4220
2021.4452 -5.6149
2021.4479 -2.2283
2021.4507 -5.7622
2021.4534 -3.9265
2021.4562 -0.2514
2021.4589 1.6532
2021.4616 -0.7426
2021.4644 -0.5489
2021.4671 -0.4356
2021.4699 1.7971
2021.4726 -4.5606
2021.4753 0.1113
2021.4781 -2.3773
2021.4808 -2.9563
2021.4836 -3.8958
2021.4863 -4.2158
2021.4890 -2.8661
2021.4918 -5.6369
2021.4945 -7.1181
2021.4973 -3.4499
2021.5000 -3.9828
2021.5027 -2.7968
2021.5055 -6.4119
2021.5082 -8.2180
2021.5110 -7.2450
2021.5137 -11.6127
2021.5164 -10.1412
2021.5192 -9.0302
2021.6178 -9.7141
2021.6205 -5.5482
2021.6233 -10.4021
2021.6260 -11.8660
2021.6288 -15.3597
2021.6315 -10.5833
2021.6342 -2.4067
2021.6370 7.5999
2021.6699 -15.5327
2021.6726 -10.9450
2021.6753 -12.0773
2021.6781 -9.3796
2021.6808 -6.4318
2021.6836 -10.8740
2021.6863 -5.9862
2021.6890 -4.9984
2021.6918 -6.2405
2021.6945 -8.3525
2021.6973 -7.7046
2021.7000 -7.4165
2021.7027 -2.4385
2021.7055 -5.7503
2021.7082 -5.8521
2021.7110 -1.5039
2021.7137 -4.5355
2021.7164 -10.9671
2021.7192 -9.6486
2021.7219 -11.6401
2021.7247 -6.0614
2021.7274 -6.0627
2021.7301 -7.4539
2021.7329 -8.3750
2021.7356 -5.5659
2021.7384 -4.0168
2021.7411 -5.5876
2021.7438 -8.1283
2021.7466 -9.7388
2021.7493 -7.9392
2021.7521 -11.0490
2021.7548 -10.4584
2021.7575 -8.7972
2021.7603 -6.4155
2021.7630 -3.4734
2021.7658 -5.4809
2021.7685 -3.3881
2021.7712 -8.3249
2021.7740 -8.8314
2021.7767 -10.2876
2021.7794 -8.0136
2021.7822 -8.7595
2021.7849 -8.0951
2021.7877 -11.8706
2021.7904 -10.2861
2021.7931 -7.8115
2021.7959 -7.3668
2021.7986 -10.2722
2021.8014 -12.0476
2021.8041 -9.6331
2021.8068 -7.7487
2021.8096 -2.8844
2021.8123 -9.4503
2021.8151 -7.1365
2021.8178 -7.6929
2021.8205 -11.8996
2021.8233 -10.2265
2021.8260 -10.1639
2021.8288 -13.7216
2021.8315 -13.5498
2021.8342 -11.7486
2021.8370 -13.7484
2021.8397 -13.8590
2021.8425 -13.0805
2021.8452 -7.9226
2021.8479 -9.7054
2021.8507 -11.3989
2021.8534 -11.6129
2021.8562 -13.9373
2021.8589 -6.6722
2021.8616 -15.2175
2021.8644 -11.2630
2021.8671 -12.5188
2021.8699 -9.6847
2021.8726 -12.1308
2021.8753 -8.6769
2021.8781 -10.6130
2021.8808 -9.3290
2021.8836 -10.7249
2021.8863 -9.3405
2021.8918 -8.7010
2021.8945 -7.4557
2021.8973 -11.4300
2021.9000 -10.1337
2021.9027 -8.3269
2021.9055 -6.1094
2021.9082 -5.3712
2021.9110 -4.8123
2021.9164 -5.3117
2021.9192 -0.8390
2021.9219 -3.1242
2021.9247 -6.0976
2021.9274 -3.2892
2021.9301 -1.6293
2021.9329 -10.6379
2021.9356 -15.6352
2021.9384 1.3486
2021.9493 0.6727
2021.9521 -5.1898
2021.9548 -5.0719
2021.9575 -5.1839
2021.9603 3.8741
2021.9630 -0.6680
2021.9658 -3.2003
2021.9685 2.0670
2021.9712 0.1738
2021.9740 -6.0202
2021.9767 -2.6349
2021.9795 -4.2406
2021.9822 -2.3774
2021.9849 -1.6554
2021.9877 -1.8448
2021.9904 -5.0058
2021.9931 -3.2583
2021.9959 -3.5027
2021.9986 -5.0491
2022.0014 -1.8574
2022.0041 -4.3874
2022.0068 -4.4087
2022.0096 -8.8114
2022.0123 -9.5653
2022.0151 -10.1104
2022.0178 -7.7664
2022.0205 -1.6533
2022.0233 -6.4311
2022.0260 -3.3695
2022.0288 -4.6884
2022.0315 -8.2579
2022.0342 -7.4677
2022.0370 -9.3778
2022.0397 -9.1980
2022.0425 4.2717
2022.0452 -1.5785
2022.0479 -2.2285
2022.0507 -0.0783
2022.0534 -2.8477
2022.0562 -6.6666
2022.0589 -4.8949
2022.0616 -9.8025
2022.0644 -10.0993
2022.0671 -4.4951
2022.0699 -5.1900
2022.0726 -7.5737
2022.0753 -9.1262
2022.0781 -8.0673
2022.0808 -3.3970
2022.0836 -1.3655
2022.0863 -2.7131
2022.0890 -4.7598
2022.0918 -5.0958
2022.0945 -4.6810
2022.0973 -5.5157
2022.1000 -4.9098
2022.1027 -6.9034
2022.1055 -7.4066
2022.1082 -5.6794
2022.1110 -7.3819
2022.1137 -7.3042
2022.1164 -5.6964
2022.1192 -3.2185
2022.1219 -3.5805
2022.1247 -7.7326
2022.1274 -8.8249
2022.1301 -5.8173
2022.1329 -5.1399
2022.1356 -3.4929
2022.1384 0.5937
2022.1411 1.6899
2022.1438 -2.3544
2022.1466 -1.3294
2022.1493 -9.3950
2022.1521 -10.2013
2022.1548 -6.7184
2022.1575 -6.3864
2022.1603 -8.7553
2022.1630 -8.9252
2022.1658 -8.0856
2022.1685 -3.8565
2022.1712 -4.6180
2022.1740 -0.6799
2022.1767 -6.4423
2022.1795 -2.0451
2022.1822 -6.1984
2022.1849 -3.9721
2022.1877 1.6238
2022.3548 -14.2194
2022.3575 -14.1932
2022.3603 -14.9560
2022.3630 -16.2481
2022.3658 -7.4495
2022.3685 -6.7105
2022.3712 -7.1612
2022.3740 5.2281
2022.3767 -9.6426
2022.3794 0.7864
2022.3822 -8.0250
2022.3849 -7.9770
2022.3877 -4.2198
2022.3904 -3.5236
2022.3931 -5.8285
2022.3959 -7.4246
2022.3986 -8.4023
2022.4014 -3.7915
2022.4041 -6.2626
2022.4068 -6.3157
2022.4096 -10.1909
2022.4123 -0.6985
2022.4151 -6.5374
2022.4178 -6.5966
2022.4205 -10.4760
2022.4233 -7.6056
2022.4260 -8.3154
2022.4288 -4.3554
2022.4315 -8.7756
2022.4342 -4.5759
2022.4370 -7.5163
2022.4397 -7.3569
2022.4425 -4.0075
2022.4452 -4.5382
2022.4479 -5.4589
2022.4507 -7.7096
2022.4534 -7.2604
2022.4562 -6.6111
2022.4589 -10.1418
2022.4616 -14.6524
2022.4644 -9.1329
2022.4671 -5.8534
2022.4699 -5.7937
2022.4726 -5.8139
2022.4753 -0.1039
2022.4781 -1.7837
2022.4808 -1.3934
2022.4836 -2.8428
2022.4863 -5.6720
2022.4890 -6.6610
2022.4918 -5.4296
2022.4945 -5.8380
2022.4973 -9.0360
2022.5000 -5.7238
2022.5027 -6.9213
2022.5055 -7.8185
2022.5082 -6.1156
2022.5110 -7.4324
2022.5137 -7.8890
2022.5164 -5.8955
2022.5192 -1.0418
2022.5219 6.1920
2022.5247 -2.5942
2022.5274 -5.9302
2022.5301 -7.8061
2022.5329 -5.3321
2022.5356 5.7920
2022.5384 -5.6938
2022.5411 -3.4798
2022.5438 -6.0657
2022.5466 -6.0417
2022.5493 -4.7078
2022.5521 -6.1340
2022.5548 -7.8803
2022.5575 -9.4568
2022.5603 -9.2734
2022.5630 -4.5302
2022.5658 -6.9372
2022.5685 -10.5544
2022.5712 -7.8018
2022.5740 -10.7395
2022.5767 -9.8775
2022.5794 -12.4958
2022.5822 -13.5646
2022.5849 -13.7243
2022.5877 -10.5751
2022.5904 -11.2268
2022.5931 -8.6295
2022.5959 -4.6929
2022.5986 -3.6572
2022.6014 -7.6021
2022.6041 -8.0877
2022.6068 -8.7938
2022.6096 -10.2905
2022.6123 -10.8475
2022.6151 -9.3650
2022.6178 -9.8427
2022.6205 -9.2506
2022.6233 -9.7487
2022.6260 -10.5869
2022.6288 -10.2251
2022.6315 -9.5332
2022.6342 -13.8812
2022.6370 -7.8191
2022.6397 -5.8366
2022.6425 -5.2839
2022.6452 -8.3008
2022.6479 -8.9772
2022.6507 -10.7231
2022.6534 -7.8884
2022.6562 -7.2530
2022.6589 -6.2169
2022.6616 -3.5700
2022.6644 -1.0723
2022.6671 -8.0934
2022.6699 -5.2131
2022.6726 -5.5417
2022.6753 -7.7891
2022.6781 -9.2254
2022.6808 -7.3408
2022.6836 -5.4852
2022.6863 -2.0189
2022.6890 -5.6019
2022.6918 -9.2142
2022.6945 -5.2160
2022.6973 -5.6674
2022.7000 -1.5584
2022.7027 -3.4891
2022.7055 -5.9796
2022.7082 -4.9601
2022.7110 -7.5705
2022.7137 -3.1410
2022.7164 -10.5816
2022.7192 -9.7225
2022.7219 -9.7338
2022.7247 -12.1654
2022.7274 -11.3976
2022.7301 -10.0304
2022.7329 -8.4939
2022.7356 -7.6781
2022.7384 -4.7132
2022.7411 -0.7192
2022.7438 -4.7763
2022.7466 -4.8145
2022.7493 -6.8440
2022.7521 -5.6457
2022.7548 -0.9794
2022.7575 -8.6052
2022.7603 -8.2527
2022.7630 -7.7519
2022.7658 -4.5726
2022.7685 -5.5748
2022.7712 -2.6882
2022.7740 -0.6226
2022.7767 -4.7381
2022.7794 -2.4544
2022.7822 -5.4013
2022.7849 -6.2188
2022.7877 -1.3067
2022.7904 -3.3748
2022.7931 -1.8331
2022.7959 -6.2513
2022.7986 -4.3893
2022.8014 -7.4170
2022.8041 -6.6343
2022.8068 -8.7910
2022.8096 -9.7269
2022.8123 -10.7619
2022.8151 -9.0759
2022.8178 -10.3888
2022.8205 -10.5203
2022.8233 -10.0303
2022.8260 -14.1188
2022.8288 -12.2955
2022.8315 -7.6304
2022.8342 -11.2625
2022.8370 -9.8312
2022.8397 -8.6669
2022.8425 -6.3296
2022.8452 -6.1397
2022.8479 -9.8373
2022.8507 -10.0127
2022.8534 -3.3762
2022.8562 -7.7079
2022.8589 -10.4981
2022.8616 -10.1170
2022.8644 -6.1048
2022.8671 -9.9618
2022.8699 -6.2483
2022.8726 -7.7943
2022.8753 -5.3002
2022.8781 -6.5462
2022.8808 -0.5625
2022.8836 -8.3694
2022.8863 -5.1470
2022.8890 -3.1856
2022.8918 -4.3155
2022.8945 -0.5069
2022.8973 -1.9399
2022.9000 -4.8349
2022.9027 -7.3720
2022.9055 -1.9915
2022.9082 -9.6536
2022.9110 -1.1785
2022.9137 -6.8366
2022.9164 -3.4877
2022.9192 -6.9008
2022.9219 -5.4558
2022.9247 -4.7224
2022.9274 -11.3208
2022.9301 -7.9609
2022.9329 -6.8727
2022.9356 -8.0161
2022.9384 -7.6612
2022.9411 -4.0179
2022.9438 -5.9562
2022.9466 -5.5660
2022.9493 -4.4074
2022.9521 -3.2202
2022.9548 -6.6946
2022.9575 -4.6204
2022.9603 -7.3477
2022.9630 -6.2564
2022.9658 -8.3565
2022.9685 -3.0079
2022.9712 -6.6807
2022.9740 -5.2648
2022.9767 -3.0202
2022.9795 -4.8569
2022.9822 -7.5348
2022.9849 -7.7640
2022.9877 -9.1944
2022.9904 -8.1959
2022.9931 -8.9286
2022.9959 -10.3024
2022.9986 -10.2673
