2010.0178 -0.2521
2010.0205 -0.8482
2010.0233 0.4558
2010.0260 -0.2601
2010.0288 -0.3959
2010.0315 1.0784
2010.0342 0.0928
2010.0370 -0.3525
2010.0397 0.4423
2010.0425 -0.1527
2010.0452 -0.9774
2010.0479 2.4381
2010.0507 -0.7961
2010.0534 0.2300
2010.0562 0.9664
2010.0589 0.0032
2010.0616 -4.3197
2010.0644 -5.5523
2010.0671 -2.7544
2010.0699 -1.7761
2010.0726 0.1927
2010.0753 -0.8181
2010.0781 -0.9285
2010.0808 -2.3683
2010.0836 -1.1478
2010.0863 -2.5072
2010.0890 -0.1066
2010.0918 -0.7560
2010.0945 -1.9352
2010.0973 -2.6244
2010.1000 -4.9135
2010.1027 -7.1825
2010.1055 -4.4515
2010.1082 -3.3504
2010.1110 -4.7493
2010.1137 -5.3080
2010.1164 -2.1367
2010.1192 -6.0653
2010.1219 -1.0539
2010.1247 -1.7124
2010.1274 -5.3808
2010.1301 -1.9592
2010.1329 -2.0675
2010.1356 -2.5557
2010.1384 -4.3338
2010.1411 -5.4819
2010.1438 -5.3599
2010.1466 -3.2979
2010.1493 1.2943
2010.1521 0.3065
2010.1548 -0.6513
2010.1575 -0.3089
2010.1603 -3.5865
2010.1630 -3.5841
2010.1658 -1.3416
2010.1685 -2.0491
2010.1712 0.1634
2010.1740 -0.6441
2010.1767 -6.5716
2010.1795 -4.0890
2010.1822 -2.4965
2010.1849 -0.5039
2010.1877 -1.4113
2010.1904 -4.2987
2010.1931 -6.9462
2010.1959 -6.4335
2010.1986 -5.1709
2010.2014 -2.8883
2010.2041 -3.2657
2010.2068 -3.2330
2010.2096 -5.7404
2010.2123 -1.8477
2010.2151 -5.6450
2010.2178 -3.1323
2010.2205 -6.4396
2010.2233 -4.4869
2010.2260 -5.3542
2010.2288 -6.8814
2010.2315 -5.2287
2010.2342 -1.7859
2010.2370 -1.9432
2010.2397 -4.2404
2010.2425 -3.5076
2010.2452 -5.8648
2010.2479 -4.4020
2010.2507 -5.1090
2010.2534 -3.1260
2010.2562 4.0971
2010.2589 -0.5598
2010.2616 1.9534
2010.2644 -7.5233
2010.2671 -4.1999
2010.2699 -4.7265
2010.2726 -1.8030
2010.2753 -0.4595
2010.2781 -1.5659
2010.2808 -6.1623
2010.2836 -2.9886
2010.2863 -6.4849
2010.2890 -5.7612
2010.2918 -5.0974
2010.2945 -7.3136
2010.2973 -7.9398
2010.3000 -2.4359
2010.3027 2.3679
2010.3055 -1.0482
2010.3082 -2.6443
2010.3110 -1.8004
2010.3137 -1.8465
2010.3164 0.7474
2010.3192 -5.6087
2010.3219 -2.7848
2010.3247 -4.6809
2010.3274 -8.3570
2010.3301 -6.6232
2010.3329 -6.2292
2010.3356 -3.5950
2010.3384 -7.4306
2010.3411 -5.4360
2010.3438 -5.6912
2010.3466 -8.2161
2010.3493 -1.3408
2010.3521 -1.4351
2010.3548 1.3909
2010.3575 2.1273
2010.3603 2.8340
2010.3630 0.9811
2010.3658 1.7686
2010.3685 5.7166
2010.3712 4.9050
2010.3740 5.3639
2010.3767 4.2333
2010.3794 3.7933
2010.3822 3.5838
2010.3849 -2.4852
2010.3877 -3.4836
2010.3904 -6.1113
2010.3931 -4.7384
2010.3959 -6.5249
2010.3986 -4.8407
2010.4014 2.1043
2010.4041 7.1499
2010.4068 -1.4537
2010.4096 -2.5466
2010.4123 -0.5286
2010.4151 2.5604
2010.4178 0.1606
2010.4205 -1.2379
2010.4233 2.8147
2010.4260 -0.5015
2010.4288 -1.1668
2010.4315 -0.2610
2010.4342 3.9757
2010.4370 0.2133
2010.4397 0.4118
2010.4425 -1.3490
2010.4452 -1.4891
2010.4479 2.8116
2010.4507 0.1728
2010.4534 2.4846
2010.4562 1.6269
2010.4589 -1.9303
2010.4616 0.5529
2010.4644 10.3364
2010.4671 13.2103
2010.4699 5.4144
2010.4726 -1.3314
2010.4753 -4.0469
2010.4781 -3.8424
2010.4808 -3.9479
2010.4836 -0.7234
2010.4863 0.0110
2010.4890 -0.0547
2010.4918 0.2595
2010.4945 -2.2266
2010.4973 -1.0129
2010.5000 0.3717
2010.5027 -0.7227
2010.5055 0.1836
2010.5082 5.5508
2010.5110 13.2087
2010.5137 -2.1928
2010.5164 -2.6238
2010.5192 -0.5643
2010.5219 -1.9143
2010.5247 -0.8740
2010.5274 0.8565
2010.5301 1.7372
2010.5329 5.0580
2010.5356 1.5789
2010.5384 -2.1803
2010.5411 -8.7796
2010.5438 -4.7991
2010.5466 -6.4789
2010.5493 2.3810
2010.5521 6.0304
2010.5548 2.4594
2010.5575 -4.2922
2010.5603 -5.8844
2010.5630 2.6426
2010.5658 -1.7711
2010.5685 -5.8258
2010.5712 -9.0813
2010.6342 -7.1509
2010.6370 -9.1239
2011.0699 3.2031
2011.0726 5.1603
2011.0753 6.9984
2011.0781 7.7776
2011.0808 4.5979
2011.0836 8.1194
2011.0863 8.0518
2011.0890 7.1052
2011.0918 5.9596
2011.0945 8.1147
2011.0973 5.5706
2011.1000 8.0472
2011.1027 10.0944
2011.1055 6.5222
2011.1082 7.7904
2011.1110 6.3590
2011.1137 6.0380
2011.1164 8.8773
2011.1192 8.9167
2011.1219 4.2763
2011.1247 7.8760
2011.1274 1.2256
2011.1301 10.1952
2011.1329 12.6646
2011.1356 9.5239
2011.1384 11.0828
2011.1411 7.5314
2011.1438 12.9295
2011.1466 10.1972
2011.1493 9.0943
2011.1521 11.4307
2011.1548 6.6765
2011.1575 9.6915
2011.1603 6.1357
2011.1630 6.9290
2011.1658 8.2823
2011.1685 8.1155
2011.1712 6.0388
2011.1740 11.3420
2011.1767 7.2152
2011.1795 8.6784
2011.1822 7.2816
2011.1849 8.5948
2011.1877 5.8980
2011.1904 6.8012
2011.1931 6.9944
2011.1959 8.1975
2011.1986 4.7007
2011.2014 14.5338
2011.2041 8.7870
2011.2068 7.7301
2011.2096 5.8732
2011.2123 6.2963
2011.2151 6.2894
2011.2178 4.7025
2011.2205 6.3856
2011.2233 1.7987
2011.2260 4.5818
2011.2288 5.9048
2011.2315 4.9079
2011.2342 3.3709
2011.2370 5.0639
2011.2397 3.5870
2011.2425 3.6700
2011.2452 4.1630
2011.2479 2.8059
2011.2507 5.0588
2011.2534 4.6315
2011.2562 2.6141
2011.2589 5.6767
2011.2616 9.1392
2011.2644 10.7216
2011.2671 14.5740
2011.2699 8.2263
2011.2726 3.4986
2011.2753 9.0609
2011.2781 10.3831
2011.2808 14.8054
2011.2836 9.4376
2011.2863 11.8199
2011.2890 9.6122
2011.2918 9.1545
2011.2945 10.5869
2011.2973 9.6493
2011.3000 7.1218
2011.3027 9.1544
2011.3055 9.8870
2011.3082 6.8297
2011.3110 4.5326
2011.3137 4.5555
2011.3164 6.6586
2011.3192 8.3418
2011.3219 7.8851
2011.3247 8.2886
2011.3274 5.4223
2011.3301 6.4363
2011.3329 8.7914
2011.3356 7.8378
2011.3384 5.2254
2011.3411 5.1042
2011.3438 6.0339
2011.3466 5.8547
2011.3493 6.7463
2011.3521 6.7387
2011.3548 10.3218
2011.3575 8.4256
2011.3603 11.4199
2011.3630 9.4247
2011.3658 16.7100
2011.3685 23.0555
2011.3712 5.0514
2011.3740 5.9074
2011.3767 6.1635
2011.3794 4.8396
2011.3822 8.9556
2011.3849 9.7116
2011.3877 7.2473
2011.3904 11.2027
2011.3931 10.1377
2011.3959 6.8323
2011.3986 10.8064
2011.4014 9.4099
2011.4041 12.1926
2011.4068 6.8847
2011.4096 7.3758
2011.4123 6.8261
2011.4151 7.9959
2011.4178 10.9456
2011.4205 11.9053
2011.4233 8.5349
2011.4260 9.4045
2011.4288 7.6940
2011.4315 12.3635
2011.4342 14.8730
2011.4370 12.1524
2011.4397 14.9718
2011.4425 13.2011
2011.4452 7.2704
2011.4479 8.4397
2011.4507 5.1489
2011.4534 8.1281
2011.4562 8.7973
2011.4589 10.6264
2011.4616 9.1255
2011.4644 12.7845
2011.4671 18.7635
2011.4945 4.1219
2011.4973 13.1305
2011.5055 19.9250
2011.5219 14.6084
2011.5247 10.0952
2011.5438 3.4509
2011.5466 13.3975
2011.5904 9.9198
2011.5931 26.6450
2011.6068 16.3379
2011.6479 9.1950
2011.6507 7.7011
2011.6534 17.8258
2011.6753 11.3734
2011.6781 6.5987
2011.6808 11.6037
2011.6836 5.7484
2011.6863 10.9228
2011.6890 10.1670
2011.6918 7.3811
2011.6945 6.2049
2011.6973 5.2787
2011.7000 6.3223
2011.7027 5.9858
2011.7055 3.7394
2011.7082 4.1629
2011.7110 3.6364
2011.7137 4.9599
2011.7164 3.2536
2011.7192 13.0073
2011.7219 16.4112
2011.7247 12.9553
2011.7274 14.6095
2011.7301 7.2340
2011.7329 4.2087
2011.7356 1.3938
2011.7384 3.8291
2011.7411 5.9648
2011.7438 5.2008
2011.7466 5.5173
2011.7493 6.3841
2011.7521 7.8310
2011.7548 5.8779
2011.7575 5.6849
2011.7603 14.8719
2011.7630 14.6889
2011.7658 8.7659
2011.7685 6.7129
2011.7712 9.4899
2011.7740 7.5870
2011.7767 7.4440
2011.7794 5.6811
2011.7822 6.7082
2011.7849 6.7653
2011.7877 6.2823
2011.7904 7.6894
2011.7931 9.5665
2011.7959 7.6136
2011.7986 9.0206
2011.8014 9.1177
2011.8041 8.1848
2011.8068 8.2318
2011.8096 6.9188
2011.8123 11.8059
2011.8151 11.6929
2011.8178 9.0798
2011.8205 8.5268
2011.8233 4.5337
2011.8260 6.0406
2011.8288 10.1075
2011.8315 12.3644
2011.8342 7.9212
2011.8370 6.4980
2011.8397 8.7248
2011.8425 12.1516
2011.8452 8.1383
2011.8479 5.9251
2011.8507 9.1217
2011.8534 8.3084
2011.8562 11.6550
2011.8589 9.9016
2011.8616 13.1381
2011.8644 9.4146
2011.8671 14.1211
2011.8699 12.4275
2011.8726 13.1839
2011.8753 8.3202
2011.8781 5.1164
2011.8808 8.6527
2011.8836 10.1488
2011.8863 11.1550
2011.8890 5.2310
2011.8918 8.4670
2011.8945 7.6429
2011.8973 8.7988
2011.9000 5.1546
2011.9027 9.0404
2011.9055 9.9360
2011.9082 13.4317
2011.9110 10.5172
2011.9137 6.2027
2011.9164 13.6680
2011.9192 10.4726
2011.9219 6.3864
2011.9247 8.3696
2011.9274 7.8820
2011.9301 6.4538
2011.9329 13.1450
2011.9356 14.5755
2011.9384 14.0755
2011.9411 4.4149
2011.9438 9.3338
2011.9466 9.4923
2011.9493 12.9402
2011.9521 13.5078
2011.9548 13.7449
2011.9575 15.3617
2011.9603 11.8781
2011.9630 9.9042
2011.9658 12.1200
2011.9685 14.6956
2011.9712 13.6310
2011.9740 11.5861
2011.9767 13.3711
2011.9795 16.4859
2011.9822 13.4107
2011.9849 15.0354
2011.9877 12.0800
2011.9904 13.7946
2011.9931 14.1392
2011.9959 12.7538
2011.9986 11.5885
2012.0014 11.0733
2012.0041 13.7075
2012.0068 12.5712
2012.0096 11.0643
2012.0150 15.2192
2012.0178 12.3611
2012.0205 10.0625
2012.0232 12.8036
2012.0260 12.4045
2012.0287 15.7250
2012.0314 11.3154
2012.0342 13.4255
2012.0369 12.2856
2012.0396 15.1155
2013.8726 19.7514
2013.8753 22.7748
2013.8781 21.8482
2013.8808 22.0215
2013.8836 23.1947
2013.8863 21.9177
2013.8890 28.0407
2013.8918 24.7635
2013.8945 22.1861
2013.8973 22.9586
2013.9000 21.6508
2013.9027 23.1829
2013.9055 19.5347
2013.9082 19.4962
2013.9110 21.9075
2013.9137 16.5084
2013.9164 18.9889
2013.9192 19.8878
2013.9219 22.5849
2013.9247 22.5805
2013.9274 21.8745
2013.9301 19.4072
2013.9329 16.7485
2013.9356 20.1187
2013.9384 22.8478
2013.9411 21.1259
2013.9438 21.4831
2013.9466 22.6596
2013.9493 19.9553
2013.9521 20.6406
2013.9548 25.2654
2013.9575 21.6598
2013.9603 22.2940
2013.9630 21.0181
2013.9658 19.4521
2013.9685 25.5262
2013.9712 22.9505
2013.9740 23.9751
2013.9767 22.4301
2013.9795 23.7455
2013.9822 25.5416
2013.9849 22.4684
2013.9877 26.5159
2013.9904 22.2044
2013.9931 23.7940
2013.9959 19.8246
2013.9986 22.0465
2014.0014 25.6695
2014.0041 22.0626
2014.0068 16.6257
2014.0096 22.8988
2014.0123 23.0619
2014.0151 23.2850
2014.0178 20.6283
2014.0205 19.7417
2014.0233 23.3553
2014.0260 21.0291
2014.0288 21.2132
2014.0315 23.0676
2014.0342 28.0823
2014.0370 21.0573
2014.0397 23.6628
2014.0425 24.2487
2014.0452 22.2152
2014.0479 24.3921
2014.0507 19.4896
2014.0534 25.4277
2014.0562 23.8365
2014.0589 18.2159
2014.0616 19.6961
2014.0644 23.9670
2014.0671 26.5687
2014.0699 21.9012
2014.0726 23.5346
2014.0753 23.1389
2014.0781 27.1641
2014.0808 26.3804
2014.0836 25.6073
2014.0863 24.8044
2014.0890 22.9718
2014.0918 25.9095
2014.0945 26.4074
2014.0973 27.4555
2014.1000 22.3738
2014.1027 23.3023
2014.1055 24.3811
2014.1082 25.2700
2014.1110 26.9591
2014.1137 28.8483
2014.1164 24.2077
2014.1192 28.3172
2014.1219 33.6768
2014.1247 27.3966
2014.1274 28.9965
2014.1301 26.7364
2014.1329 26.1665
2014.1356 25.6266
2014.1384 22.2467
2014.1411 24.2169
2014.1438 27.6672
2014.1466 28.8675
2014.1493 30.2677
2014.1521 26.5080
2014.1548 29.4683
2014.1575 31.5686
2014.1603 30.4088
2014.1630 27.7590
2014.1658 29.7591
2014.1685 29.5091
2014.1712 28.8791
2014.1740 27.3291
2014.1767 31.8590
2014.1795 30.3090
2014.1822 28.5189
2014.1849 27.8989
2014.1877 25.5090
2014.1904 28.0892
2014.1931 24.9494
2014.1959 22.9798
2014.1986 27.4303
2014.2014 24.4110
2014.2041 24.1618
2014.2068 21.4628
2014.2096 23.0840
2014.2123 27.3855
2014.2151 24.3872
2014.2178 24.0691
2014.2205 18.5114
2014.2233 22.7839
2014.2260 22.2967
2014.2288 23.4799
2014.2315 21.3335
2014.2342 23.7774
2014.2370 21.0417
2014.2397 23.6164
2014.2425 21.2415
2014.2452 20.4271
2014.2479 18.9740
2014.2507 21.0531
2014.2534 22.3442
2014.2562 21.2371
2014.2589 29.0718
2014.2616 24.3882
2014.2644 22.5059
2014.2671 25.8351
2014.2699 27.7654
2014.2726 25.0868
2014.2753 21.1892
2014.2781 23.4724
2014.2808 25.8163
2014.2836 23.8907
2014.2863 23.7555
2014.2890 24.3306
2014.2918 24.7659
2014.2945 34.4612
2014.2973 27.5963
2014.3000 26.8812
2014.3027 33.4458
2014.3055 26.3198
2014.3082 18.9032
2014.3110 26.1457
2014.3137 23.4274
2014.3164 25.6480
2014.3192 23.4675
2014.3219 15.4656
2014.3247 23.2123
2014.3274 24.7574
2014.3301 24.8310
2014.3521 20.9272
2014.3685 26.3043
2014.3712 31.3568
2014.3740 35.9992
2014.3877 27.2893
2014.3904 29.2608
2014.3931 27.4322
2014.4151 18.7266
2014.4178 21.0264
2014.4205 21.1461
2014.4260 27.7352
2014.4288 21.1747
2014.4315 22.9741
2014.4342 33.5634
2014.4370 22.3027
2014.4397 24.9818
2014.4425 23.3910
2014.4452 27.2000
2014.4479 26.2690
2014.4507 27.3379
2014.4534 31.7168
2014.4562 30.9756
2014.4589 27.6944
2014.4616 28.0631
2014.4644 30.0418
2014.4671 31.5404
2014.4699 35.9390
2014.4781 25.1545
2014.5164 34.7360
2014.5192 36.7429
2014.5219 27.1296
2014.5247 33.3262
2014.5274 28.3426
2014.5301 18.8488
2014.5329 26.5348
2014.5356 22.2807
2014.5384 23.1363
2014.5411 24.2218
2014.5438 20.6572
2014.5493 21.4673
2014.5521 22.5821
2014.5603 31.0454
2014.5630 26.4595
2014.5658 32.3034
2014.5685 32.5971
2014.5712 22.5606
2014.5740 19.1739
2014.5767 21.5471
2014.5794 25.9701
2014.5822 23.2827
2014.5849 19.5834
2014.5877 27.1923
2014.5904 32.0195
2014.5931 30.2650
2014.5959 27.0791
2014.5986 24.7818
2014.6014 27.1334
2014.6041 23.8238
2014.6068 23.7433
2014.6096 25.1221
2014.6288 33.5021
2014.6397 23.4939
2014.6425 20.7635
2014.6452 25.5042
2014.8945 22.8833
2014.8973 23.6596
2014.9000 22.7662
2014.9027 16.6032
2014.9055 25.9507
2014.9082 25.5787
2014.9110 23.8874
2014.9137 23.6668
2014.9164 25.3568
2014.9192 29.3270
2014.9219 25.7373
2014.9247 26.1976
2014.9274 27.0681
2014.9301 27.3386
2014.9329 28.5192
2014.9356 31.0798
2014.9384 26.8405
2014.9411 31.4911
2014.9438 32.5219
2014.9466 29.0826
2014.9493 26.8133
2014.9521 30.7941
2014.9548 31.1748
2014.9575 29.0755
2014.9603 23.7862
2014.9630 32.5368
2014.9658 28.6874
2014.9685 31.8779
2014.9712 26.5184
2014.9740 33.0388
2014.9767 28.4591
2014.9795 31.1094
2014.9822 30.0995
2014.9849 29.1796
2014.9877 30.5795
2014.9904 27.7893
2014.9931 26.4090
2014.9959 25.7085
2014.9986 26.9179
2015.0014 21.8471
2015.0041 27.8662
2015.0068 27.9451
2015.0096 31.4738
2015.0123 26.4524
2015.0151 26.9008
2015.0178 28.9292
2015.0205 28.8474
2015.0233 28.5254
2015.0260 29.5334
2015.0288 27.8513
2015.0315 30.0791
2015.0342 28.8568
2015.0370 25.8344
2015.0397 26.4919
2015.0425 27.8394
2015.0452 28.2269
2015.0479 29.3443
2015.0507 30.8416
2015.0534 30.3790
2015.0562 29.8563
2015.0589 27.5936
2015.0616 27.7209
2015.0644 26.6282
2015.0671 31.0855
2015.0699 32.9329
2015.0753 30.0777
2015.0781 40.8351
2015.0808 34.0626
2015.0863 34.4963
2015.0890 23.6622
2015.0918 30.7076
2015.0945 33.4625
2015.0973 33.0069
2015.1000 29.8809
2015.1027 30.4746
2015.1055 31.1681
2015.1082 30.0113
2015.1110 28.3743
2015.1137 29.3372
2015.1164 31.1701
2015.1192 29.5729
2015.1219 32.0658
2015.1247 34.9088
2015.1274 32.8719
2015.1301 32.7553
2015.1329 33.6689
2015.1356 29.1028
2015.1384 31.7971
2015.1411 29.8618
2015.1438 29.3770
2015.1466 27.8828
2015.1493 25.2091
2015.1521 25.9460
2015.1548 31.1537
2015.1575 29.4621
2015.1603 30.9613
2015.1630 28.9815
2015.1658 31.2737
2015.1685 32.7077
2015.1712 32.1237
2015.1740 30.4715
2015.1767 35.6410
2015.1795 30.3621
2015.1822 32.1249
2015.1849 30.1192
2015.1877 28.0849
2015.1904 28.7819
2015.1931 29.6703
2015.1959 29.3898
2015.1986 30.1905
2015.2014 30.2023
2015.2041 28.2550
2015.2068 30.9287
2015.2096 26.3732
2015.2123 29.7484
2015.2151 31.9744
2015.2178 27.7710
2015.2205 32.8381
2015.2233 37.4856
2015.2260 30.5236
2015.2288 30.4619
2015.2315 38.9804
2015.2342 25.4491
2015.2370 26.0278
2015.2397 23.8166
2015.2425 26.1553
2015.2452 28.8139
2015.2479 25.1527
2015.2507 23.3520
2015.2534 30.4818
2015.2562 29.2621
2015.2589 28.0628
2015.2616 29.0838
2015.2644 31.0752
2015.2671 30.0169
2015.2699 27.8589
2015.2726 29.6911
2015.2753 30.2235
2015.2781 33.5861
2015.2808 33.1388
2015.2836 29.1416
2015.2863 31.2544
2015.2890 31.0372
2015.2918 27.7201
2015.2945 29.4028
2015.2973 34.5855
2015.3000 44.1180
2015.3055 21.6424
2015.3082 28.7643
2015.3110 30.6159
2015.3137 28.4171
2015.3164 29.6080
2015.3192 29.5486
2015.3219 30.0986
2015.3247 26.0982
2015.3493 30.4214
2015.3521 29.6884
2015.3548 21.9350
2015.6397 38.9339
2015.6425 43.4444
2015.6562 33.7471
2015.6589 31.8177
2015.6616 32.8083
2015.6644 31.0790
2015.6726 28.5728
2015.6890 30.7293
2015.6945 33.9070
2015.7000 34.3655
2015.7027 33.4401
2015.7082 34.0796
2015.7137 35.4197
2015.7164 35.2449
2015.7384 31.9478
2015.7438 39.4783
2015.7466 34.1634
2015.7493 31.3985
2015.7521 27.2644
2015.7575 34.9485
2015.7603 34.2266
2015.7740 32.1146
2015.7767 40.5853
2015.7794 29.4561
2015.7822 30.5771
2015.7849 29.3181
2015.7877 35.4190
2015.7904 33.2399
2015.7931 35.4606
2015.7959 34.3411
2015.7986 37.5013
2015.8014 42.6711
2015.8041 32.0905
2015.8068 31.4993
2015.8096 33.5376
2015.8123 33.0052
2015.8151 31.7321
2015.8178 33.6982
2015.8205 31.4235
2015.8233 33.0778
2015.8260 30.8912
2015.8288 30.3435
2015.8315 31.0146
2015.8479 33.1666
2015.8507 32.1733
2015.8534 32.3194
2015.8562 30.4551
2015.8589 27.4503
2015.8616 32.3751
2015.8644 28.8594
2015.8671 29.6734
2015.8699 28.9170
2015.8726 28.4202
2015.8753 29.6732
2015.8781 28.2358
2015.8808 29.5382
2015.8836 36.2603
2015.8863 32.8822
2015.8890 32.6339
2015.8918 34.8954
2015.9000 32.0592
2015.9027 33.5102
2015.9055 30.0712
2015.9082 27.8322
2015.9137 32.6041
2015.9219 35.6270
2015.9247 31.6679
2015.9274 32.0587
2015.9301 34.4896
2015.9329 34.8203
2015.9356 24.3711
2015.9384 38.9018
2015.9411 39.4024
2015.9466 33.4137
2015.9493 27.9542
2015.9521 32.7947
2015.9548 31.4452
2015.9575 36.6357
2015.9603 35.7561
2015.9630 33.7865
2015.9658 34.9869
2015.9685 32.8672
2015.9712 30.3075
2015.9740 32.5077
2015.9767 30.3880
2015.9795 26.0082
2015.9822 30.1483
2015.9849 40.9485
2015.9877 43.9686
2015.9904 37.5887
2015.9931 35.1487
2015.9959 33.7687
2015.9986 35.8687
2016.0014 28.4186
2016.0041 30.8078
2016.0068 35.3762
2016.0096 35.7440
2016.0123 29.2912
2016.0150 32.2978
2016.0178 28.1540
2016.0205 26.0898
2016.0232 29.1153
2016.0260 31.5205
2016.0287 29.4456
2016.0314 32.1906
2016.0342 28.4255
2016.0369 33.3005
2016.0396 34.9155
2016.0423 29.4508
2016.0451 32.7763
2016.0478 31.7722
2016.0505 30.7284
2016.0533 30.6451
2016.0560 30.0524
2016.0587 29.8702
2016.0615 28.6187
2016.0642 27.8880
2016.0669 28.1481
2016.0697 26.0391
2016.0724 29.2411
2016.0751 29.0340
2016.0779 32.3381
2016.0806 30.5134
2016.0833 33.1597
2016.0861 31.8469
2016.0888 33.8948
2016.0915 33.3635
2016.0943 33.2230
2016.0970 32.8931
2016.0997 33.5838
2016.1025 36.6852
2016.1052 33.3371
2016.1079 34.5095
2016.1107 35.5125
2016.1134 34.4159
2016.1161 36.0497
2016.1189 33.7840
2016.1216 32.1886
2016.1243 37.3734
2016.1270 37.9286
2016.1298 35.7940
2016.1325 35.2697
2016.1352 34.9055
2016.1380 36.5814
2016.1407 40.1774
2016.1434 37.5835
2016.1462 34.8296
2016.1489 37.0157
2016.1516 32.9317
2016.1544 35.6777
2016.1571 35.4935
2016.1598 37.7692
2016.1626 32.4347
2016.1653 31.7502
2016.1680 32.1158
2016.1708 34.6314
2016.1735 31.1771
2016.1762 36.5628
2016.1790 38.4485
2016.1817 37.5443
2016.1844 33.7701
2016.1872 36.4059
2016.1899 39.8618
2016.1926 37.8877
2016.1954 38.6436
2016.1981 40.5695
2016.2008 38.8554
2016.2035 34.6913
2016.2063 33.8273
2016.2090 32.5832
2016.2117 26.3191
2016.2145 36.7751
2016.2172 32.6210
2016.2199 32.5069
2016.2227 33.6428
2016.2254 35.1586
2016.2281 35.8945
2016.2309 34.1903
2016.2336 34.9760
2016.2363 38.5118
2016.2391 36.4175
2016.2418 31.8831
2016.2445 35.4087
2016.2473 35.9542
2016.2500 34.9291
2016.2527 33.4035
2016.2555 34.8375
2016.2582 35.3211
2016.2609 39.9644
2016.2637 34.6373
2016.2664 35.4100
2016.2691 35.7824
2016.2719 49.3346
2016.2746 42.9366
2016.2773 36.3685
2016.2801 36.3703
2016.2828 36.9920
2016.2855 33.2138
2016.2882 36.7756
2016.2910 38.3674
2016.2937 41.5093
2016.2964 41.3114
2016.2992 37.4037
2016.3019 33.9361
2016.3046 34.1689
2016.3074 33.2019
2016.3101 33.3153
2016.3128 33.6490
2016.3156 37.7231
2016.3183 46.0377
2016.3210 35.8928
2016.3238 30.7285
2016.3265 34.6546
2016.3292 35.1315
2016.3320 36.0907
2016.3347 40.1533
2016.3374 37.9690
2016.3402 38.9876
2016.3429 38.7588
2016.3456 46.1425
2016.3484 42.1885
2016.3538 40.3563
2016.3566 31.8277
2016.3593 37.1605
2016.3620 39.2845
2016.3648 38.4295
2016.3675 30.2252
2016.3702 30.4515
2016.3729 36.7082
2016.3757 38.2549
2016.3784 40.2216
2016.4249 37.8169
2016.4331 33.2594
2016.5041 35.2415
2016.5068 36.4298
2016.5096 33.9785
2016.5123 28.4478
2016.5178 42.8376
2016.5205 35.1780
2016.5232 26.7487
2016.6708 35.6747
2016.6735 44.4681
2016.6762 42.4030
2016.6790 39.4494
2016.6817 38.2270
2016.6844 38.7357
2017.0781 40.3975
2017.0808 40.2061
2017.0836 43.4639
2017.0863 41.7301
2017.0890 43.0449
2017.0918 39.3885
2017.0945 37.9008
2017.0973 37.8821
2017.1000 44.2823
2017.1027 44.7318
2017.1055 40.1505
2017.1082 42.8185
2017.1110 41.3161
2017.1137 39.2032
2017.1164 43.3700
2017.1192 39.8067
2017.1219 40.0532
2017.1247 45.0698
2017.1274 39.5666
2017.1301 39.8636
2017.1329 39.4409
2017.1356 35.4988
2017.1384 38.1572
2017.1411 39.8363
2017.1438 38.9763
2017.1466 40.7771
2017.1493 38.2190
2017.1521 37.1220
2017.1548 36.7263
2017.1575 38.0320
2017.1603 40.0291
2017.1630 35.1983
2017.1658 32.6021
2017.1685 37.5208
2017.1712 39.7139
2017.1740 41.3712
2017.1767 35.9722
2017.1795 37.0869
2017.1822 42.8347
2017.1849 40.7254
2017.1877 50.4786
2017.1904 43.0441
2017.1931 41.4315
2017.1959 41.7105
2017.1986 42.1707
2017.2014 38.1120
2017.2041 43.7038
2017.2068 46.4960
2017.2096 42.0782
2017.2123 42.5301
2017.2151 43.9114
2017.2178 45.0916
2017.2205 42.8807
2017.2233 38.6581
2017.2260 38.7036
2017.2288 39.1869
2017.2315 37.4576
2017.2342 38.7955
2017.2370 38.1601
2017.2397 38.5313
2017.2425 39.1386
2017.2452 41.6318
2017.2479 38.8713
2017.2507 38.9181
2017.2534 36.9822
2017.2562 45.1440
2017.2589 41.3936
2017.2616 44.9612
2017.2644 42.4871
2017.2671 41.4915
2017.2699 42.0345
2017.2726 43.5065
2017.2753 42.4975
2017.2781 39.9879
2017.2808 40.4479
2017.2836 39.0575
2017.2863 39.4872
2017.2890 46.3470
2017.2918 42.0072
2017.2945 41.9079
2017.2973 42.8996
2017.3000 46.4722
2017.3027 40.4560
2017.3055 50.4514
2017.3082 50.3483
2017.3110 46.6372
2017.3137 42.9481
2017.3164 45.4414
2017.3192 42.4172
2017.3219 40.9356
2017.3247 39.0171
2017.3274 40.5817
2017.3301 40.8994
2017.3329 42.4189
2017.3411 40.8160
2017.3438 40.7808
2017.3466 44.2966
2017.3493 37.8234
2017.3521 39.5609
2017.3548 40.4890
2017.3575 41.6978
2017.3603 39.5970
2017.3630 39.0665
2017.3658 50.4962
2017.4178 36.6320
2017.4205 40.9368
2017.4507 43.4953
2017.4534 51.6993
2017.4562 45.1431
2017.4589 39.1469
2017.4616 36.6806
2017.4644 39.5041
2017.4671 41.7276
2017.4699 37.8209
2017.4726 38.1941
2017.5986 57.2728
2017.6014 51.0499
2017.6096 49.5222
2017.6425 43.9980
2017.6452 43.5358
2017.6534 43.2687
2017.6562 47.3360
2017.6589 44.4431
2017.6616 41.4200
2017.6644 43.4668
2017.6671 43.0034
2017.6699 42.1501
2017.6726 44.4468
2017.6753 41.9635
2017.6781 42.4502
2017.6808 41.8670
2017.6836 36.7238
2017.6863 37.9005
2017.6890 41.4372
2017.6918 42.7939
2017.6945 45.2906
2017.6973 42.0472
2017.7000 40.6538
2017.7027 43.6603
2017.7055 42.4467
2017.7082 50.9831
2017.7110 42.9394
2017.7137 41.9056
2017.7164 43.5817
2017.7192 40.7176
2017.7219 43.4635
2017.7247 43.8192
2017.7274 45.1848
2017.7301 55.8803
2017.8178 41.3882
2017.8205 45.0286
2017.8233 45.5890
2017.8260 45.1395
2017.8288 43.5802
2017.8315 42.9209
2017.8342 41.9019
2017.8370 42.1333
2017.8397 40.4451
2017.8425 38.0671
2017.8452 42.6894
2017.8479 40.7019
2017.8507 48.1245
2017.8534 56.4571
2017.8562 50.2598
2017.8589 40.3324
2017.8616 46.6649
2017.8644 43.2773
2017.8671 45.8595
2017.8699 44.3314
2017.8726 42.8930
2017.8753 44.4543
2017.8781 44.4151
2017.8808 45.0255
2017.8836 42.1953
2017.8863 43.8345
2017.8890 41.1931
2017.8918 44.0110
2017.8945 47.3382
2017.8973 45.0745
2017.9000 43.7200
2017.9027 40.5546
2017.9055 43.4782
2017.9082 43.3708
2017.9110 45.2623
2017.9137 43.0227
2017.9164 49.7019
2017.9192 46.1904
2017.9219 46.1982
2017.9247 47.9953
2017.9274 46.1318
2017.9301 44.3977
2017.9329 44.2831
2017.9356 47.8580
2017.9384 46.9525
2017.9411 44.9165
2017.9438 42.9802
2017.9466 42.1735
2017.9493 42.2465
2017.9521 42.1392
2017.9548 44.2418
2017.9575 41.0041
2017.9603 45.5163
2017.9630 44.5384
2017.9658 43.4605
2017.9685 44.0825
2017.9712 43.5245
2017.9740 43.3366
2017.9767 46.0488
2017.9795 41.2111
2017.9822 40.6536
2017.9849 40.6263
2017.9877 39.4093
2017.9904 41.7625
2017.9931 42.7761
2017.9959 44.6800
2017.9986 43.6944
2018.0014 43.3091
2018.0041 44.0239
2018.0068 45.5688
2018.0096 42.9237
2018.0123 42.6285
2018.0151 45.1635
2018.0178 45.2084
2018.0205 45.5233
2018.0233 46.2383
2018.0260 44.7933
2018.0288 44.7483
2018.0315 43.6032
2018.0342 45.6582
2018.0370 47.3333
2018.0397 38.5283
2018.0425 40.4833
2018.0452 46.1583
2018.0479 46.2233
2018.0507 47.8583
2018.0534 47.0333
2018.0562 47.4783
2018.0589 47.9033
2018.0616 47.9982
2018.0644 46.9032
2018.0671 45.7981
2018.0699 45.0530
2018.0726 48.5979
2018.0753 49.1028
2018.0781 47.2077
2018.0808 54.6625
2018.0836 55.8967
2018.0863 56.8597
2018.0890 53.5717
2018.0918 46.6828
2018.0945 46.5630
2018.0973 41.6226
2018.1000 44.1115
2018.1027 46.9700
2018.1055 46.6081
2018.1082 42.7860
2018.1110 45.8238
2018.1137 48.2415
2018.1164 49.0593
2018.1192 47.4973
2018.1219 44.6657
2018.1247 44.5944
2018.1274 42.2138
2018.1301 45.3938
2018.1329 47.8945
2018.1356 45.5762
2018.1384 49.6689
2018.1411 44.8227
2018.1438 45.9577
2018.1466 44.8740
2018.1493 48.3619
2018.1521 44.3913
2018.1548 42.2123
2018.1575 45.3452
2018.1603 46.0000
2018.1630 47.4866
2018.1658 45.5241
2018.1685 48.2722
2018.1712 47.5210
2018.1740 47.8103
2018.1767 46.8901
2018.1795 46.1705
2018.1822 45.4414
2018.1849 47.1827
2018.1877 43.6645
2018.1904 45.1167
2018.1931 46.1392
2018.1959 46.7821
2018.1986 46.2953
2018.2014 44.9587
2018.2041 44.7024
2018.2068 45.8963
2018.2096 45.4904
2018.2123 46.5447
2018.2151 49.1290
2018.2178 48.5535
2018.2205 47.8280
2018.2233 41.1025
2018.2260 46.5771
2018.2288 48.0516
2018.2315 42.9960
2018.2342 46.9203
2018.2370 45.2346
2018.2397 43.0886
2018.2425 47.8025
2018.2452 45.2761
2018.2479 45.0896
2018.2507 47.8331
2018.2534 50.3367
2018.2562 44.6502
2018.2589 46.9637
2018.2616 43.5672
2018.2644 47.5807
2018.2671 45.8642
2018.2699 44.3378
2018.2726 44.6213
2018.2753 47.2948
2018.2781 46.7583
2018.2808 47.1418
2018.2836 47.6253
2018.2863 47.4889
2018.2890 46.1424
2018.2918 46.6059
2018.2945 44.0694
2018.2973 53.8829
2018.3548 48.4670
2018.3575 49.0706
2018.3685 51.0848
2018.3740 56.9618
2018.3767 54.2754
2018.3794 46.2689
2018.5164 52.7108
2018.5192 52.8234
2018.5219 48.9165
2018.6370 41.8836
2018.6397 50.0083
2018.6452 49.1272
2018.6479 45.6715
2018.6507 42.2455
2018.6534 37.7494
2018.6562 44.7930
2018.6589 48.1864
2018.6616 48.1596
2018.6644 56.4425
2018.6671 52.0343
2018.6699 47.8942
2018.6726 49.3522
2018.6753 52.9486
2018.6781 53.7934
2018.6808 60.7367
2018.6836 48.5987
2018.6863 46.6094
2018.6890 47.1890
2018.6918 42.7176
2018.6945 44.0253
2018.6973 44.6722
2018.7000 43.5585
2018.7027 44.9642
2018.7055 44.6396
2018.7082 46.0845
2018.7110 44.1193
2018.7137 45.7341
2018.7164 48.1188
2018.7192 48.0337
2018.7219 49.5388
2018.7247 45.3444
2018.7274 45.4904
2018.7301 44.8770
2018.7329 41.1444
2018.7356 40.0926
2018.7384 42.0717
2018.7411 44.8320
2018.7466 50.3661
2018.7493 48.8801
2018.7521 47.0547
2018.7548 43.4898
2018.7575 43.1953
2018.7603 43.1612
2018.7630 46.4775
2018.7658 47.4540
2018.7685 48.0809
2018.7712 45.3580
2018.7740 47.2653
2018.7767 46.9027
2018.7794 46.5802
2018.7822 48.4178
2018.7849 51.4155
2018.7877 49.1331
2018.7904 45.4407
2018.7931 43.8582
2018.7959 49.1656
2018.7986 51.4829
2018.8014 47.8699
2018.8041 45.5967
2018.8068 48.6032
2018.8096 48.6693
2018.8123 49.4851
2018.8151 49.5906
2018.8178 47.3555
2018.8205 50.0600
2018.8233 52.3640
2018.8260 50.8074
2018.8288 50.1401
2018.8315 50.2823
2018.8342 48.0340
2018.8370 46.6755
2018.8397 48.3168
2018.8425 51.3779
2018.8452 50.6088
2018.8479 52.1795
2018.8507 49.6900
2018.8534 49.5504
2018.8562 50.0206
2018.8589 48.3407
2018.8616 53.0806
2018.8644 50.0904
2018.8671 51.5200
2018.8699 52.2195
2018.8726 49.8489
2018.8753 48.5682
2018.8781 52.3374
2018.8808 51.3266
2018.8836 48.4956
2018.8863 50.8545
2018.8890 49.8734
2018.8918 48.5523
2018.8945 49.7710
2018.8973 46.8498
2018.9000 48.2485
2018.9027 45.3471
2018.9055 50.1258
2018.9082 48.4944
2018.9110 49.4731
2018.9137 42.5217
2018.9164 47.7103
2018.9192 47.0789
2018.9219 45.6375
2018.9247 44.7759
2018.9274 42.5143
2018.9301 46.7926
2018.9329 47.7508
2018.9356 45.7989
2018.9384 46.7769
2018.9411 48.2247
2018.9438 47.5624
2018.9466 51.0900
2018.9493 49.3173
2018.9521 48.6345
2018.9548 45.7815
2018.9575 47.1383
2018.9603 47.9649
2018.9630 46.1612
2018.9658 48.3573
2018.9685 48.5232
2018.9712 48.0988
2018.9740 48.7142
2018.9767 53.1193
2018.9795 50.2840
2018.9822 52.9385
2018.9849 49.7927
2018.9877 50.9365
2018.9904 49.8200
2018.9931 51.4632
2018.9959 50.6860
2018.9986 51.8784
2019.0014 52.6403
2019.0041 50.4806
2019.0068 45.6691
2019.0096 53.3861
2019.0123 51.5716
2019.0151 56.6857
2019.0178 53.2886
2019.0205 51.2703
2019.0233 52.2110
2019.0260 49.8308
2019.0288 50.0798
2019.0315 48.8580
2019.0342 53.7957
2019.0370 52.8829
2019.0397 49.9497
2019.0425 51.4062
2019.0452 51.9926
2019.0479 52.7290
2019.0507 55.5054
2019.0534 50.9220
2019.0562 52.8089
2019.0589 52.5462
2019.0616 51.4240
2019.0644 54.2724
2019.0671 55.3416
2019.0699 50.4916
2019.0726 54.0425
2019.0753 52.8345
2019.0781 52.3877
2019.0808 54.7422
2019.0836 50.1872
2019.0863 47.1020
2019.0890 51.0967
2019.0918 51.4012
2019.0945 50.9558
2019.0973 52.9003
2019.1000 56.0150
2019.1027 52.9498
2019.1055 49.4848
2019.1082 49.7201
2019.1110 51.5557
2019.1137 52.0717
2019.1164 51.4382
2019.1192 52.8952
2019.1219 53.7027
2019.1247 53.6609
2019.1274 54.1398
2019.1301 51.0094
2019.1329 50.7899
2019.1356 48.5212
2019.1384 51.5235
2019.1411 48.0767
2019.1438 50.5910
2019.1466 54.3164
2019.1493 55.9631
2019.1521 51.1809
2019.1548 51.4900
2019.1575 52.4905
2019.1603 50.0524
2019.1630 55.4757
2019.1658 57.3793
2019.1685 50.7332
2019.1712 52.4874
2019.1740 49.1718
2019.1767 48.8265
2019.1795 45.5714
2019.1822 55.3765
2019.1849 49.7018
2019.1877 55.0673
2019.1904 50.9430
2019.1931 56.1589
2019.1959 56.5250
2019.1986 51.6712
2019.2014 50.5976
2019.2041 50.7441
2019.2068 47.5208
2019.2096 46.8776
2019.2123 53.0245
2019.2151 50.6115
2019.2178 52.4586
2019.2205 52.9458
2019.2233 48.9931
2019.2260 57.2104
2019.2288 51.3078
2019.2315 52.7053
2019.2342 51.3728
2019.2370 51.0304
2019.2397 52.1079
2019.2425 52.8555
2019.2452 51.6531
2019.2479 48.7008
2019.2507 51.8886
2019.2534 52.4866
2019.2562 51.8747
2019.2589 51.6029
2019.2616 53.7412
2019.2644 53.4196
2019.2671 53.9681
2019.2699 52.0967
2019.2726 53.1453
2019.2753 52.5940
2019.2781 47.6826
2019.2808 50.2913
2019.2836 46.8300
2019.2863 45.9387
2019.2890 49.6773
2019.2918 50.7559
2019.2945 51.8645
2019.2973 51.6130
2019.3000 50.4614
2019.3027 44.6397
2019.3055 49.4080
2019.3082 42.0460
2019.6616 49.5611
2019.6644 52.1688
2019.6699 62.4747
2019.6781 49.6386
2019.6808 51.9066
2019.6836 57.9446
2019.6863 52.7327
2019.6890 55.4607
2019.6918 55.8688
2019.6945 53.5269
2019.6973 48.0851
2019.7000 48.6832
2019.7027 54.3814
2019.7055 58.1996
2019.7082 62.2678
2019.7110 54.9860
2019.7137 54.3143
2019.7164 52.6625
2019.7192 54.0408
2019.7219 54.1091
2019.7247 55.3075
2019.7274 53.1958
2019.7301 51.0242
2019.7329 49.5025
2019.7356 51.4309
2019.7384 52.0893
2019.7411 53.5878
2019.7438 56.7662
2019.7466 65.8647
2019.7493 58.7232
2019.7521 61.2018
2019.7548 56.5606
2019.7575 55.9396
2019.7603 57.0686
2019.7630 56.1578
2019.7658 52.2571
2019.7685 56.5965
2019.7712 57.4160
2019.7740 56.2656
2019.7767 52.8853
2019.7794 51.0850
2019.7822 63.1148
2019.7849 55.6547
2019.7877 53.7545
2019.7904 59.0745
2019.7931 58.2944
2019.7959 59.5644
2019.7986 57.5444
2019.8014 53.4643
2019.8041 52.6943
2019.8068 55.9342
2019.8096 48.2442
2019.8123 53.1040
2019.8151 52.6839
2019.8178 49.7737
2019.8205 54.9034
2019.8233 54.1130
2019.8260 55.0926
2019.8288 55.6520
2019.8315 55.4214
2019.8342 54.5106
2019.8370 57.1296
2019.8397 56.0884
2019.8425 58.1669
2019.8452 56.7151
2019.8479 54.2031
2019.8507 52.9007
2019.8534 60.3481
2019.8562 53.1051
2019.8589 57.5118
2019.8616 53.5781
2019.8644 57.3241
2019.8671 56.8897
2019.8699 56.6449
2019.8726 55.3197
2019.8753 53.6041
2019.8781 53.9480
2019.8808 49.1215
2019.8836 57.7746
2019.8863 62.2571
2019.8890 67.8092
2019.8918 60.2708
2019.8945 53.5418
2019.8973 50.2323
2019.9000 59.9223
2019.9027 58.8617
2019.9055 56.8506
2019.9082 55.8988
2019.9110 60.7664
2019.9137 59.6235
2019.9164 49.6395
2019.9192 54.3425
2019.9219 56.0123
2019.9247 54.0592
2019.9274 52.0932
2019.9301 51.7547
2019.9329 53.5738
2019.9356 51.7408
2019.9384 50.3058
2019.9411 50.8292
2019.9438 54.1510
2019.9466 55.6816
2019.9493 54.1311
2019.9521 51.4998
2019.9548 51.5578
2019.9575 52.2455
2019.9603 51.3429
2019.9630 51.7003
2019.9658 49.0080
2019.9685 50.9760
2019.9712 53.1448
2019.9740 51.6144
2019.9767 54.2851
2019.9795 54.7571
2019.9822 55.2306
2019.9849 56.6158
2019.9877 55.1730
2019.9904 57.5824
2019.9931 56.0841
2019.9959 58.5584
2019.9986 52.8654
2020.0041 46.6654
2020.0068 56.9857
2020.0096 53.8561
2020.0123 54.6065
2020.0150 52.1371
2020.0178 56.4977
2020.0205 53.9784
2020.0232 54.9292
2020.0260 59.9301
2020.0287 54.1310
2020.0314 54.7720
2020.0342 52.9931
2020.0369 55.6343
2020.0396 53.2355
2020.0423 52.8569
2020.0451 54.3383
2020.0478 50.0897
2020.0505 50.4613
2020.0533 51.2129
2020.0560 51.9746
2020.0587 52.3363
2020.0615 53.2982
2020.0642 55.2101
2020.0669 56.9820
2020.0697 52.7741
2020.0724 57.8962
2020.0751 53.5383
2020.0779 52.0106
2020.0806 57.1529
2020.0833 55.5252
2020.0861 57.8775
2020.0888 57.4898
2020.0915 57.3820
2020.0943 59.5543
2020.0970 54.2366
2020.0997 56.4090
2020.1025 58.1614
2020.1052 60.7938
2020.1079 52.3064
2020.1107 54.3690
2020.1134 54.8617
2020.1161 54.3345
2020.1189 54.1074
2020.1216 56.0305
2020.1243 55.0437
2020.1270 55.1271
2020.1298 51.9706
2020.1325 53.7744
2020.1352 50.3283
2020.1380 54.6224
2020.1407 55.9568
2020.1434 55.6014
2020.1462 55.3962
2020.1489 53.6613
2020.1516 56.3667
2020.1544 55.9523
2020.1571 54.5483
2020.1598 51.4645
2020.1626 57.1913
2020.1653 53.8699
2020.1680 51.0608
2020.1708 53.7937
2020.1735 52.6986
2020.1762 53.2853
2020.1790 52.3436
2020.1817 57.8935
2020.1844 64.1247
2020.1872 54.6272
2020.1899 59.1407
2020.1926 62.5852
2020.1954 63.5105
2020.1981 55.9164
2020.2008 57.5328
2020.2035 58.1796
2020.2063 58.0167
2020.2090 53.3737
2020.2117 54.2208
2020.2145 53.6176
2020.6653 63.2905
2020.6680 55.0645
2020.6708 57.9092
2020.6762 65.0204
2020.6790 61.1969
2020.6844 63.7513
2020.6872 61.4791
2020.6899 55.3473
2020.6926 54.8257
2020.6954 55.1945
2020.6981 58.2034
2020.7008 59.8026
2020.7035 53.0618
2020.7063 50.7911
2020.7090 54.6704
2020.7117 52.3496
2020.7145 52.1988
2020.7172 56.0879
2020.7199 56.2168
2020.7227 56.5554
2020.7254 51.3038
2020.7281 51.8719
2020.7309 51.2496
2020.7336 53.0068
2020.7363 53.8436
2020.7391 55.8399
2020.7418 55.3756
2020.7445 56.4307
2020.7473 57.2552
2020.7500 58.2490
2020.7527 60.3823
2020.7555 59.5551
2020.7582 56.9476
2020.7609 59.1997
2020.7637 60.6114
2020.7664 58.3728
2020.7691 58.7040
2020.7719 58.4249
2020.7746 58.6656
2020.7773 54.7762
2020.7801 57.4166
2020.7828 56.2870
2020.7855 59.7973
2020.7882 60.6775
2020.7910 57.4678
2020.7937 51.5482
2020.7964 54.9486
2020.7992 55.6191
2020.8019 57.0298
2020.8046 60.3107
2020.8074 61.0218
2020.8101 55.2432
2020.8128 56.5749
2020.8156 58.7069
2020.8183 52.7693
2020.8210 53.9521
2020.8238 50.5553
2020.8265 49.1190
2020.8292 55.6332
2020.8374 56.5811
2020.8402 68.8596
2020.8429 45.9893
2020.8456 54.4801
2020.8484 48.1618
2020.8511 49.6445
2020.8538 49.8979
2020.8566 47.4620
2020.8593 53.3767
2020.8620 52.5920
2020.8648 56.6076
2020.8675 55.7336
2020.8702 56.5898
2020.8729 52.9661
2020.8757 54.6725
2020.8784 53.3788
2020.8811 53.9250
2020.8839 49.1810
2020.8866 47.8466
2020.8893 47.1617
2020.8921 52.2264
2020.8948 52.8404
2020.8975 55.0738
2020.9003 54.0263
2020.9030 54.1979
2020.9057 52.2086
2020.9085 51.8981
2020.9112 54.2465
2020.9139 57.5336
2020.9167 50.7295
2020.9194 55.8147
2020.9221 52.9995
2020.9249 54.5037
2020.9276 57.1675
2020.9303 58.2107
2020.9331 49.1735
2020.9358 57.2858
2020.9385 56.7376
2020.9413 54.9890
2020.9440 54.0099
2020.9467 57.1305
2020.9495 55.2505
2020.9522 58.1802
2020.9549 60.0795
2020.9576 61.1283
2020.9604 60.1568
2020.9631 58.2749
2020.9658 58.7527
2020.9686 57.0401
2020.9713 59.5171
2020.9740 56.7038
2020.9768 58.2302
2020.9795 59.2462
2020.9822 55.2120
2020.9850 61.5374
2020.9877 56.2426
2020.9904 54.6574
2020.9932 60.5620
2020.9959 59.9164
2020.9986 59.5405
2021.0014 60.1442
2021.0041 61.1067
2021.0068 63.7682
2021.0096 65.2285
2021.0123 60.8179
2021.0151 60.1764
2021.0178 62.4542
2021.0205 61.3812
2021.0233 61.3877
2021.0260 61.7836
2021.0288 63.7091
2021.0315 59.8143
2021.0342 59.3993
2021.0370 59.6741
2021.0397 58.9989
2021.0425 55.5838
2021.0452 56.7888
2021.0479 57.2440
2021.0507 59.0296
2021.0534 55.0755
2021.0562 56.9120
2021.0589 54.6991
2021.0616 61.1469
2021.0644 63.4055
2021.0671 59.5350
2021.0699 62.7254
2021.0726 60.1270
2021.0753 57.4396
2021.0781 57.9936
2021.0808 57.5489
2021.0836 64.4251
2021.0863 60.6217
2021.0890 61.2088
2021.0918 63.3963
2021.0945 60.0142
2021.0973 59.1826
2021.1000 55.3615
2021.1027 56.5708
2021.1055 55.8006
2021.1082 59.7708
2021.1110 58.1415
2021.1137 59.1227
2021.1164 61.3044
2021.1192 60.8565
2021.1219 60.3191
2021.1247 60.5022
2021.1274 58.3958
2021.1301 58.8999
2021.1329 55.2445
2021.1356 57.7396
2021.1384 51.8352
2021.1411 57.1013
2021.1438 61.2680
2021.1466 62.9751
2021.1493 61.7428
2021.1521 60.9310
2021.1548 63.2098
2021.1575 62.8990
2021.1603 62.7388
2021.1630 61.4992
2021.1658 59.2399
2021.1685 56.5411
2021.1712 61.1125
2021.1740 61.4143
2021.1767 58.9063
2021.1795 58.3387
2021.1822 59.9512
2021.1849 58.5240
2021.6397 58.9909
2021.6534 66.1366
2021.6562 74.2085
2021.6616 57.8506
2021.6699 62.3002
2021.6726 62.3200
2021.6753 57.6197
2021.6890 63.6678
2021.6918 62.6073
2021.6945 61.6869
2021.6973 63.5664
2021.7000 61.0259
2021.7027 65.6653
2021.7055 61.0448
2021.7082 63.1642
2021.7110 61.9536
2021.7137 60.6029
2021.7164 60.3223
2021.7192 63.5916
2021.7219 61.1109
2021.7247 64.5502
2021.7274 62.8995
2021.7301 67.5987
2021.7329 65.8279
2021.7356 64.4271
2021.7384 65.2763
2021.7411 65.1354
2021.7438 61.9846
2021.7466 62.5437
2021.7493 61.4228
2021.7521 60.4918
2021.7548 60.9207
2021.7575 63.6095
2021.7603 66.2083
2021.7630 66.6269
2021.7658 65.5255
2021.7685 64.2540
2021.7712 64.8225
2021.7740 60.5808
2021.7767 65.4292
2021.7794 64.8774
2021.7822 66.2156
2021.7849 65.2538
2021.7877 63.6919
2021.7904 64.5099
2021.7931 66.5979
2021.7959 66.8059
2021.7986 64.1238
2021.8014 62.6218
2021.8041 67.4796
2021.8068 66.1575
2021.8096 68.3653
2021.8123 63.3231
2021.8151 68.4209
2021.8178 62.5987
2021.8205 57.8965
2021.8233 60.1943
2021.8260 58.4621
2021.8288 56.0098
2021.8315 54.7076
2021.8342 56.2148
2021.8397 56.2756
2021.8425 59.2195
2021.8479 63.4544
2021.8507 61.9157
2021.8534 61.1462
2021.8562 59.7961
2021.8589 61.6454
2021.8616 57.7143
2021.8644 58.6128
2021.8671 58.3009
2021.8699 60.5689
2021.8726 61.5966
2021.8753 63.1443
2021.8781 60.3120
2021.8808 61.9897
2021.8836 62.4476
2021.8863 64.3858
2021.8918 59.2731
2021.8945 67.3024
2021.8973 65.5723
2021.9000 62.3528
2021.9027 64.1041
2021.9055 66.6161
2021.9082 64.4889
2021.9110 68.4528
2021.9137 70.3376
2021.9164 66.1838
2021.9192 71.5129
2021.9219 70.8749
2021.9247 67.4997
2021.9274 70.5270
2021.9301 68.5966
2021.9329 62.5384
2021.9356 61.6021
2021.9384 66.9074
2021.9411 72.2843
2021.9438 67.6225
2021.9466 63.9117
2021.9493 66.4219
2021.9521 66.5027
2021.9575 64.0154
2021.9603 68.5970
2021.9630 70.5384
2021.9658 69.4994
2021.9685 69.6498
2021.9712 62.4394
2021.9740 60.2481
2021.9767 72.3555
2021.9795 68.4315
2021.9822 72.8859
2021.9849 77.2284
2021.9877 76.3290
2021.9904 68.6372
2021.9931 69.0731
2021.9959 68.7162
2021.9986 66.8965
2022.0014 71.7739
2022.0041 69.0093
2022.0068 73.1030
2022.0096 72.0652
2022.0123 64.8360
2022.0151 63.1055
2022.0178 64.3038
2022.0205 73.5011
2022.0233 67.6676
2022.0260 70.4632
2022.0288 71.7883
2022.0315 67.2928
2022.0342 67.6670
2022.0370 67.9109
2022.0397 68.0448
2022.0425 71.9086
2022.0452 70.4926
2022.0479 69.5970
2022.0507 70.5917
2022.0534 70.8870
2022.0562 68.3029
2022.0589 67.9097
2022.0616 65.6974
2022.0644 66.6962
2022.0671 70.0963
2022.0699 71.5676
2022.0726 71.4904
2022.0753 67.7248
2022.0781 71.4310
2022.0808 66.5990
2022.0836 73.5581
2022.0863 68.7876
2022.0890 70.6274
2022.0918 70.8876
2022.0945 69.7380
2022.0973 69.5386
2022.1000 63.9494
2022.1027 67.6505
2022.1055 68.1117
2022.1082 64.5731
2022.1110 73.1945
2022.1137 68.7561
2022.1164 67.5377
2022.1192 68.3493
2022.1219 70.7010
2022.1247 68.7426
2022.1274 65.0542
2022.1301 66.6957
2022.1329 68.3971
2022.1356 69.7484
2022.1384 65.6495
2022.1411 75.0305
2022.1438 69.4512
2022.1466 70.5117
2022.1493 67.4520
2022.1521 66.6620
2022.1548 69.0417
2022.1575 70.1910
2022.1603 69.6700
2022.1630 68.7086
2022.1658 70.3270
2022.1685 70.9053
2022.1712 70.8434
2022.1740 68.7513
2022.1767 76.6391
2022.1795 77.0468
2022.1822 70.0143
2022.1849 74.7517
2022.1877 74.5289
2022.1904 74.3060
2022.1931 72.0929
2022.1959 73.6398
2022.1986 74.2365
2022.2014 72.6531
2022.2041 70.1896
2022.2068 72.4959
2022.2096 74.6422
2022.2123 76.4084
2022.2151 77.7044
2022.2178 76.1104
2022.2205 67.5362
2022.3548 66.3297
2022.3575 66.8844
2022.3603 67.6696
2022.3630 82.6353
2022.3658 71.7313
2022.3685 68.5375
2022.3712 66.1240
2022.3740 65.4506
2022.3767 74.5073
2022.3794 71.4939
2022.3822 67.4705
2022.3849 65.0869
2022.3877 67.5530
2022.3904 68.1589
2022.3931 63.3844
2022.3959 65.1994
2022.3986 67.0839
2022.4014 67.4078
2022.4041 70.0011
2022.4068 69.5135
2022.4096 71.8252
2022.4123 73.0960
2022.4151 64.2064
2022.4178 65.0869
2022.4205 64.1874
2022.4233 64.7781
2022.4260 66.2588
2022.4288 67.6395
2022.4315 67.7202
2022.4342 73.2809
2022.4370 73.8616
2022.4397 73.2823
2022.4425 72.2828
2022.4452 72.9433
2022.4479 69.3637
2022.4507 67.6440
2022.4534 67.4741
2022.4562 66.9541
2022.4589 67.4939
2022.4616 63.4735
2022.4644 67.1829
2022.4671 70.4720
2022.4699 71.5609
2022.4726 74.2496
2022.4753 68.3279
2022.4781 70.1559
2022.4808 71.6536
2022.4836 72.3810
2022.4863 71.1280
2022.4890 68.4046
2022.4918 70.1908
2022.4945 72.0366
2022.4973 69.8019
2022.5000 70.1164
2022.5027 67.2102
2022.5055 67.5733
2022.5082 70.4957
2022.5110 71.5575
2022.5137 77.7288
2022.5164 71.1595
2022.5192 72.9698
2022.5219 73.3497
2022.5247 72.9792
2022.5274 68.4284
2022.5301 61.8974
2022.5329 55.3761
2022.5356 78.8947
2022.5384 70.6232
2022.5411 70.7617
2022.5438 69.9601
2022.5466 69.6886
2022.5493 69.0672
2022.5521 68.7659
2022.5548 70.1949
2022.6671 73.6829
2022.6699 81.3121
2022.6726 75.7427
2022.6753 73.0144
2022.6781 71.7172
2022.6808 75.4608
2022.6836 77.3853
2022.6863 79.9205
2022.6890 77.5562
2022.6918 73.2524
2022.6945 77.2490
2022.6973 74.4057
2022.7000 76.6626
2022.7027 74.8494
2022.7055 73.8961
2022.7082 73.5425
2022.7110 73.6686
2022.7137 76.2542
2022.7164 75.1592
2022.7192 72.6534
2022.7219 74.9769
2022.7247 74.5093
2022.7274 72.5007
2022.7301 70.7609
2022.7329 74.2098
2022.7356 73.6173
2022.7384 77.1632
2022.7411 79.1074
2022.7438 73.8799
2022.7466 75.1605
2022.7493 72.8992
2022.7521 71.4166
2022.7548 69.2230
2022.7575 72.4484
2022.7603 70.7429
2022.7630 71.3665
2022.7658 74.0192
2022.7685 72.1112
2022.7712 76.8826
2022.7740 76.7233
2022.7767 75.0135
2022.7794 75.4032
2022.7822 72.2825
2022.7849 71.4214
2022.7877 75.4800
2022.7904 74.3884
2022.7931 76.0367
2022.7959 70.4048
2022.7986 75.0429
2022.8014 71.8310
2022.8041 71.7593
2022.8068 69.7276
2022.8096 69.5663
2022.8123 70.0952
2022.8151 72.0244
2022.8178 70.5041
2022.8205 70.4442
2022.8233 70.1649
2022.8260 68.6362
2022.8288 67.7282
2022.8315 73.7109
2022.8342 69.5442
2022.8370 72.0178
2022.8397 73.0217
2022.8425 74.2358
2022.8452 74.3202
2022.8479 69.9248
2022.8507 69.6596
2022.8534 75.9645
2022.8562 74.8996
2022.8589 69.5448
2022.8616 68.5401
2022.8644 72.7154
2022.8671 70.6608
2022.8699 75.2562
2022.8726 74.1516
2022.8753 74.9669
2022.8781 70.7922
2022.8808 78.9374
2022.8836 73.0925
2022.8863 75.8674
2022.8890 74.5621
2022.8918 74.8667
2022.8945 78.7010
2022.8973 75.4151
2022.9000 73.6789
2022.9027 70.8525
2022.9055 69.5757
2022.9082 68.9585
2022.9110 77.0310
2022.9137 72.0231
2022.9164 73.7447
2022.9192 73.8056
2022.9219 72.0457
2022.9247 72.7051
2022.9274 71.1638
2022.9301 71.9718
2022.9329 74.6890
2022.9356 72.4657
2022.9384 73.5717
2022.9411 78.5070
2022.9438 75.8818
2022.9466 73.7660
2022.9493 74.6296
2022.9521 75.1227
2022.9548 72.6952
2022.9575 74.9973
2022.9603 73.4788
2022.9630 74.2599
2022.9658 73.1506
2022.9685 76.5609
2022.9712 73.9307
2022.9740 74.6402
2022.9767 76.5093
2022.9795 75.2180
2022.9822 74.8464
2022.9849 73.8346
2022.9877 70.9124
2022.9904 73.3600
2022.9931 73.9373
2022.9959 73.7144
2022.9986 71.8313
