2006.9931 8.8980
2006.9959 8.8669
2006.9986 11.7957
2007.0014 14.4343
2007.0041 12.5928
2007.0068 9.3112
2007.0096 11.8795
2007.0123 17.5477
2007.0151 11.7958
2007.0178 12.0939
2007.0205 14.3918
2007.0233 15.7997
2007.0260 12.9974
2007.0288 17.8051
2007.0315 14.3326
2007.0342 16.6301
2007.0370 17.7874
2007.0397 16.9447
2007.0425 17.4518
2007.0452 15.2288
2007.0479 15.9558
2007.0507 16.0026
2007.0534 15.5593
2007.0562 12.8958
2007.0589 19.9123
2007.0616 20.3886
2007.0644 21.7749
2007.0671 16.4210
2007.0699 17.7870
2007.0726 15.2028
2007.0753 20.1385
2007.0781 21.1441
2007.0808 18.8396
2007.0836 17.7846
2007.0863 18.4890
2007.0890 17.1228
2007.0918 17.6260
2007.0945 16.2986
2007.0973 18.1908
2007.1000 14.2125
2007.1027 14.4138
2007.1055 17.7848
2007.1082 15.7854
2007.1110 20.4758
2007.1137 18.3659
2007.1164 14.4658
2007.1192 17.3456
2007.1219 18.6653
2007.1247 17.9649
2007.1274 19.3846
2007.1301 18.5542
2007.1329 15.8439
2007.1356 16.0538
2007.1384 16.9038
2007.1411 11.9540
2007.1438 11.1344
2007.1466 17.9151
2007.1493 15.9962
2007.1521 13.4676
2007.1548 15.0995
2007.1575 14.7218
2007.1603 16.4746
2007.1630 14.1581
2007.1658 12.1227
2007.1685 14.1384
2007.1712 12.2652
2007.1740 14.3129
2007.1767 12.0815
2007.1795 9.7810
2007.1822 12.3911
2007.1849 11.4119
2007.1877 13.8732
2007.1904 19.6251
2007.1931 11.5673
2007.1959 4.9398
2007.1986 10.2126
2007.2014 4.8355
2007.2041 16.1185
2007.2068 20.7015
2007.2096 18.1644
2007.2123 13.3071
2007.2151 18.8495
2007.2178 16.2216
2007.2205 15.7633
2007.2233 13.0245
2007.2260 11.4851
2007.2288 14.1750
2007.2315 16.0742
2007.2342 13.5725
2007.2370 18.5600
2007.2397 18.5964
2007.2425 17.6618
2007.2452 20.0360
2007.2479 14.2986
2007.2507 20.4592
2007.2534 15.3980
2007.2562 15.6251
2007.2589 21.0607
2007.2616 18.4548
2007.2644 19.1476
2007.2671 20.9292
2007.2699 18.4598
2007.2726 16.8094
2007.2753 20.6083
2007.2781 22.2466
2007.2808 13.4142
2007.2836 17.7215
2007.2863 19.7486
2007.2890 17.7755
2007.2918 21.2724
2007.2945 11.3494
2007.2973 9.2766
2007.3000 15.7243
2007.3027 13.2324
2007.3055 21.3112
2007.3082 17.1308
2007.3110 15.1812
2007.3137 14.1227
2007.3164 13.3554
2007.3192 11.1693
2007.3219 8.2947
2007.3247 12.1516
2007.3274 2.1102
2007.3301 9.1406
2007.3329 14.1430
2007.3356 14.5571
2007.3384 13.9030
2007.3411 13.1203
2007.3438 15.4291
2007.3466 10.2990
2007.3493 12.8500
2007.3521 16.5219
2007.3548 18.4646
2007.3575 20.9778
2007.3603 18.0015
2007.3630 16.9855
2007.3658 19.9997
2007.3685 19.1139
2007.3712 15.9878
2007.3740 14.1215
2007.3767 13.7248
2007.3794 11.5774
2007.3822 12.3592
2007.3849 10.0201
2007.3877 13.0000
2007.3904 13.8886
2007.3931 12.9758
2007.3959 9.6216
2007.3986 6.9456
2007.4014 15.8378
2007.4041 16.0681
2007.4068 17.7262
2007.4096 26.7520
2007.4123 27.4953
2007.4151 25.2674
2007.4178 18.3195
2007.4205 11.1016
2007.4233 17.1537
2007.4260 18.3557
2007.4288 11.7778
2007.4315 11.4398
2007.4342 14.8018
2007.4370 15.6838
2007.4397 12.2958
2007.4425 15.6378
2007.4452 14.9797
2007.4479 15.4017
2007.4507 11.5937
2007.4534 15.8856
2007.4562 15.6275
2007.4589 18.3494
2007.4616 12.0514
2009.0151 13.9358
2009.0178 19.6369
2009.0205 16.5878
2009.0233 18.5584
2009.0260 14.3588
2009.0288 17.2290
2009.0315 15.3391
2009.0342 16.1990
2009.0370 19.1789
2009.0397 19.2386
2009.0425 14.6083
2009.0452 17.4880
2009.0479 17.4977
2009.0507 17.9274
2009.0534 16.1072
2009.0562 15.5971
2009.0589 14.1671
2009.0616 15.8273
2009.0644 21.2876
2009.0671 15.3882
2009.0699 14.7989
2009.0726 15.7300
2009.0753 18.3413
2009.0781 16.1329
2009.0863 16.4591
2009.0890 16.0111
2009.0918 12.5731
2009.0945 11.2551
2009.0973 10.0471
2009.1000 14.4891
2009.1027 22.4011
2009.1055 22.6531
2009.1082 19.8152
2009.1110 18.4072
2009.1137 22.6094
2009.1164 22.1516
2009.1192 18.7639
2009.1219 21.7662
2009.1247 16.9886
2009.1274 20.1612
2009.1301 12.7738
2009.1329 16.4266
2009.1356 16.3894
2009.1384 17.8325
2009.1411 18.5656
2009.1438 19.5889
2009.1466 20.0424
2009.1493 18.7561
2009.1521 19.1799
2009.1548 19.5939
2009.1575 17.3081
2009.1603 18.8526
2009.1630 16.2675
2009.1658 17.7846
2009.1685 17.9140
2009.1712 20.3855
2009.1740 19.5990
2009.1767 17.4243
2009.1795 19.5113
2009.1822 19.5298
2009.1849 22.2197
2009.1904 25.5430
2009.1931 22.1962
2009.1959 30.2501
2009.1986 17.1746
2009.2014 18.2196
2009.2041 23.2650
2009.2068 25.3105
2009.2096 19.3561
2009.2123 21.2215
2009.2151 15.8967
2009.2178 18.0515
2009.2205 21.8957
2009.2233 19.8292
2009.2260 18.3518
2009.2288 23.1134
2009.2315 22.5538
2009.2342 21.4829
2009.2370 20.1306
2009.2397 13.9066
2009.2425 11.0209
2009.2452 12.6533
2009.2479 10.8640
2009.2507 5.8233
2009.2534 11.7314
2009.2562 12.4884
2009.2589 13.0443
2009.2616 11.2892
2009.2644 7.7733
2009.2671 15.4867
2009.2699 15.9594
2009.2726 15.3815
2009.2781 16.3043
2009.2808 25.2353
2009.2836 19.8760
2009.2863 17.9667
2009.2918 13.9480
2009.2945 8.8589
2009.2973 12.3401
2009.3000 13.0717
2009.3027 13.0737
2009.3055 12.8563
2009.3082 14.6195
2009.3110 14.3735
2009.3137 14.3483
2009.3164 14.5741
2009.3192 12.9209
2009.3219 13.5888
2009.3247 14.6679
2009.3274 11.9684
2009.3301 9.9402
2009.4123 10.5868
2009.4836 17.6412
2009.4863 6.2960
2009.5027 11.8770
2009.5055 13.2523
2009.5411 10.0726
2009.5438 11.1284
2009.5466 12.9943
2009.5493 16.2903
2009.5521 19.2064
2009.5548 7.6326
2009.5575 20.5790
2009.5603 17.6555
2009.5630 16.3421
2009.5658 17.1488
2009.5685 12.9257
2009.5712 10.6228
2009.5740 5.4000
2009.6041 14.9034
2009.6068 20.3006
2009.6178 4.9001
2009.6205 12.4718
2009.6233 11.2040
2009.6260 15.9363
2009.6288 18.2486
2009.6315 16.3208
2009.6342 24.4627
2009.6370 18.6740
2009.6397 26.8847
2009.6425 22.7945
2009.6452 24.5333
2009.6699 20.3808
2009.6726 15.9655
2009.6753 20.6299
2009.6781 15.2240
2009.6890 20.6191
2009.6918 18.9125
2009.7164 16.6720
2009.7192 11.8955
2009.7219 11.4392
2009.7384 10.5249
2009.7411 13.2900
2009.7438 21.6155
2009.7603 2.2524
2009.7658 15.0152
2009.7685 16.4117
2009.7904 18.5249
2009.7931 16.6517
2009.8452 1.3576
2010.0890 14.0947
2010.0918 16.4298
2010.0945 15.8445
2010.0973 14.7987
2010.1000 12.8024
2010.1027 11.9758
2010.1055 11.7289
2010.1082 12.8016
2010.1110 12.7142
2010.1137 13.2065
2010.1164 16.1286
2010.1192 17.4607
2010.1219 12.2826
2010.1247 10.9645
2010.1274 11.8065
2010.1301 17.6384
2010.1329 14.3905
2010.1356 13.7926
2010.1384 10.3450
2010.1411 11.9775
2010.1438 10.9403
2010.1466 14.4435
2010.1493 18.1969
2010.1521 17.8807
2010.1548 17.4549
2010.1575 17.4196
2010.1603 14.2848
2010.1630 14.2105
2010.1658 10.7265
2010.1685 15.6526
2010.1712 19.9890
2010.1740 17.2255
2010.1767 15.5323
2010.1795 15.4392
2010.1822 14.7963
2010.1849 18.1435
2010.1877 13.8209
2010.1904 14.5485
2010.1931 10.8362
2010.1959 11.3740
2010.1986 12.2119
2010.2014 13.5800
2010.2041 11.0681
2010.2068 10.5064
2010.2096 9.1948
2010.2123 12.6432
2010.2151 10.5917
2010.2178 16.2803
2010.2205 10.9990
2010.2233 12.8077
2010.2260 13.1564
2010.2288 11.4352
2010.2315 13.8441
2010.2342 15.9329
2010.2370 15.6118
2010.2397 14.7706
2010.2425 14.0795
2010.2452 13.8684
2010.2479 16.3173
2010.2507 14.3565
2010.2534 15.7960
2010.2562 20.4357
2010.2589 14.8156
2010.2616 18.0657
2010.2644 11.4762
2010.2671 15.3469
2010.2699 12.7278
2010.2726 20.1290
2010.2753 18.1705
2010.2781 16.0723
2010.2808 13.6744
2010.2836 17.2868
2010.2863 12.7994
2010.2890 12.7724
2010.2918 14.7557
2010.2945 12.9393
2010.2973 12.3332
2010.3000 12.4074
2010.3027 18.4720
2010.3055 15.3569
2010.3082 14.0521
2010.3110 18.0477
2010.3137 16.0836
2010.3164 13.7899
2010.3192 13.0166
2010.3219 13.7436
2010.3247 11.9610
2010.3274 10.4888
2010.3301 12.5171
2010.3329 10.9866
2010.3356 13.0475
2010.3384 12.2096
2010.3411 11.9330
2010.3438 10.6175
2010.3466 7.4732
2010.3493 11.1101
2010.3521 8.9579
2010.3548 14.9269
2010.3575 16.6967
2010.3603 17.2676
2010.3630 10.6893
2010.3658 12.4718
2010.3685 17.1452
2010.3712 15.0893
2010.3740 17.0542
2010.3767 17.7897
2010.3794 16.9459
2010.3822 18.5226
2010.3849 16.3899
2010.3877 17.0877
2010.3904 14.4259
2010.3931 18.7646
2010.3959 14.3236
2010.3986 19.1930
2010.4014 21.7526
2010.4041 20.6825
2010.4068 16.4825
2010.4096 14.5028
2010.4123 18.7331
2010.4151 21.0438
2010.4178 22.5151
2010.4205 24.0270
2010.4233 22.2894
2010.4260 21.9724
2010.4288 16.2060
2010.4315 17.3000
2010.4342 16.3546
2010.4370 16.2897
2010.4397 17.4253
2010.4425 18.9313
2010.4452 21.2578
2010.4479 19.2647
2010.4507 16.8321
2010.4534 17.4599
2010.4562 18.7080
2010.4589 16.9066
2010.4616 18.9155
2010.4644 16.0748
2010.4671 25.4944
2010.4699 16.0243
2010.4726 19.2245
2010.4753 15.2550
2010.4781 17.3358
2010.4808 14.8169
2010.4836 16.4282
2010.4863 22.5598
2010.4890 18.6215
2010.4918 21.3435
2010.4945 18.1657
2010.4973 17.8883
2010.5000 22.4532
2010.5027 18.4504
2010.5055 15.6199
2010.5082 21.4714
2010.5110 18.8448
2010.5137 19.8698
2010.5164 17.2164
2010.5192 19.5743
2010.5219 18.0434
2010.5247 20.3534
2010.5274 21.4743
2010.5301 27.3658
2010.5329 14.6378
2012.0396 40.4255
2012.0423 39.6686
2012.0451 40.0719
2012.0478 39.6354
2012.0505 39.6992
2012.0533 41.8035
2012.0560 38.2984
2012.0587 42.6838
2012.0615 38.9801
2012.0642 39.8272
2012.0669 41.9953
2012.0697 40.6746
2012.0724 42.5950
2012.0751 40.8067
2012.0779 38.5598
2012.0806 38.3244
2012.0833 37.6702
2012.0861 39.8865
2012.0888 42.9234
2012.0915 40.7909
2012.0943 41.5889
2012.0970 38.7475
2012.0997 41.3867
2012.1025 39.3964
2012.1052 45.0468
2012.1079 40.7777
2012.1107 43.3092
2012.1134 40.9512
2012.1161 42.0439
2012.1189 41.0272
2012.1216 42.1310
2012.1243 38.6155
2012.1270 38.2906
2012.1298 37.4662
2012.1325 40.4825
2012.1352 38.6294
2012.1380 38.8969
2012.1407 42.4550
2012.1434 41.4538
2012.1462 37.9531
2012.1489 38.1731
2012.1516 35.7438
2012.1544 38.6050
2012.1571 40.8469
2012.1598 41.1895
2012.1626 40.7427
2012.1653 41.1763
2012.1680 40.0804
2012.1708 42.6049
2012.1735 42.8498
2012.1762 38.6050
2012.1790 40.7005
2012.1817 39.8363
2012.1844 42.7323
2012.1872 36.9486
2012.1899 40.6950
2012.1926 42.1316
2012.1954 38.8783
2012.1981 40.1350
2012.2008 41.4019
2012.2035 41.5687
2012.2063 39.0355
2012.2090 39.4923
2012.2117 35.4490
2012.2145 36.6856
2012.2172 36.5121
2012.2199 38.0784
2012.2227 40.1645
2012.2254 40.4504
2012.2281 33.9260
2012.2309 36.9413
2012.2336 42.0563
2012.2363 40.1310
2012.2391 42.5352
2012.2418 38.1290
2012.2445 37.0424
2012.2473 36.4852
2012.2500 39.5375
2012.2527 37.9193
2012.2555 38.7106
2012.2582 39.5715
2012.2609 34.2120
2012.2637 36.9521
2012.2664 38.9320
2012.2691 42.1917
2012.2719 39.9911
2012.2746 41.4205
2012.2773 42.4997
2012.2801 39.0189
2012.2828 41.6281
2012.2855 39.4373
2012.2882 39.0367
2012.2910 40.9662
2012.2937 40.6959
2012.2964 42.9858
2012.2992 37.9360
2012.3019 42.8766
2012.3046 43.8076
2012.3074 44.7389
2012.3101 49.0208
2012.3128 49.8932
2012.3156 41.8862
2012.3183 41.5498
2012.3210 44.9941
2012.3238 37.6891
2012.3265 38.0448
2012.3292 40.5314
2012.6598 46.8921
2012.6762 43.0837
2012.6790 35.5472
2012.6899 43.6512
2012.6926 40.3490
2012.6954 46.3273
2012.6981 41.3060
2012.7008 28.1248
2012.7117 41.8096
2012.7145 43.6375
2012.7172 36.3748
2012.7199 38.8014
2012.7227 39.4572
2012.7254 33.3720
2012.7281 39.0457
2012.7309 34.6981
2012.7336 37.7592
2012.7391 37.4868
2012.7418 36.1730
2012.7445 36.5673
2012.7473 40.1296
2012.7500 40.2702
2012.7527 40.3802
2012.7555 39.4997
2012.7582 37.7386
2012.7609 38.1271
2012.7637 37.9950
2012.7664 38.7725
2012.7691 41.4695
2012.7719 37.1061
2012.7746 39.8023
2012.7773 41.0481
2012.7801 41.1035
2012.7828 39.9487
2012.7855 40.4634
2012.7882 38.7179
2012.7910 42.7622
2012.7937 38.6061
2012.7964 39.8498
2012.7992 36.0233
2012.8019 37.6466
2012.8046 40.4398
2012.8074 43.4228
2012.8101 48.9756
2012.8128 44.7084
2012.8156 45.8510
2012.8183 44.5636
2012.8210 43.3561
2012.8238 39.2486
2012.8265 39.1112
2012.8292 40.2737
2012.8320 41.1062
2012.8347 44.4690
2012.8374 44.4221
2012.8402 40.6153
2012.8429 39.9888
2012.8456 43.5724
2012.8484 41.5061
2012.8511 40.2598
2012.8538 44.0935
2012.8566 41.5272
2012.8593 39.1707
2012.8620 41.6641
2012.8648 42.4973
2012.8675 38.6103
2012.8702 43.0930
2012.8729 39.9454
2012.8757 40.4974
2012.8784 41.3389
2012.8811 40.5000
2012.8839 44.5706
2012.8866 43.3806
2012.8893 44.6700
2012.8921 43.6487
2012.8948 45.7368
2012.8975 43.2340
2012.9003 44.1805
2012.9030 41.3862
2012.9057 40.2509
2012.9085 41.8747
2012.9112 42.8176
2012.9139 45.9494
2012.9167 43.2701
2012.9194 44.0998
2012.9221 40.5685
2012.9249 41.5062
2012.9276 44.6530
2012.9303 38.1890
2012.9331 43.6043
2012.9358 42.2188
2012.9385 43.9427
2012.9413 41.1160
2012.9440 40.4487
2012.9467 39.1910
2012.9495 37.6128
2012.9522 37.7243
2012.9549 42.4154
2012.9576 41.1363
2012.9604 40.4370
2012.9631 42.1476
2012.9658 43.5181
2012.9686 39.7486
2012.9713 38.0892
2012.9740 39.0798
2012.9768 39.9406
2012.9795 42.3516
2012.9822 39.2728
2012.9850 40.1444
2012.9877 41.5164
2012.9904 41.7688
2012.9932 41.9017
2012.9959 44.3852
2012.9986 41.2493
2013.0014 42.2140
2013.0041 40.9887
2013.0068 38.7734
2013.0096 40.3382
2013.0123 39.7230
2013.0151 39.6079
2013.0178 40.4729
2013.0205 39.2779
2013.0233 40.1731
2013.0260 44.1085
2013.0288 40.3139
2013.0315 41.9096
2013.0342 38.8953
2013.0370 42.9813
2014.1384 33.1702
2014.1411 21.8645
2014.1438 26.4788
2014.1466 19.5031
2014.1493 30.0074
2014.1521 29.1517
2014.1548 32.1059
2014.1575 28.0001
2014.1603 30.2441
2014.1630 26.7781
2014.1658 30.0320
2014.1685 26.3859
2014.1712 29.8298
2014.1740 26.1737
2014.1767 30.3777
2014.1795 31.1318
2014.1822 28.4860
2014.1849 25.6203
2014.1877 29.3048
2014.1904 28.3695
2014.1931 23.3244
2014.1959 20.8696
2014.1986 21.2150
2014.2014 20.1507
2014.2041 20.4368
2014.2068 18.0831
2014.2096 21.9399
2014.2123 25.3771
2014.2151 20.6346
2014.2178 22.6727
2014.2205 18.3412
2014.2233 21.5502
2014.2260 21.7898
2014.2288 24.2999
2014.2315 21.8406
2014.2342 24.5319
2014.2370 20.7638
2014.2397 29.4264
2014.2425 22.3997
2014.2452 25.2737
2014.2479 19.2594
2014.2507 21.9375
2014.2534 24.2980
2014.2562 24.4306
2014.2589 31.5852
2014.2616 21.1416
2016.9331 23.0554
2016.9358 19.3809
2016.9385 21.4064
2016.9413 21.5217
2016.9440 22.6770
2016.9467 25.2921
2016.9495 26.3072
2016.9522 21.7023
2016.9549 20.9173
2016.9576 21.2922
2016.9604 23.4372
2016.9631 20.3721
2016.9658 16.1171
2016.9686 20.4121
2016.9713 20.8672
2016.9740 18.9323
2016.9768 19.7874
2016.9795 18.8227
2016.9822 20.5180
2016.9850 23.7935
2016.9877 20.5791
2016.9904 20.0348
2016.9932 21.0607
2016.9959 17.6367
2016.9986 20.3029
2017.0014 20.4693
2017.0041 17.6758
2017.0068 17.3725
2017.0096 22.2593
2017.0123 21.0161
2017.0151 18.7931
2017.0178 20.4501
2017.0205 18.6573
2017.0233 22.6844
2017.0260 23.0217
2017.0288 20.2090
2017.0315 19.4563
2017.0342 20.4137
2017.0370 21.4711
2017.0397 22.1585
2017.0425 17.2559
2017.0452 19.2733
2017.0479 18.9807
2017.0507 19.5181
2017.0534 23.6655
2017.0562 23.1128
2017.0589 22.3200
2018.0452 32.6211
2018.0479 30.5972
2018.0507 33.3532
2018.0534 32.6293
2018.0562 32.7555
2018.0589 31.2019
2018.0616 31.0686
2018.0644 28.7055
2018.0671 30.7229
2018.0699 28.9007
2018.0726 32.6390
2018.0753 31.1879
2018.0781 31.2075
2018.0808 30.1778
2018.0836 32.8082
2018.0863 31.2882
2018.0890 28.1878
2018.0918 29.0571
2018.0945 29.2061
2018.0973 25.0950
2018.1000 28.5538
2018.1027 29.1826
2018.1055 30.0014
2018.1082 26.9903
2018.1110 31.1994
2018.1137 34.6288
2018.1164 35.1284
2018.1192 31.7884
2018.1219 33.5389
2018.1247 26.8999
2018.1274 31.5715
2018.1301 30.2038
2018.1329 34.8668
2018.1356 29.5605
2018.1384 29.5452
2018.1411 33.2408
2018.1438 31.2773
2018.1466 30.6850
2018.1493 32.6637
2018.1521 28.3037
2018.1548 29.7850
2018.1575 22.8676
2018.1603 27.5116
2018.1630 31.9569
2018.1658 30.5628
2018.1685 33.5691
2018.1712 31.1158
2022.0589 37.2513
2022.0616 34.0052
2022.0644 32.8105
2022.0671 38.9876
2022.0699 38.5766
2022.0726 36.5878
2022.0753 35.7813
2022.0781 36.4173
2022.0808 40.1562
2022.0836 41.8568
2022.0863 35.7681
2022.0890 36.3700
2022.0918 37.2324
2022.0945 36.0554
2022.0973 39.9489
2022.1000 36.8427
2022.1027 35.9670
2022.1055 39.1415
2022.1082 33.8563
2022.1110 31.8314
2022.1137 35.8066
2022.1164 38.1320
2022.1192 39.0374
2022.1219 39.4328
2022.1247 35.4182
2022.1274 33.0036
2022.1301 35.6688
2022.1329 35.3538
2022.1356 37.2986
2022.1384 32.8532
2022.1411 42.4974
2022.1438 37.4813
2022.1466 35.6247
2022.1493 33.8477
2022.1521 32.8201
2022.1548 36.2620
2022.1575 38.5733
2022.1603 36.7939
2022.1630 34.7639
2022.1658 35.6135
2022.1685 37.5029
2022.1712 33.6520
2022.1740 28.8409
2022.1767 35.8895
2022.1795 42.2579
2022.1822 36.9560
2022.1849 40.9039
2022.1877 44.3916
2022.3548 32.4009
2022.3575 31.9081
2022.3603 33.7560
2022.3630 35.0646
2022.3658 34.2236
2022.3685 36.4730
2022.3712 37.0527
2022.3740 43.1025
2022.3767 37.1223
2022.3794 38.0419
2022.3822 34.7113
2022.3849 35.4404
2022.3877 39.3289
2022.3904 40.8069
2022.3931 36.4841
2022.3959 33.4905
2022.3986 33.0959
2022.4014 30.3702
2022.4041 29.3433
2022.4068 29.1451
2022.4096 28.9154
2022.4123 40.2341
2022.4151 36.1618
2022.4178 33.1292
2022.4205 34.6962
2022.4233 35.2430
2022.4260 36.9995
2022.4288 37.0558
2022.4315 32.0920
2022.4342 39.0879
2022.4370 38.6637
2022.4397 39.9694
2022.4425 37.6250
2022.4452 38.2306
2022.4479 35.5762
2022.4507 35.7818
2022.4534 36.3374
2022.4562 33.7530
2022.4589 36.7888
2022.4616 31.2647
2022.4644 31.7508
2022.4671 33.9870
2022.4699 32.3935
2022.4726 34.0402
2022.4781 35.0245
2022.4808 40.3721
2022.4836 38.4301
2022.4863 36.2584
2022.4890 39.4272
2022.4918 41.9665
2022.4945 44.0162
2022.4973 40.8064
2022.5000 39.1969
2022.5027 32.5077
2022.5055 37.7688
2022.5082 39.0501
2022.5110 38.0116
2022.5137 37.6134
2022.5164 38.2153
2022.5192 38.9874
2022.5219 33.7797
2022.5247 38.9221
2022.5274 35.0546
2022.5301 27.8972
2022.5329 37.1099
2022.5356 44.4527
2022.5384 42.6055
2022.5411 43.1784
2022.5438 38.6312
2022.5466 39.7940
2022.5493 37.6469
2022.5521 34.7196
2022.5548 37.9623
2022.5575 36.4749
2022.5603 35.3375
2022.5630 39.0199
2022.5658 40.1421
2022.5685 33.2842
2022.5712 36.0161
2022.5740 31.5579
2022.5767 35.3394
2022.5794 35.3507
2022.5822 31.1617
2022.5849 33.8022
2022.5877 36.8921
2022.5904 41.0614
2022.5931 35.7304
2022.5959 38.8788
2022.5986 37.4269
2022.6014 40.5646
2022.6041 40.4020
2022.6068 35.9791
2022.6096 36.7359
2022.6123 38.4225
2022.6151 36.3890
2022.6178 36.6653
2022.6205 39.0315
2022.6233 37.2677
2022.6260 38.5438
2022.6288 37.2600
2022.6315 39.8762
2022.6342 35.4525
2022.6370 41.7289
2022.6397 41.3355
2022.6425 41.5723
2022.6452 38.1093
2022.6479 34.5666
2022.6507 36.8243
2022.6534 39.5623
2022.6562 39.3806
2022.6589 41.8795
2022.6616 43.8688
2022.6644 41.5486
2022.6671 41.2101
2022.6699 44.4944
2022.6726 42.7712
2022.6753 39.6205
2022.6781 39.7119
2022.6808 41.8854
2022.6836 43.6206
2022.6863 48.4174
2022.6890 42.3757
2022.6918 37.5351
2022.6945 41.9256
2022.6973 40.5869
2022.7000 45.3888
2022.7027 40.2711
2022.7055 40.8437
2022.7082 43.0163
2022.7110 40.3787
2022.7137 39.5108
2022.7164 40.5723
2022.7192 39.0330
2022.7219 38.5228
2022.7247 40.3815
2022.7274 39.2588
2022.7301 37.9546
2022.7329 40.7687
2022.7356 38.3908
2022.7384 40.7508
2022.7411 44.7185
2022.7438 39.6737
2022.7466 41.5662
2022.7493 38.1859
2022.7521 37.9835
2022.7548 38.5994
2022.7575 33.6936
2022.7603 37.8963
2022.7630 34.5175
2022.7658 39.3674
2022.7685 38.6960
2022.7712 41.4536
2022.7740 41.3102
2022.7767 38.3860
2022.7794 40.5310
2022.7822 40.4254
2022.7849 37.0193
2022.7877 43.7228
2022.7904 40.2461
2022.7931 40.5191
2022.7959 38.2222
2022.7986 39.7553
2022.8014 37.7686
2022.8041 37.3522
2022.8068 34.7563
2022.8096 33.5209
2022.8123 35.8162
2022.8151 37.2522
2022.8178 34.0392
2022.8205 33.5371
2022.8233 34.9562
2022.8260 32.2465
2022.8288 32.7682
2022.8315 38.3314
2022.8342 34.6661
2022.8370 35.9923
2022.8397 37.6298
2022.8425 39.5286
2022.8452 42.2385
2022.8479 35.6594
2022.8507 36.1912
2022.8534 42.5838
2022.8562 39.8072
2022.8589 38.9811
2022.8616 35.8355
2022.8644 40.2903
2022.8671 37.4054
2022.8699 45.0006
2022.8726 44.0259
2022.8753 40.1712
2022.8781 36.4463
2022.8808 44.1311
2022.8836 37.8556
2022.8863 41.3796
2022.8890 42.7131
2022.8918 40.7958
2022.8945 46.1477
2022.8973 42.5788
2022.9000 39.9188
2022.9027 38.1778
2022.9055 41.1155
2022.9082 39.1118
2022.9110 45.0568
2022.9137 35.3802
2022.9164 41.8519
2022.9192 38.5919
2022.9219 39.5100
2022.9247 39.6765
2022.9274 36.2713
2022.9301 39.2144
2022.9329 38.7459
2022.9356 39.1958
2022.9384 40.3042
2022.9411 42.4011
2022.9438 40.6366
2022.9466 37.5807
2022.9493 39.6233
2022.9521 41.8047
2022.9548 40.2647
2022.9575 41.6235
2022.9603 38.0811
2022.9630 36.9375
2022.9658 36.7927
2022.9685 41.9769
2022.9712 40.0400
2022.9740 40.8020
2022.9767 37.8531
2022.9795 40.4733
2022.9822 36.8725
2022.9849 37.2509
2022.9877 36.6985
2022.9904 41.2953
2022.9931 39.1713
2022.9959 40.0967
2022.9986 36.6813
