2012.1038 -3.6265
2012.1066 -1.6362
2012.1093 4.6442
2012.1120 -1.2254
2012.1148 3.4650
2012.1175 1.6156
2012.1202 2.2562
2012.1230 -1.6931
2012.1257 -0.2623
2012.1284 -1.6415
2012.1311 -2.8705
2012.1339 0.8705
2012.1366 -4.5383
2012.1393 3.8629
2012.1421 2.6743
2012.1448 -1.3543
2012.1475 -3.1927
2012.1503 -0.1110
2012.1530 -2.1292
2012.1557 5.1027
2012.1585 -3.5052
2012.1612 3.0269
2012.1639 1.1596
2012.1667 0.5536
2012.1694 -1.1214
2012.1721 -2.5353
2012.1749 -1.8982
2012.1776 -5.0403
2012.1803 -2.2415
2012.1831 1.0480
2012.1858 -3.9518
2012.1885 -1.5311
2012.1913 -3.6998
2012.1940 -8.2582
2012.1967 -2.4262
2012.1995 0.2061
2012.2022 -1.2115
2012.2049 -1.4990
2012.2077 0.3436
2012.2104 -2.1739
2012.2131 -1.8416
2012.2158 -3.3494
2012.2186 -0.1176
2012.2213 -2.9861
2012.2240 -5.0751
2012.2268 -4.6246
2012.2295 -6.7247
2012.2322 4.7645
2012.2350 -1.5571
2012.2377 -2.1895
2012.2404 -5.7929
2012.2432 -7.5673
2012.2459 -7.1527
2012.2486 -4.6699
2012.2514 -6.8687
2012.2541 -9.4792
2012.2568 -4.2412
2012.2596 -6.4645
2012.2623 -5.6390
2012.2650 -2.9846
2012.2678 -2.3511
2012.2705 -0.4385
2012.2732 -1.1165
2012.2760 0.8350
2012.2787 1.0160
2012.2814 2.4767
2012.2842 0.6673
2012.2869 0.2479
2012.2896 -0.1814
2012.2923 -0.8205
2012.2951 -0.3991
2012.2978 -1.9573
2012.3005 1.4452
2012.3033 1.9585
2012.3060 7.7527
2012.3087 1.5480
2012.3115 8.5344
2012.3142 6.9621
2012.3169 7.4713
2012.3197 4.0021
2012.3224 14.1046
2012.3251 4.2290
2012.3279 0.8453
2012.3306 -2.1067
2012.3333 1.7615
2012.3361 7.2799
2012.3525 0.2631
2012.3552 1.8724
2012.3579 6.4818
2012.4481 8.4776
2012.5027 -2.8281
2012.6612 -2.6566
2012.6639 5.2068
2012.6667 3.5504
2012.6694 -8.7855
2012.6721 -1.3008
2012.6749 4.4944
2012.6776 0.1601
2012.6803 -4.0039
2012.6831 0.3524
2012.6858 -2.0809
2012.6885 -3.6740
2012.6913 -2.5770
2012.6940 4.3502
2015.1808 18.9834
2015.1836 9.8917
2015.1863 10.5627
2015.1890 10.9562
2015.1918 8.0319
2015.1945 8.2297
2015.1973 14.5394
2015.2000 13.9406
2015.2027 8.9532
2015.2055 10.7869
2015.2082 17.1415
2015.2110 14.5768
2015.2137 14.4626
2015.2164 11.2886
2015.2192 12.2246
2015.2219 18.8504
2015.2247 12.1758
2015.2274 25.1205
2015.2301 12.1243
2015.2329 6.5070
2015.2356 5.8884
2015.2384 8.0281
2015.2411 9.8161
2015.2438 12.3521
2015.2466 11.4963
2015.2493 10.1715
2015.2521 12.4580
2015.2548 12.4557
2015.2575 11.7044
2015.2603 18.8139
2015.2630 13.9242
2015.2658 11.0849
2015.2685 24.1560
2015.2712 13.7273
2015.2740 12.2386
2015.2767 9.4899
2015.2795 8.3308
2015.2822 10.1813
2015.2849 12.6213
2015.2877 12.7804
2015.2904 10.1787
2015.2932 11.1659
2015.2959 11.9018
2015.2986 14.0064
2015.3014 8.3294
2015.3041 11.2307
2015.3068 10.4301
2015.3123 8.7127
2015.3370 18.3545
2015.3397 13.6373
2015.3425 9.2290
2015.5781 10.2768
2015.5836 13.6589
2015.6493 19.8612
2015.6521 11.0730
2015.6548 12.5937
2015.6575 13.0333
2015.6603 19.4716
2015.6630 5.2086
2015.6658 18.5341
2015.6685 14.5178
2015.6712 11.5498
2015.6740 16.6001
2015.6767 10.5990
2015.6795 7.6965
2015.6822 10.0829
2015.6849 11.9081
2015.6877 14.4724
2015.6904 10.1358
2015.6932 14.2686
2015.6959 11.6907
2015.6986 14.1425
2015.7014 16.2339
2015.7041 15.9651
2015.7068 13.5263
2015.7096 14.5575
2015.7123 15.9689
2015.7151 14.6407
2015.7178 18.2129
2015.7205 19.3157
2015.7233 16.9892
2015.7260 11.6036
2015.7288 13.6389
2015.7315 9.6354
2015.7342 12.3030
2015.7370 11.1221
2015.7397 11.9626
2015.7425 9.0547
2015.7452 14.8486
2015.7479 15.6843
2015.7507 5.8627
2015.7534 10.2044
2015.7562 9.4990
2015.7589 12.5863
2015.7616 14.4161
2015.7644 12.0482
2015.7671 13.3723
2015.7699 13.1282
2015.7726 0.7157
2015.7753 17.5044
2015.7781 6.9442
2015.7808 7.1149
2015.7836 6.0862
2015.7863 14.7978
2015.7890 11.6096
2015.7918 13.0913
2015.7945 8.7626
2015.7973 12.3834
2015.8000 16.2933
2015.8027 12.8222
2015.8055 11.5598
2015.8082 11.0558
2015.8110 12.0501
2015.8137 14.0025
2015.8164 14.6625
2015.8192 10.0701
2015.8219 14.9350
2015.8247 13.7570
2015.8274 10.2357
2015.8301 13.8211
2015.8329 12.1432
2015.8356 14.1448
2015.8384 15.0963
2015.8411 11.9476
2015.8438 12.8688
2015.8466 10.5798
2015.8521 24.7414
2015.8548 27.1820
2015.8575 17.6824
2015.8603 16.2627
2015.8630 13.3528
2015.8658 10.0027
2015.8685 6.5025
2015.8712 9.4921
2015.8740 10.0315
2015.8767 9.4008
2015.8795 8.6898
2015.8822 13.8087
2015.8849 11.9374
2015.8877 15.0659
2015.8904 16.1143
2015.8932 14.4324
2015.8959 16.6403
2015.8986 13.5781
2015.9014 14.1956
2015.9041 12.2829
2015.9068 11.7401
2015.9096 17.0070
2015.9123 13.7137
2015.9151 11.2401
2015.9178 14.8465
2015.9205 12.7527
2015.9233 11.3389
2015.9260 10.1850
2015.9288 7.4311
2015.9315 14.6271
2015.9342 9.4931
2015.9370 9.6190
2015.9397 6.6849
2015.9425 12.9708
2015.9452 6.3967
2015.9479 3.3425
2015.9507 7.9784
2015.9534 6.4343
2015.9562 5.1301
2015.9589 2.5860
2015.9616 5.6420
2015.9644 10.4779
2015.9671 8.7439
2015.9699 5.3800
2015.9726 5.8860
2015.9753 6.4922
2015.9781 0.4584
2015.9808 7.2747
2015.9836 9.5811
2015.9863 11.9276
2015.9890 7.2841
2015.9918 7.8308
2015.9945 8.5075
2015.9973 13.7944
2016.0000 10.9714
2016.0027 6.8385
2016.0055 9.5857
2016.0082 7.9129
2016.0109 8.3502
2016.0137 7.4976
2016.0164 4.3950
2016.0191 3.8325
2016.0219 2.1601
2016.0246 5.8277
2016.0273 4.4553
2016.0301 5.6230
2016.0328 4.5007
2016.0355 7.1985
2016.0383 4.3063
2016.0410 6.9641
2016.0437 8.2320
2016.0464 6.0199
2016.0492 6.0278
2016.0519 5.2857
2016.0546 5.1237
2016.0574 6.1116
2016.0601 5.7496
2016.0628 4.1476
2016.0656 4.5556
2016.0683 4.4736
2016.0710 7.5916
2016.0738 6.2595
2016.0765 6.5275
2016.0792 9.8555
2016.0820 11.8634
2016.0847 9.9208
2016.0874 12.8876
2016.0902 26.4541
2016.0929 13.7801
2016.0956 5.4159
2016.0984 7.2915
2016.1011 5.9170
2016.1038 7.0524
2016.1066 8.0778
2016.1093 8.9933
2016.1120 10.2591
2016.1148 9.9450
2016.1175 8.2914
2016.1202 6.9781
2016.1230 10.2654
2016.1257 10.0232
2016.1284 9.7917
2016.1311 12.4910
2016.1339 16.6110
2016.1366 14.0920
2016.1393 16.6339
2016.1421 13.3968
2016.1448 10.0009
2016.1475 14.5362
2016.1503 11.4728
2016.1530 11.8708
2016.1557 16.1902
2016.1585 10.6111
2016.1612 8.1136
2016.1639 9.1173
2016.1667 16.5211
2016.1694 11.1352
2016.1721 12.3393
2016.1749 12.8137
2016.1776 16.0282
2016.1803 17.4228
2016.1831 13.7476
2016.1858 15.6424
2016.1885 15.4374
2016.1913 18.2125
2016.1940 16.8977
2016.1967 16.3829
2016.1995 16.1483
2016.2022 14.3137
2016.2049 11.8492
2016.2077 15.9747
2016.2104 8.2802
2016.2131 13.1058
2016.2158 16.6414
2016.2186 15.2270
2016.2213 12.9426
2016.2240 10.7783
2016.2268 16.6539
2016.2295 8.6494
2016.2322 12.5850
2016.2350 13.1005
2016.2377 15.6359
2016.2404 7.0013
2016.2432 8.9267
2016.2459 11.3219
2016.2486 8.7571
2016.2514 9.6022
2016.2541 7.5374
2016.2568 7.5524
2016.2596 11.0375
2016.2623 14.9125
2016.2650 12.8275
2016.2678 17.3125
2016.2705 17.7675
2016.2732 19.2325
2016.2760 18.1175
2016.2842 11.5527
2016.2869 9.5478
2016.2896 10.0429
2016.2923 12.5381
2016.2951 11.2734
2016.2978 14.4487
2016.3005 6.4040
2016.3033 9.8395
2016.3060 7.8450
2016.3087 8.1906
2016.3115 8.6163
2016.3142 15.1621
2016.3169 22.7180
2016.3197 11.4440
2016.3224 19.7401
2016.3415 18.3980
2016.6585 19.3655
2016.6612 18.4991
2016.6639 18.4764
2016.6667 14.3791
2016.6694 13.4700
2016.6721 24.6487
2016.6749 18.4547
2016.6776 9.4874
2016.7596 13.6910
2016.7623 18.9573
2016.7650 10.3929
2016.7678 5.3480
2016.7705 11.1222
2016.7732 8.9257
2016.7760 11.0182
2016.7787 8.2596
2016.7814 7.7900
2016.7842 8.9992
2016.7869 8.7271
2016.7896 6.4336
2016.7923 6.3186
2016.7951 10.7421
2016.7978 13.6839
2016.8005 18.9740
2016.8033 13.7123
2016.8060 13.8587
2016.8087 14.3531
2016.8115 8.2753
2016.8142 11.7654
2016.8169 10.6033
2016.8197 7.6687
2016.8224 10.1017
2016.8251 11.7522
2016.8279 7.8001
2016.8306 14.7952
2016.8333 9.7381
2016.8361 16.3307
2016.8388 12.5431
2016.8415 10.8852
2016.8443 12.1171
2016.8470 9.1687
2016.8497 7.5801
2016.8525 4.8413
2016.8552 1.0421
2016.8579 4.9227
2016.8607 7.1130
2016.8634 6.2530
2016.8661 4.0126
2016.8689 3.1220
2016.8716 6.0410
2016.8743 6.0897
2016.8770 4.3581
2016.8798 7.1760
2016.8825 6.7537
2016.8852 2.3109
2016.8880 8.5678
2016.8907 9.7743
2016.8962 7.7660
2016.8989 7.3412
2016.9016 4.8561
2016.9044 7.0104
2016.9071 5.9944
2016.9098 6.7279
2016.9126 6.3109
2016.9153 9.1934
2016.9180 4.6858
2016.9208 3.3784
2016.9235 7.8811
2016.9262 5.5840
2016.9290 5.6068
2016.9317 5.2698
2016.9344 4.7227
2016.9372 4.7457
2016.9399 6.4686
2016.9426 6.4415
2016.9454 5.9342
2016.9481 7.2669
2016.9508 5.0094
2016.9536 5.2418
2016.9563 4.4539
2016.9590 7.6259
2016.9617 4.8576
2016.9645 1.1690
2016.9672 2.5701
2016.9699 5.6609
2016.9727 3.7813
2016.9754 3.6114
2016.9781 3.1011
2016.9809 3.5503
2016.9836 7.1691
2016.9863 4.6773
2016.9891 4.7651
2016.9918 4.1023
2016.9945 2.6090
2016.9973 5.1551
2017.0000 6.3705
2017.0027 1.9554
2017.0055 1.7199
2017.0082 5.9740
2017.0110 5.7179
2017.0137 6.2614
2017.0164 4.6447
2017.0192 3.4777
2017.0219 5.4304
2017.0247 11.1430
2017.0274 4.4754
2017.0301 2.2375
2017.0329 3.3396
2017.0356 4.2315
2017.0384 3.2233
2017.0411 -0.2050
2017.0438 0.5167
2017.0466 0.3183
2017.0493 2.3599
2017.0521 3.5916
2017.0548 2.8532
2017.0575 4.1349
2017.0603 6.4066
2017.0630 3.9185
2017.0658 5.3104
2017.0685 5.6725
2017.0712 3.3547
2017.0740 8.3571
2017.0767 12.3398
2017.0795 8.7926
2017.0822 12.5456
2017.0849 10.0086
2019.0575 18.0925
2019.0603 16.8568
2019.0630 17.1320
2019.0658 17.4885
2019.0685 17.1765
2019.0712 18.4062
2019.0740 19.4678
2019.0767 18.1015
2019.0795 20.2476
2019.0822 16.0558
2019.0849 13.2639
2019.0877 15.1817
2019.0904 17.8293
2019.0932 23.3066
2019.0959 17.6139
2019.0986 18.2712
2019.1014 17.3286
2019.1041 16.1761
2019.1068 13.6040
2019.1096 17.6321
2019.1123 15.4707
2019.1151 17.8398
2019.1178 18.2096
2019.1205 16.6200
2019.1233 17.4012
2019.1260 16.3833
2019.1288 13.6363
2019.1315 11.0004
2019.1342 10.0156
2019.1370 12.5320
2019.1397 12.7598
2019.1425 11.9289
2019.1452 13.7795
2019.1479 13.6717
2019.1507 12.6955
2019.1534 16.2511
2019.1562 14.8285
2019.1589 12.1078
2019.1616 11.1691
2019.1644 13.6118
2019.1671 12.4649
2019.1699 15.6187
2019.1726 14.4430
2019.1753 13.1578
2019.1781 10.3431
2019.1808 17.1589
2019.1836 16.7551
2019.1863 16.5218
2019.1890 18.4189
2019.1918 18.2164
2019.1945 16.5242
2019.1973 29.9525
2019.2000 25.7110
2019.2027 19.8099
2019.2055 16.1791
2019.2082 15.2686
2019.2110 20.1084
2019.2137 14.4184
2019.2164 18.2786
2019.2192 21.7090
2019.2219 22.6396
2019.2247 21.6704
2019.2274 20.8313
2019.2301 23.5824
2019.2329 17.2936
2019.2356 19.1948
2019.2384 26.0161
2019.2411 20.9175
2019.2438 20.1589
2019.2466 20.3604
2019.2493 21.7624
2019.2521 21.0451
2019.2548 19.1882
2019.2575 13.9317
2019.2603 19.3957
2019.2630 19.6100
2019.2658 21.3146
2019.2685 21.4395
2019.2740 21.2497
2019.2767 19.7049
2019.2795 18.9101
2019.2822 15.9354
2019.2849 12.1005
2019.2877 18.7255
2019.2904 18.7403
2019.2932 20.5548
2019.2959 18.4790
2019.2986 18.8529
2019.3014 17.4564
2019.3041 21.4493
2019.3068 20.5318
2019.3096 19.5137
2019.3123 19.9349
2019.3151 21.5355
2019.3178 11.8053
2019.3205 18.4243
2019.3233 20.3725
2019.3260 19.3097
2019.3288 18.4160
2019.3315 15.5016
2019.3342 13.4067
2019.3370 23.4715
2019.3397 20.3758
2019.3425 24.1398
2019.3452 23.4333
2019.3479 18.9666
2019.3507 19.8895
2019.3562 21.7744
2019.3589 18.4164
2019.3616 23.9182
2019.3644 24.3597
2019.3671 19.7510
2019.3699 20.1321
2019.3726 23.8430
2019.3753 20.0637
2019.3781 18.4343
2019.3808 15.8047
2019.3836 14.5650
2019.3863 13.5551
2019.3890 14.1152
2019.3918 14.4452
2019.3945 14.3252
2019.3973 14.3951
2019.4000 12.2950
2019.4027 16.0548
2019.4055 14.7647
2019.4082 10.2746
2019.4110 15.1446
2019.4137 14.4946
2019.4164 15.5147
2019.4192 15.6848
2019.4219 22.4249
2019.4247 18.0451
2019.4274 15.0853
2019.4301 15.6054
2019.4329 11.8856
2019.4356 14.2657
2019.4384 12.9457
2019.4411 13.6257
2019.4438 17.0556
2019.4466 15.6355
2019.4493 17.7552
2019.4521 14.7848
2019.4548 20.9543
2019.4575 15.9536
2019.4603 14.5428
2019.4630 17.6318
2019.4658 16.4907
2019.4685 19.1093
2019.4712 19.0677
2019.4740 17.0360
2019.4767 21.3039
2019.4795 16.9917
2019.4822 20.5391
2019.4849 23.0263
2019.4877 22.0932
2019.4904 22.6499
2019.4932 22.9661
2019.4959 20.4521
2019.4986 22.1677
2019.5014 24.3727
2019.5041 16.5472
2019.5068 18.9913
2019.5096 21.2450
2019.5123 18.5483
2019.5151 18.0111
2019.5178 21.5136
2019.5205 28.5857
2019.5233 27.3276
2019.5260 28.4291
2019.5288 23.3103
2019.5315 25.0413
2019.5342 22.9820
2019.5370 21.0426
2019.5397 19.0729
2019.5753 27.9606
2019.5781 25.9507
2019.5808 22.7509
2019.5918 21.4062
2019.5945 24.1135
2019.5973 23.9402
2019.6000 26.2465
2019.6027 23.8023
2019.6055 27.6779
2019.6082 25.7932
2019.6110 26.9283
2019.6137 27.4933
2019.6192 22.8430
2019.6219 18.3779
2019.6247 20.9630
2019.6274 33.0782
2019.6493 32.0334
2019.6521 29.0230
2019.6548 26.0833
2019.6575 21.4945
2019.6603 20.2366
2019.6630 15.5197
2019.6658 20.7439
2019.6685 22.5399
2019.6712 29.1477
2019.6740 27.6371
2019.6959 18.0548
2019.6986 18.9661
2019.7014 19.2984
2019.7041 20.1815
2019.7068 21.4354
2019.7096 30.0901
2019.7123 29.7453
2019.7151 23.7712
2019.7178 26.4075
2019.7205 25.6742
2019.7233 30.1513
2019.7260 22.5986
2019.7288 22.4261
2019.7315 20.5337
2019.7342 21.5013
2019.7370 22.8789
2019.7397 19.2464
2019.7425 21.7836
2019.7452 22.4206
2019.7479 26.5873
2019.7507 29.2142
2019.7534 27.6319
2019.7562 25.7903
2019.7589 23.8495
2019.7616 23.4293
2019.7644 20.6197
2019.7671 25.9606
2019.7699 25.2220
2019.7726 23.0039
2019.7753 20.5560
2019.7781 18.4885
2019.7808 21.7212
2019.7836 20.1541
2019.7863 25.5371
2019.7890 28.6202
2019.7918 16.9834
2019.7945 25.5464
2019.7973 23.8494
2019.8000 17.0422
2019.8055 21.2771
2019.8082 17.2291
2019.8110 13.3907
2019.8137 12.9019
2019.8164 15.9726
2019.8192 20.2527
2019.8219 20.4421
2019.8247 16.4209
2019.8274 15.0890
2019.8301 18.1863
2019.8329 20.8928
2019.8356 18.1885
2019.8384 21.0934
2019.8411 16.6176
2019.8438 20.3209
2019.8466 19.2034
2019.8493 17.1750
2019.8521 17.8757
2019.8548 19.1154
2019.8575 19.5442
2019.8603 19.6320
2019.8630 23.1287
2019.8658 21.7244
2019.8685 24.9090
2019.8712 24.5525
2019.8740 21.0348
2019.8767 18.5159
2019.8795 17.7159
2019.8822 18.3046
2019.8849 14.4520
2019.8877 15.0781
2019.8904 12.3229
2019.8932 17.0164
2019.8959 21.5085
2019.8986 16.5891
2019.9014 20.5183
2019.9041 14.0860
2019.9068 17.4323
2019.9096 16.3670
2019.9123 16.0801
2019.9151 15.7316
2019.9178 16.0218
2019.9205 19.6609
2019.9233 18.1390
2019.9260 13.1760
2019.9288 13.1520
2019.9315 14.9370
2019.9342 12.9111
2019.9370 12.1742
2019.9397 13.1763
2019.9425 15.7075
2019.9452 17.0179
2019.9479 14.4273
2019.9507 12.3859
2019.9534 11.6736
2019.9562 13.6005
2019.9589 11.7766
2019.9616 14.9119
2019.9644 12.3065
2019.9671 13.6003
2019.9699 16.3933
2019.9726 14.0456
2019.9753 18.0773
2019.9781 20.3482
2019.9808 18.3285
2019.9836 18.0782
2019.9863 18.1972
2019.9890 18.4156
2019.9918 18.5835
2019.9945 22.8808
2019.9973 17.6675
2020.0000 17.4937
2020.0027 18.2895
2020.0055 21.1148
2020.0082 19.3696
2020.0109 25.4639
2020.0137 18.1879
2020.0164 21.8714
2020.0191 21.4547
2020.0219 20.8676
2020.0246 21.3903
2020.0273 17.7628
2020.0301 17.9750
2020.0328 16.7271
2020.0355 19.3591
2020.0383 16.8611
2020.0410 17.0229
2020.0437 17.8748
2020.0464 14.9867
2020.0492 18.0687
2020.0519 15.2207
2020.0546 17.3430
2020.0574 14.5153
2020.0601 14.3979
2020.0628 18.8708
2020.0656 15.4639
2020.0683 19.8574
2020.0710 14.0812
2020.0738 15.8954
2020.0765 16.3800
2020.0792 17.5451
2020.0820 15.1807
2020.0847 17.9066
2020.0874 15.5229
2020.0902 20.5796
2020.0929 21.3166
2020.0956 17.4041
2020.0984 12.5218
2020.1011 17.2801
2020.1038 16.7787
2020.1066 10.2678
2020.1093 15.0772
2020.1120 27.9172
2020.1148 17.8576
2020.1175 19.0784
2020.1202 16.8298
2020.1230 19.7816
2020.1257 17.4039
2020.1284 13.4168
2020.1311 12.4501
2020.1339 12.3540
2020.1366 13.6785
2020.1393 14.2834
2020.1421 17.2090
2020.1448 15.0651
2020.1475 15.3519
2020.1503 13.9092
2020.1530 17.2871
2020.1557 18.3556
2020.1585 15.1148
2020.1612 21.7846
2020.1639 20.9958
2020.1667 16.7294
2020.1694 15.5554
2020.1721 18.1838
2020.1749 21.6745
2020.1776 16.3774
2020.1803 21.9424
2020.1831 21.8396
2020.1858 17.6987
2020.1885 18.8398
2020.1913 20.1428
2020.1940 21.1176
2020.1967 25.2442
2020.1995 25.2925
2020.2022 23.3224
2020.2049 24.2939
2020.2077 18.2968
2020.2104 17.5512
2020.2131 18.3469
2020.2158 18.4040
2020.2186 17.7423
2020.2213 20.4217
2020.2240 22.9022
2020.2268 25.2038
2020.2295 19.9263
2020.2322 26.6697
2020.2350 24.7240
2020.2377 23.2890
2020.2404 22.5447
2020.2432 25.3611
2020.2459 16.2081
2020.2486 14.9675
2020.2514 16.3298
2020.2541 14.4049
2020.2568 10.4224
2020.2596 18.2122
2020.2623 18.4839
2020.2650 11.5875
2020.2678 22.9926
2020.2705 25.7690
2020.2732 20.3365
2020.2760 24.3549
2020.2787 15.5439
2020.2814 17.7233
2020.2842 18.5028
2020.2869 14.2824
2020.2896 15.4516
2020.2923 21.3603
2020.2951 19.8983
2020.2978 21.8053
2020.3005 23.6211
2020.3033 22.4054
2020.3060 17.6581
2020.3087 18.7189
2020.3115 18.3076
2020.3142 20.8939
2020.3169 24.3076
2020.3197 21.8286
2020.3224 16.6064
2020.3279 16.1922
2020.3306 14.8903
2020.3333 13.2281
2020.3361 20.8856
2020.3388 23.5529
2020.3415 23.6799
2020.3443 25.2267
2020.3470 25.0332
2020.3497 21.4895
2020.3525 21.6455
2020.3552 20.9812
2020.3579 23.9267
2020.3607 21.8218
2020.3634 20.9367
2020.3661 19.8812
2020.3689 18.6754
2020.3716 16.9193
2020.3743 13.7429
2020.3770 21.1961
2020.3798 16.6990
2020.3825 19.0715
2020.3852 19.4437
2020.3880 21.3055
2020.3907 20.7669
2020.3934 17.2980
2020.3962 15.9187
2020.3989 16.7489
2020.4016 13.0788
2020.4044 13.1882
2020.4071 19.5072
2020.4098 19.1158
2020.4126 15.0240
2020.4153 22.2519
2020.4180 24.4496
2020.4208 24.4271
2020.4235 24.3845
2020.4262 19.6118
2020.4290 19.4789
2020.4317 26.4959
2020.4344 30.4129
2020.4372 26.8497
2020.4399 22.3066
2020.4426 22.9533
2020.4454 19.6701
2020.4481 21.9368
2020.4508 35.4435
2020.4536 32.8203
2020.4563 24.2870
2020.4590 33.0739
2020.4617 35.4407
2020.4645 26.4177
2020.4672 23.7347
2020.4699 22.5819
2020.4727 20.1391
2020.4754 20.3165
2020.4781 21.8041
2020.4809 22.3418
2020.4836 21.6297
2020.4863 20.9977
2020.4891 19.8160
2020.4918 18.5945
2020.4945 23.0232
2020.4973 24.0022
2020.5000 24.1915
2020.5027 23.1312
2020.5055 24.5410
2020.5082 23.0712
2020.5109 24.8515
2020.5710 27.0912
2020.5738 26.1205
2020.6011 21.6148
2020.6038 20.0006
2020.6066 23.7461
2020.6093 18.8414
2020.6120 19.5165
2020.6148 24.1914
2020.6175 16.5961
2020.6202 13.5206
2020.6339 19.7812
2020.6366 19.2850
2020.6393 19.0488
2020.6421 15.2224
2020.6448 24.2961
2020.6475 26.5797
2020.6503 21.6533
2020.6530 17.7669
2020.6557 17.1405
2020.6585 20.1341
2020.6612 20.7178
2020.6639 24.0316
2020.6694 25.9381
2020.6721 24.8604
2020.6749 24.8022
2020.6776 27.3035
2020.6803 24.0644
2020.6831 28.6148
2020.6858 29.7649
2020.6885 27.0446
2020.6913 28.7341
2020.6940 27.9232
2020.6967 28.9622
2020.6995 28.0110
2020.7022 27.4598
2020.7049 26.4384
2020.7077 26.7770
2020.7104 24.0656
2020.7131 20.2442
2020.7158 24.9130
2020.7186 24.2618
2020.7213 23.8609
2020.7240 22.4702
2020.7268 18.3397
2020.7295 16.5095
2020.7322 16.5197
2020.7350 18.0803
2020.7377 20.5013
2020.7404 18.3228
2020.7432 18.6348
2020.7459 18.3774
2020.7486 22.4906
2020.7514 25.8449
2020.7541 24.5907
2020.7568 24.9578
2020.7596 23.5461
2020.7623 30.8857
2020.7650 22.2565
2020.7678 25.0185
2020.7705 24.5315
2020.7732 25.7756
2020.7760 21.5608
2020.7787 26.9669
2020.7814 22.3640
2020.7842 25.3919
2020.7869 26.2107
2020.7896 27.5403
2020.7923 21.6007
2020.7951 22.5018
2020.7978 23.1536
2020.8005 20.5860
2020.8033 24.5390
2020.8060 26.1526
2020.8087 20.9167
2020.8115 22.0312
2020.8142 31.9162
2020.8169 15.2915
2020.8197 21.8572
2020.8224 20.7332
2020.8251 22.5594
2020.8279 19.8458
2020.8306 20.3924
2020.8333 27.5998
2020.8361 14.0900
2020.8388 27.5330
2020.8415 12.3786
2020.8443 19.5766
2020.8470 21.0766
2020.8497 18.5886
2020.8525 22.3923
2020.8552 19.3475
2020.8579 18.6339
2020.8607 8.7715
2020.8634 23.1698
2020.8661 20.1788
2020.8689 19.1182
2020.8716 18.7078
2020.8743 16.8273
2020.8770 18.1966
2020.8798 15.4555
2020.8825 17.9237
2020.8852 13.9610
2020.8880 10.8172
2020.8907 11.9321
2020.8934 19.7655
2020.8962 17.8670
2020.8989 16.7267
2020.9016 17.9141
2020.9044 14.0192
2020.9071 14.4716
2020.9098 18.0012
2020.9126 19.6078
2020.9153 16.2311
2020.9180 17.9223
2020.9208 13.2525
2020.9235 15.2217
2020.9262 24.2500
2020.9290 23.1572
2020.9317 17.4536
2020.9344 18.0091
2020.9372 18.8237
2020.9399 15.4474
2020.9426 17.9604
2020.9454 21.1126
2020.9481 19.5340
2020.9508 23.9347
2020.9536 24.4847
2020.9563 25.5440
2020.9590 23.6027
2020.9617 21.2008
2020.9645 21.3183
2020.9672 18.8852
2020.9699 27.6316
2020.9727 22.8775
2020.9754 22.4929
2020.9781 22.8279
2020.9809 23.2225
2020.9836 23.7866
2020.9863 23.0704
2020.9891 21.7539
2020.9918 26.1371
2020.9945 25.2400
2020.9973 23.4926
2021.0000 24.3450
2021.0027 24.8862
2021.0055 28.3854
2021.0082 28.2528
2021.0110 19.8085
2021.0137 25.9327
2021.0164 27.1656
2021.0192 25.1674
2021.0219 24.0083
2021.0247 20.4583
2021.0274 22.3278
2021.0301 20.4168
2021.0329 19.4356
2021.0356 22.9943
2021.0384 20.5532
2021.0411 19.3823
2021.0438 18.9519
2021.0466 19.1321
2021.0493 24.0231
2021.0521 16.8551
2021.0548 19.8483
2021.0575 20.0728
2021.0603 20.3789
2021.0630 22.5666
2021.0658 18.3562
2021.0685 21.9879
2021.0712 19.3218
2021.0740 15.9981
2021.0767 19.0370
2021.0795 18.6486
2021.0822 29.1929
2021.0849 24.2082
2021.0877 22.2943
2021.0904 23.6111
2021.0932 21.0286
2021.0959 20.8268
2021.0986 14.7857
2021.1014 15.8753
2021.1041 18.2155
2021.1068 16.4863
2021.1096 7.8477
2021.1123 20.0997
2021.1151 25.9323
2021.1178 21.3654
2021.1205 28.5591
2021.1233 13.9832
2021.1260 17.2379
2021.1288 20.6630
2021.1315 17.1386
2021.1342 20.1446
2021.1370 12.4511
2021.1397 18.6579
2021.1425 23.4651
2021.1452 27.1527
2021.1479 24.7606
2021.1507 23.1889
2021.1534 22.7474
2021.1562 25.9962
2021.1589 32.1554
2021.1616 24.2447
2021.1644 24.2542
2021.1671 23.2039
2021.1699 31.6536
2021.1726 25.0934
2021.1753 19.8232
2021.1781 19.2732
2021.1808 20.5032
2021.1836 17.5232
2021.1863 18.8933
2021.1890 24.9935
2021.1918 24.1337
2021.1945 24.9139
2021.1973 26.3141
2021.2000 25.7243
2021.2027 24.9946
2021.2055 25.8548
2021.2082 28.2351
2021.2110 24.2753
2021.2137 23.7555
2021.2164 22.2657
2021.2192 23.4458
2021.2219 19.6859
2021.2247 22.1960
2021.2274 23.0359
2021.2301 22.9659
2021.2329 25.1257
2021.2356 25.3055
2021.2384 25.5952
2021.2411 22.4248
2021.2438 23.4843
2021.2466 21.5537
2021.2493 23.1028
2021.2521 26.7515
2021.2548 20.4799
2021.2575 22.6681
2021.2603 26.5560
2021.2630 17.4637
2021.2658 23.8912
2021.2685 25.5985
2021.2712 24.9356
2021.2740 22.6127
2021.2767 25.4396
2021.2795 22.4364
2021.2822 21.9632
2021.2849 26.3800
2021.2877 28.2467
2021.2904 22.3235
2021.2932 13.3603
2021.2959 22.3371
2021.2986 19.4341
2021.3014 26.8412
2021.3041 27.0684
2021.3068 21.0658
2021.3096 25.1133
2021.3123 21.8311
2021.3151 25.3791
2021.3178 23.0674
2021.3205 21.1459
2021.3233 18.8248
2021.3260 23.1740
2021.3288 23.0136
2021.3315 18.2647
2021.3342 18.3786
2021.3370 21.8850
2021.3397 19.8738
2021.3425 23.8948
2021.3452 26.6679
2021.3479 19.6928
2021.3507 22.8895
2021.3534 22.0177
2021.3562 23.0672
2021.3616 28.2497
2021.3671 5.2856
2021.3699 9.1594
2021.3726 20.6735
2021.3753 14.6477
2021.3781 26.6220
2021.3808 20.4161
2021.3836 23.1398
2021.3863 20.3730
2021.3890 19.5655
2021.3918 22.5072
2021.3945 18.2278
2021.3973 18.5471
2021.4000 18.8852
2021.4027 17.3216
2021.4055 18.1263
2021.4082 16.8792
2021.4110 23.5499
2021.4137 21.6287
2021.4164 20.5066
2021.4712 30.1377
2021.4740 29.5606
2021.4767 33.1127
2021.4795 23.6840
2021.4822 27.2945
2021.4849 29.8143
2021.4877 20.6133
2021.4904 29.2915
2021.4932 28.0189
2021.4959 22.6255
2021.4986 33.1605
2021.5589 23.4210
2021.5644 15.4473
2021.5863 27.7321
2021.5890 26.1997
2021.5973 26.5149
2021.6192 27.0740
2021.6219 21.0578
2021.6247 22.6122
2021.6274 17.8573
2021.6301 16.6531
2021.6329 24.9996
2021.6356 20.6868
2021.6384 23.0048
2021.6411 21.6835
2021.6438 24.9431
2021.6466 24.4635
2021.6630 23.6040
2021.6658 24.8407
2021.6685 15.7782
2021.6712 24.6266
2021.6740 22.5157
2021.6767 18.3954
2021.6795 24.2558
2021.6822 17.7867
2021.6849 22.5382
2021.6877 24.6100
2021.6904 29.0722
2021.7068 21.4797
2021.7096 27.4327
2021.7123 25.0656
2021.7151 25.0083
2021.7178 25.1507
2021.7205 16.7128
2021.7233 21.2345
2021.7260 21.9557
2021.7288 28.8765
2021.7315 26.7566
2021.7342 10.6362
2021.7370 20.4350
2021.7397 31.7130
2021.7425 18.4903
2021.7452 24.6466
2021.7479 22.6020
2021.7507 23.5569
2021.7534 20.6416
2021.7562 25.2162
2021.7589 27.7507
2021.7616 31.4450
2021.7644 28.8593
2021.7671 26.7634
2021.7699 29.6874
2021.7726 20.3713
2021.7753 25.6351
2021.7781 25.1188
2021.7808 20.8625
2021.7836 26.7360
2021.7863 24.6094
2021.7890 24.7927
2021.7918 24.4059
2021.7945 28.9390
2021.7973 25.7221
2021.8000 24.6050
2021.8027 24.6279
2021.8055 25.3707
2021.8082 27.1834
2021.8110 28.0760
2021.8137 24.7986
2021.8164 23.0910
2021.8192 18.8934
2021.8219 21.9458
2021.8247 23.9981
2021.8274 14.0903
2021.8301 8.4624
2021.8329 16.4944
2021.8384 20.1972
2021.8411 23.8278
2021.8438 24.3081
2021.8466 23.7081
2021.8493 20.0276
2021.8521 19.5069
2021.8548 21.3959
2021.8575 9.3746
2021.8630 18.1215
2021.8658 17.9096
2021.8685 20.0677
2021.8712 21.5856
2021.8740 25.0835
2021.8767 22.8113
2021.8795 20.7191
2021.8822 20.1870
2021.8849 22.0649
2021.8904 23.0409
2021.8932 23.7292
2021.8959 26.4976
2021.8986 20.7462
2021.9014 24.4551
2021.9041 26.0842
2021.9068 27.2036
2021.9096 26.8934
2021.9123 35.1535
2021.9151 29.9340
2021.9178 28.8863
2021.9205 33.5419
2021.9233 27.9904
2021.9260 29.8016
2021.9288 32.6054
2021.9315 15.4615
2021.9342 13.9996
2021.9370 20.6796
2021.9397 30.9111
2021.9425 27.1240
2021.9452 22.6581
2021.9479 26.5930
2021.9507 26.0886
2021.9534 24.3347
2021.9562 24.6209
2021.9589 32.2272
2021.9616 25.9632
2021.9644 29.1187
2021.9671 30.1735
2021.9699 26.8273
2021.9726 23.3800
2021.9753 28.3413
2021.9781 31.0209
2021.9808 29.5287
2021.9836 31.6044
2021.9863 32.7677
2021.9890 26.5286
2021.9918 30.9466
2021.9945 26.5516
2021.9973 23.7933
2022.0000 28.1616
2022.0027 27.4361
2022.0055 27.7767
2022.0082 24.6038
2022.0110 19.9175
2022.0137 20.6183
2022.0164 25.9363
2022.0192 29.0718
2022.0219 26.1451
2022.0247 27.7065
2022.0274 27.5562
2022.0301 23.4744
2022.0329 24.6916
2022.0356 21.5378
2022.0384 21.5235
2022.0411 23.1388
2022.0438 25.1340
2022.0466 23.4895
2022.0493 19.7154
2022.0521 27.8221
2022.0548 26.0797
2022.0575 23.8287
2022.0603 25.4191
2022.0630 21.9214
2022.0658 25.9358
2022.0685 25.8625
2022.0712 26.9518
2022.0740 21.6041
2022.0767 27.6594
2022.0795 32.2482
2022.0822 33.1803
2022.0849 24.2030
2022.0877 28.5260
2022.0904 27.5693
2022.0932 25.9528
2022.0959 27.0366
2022.0986 23.8805
2022.1014 19.4646
2022.1041 17.4088
2022.1068 22.8031
2022.1096 22.8476
2022.1123 23.0921
2022.1151 27.9067
2022.1178 29.9913
2022.1205 27.3759
2022.1233 25.0704
2022.1260 24.8750
2022.1288 23.7995
2022.1315 26.2139
2022.1342 28.5882
2022.1370 25.5323
2022.1397 28.9863
2022.1425 25.3502
2022.1452 29.7938
2022.1479 24.0372
2022.1507 24.4704
2022.1534 26.5733
2022.1562 28.2359
2022.1589 27.2782
2022.1616 23.3402
2022.1644 24.0420
2022.1671 23.3136
2022.1699 23.9853
2022.1726 24.9168
2022.1753 25.9083
2022.1781 29.4397
2022.1808 24.1811
2022.1836 28.2823
2022.1863 30.4135
2022.1890 24.2446
2022.1918 24.9356
2022.1945 29.3265
2022.1973 26.0774
2022.2000 22.8882
2022.2027 23.3789
2022.2055 26.6595
2022.2082 28.0400
2022.2110 27.2904
2022.2137 40.0408
2022.2164 33.5010
2022.3534 21.8683
2022.3562 20.1996
2022.3589 19.8212
2022.3644 26.2651
2022.3671 24.3974
2022.3699 24.2199
2022.3726 30.4927
2022.3753 25.4356
2022.3781 24.9988
2022.3808 22.7321
2022.3863 35.4193
2022.3945 38.6213
2022.3973 34.5755
2022.4000 28.9799
2022.4027 35.4243
2022.4055 36.4289
2022.4082 32.0435
2022.4110 37.9982
2022.4137 34.0229
2022.4164 20.5677
2022.4192 25.2624
2022.4219 26.8572
2022.4247 28.3920
2022.4274 25.1067
2022.4301 24.3915
2022.4329 22.1762
2022.4356 29.6310
2022.4384 19.7157
2022.4411 30.6405
2022.4438 25.5153
2022.4466 28.0300
2022.4493 26.5948
2022.4521 21.5495
2022.4548 23.3143
2022.4575 20.4691
2022.4603 17.1639
2022.4630 23.4586
2022.4658 23.4234
2022.4685 23.0782
2022.4712 24.8330
2022.4740 25.7078
2022.4767 30.5925
2022.4795 31.5573
2022.4822 26.7721
2022.4849 27.4670
2022.4877 29.0418
2022.4904 30.1466
2022.4932 28.6014
2022.5726 27.4548
2022.5753 24.9399
2022.5836 22.5154
2022.5863 25.0314
2022.5890 17.1581
2022.6055 29.6297
2022.6164 26.6934
2022.6192 26.1153
2022.6301 25.7760
2022.6329 21.4094
2022.6356 25.6629
2022.6384 32.8367
2022.6493 21.3332
2022.6521 28.9275
2022.6548 29.7620
2022.6575 36.3664
2022.6603 28.9009
2022.6932 31.3041
2022.6959 35.7901
2022.7014 35.2131
2022.7041 31.0598
2022.7068 32.0767
2022.7096 30.4835
2022.7123 31.8901
2022.7151 25.5264
2022.7233 26.7426
2022.7260 22.5467
2022.7288 29.8600
2022.7315 31.6123
2022.7342 28.7836
2022.7370 31.0437
2022.7397 36.1825
2022.7425 21.7299
2022.7452 28.0058
2022.7479 28.2001
2022.7507 27.9029
2022.7534 25.8442
2022.7562 23.5141
2022.7589 32.1228
2022.7616 27.6203
2022.7644 33.0668
2022.7671 29.1222
2022.7699 34.2467
2022.7726 33.8704
2022.7753 29.3234
2022.7781 33.2157
2022.7808 30.3675
2022.7836 25.6988
2022.7863 32.0997
2022.7890 30.8603
2022.7945 27.9410
2022.7973 29.5812
2022.8000 26.0514
2022.8027 23.7219
2022.8055 25.4325
2022.8082 25.5934
2022.8110 25.1748
2022.8137 26.9466
2022.8164 21.4890
2022.8192 25.4920
2022.8219 20.2758
2022.8247 21.2704
2022.8274 22.6959
2022.8301 24.7925
2022.8329 22.6102
2022.8356 21.3894
2022.8384 20.0401
2022.8411 27.6621
2022.8438 30.1254
2022.8466 28.9598
2022.8493 28.3253
2022.8521 32.9316
2022.8548 26.0388
2022.8575 24.4667
2022.8603 22.1652
2022.8630 27.7941
2022.8658 28.5735
2022.8685 30.9331
2022.8712 32.6428
2022.8740 25.8426
2022.8767 26.6324
2022.8795 33.2320
2022.8822 20.8912
2022.8849 31.2802
2022.8877 29.1385
2022.8904 36.7063
2022.8932 32.8934
2022.8959 29.3796
2022.8986 27.3650
2022.9014 25.5992
2022.9041 26.9523
2022.9068 27.9142
2022.9096 34.2646
2022.9123 28.9536
2022.9151 32.5910
2022.9178 27.7463
2022.9205 29.6990
2022.9233 30.9493
2022.9260 23.4971
2022.9288 27.6327
2022.9315 27.0159
2022.9342 26.6169
2022.9370 28.4058
2022.9397 28.9626
2022.9425 28.5274
2022.9452 27.9803
2022.9479 28.5212
2022.9507 28.2804
2022.9534 27.4677
2022.9562 33.1834
2022.9589 26.5175
2022.9616 31.0000
2022.9644 28.0910
2022.9671 26.2506
2022.9699 27.2888
2022.9726 30.7457
2022.9753 28.5914
2022.9781 28.1759
2022.9808 29.8693
2022.9836 27.4217
2022.9863 26.9631
2022.9890 26.9936
2022.9918 25.3233
2022.9945 24.9621
2022.9973 23.1603
2023.0000 26.9678
