2010.1315 -19.8507
2010.1342 -21.0945
2010.1370 -21.3681
2010.1397 -18.2513
2010.1425 -19.4343
2010.1452 -20.8769
2010.1479 -15.8493
2010.1507 -13.5714
2010.1534 -13.8832
2010.1562 -15.1946
2010.1589 -16.3558
2010.1616 -15.1966
2010.1644 -21.1172
2010.1671 -16.2376
2010.1699 -17.1778
2010.1726 -16.9778
2010.1753 -18.2176
2010.1781 -20.8273
2010.1808 -15.1568
2010.1836 -15.8861
2010.1863 -18.6852
2010.1890 -19.0542
2010.1918 -23.1031
2010.1945 -24.7917
2010.1973 -25.0303
2010.2000 -23.3586
2010.2027 -23.2069
2010.2055 -23.6350
2010.2082 -25.2629
2010.2110 -19.7908
2010.2137 -23.5385
2010.2164 -19.8561
2010.2192 -23.2836
2010.2219 -21.7809
2010.2247 -23.0382
2010.2274 -21.5853
2010.2301 -20.1624
2010.2329 -18.4793
2010.2356 -19.3162
2010.2384 -21.5929
2010.2411 -22.1096
2010.2438 -22.1762
2010.2466 -20.1327
2010.2493 -21.3192
2010.2521 -19.8756
2010.2548 -13.3919
2010.2575 -21.3881
2010.2603 -18.8843
2010.2630 -22.7703
2010.2658 -20.6363
2010.2685 -19.6221
2010.2712 -18.6278
2010.2740 -17.8234
2010.2767 -17.5589
2010.2795 -22.8043
2010.2822 -18.1495
2010.2849 -23.9646
2010.2877 -21.7696
2010.2904 -19.1944
2010.2932 -21.0890
2010.2959 -25.6335
2010.2986 -22.6078
2010.3014 -20.9419
2010.3041 -20.9659
2010.3068 -19.4597
2010.3096 -21.3733
2010.3123 -20.5867
2010.3151 -19.9699
2010.3178 -21.6429
2010.3205 -25.1257
2010.3233 -25.1382
2010.3260 -26.2306
2010.3288 -24.6127
2010.3315 -26.8145
2010.3342 -22.6961
2010.3370 -22.5673
2010.3397 -23.6982
2010.3425 -24.7388
2010.3452 -26.2292
2010.3479 -25.9292
2010.3507 -29.1590
2010.3534 -22.5884
2010.3562 -21.7376
2010.3589 -23.5666
2010.3616 -23.4352
2010.3644 -26.9037
2010.3671 -19.5018
2010.3699 -22.5497
2010.3726 -20.4174
2010.3753 -18.6248
2010.3781 -19.2520
2010.3808 -21.0289
2010.3836 -18.9357
2010.3863 -21.3222
2010.3890 -21.3985
2010.3918 -18.5845
2010.3945 -19.9904
2010.3973 -20.2861
2010.4000 -17.7715
2010.4055 -19.3119
2010.4082 -21.3768
2010.4110 -21.0815
2010.4137 -15.0661
2010.4164 -14.7102
2010.4192 -21.5240
2010.4219 -12.4374
2010.4247 -12.7304
2010.4274 -17.9632
2010.4301 -19.3657
2010.4329 -21.7480
2010.4356 -27.2201
2010.4384 -25.0019
2010.4411 -25.1136
2010.4438 -23.0952
2010.4466 -19.1567
2010.4493 -24.4781
2010.4521 -21.6895
2010.4548 -17.0408
2010.4575 -20.1822
2010.4603 -15.0936
2010.4630 -16.9951
2010.4658 -16.7766
2010.4685 -18.5583
2010.4712 -16.9202
2010.4740 -19.0322
2010.4767 -19.0844
2010.4795 -18.1769
2010.4822 -16.1297
2010.4849 -15.6427
2010.4877 -13.6061
2010.4904 -9.5098
2010.4932 -14.9639
2010.4959 -15.6084
2010.4986 -15.7931
2010.5014 -16.1777
2010.5041 -17.1524
2010.5068 -14.7471
2010.5096 -16.1518
2010.5123 -19.0565
2010.5151 -19.4914
2010.5178 -17.4762
2010.5205 -23.1912
2010.5233 -18.8063
2010.5260 -20.2315
2010.5288 -17.7769
2010.5342 -14.9381
2010.5370 -15.7839
2010.5397 -21.5000
2010.5425 -19.4663
2010.5452 -14.3229
2010.5507 -21.6567
2010.5534 -14.8341
2010.5562 -16.4017
2010.5589 -15.8497
2010.5616 -11.7080
2010.5644 -17.5867
2010.5671 -12.1957
2010.5699 -18.7751
2010.5726 -18.1249
2010.5753 -20.6852
2010.5781 -20.2458
2010.5808 -18.3869
2010.5836 -18.1183
2010.5863 -15.9997
2010.5890 -16.3711
2010.5918 -19.1225
2010.5945 -14.8039
2010.5973 -20.2154
2010.6000 -18.7869
2010.6027 -20.7084
2010.6055 -15.9199
2010.6082 -14.8615
2010.6110 -15.1530
2010.6137 -15.2246
2010.6164 -16.1262
2010.6192 -24.1178
2010.6219 -24.3994
2010.6247 -23.2110
2010.6274 -19.6027
2010.6301 -21.2743
2010.6329 -16.5759
2010.6356 -19.8076
2010.6384 -16.3192
2010.6411 -17.2709
2010.6438 -13.9926
2010.6466 -18.9242
2010.6493 -16.9359
2010.6521 -26.8375
2010.6548 -19.4192
2010.6575 -18.2408
2010.6603 -19.8025
2010.6630 -17.4541
2010.6658 -17.9058
2010.6685 -14.1680
2010.6712 -16.7106
2010.6740 -18.9737
2010.6767 -21.8771
2010.6795 -20.3009
2010.6822 -19.8549
2010.6849 -14.9291
2010.6877 -14.1835
2010.6904 -7.6379
2010.6932 -17.8825
2010.6959 -24.6270
2010.6986 -31.0814
2010.7014 -23.0257
2010.7041 -15.1499
2010.7068 -16.7039
2010.7096 -14.4675
2010.7123 -14.7908
2010.7151 -17.4438
2010.7178 -16.5563
2010.7205 -16.0383
2010.7233 -18.5098
2010.7260 -19.1907
2010.7288 -17.6809
2010.7315 -21.8404
2010.7342 -19.8491
2010.7370 -22.0471
2010.7397 -20.2141
2010.7425 -18.2102
2010.7452 -20.2254
2010.7479 -19.9595
2010.7507 -18.3128
2010.7534 -21.5656
2010.7562 -22.0679
2010.7589 -18.3697
2010.7616 -21.9110
2010.7644 -18.3818
2010.7671 -18.8723
2010.7699 -17.8324
2010.7726 -20.5022
2010.7753 -18.7216
2010.7781 -22.7507
2010.7808 -18.5296
2010.7836 -19.5982
2010.7863 -18.8866
2010.7890 -27.1249
2010.7918 -22.0430
2010.7945 -21.8909
2010.7973 -21.4388
2010.8000 -22.9466
2010.8027 -20.9344
2010.8055 -16.5321
2010.8082 -24.4399
2010.8110 -22.8877
2010.8137 -19.3456
2010.8164 -18.5136
2010.8192 -20.8617
2010.8219 -19.4799
2010.8247 -16.7784
2010.8274 -30.0470
2010.8301 -20.8759
2010.8329 -22.4650
2010.8356 -16.7542
2010.8384 -22.5733
2010.8411 -27.3424
2010.8438 -29.6815
2010.8466 -20.6306
2010.8493 -18.6997
2010.8521 -16.4388
2010.8548 -14.1779
2010.8603 -12.7460
2010.8630 -23.9551
2010.8658 -17.0442
2010.8685 -21.6632
2010.8712 -17.9523
2010.8740 -17.1713
2010.8767 -11.3304
2010.8795 -14.1794
2010.8822 -13.4285
2010.8849 -14.6776
2010.8877 -12.1766
2011.8603 -7.8685
2011.8630 -1.6739
2011.8658 -2.0993
2011.8685 -3.4947
2011.8712 -4.8601
2011.8740 -6.0355
2011.8767 -6.8309
2011.8795 -5.3063
2011.8822 -3.8417
2011.8849 -1.7971
2011.8877 -6.9726
2011.8904 -4.0280
2011.8932 -4.6134
2011.8959 -7.1188
2011.8986 -9.6942
2011.9014 -5.7896
2011.9041 -4.0651
2011.9068 -1.5605
2011.9096 -0.8659
2011.9123 -7.3213
2011.9151 -0.9668
2011.9178 -1.7029
2011.9205 -3.6705
2011.9233 -5.4394
2011.9260 -15.5196
2011.9288 -7.2912
2011.9315 -2.8839
2011.9342 -0.2777
2011.9370 -7.4227
2011.9397 -2.0888
2011.9425 -2.8158
2011.9452 -3.8938
2011.9479 0.8573
2011.9534 1.9571
2011.9562 -2.6842
2011.9589 -6.2062
2011.9616 -4.1288
2011.9644 -2.4720
2011.9671 -0.8257
2011.9699 0.0701
2011.9726 -3.0045
2011.9753 -3.4495
2011.9781 -2.4649
2011.9808 -1.5605
2011.9836 -2.3263
2011.9863 -2.3023
2011.9890 0.8215
2011.9918 0.7753
2011.9945 -1.1209
2011.9973 -2.2070
2012.0000 -5.5531
2012.0027 -3.2900
2012.0055 -4.9886
2012.0082 -3.7287
2012.0109 -4.2903
2012.0137 3.0069
2012.0164 -5.7372
2012.0191 -5.8122
2012.0219 -3.2682
2012.0246 -3.1349
2012.0273 -3.7222
2012.0301 -6.4501
2012.0328 -3.6983
2012.0355 -1.4867
2012.0383 -0.4853
2012.0410 -3.5738
2012.0437 -7.5521
2012.0464 -2.8202
2012.0492 -2.9278
2012.0519 -2.8749
2012.0546 -7.2412
2012.0574 -2.0967
2012.0601 -2.7313
2012.0628 -2.4348
2012.0656 -0.1070
2012.0683 -0.1979
2012.0710 -0.8173
2012.0738 -1.9450
2012.0765 -2.8010
2012.0792 -2.5551
2012.0820 -1.5774
2012.0847 -0.7090
2012.0874 -0.9301
2012.0902 -1.7609
2012.0929 -0.2512
2012.0956 -1.6812
2012.0984 -0.0007
2012.1011 -2.8098
2012.1038 -0.2984
2012.1066 -3.6867
2012.1093 0.8355
2012.1120 -2.7719
2012.1148 -1.3989
2012.1175 -3.6954
2012.1202 -7.6315
2012.1230 2.4529
2012.1257 2.0477
2012.1284 -5.7970
2012.1311 -6.6013
2012.1339 -5.8851
2012.1366 -4.8385
2012.1393 -1.9214
2012.1421 -2.4739
2012.1448 -5.5258
2012.1475 -5.8173
2012.1503 -1.5884
2012.1530 -2.2189
2012.1557 0.3310
2012.1585 -0.9686
2012.1612 -0.3177
2012.1639 -0.7865
2012.1667 0.0550
2012.1694 -3.3834
2012.1721 -1.6917
2012.1749 1.7102
2012.1776 0.0722
2012.1803 -1.8957
2012.1831 -1.7635
2012.1858 -10.6313
2012.1885 -4.3190
2012.1913 -5.1566
2012.1940 -3.1742
2012.1967 0.7782
2012.1995 -1.7993
2012.2022 -8.7469
2012.2049 -4.5745
2012.2077 -1.4021
2012.2104 -2.8398
2012.2131 -3.9375
2012.2158 -3.8753
2012.2186 -2.7232
2012.2213 -7.6412
2012.2240 -4.7993
2012.2268 -7.6975
2012.2295 -7.3959
2012.2322 -10.2544
2012.2350 -6.0431
2012.2377 -1.7020
2012.2404 -8.0511
2012.2432 -9.0104
2012.2459 -8.4799
2012.2486 -7.2296
2012.2514 -6.6894
2012.2541 -6.1492
2012.2568 -7.6992
2012.2596 -8.4092
2012.2623 -10.6893
2012.2650 -8.5695
2012.2678 -4.4997
2012.2705 -3.9099
2012.2732 -4.9502
2012.2760 1.8795
2012.2787 -2.1408
2012.2814 -0.2311
2012.2842 -3.0914
2012.2869 -2.4517
2012.2896 -1.8020
2012.2923 -3.9322
2012.2951 -3.2924
2012.2978 -6.9426
2012.3005 -1.5727
2012.3033 0.4273
2012.3060 5.0374
2012.3087 4.2776
2012.3115 5.3378
2012.3142 3.1282
2012.3169 6.2787
2012.3197 0.8893
2012.3224 -0.6200
2012.3251 1.0209
2012.3279 -0.2280
2012.3306 2.6532
2012.3333 0.9944
2012.3361 0.0756
2012.3388 -1.2731
2012.3415 3.8382
2012.3443 -1.0304
2012.3470 -0.6991
2012.3497 0.4723
2012.3525 0.3138
2012.3552 1.8953
2012.3579 4.1968
2012.3607 1.3084
2012.3634 5.5600
2012.3661 1.0317
2012.3689 1.4534
2012.3716 2.7652
2012.3743 -0.8130
2012.3770 -0.6011
2012.3798 -3.1592
2012.3825 1.4028
2012.3852 0.6248
2012.3880 1.9470
2012.3907 1.7591
2012.3934 1.7914
2012.3962 6.6137
2012.3989 0.2761
2012.4016 0.3785
2012.4044 -0.5389
2012.4071 -2.0263
2012.4098 -0.1536
2012.4126 -3.4508
2012.4153 5.6420
2012.4180 2.4248
2012.4208 2.4876
2012.4235 1.5705
2012.4262 6.4934
2012.4290 4.1162
2012.4317 7.5991
2012.4344 10.9820
2012.4372 3.8249
2012.4399 1.2179
2012.4426 -10.1792
2012.4454 -3.7263
2012.4481 2.0167
2012.4508 -0.1504
2012.4536 4.8425
2012.4563 3.3855
2012.4590 1.1584
2012.4617 4.1314
2012.4645 1.6144
2012.4672 5.4673
2012.4699 6.1403
2012.4727 4.1532
2012.4754 4.2962
2012.9044 3.1685
2012.9071 2.1954
2012.9098 4.2213
2012.9126 6.9863
2012.9153 2.3503
2012.9180 0.6034
2012.9208 -1.4240
2012.9235 1.5080
2012.9290 5.1504
2012.9317 5.1809
2012.9344 2.4809
2012.9372 4.2805
2012.9399 2.6696
2012.9426 4.0984
2012.9454 0.1568
2012.9481 0.2648
2012.9508 1.6426
2012.9536 6.3000
2012.9563 4.5172
2012.9590 2.0542
2012.9617 4.2109
2012.9645 4.0174
2012.9672 3.9938
2012.9699 -0.0400
2012.9727 -0.3139
2012.9754 1.8121
2012.9781 10.6481
2012.9809 2.3140
2012.9836 2.2799
2012.9863 1.7958
2012.9891 4.1317
2012.9918 5.0877
2012.9945 4.8338
2012.9973 4.0100
2013.0000 4.1163
2013.0027 3.8227
2013.0055 2.2890
2013.0082 3.9154
2013.0110 3.5417
2013.0137 3.3680
2013.0164 2.0243
2013.0192 4.4006
2013.0219 5.0769
2013.0247 7.0232
2013.0274 3.6595
2013.0301 7.1958
2013.0329 2.3120
2013.0356 5.5283
2013.0384 4.8546
2013.0411 1.3909
2013.0438 5.4071
2013.0466 5.0234
2013.0493 5.3897
2013.0521 0.9860
2013.0548 1.8523
2013.0575 1.9185
2013.0603 3.8849
2013.0630 1.1912
2013.0658 4.1175
2013.0685 7.3538
2013.0712 6.7102
2013.0740 2.7465
2013.0767 11.9229
2013.0795 1.5593
2013.0822 6.4757
2013.0849 5.4721
2013.0877 6.2986
2013.0904 7.2952
2013.0932 5.2417
2013.0959 7.8084
2013.0986 8.6150
2013.1014 6.1017
2013.1041 9.2184
2013.1068 7.6652
2013.1096 10.4620
2013.1123 6.7188
2013.1151 6.6157
2013.1178 4.6526
2013.1205 7.5095
2013.1233 6.9264
2013.1260 6.1933
2013.1288 6.2103
2013.1315 2.9373
2013.1342 -3.1657
2013.1370 0.2513
2013.1397 2.9084
2013.1425 2.1054
2013.1452 -0.3975
2013.1479 5.4995
2013.1507 4.2266
2013.1534 8.9137
2013.1562 3.0108
2013.1589 1.6679
2013.1616 3.7150
2013.1644 3.8223
2013.1671 7.3602
2013.1699 11.6287
2013.1726 0.6577
2013.1753 2.9273
2013.1781 4.8774
2013.1808 2.2280
2013.1836 3.3592
2013.1863 5.7109
2013.1890 4.4731
2013.1918 3.0258
2013.1945 4.1191
2013.1973 8.6529
2013.2000 6.4172
2013.2027 5.9720
2013.2055 9.3373
2013.2082 8.1631
2013.2110 7.3394
2013.2137 3.7562
2013.2164 5.8636
2013.2192 1.7214
2013.2219 -0.9003
2013.2247 2.9485
2013.2274 7.8377
2013.2301 8.5075
2013.2329 4.5977
2013.2356 6.9584
2013.2384 5.9396
2013.2411 5.7513
2013.2438 9.7934
2013.2466 8.3262
2013.2493 10.1012
2013.2521 9.4683
2013.2548 6.1275
2013.2575 6.2285
2013.2603 5.3713
2013.2630 8.0356
2013.2658 5.4413
2013.2685 2.6782
2013.2712 5.6362
2013.2740 9.3251
2013.2767 -0.8952
2013.2795 3.3251
2013.2849 1.0068
2013.2877 6.4879
2013.2904 14.5989
2013.2932 10.6697
2013.2959 8.3802
2013.3014 1.9294
2013.3041 6.0378
2013.3068 9.1151
2013.3096 5.2914
2013.3123 7.9363
2013.3151 7.2196
2013.3178 9.4614
2013.3205 10.6913
2013.3233 10.5893
2013.3260 9.0951
2013.3288 9.3887
2013.3315 8.8009
2013.3342 8.9729
2013.3370 5.3648
2013.3397 8.1765
2013.3425 5.5581
2013.3452 2.4695
2013.3479 6.6909
2013.3507 7.5521
2013.3534 5.2433
2013.3562 8.5944
2013.3589 5.4054
2013.3616 3.7464
2013.3644 5.7574
2013.3671 7.1083
2013.3699 5.1392
2013.3726 1.9402
2013.3753 1.0611
2013.3781 1.4421
2013.3808 6.8032
2013.3836 5.9943
2013.3863 5.6955
2013.3890 7.2868
2013.3918 5.9281
2013.3945 5.5096
2013.3973 6.7213
2013.4000 9.7330
2013.4027 9.5750
2013.4082 9.8993
2013.4110 8.8218
2013.4137 7.2345
2013.4192 5.5498
2013.4219 6.3524
2013.4247 6.4151
2013.4274 9.4577
2013.4301 11.9403
2013.4329 10.2530
2013.4356 8.7356
2013.4384 9.5482
2013.4411 8.3809
2013.4438 5.9535
2013.4466 5.1062
2013.4493 4.8889
2013.4521 3.2615
2013.4548 0.1443
2013.4575 -1.6430
2013.4603 1.1197
2013.4630 3.7525
2013.4658 4.3453
2013.4685 8.1181
2013.4712 8.8410
2013.4740 9.4539
2013.4767 8.1068
2013.4795 7.0598
2013.4822 9.0728
2013.4849 3.3359
2013.4877 2.6389
2013.4904 -0.8079
2013.4932 -2.9347
2013.4959 3.9186
2013.4986 -1.2081
2013.5014 2.5954
2013.5041 3.1090
2013.5068 3.2027
2013.5096 2.2865
2013.5123 7.2304
2013.5151 7.8644
2013.5178 8.5685
2013.5205 3.4527
2013.5233 3.9769
2013.5260 4.2611
2013.5288 3.9755
2013.5315 3.9398
2013.5342 3.8142
2013.5370 2.4086
2013.5397 7.7030
2013.5425 3.9774
2013.5452 1.3718
2013.5479 6.4962
2013.5507 4.2006
2013.5534 8.4849
2013.5562 11.8992
2013.5589 8.3234
2013.5616 3.0676
2013.5644 -3.8683
2013.5671 -0.1442
2013.5699 2.9598
2013.5726 0.7936
2013.5753 -0.1826
2013.5781 2.6111
2013.5808 4.4946
2013.5836 4.9179
2013.5863 12.5508
2013.5890 12.2033
2013.5918 4.5055
2013.5945 7.6074
2013.5973 2.8390
2013.6000 -0.2296
2013.6027 2.7416
2013.6055 3.6027
2013.6082 1.4935
2013.6110 0.0043
2013.6137 -0.5150
2013.6164 0.3156
2013.6192 3.9563
2013.6219 0.5969
2013.6247 3.8176
2013.6274 3.0483
2013.6301 5.0292
2013.6329 5.1202
2013.6356 8.2414
2013.6384 4.5027
2013.6411 4.5243
2013.6438 4.5462
2013.6466 0.6384
2013.6493 -2.1592
2013.6521 5.2337
2013.6548 3.5069
2013.6575 1.3005
2013.6603 -0.6254
2013.6630 2.7391
2013.6658 2.1741
2013.6685 5.3393
2013.6712 -1.4756
2013.6740 0.6896
2013.6767 0.5449
2013.6795 -2.9399
2013.6822 2.4454
2013.6849 3.2008
2013.6877 -1.7639
2013.6904 -1.4385
2013.6932 3.4470
2013.6959 4.3624
2013.6986 1.0478
2013.7014 0.6933
2013.7041 3.6288
2013.7068 5.2043
2013.7096 2.1498
2013.7123 -0.8447
2013.7151 6.2408
2013.7178 5.9463
2013.7205 6.7718
2013.7233 1.8573
2013.7260 5.7827
2013.7288 1.1682
2013.7315 3.0736
2013.7342 2.1991
2013.7370 2.2045
2013.7397 2.7699
2013.7425 5.2352
2013.7452 7.2906
2013.7479 8.0659
2013.7507 4.0211
2013.7534 8.2864
2013.7562 5.7217
2013.7589 6.9469
2013.7616 3.8522
2013.7644 3.0174
2013.7671 5.6726
2013.7699 6.0578
2013.7726 10.1530
2013.7753 8.5282
2013.7781 12.2034
2013.7808 12.0886
2013.7836 6.9638
2013.7863 8.0990
2013.7890 6.2441
2013.7918 10.8693
2013.7945 7.4644
2013.7973 10.6196
2013.8000 10.4947
2013.8027 7.6099
2013.8055 9.4550
2013.8082 7.4501
2013.8110 11.0552
2013.8137 10.9203
2013.8164 15.0954
2013.8192 9.9305
2013.8219 8.0456
2013.8247 13.3407
2013.8274 15.1158
2013.8301 14.4409
2013.8329 1.9459
2013.8356 6.3507
2013.8384 12.1251
2013.8411 13.1591
2013.8438 16.0329
2013.8466 17.0363
2013.8493 12.6995
2013.8521 15.5023
2013.8548 13.4849
2013.8575 18.5572
2013.8603 13.0292
2013.8630 13.9610
2013.8658 14.4125
2013.8685 7.4638
2013.8712 5.7549
2013.8740 11.6757
2013.8767 10.4363
2013.8795 10.6968
2013.8822 13.8670
2013.8849 13.1171
2013.8877 15.1169
2013.8904 12.3967
2013.8932 8.7662
2013.8959 12.9856
2013.8986 10.2449
2013.9014 12.7841
2013.9041 8.5331
2013.9068 3.1720
2013.9096 5.5308
2013.9123 7.6396
2013.9151 8.0282
2013.9178 4.9465
2013.9205 0.3142
2013.9233 6.3912
2013.9260 7.9677
2013.9288 5.0135
2013.9315 6.4988
2013.9342 10.8936
2013.9370 10.0378
2013.9397 5.9815
2013.9425 7.6647
2013.9452 7.3074
2013.9479 6.7397
2013.9507 5.8615
2013.9534 7.5428
2013.9562 3.3838
2013.9589 -1.1457
2013.9616 3.8144
2013.9644 6.7342
2013.9671 9.4136
2013.9699 9.7627
2013.9726 9.4414
2013.9753 6.4198
2013.9781 8.0879
2013.9808 9.7158
2013.9836 9.1134
2013.9863 10.8007
2013.9890 7.5378
2013.9918 9.6347
2013.9945 6.8314
2013.9973 9.3879
2014.0000 12.7242
2014.0027 9.6498
2014.0055 8.0040
2014.0082 11.4070
2014.0110 10.4288
2014.0137 9.9996
2014.0164 7.8395
2014.0192 7.8785
2014.0219 7.0167
2014.0247 6.8043
2014.0274 8.6614
2014.0301 9.7780
2014.0329 12.5043
2014.0356 10.3103
2014.0384 9.6561
2014.0411 8.0919
2014.0438 8.9677
2014.0466 11.0637
2014.0493 12.1999
2014.0521 8.5764
2014.0548 9.0733
2014.0575 5.0508
2014.0603 5.9089
2014.0630 9.0377
2014.0658 13.6673
2014.0685 8.4779
2014.0712 7.5794
2014.0740 8.1021
2014.0767 10.1760
2014.0795 10.0412
2014.0822 9.4277
2014.0849 10.5245
2014.0877 8.2416
2014.0904 10.5990
2014.0932 11.5967
2014.0959 10.8247
2014.0986 7.3330
2014.1014 6.2718
2014.1041 8.8109
2014.1068 10.2805
2014.1096 9.2305
2014.1123 9.9310
2014.1151 8.3421
2014.1178 11.3836
2014.1205 12.7057
2014.1233 13.4784
2014.1260 8.3717
2014.1288 11.9456
2014.1315 13.4301
2014.1342 9.8454
2014.1370 8.4313
2014.1397 8.9680
2014.1425 10.6954
2014.1452 11.0436
2014.1479 13.5026
2014.1507 13.5025
2014.1534 16.1732
2014.1562 10.7347
2014.1589 17.8472
2014.1616 12.0006
2014.1644 14.7145
2014.1671 15.3486
2014.1699 13.9227
2014.1726 12.5970
2014.1753 15.9713
2014.1781 20.0557
2014.1808 12.6002
2014.1836 11.0548
2014.1863 11.3194
2014.1890 13.8541
2014.1918 9.3388
2014.1945 6.8635
2014.1973 7.5583
2014.2000 8.7931
2014.2027 6.8579
2014.2055 5.2527
2014.2082 10.4276
2014.2110 17.9424
2014.2137 12.5372
2014.2164 14.1619
2014.2192 7.8167
2014.2219 11.6513
2014.2247 12.7860
2014.2274 13.4706
2014.2301 11.3651
2014.2329 14.4095
2014.2356 13.2639
2014.2384 10.7582
2014.2411 10.4924
2014.2438 13.0564
2014.2466 12.4004
2014.2493 16.3942
2014.2521 11.3979
2014.2548 13.0815
2014.2575 17.7850
2014.2603 13.4884
2014.2630 14.7318
2014.2658 17.1950
2014.2685 7.1482
2014.2712 12.8214
2014.2740 17.6445
2014.2767 13.7377
2014.2795 18.5908
2014.2822 16.0339
2014.2849 15.4170
2014.2877 13.8602
2014.2904 18.7134
2014.2932 20.4867
2014.2959 22.4000
2014.2986 22.7334
2014.3014 18.3969
2014.3041 14.6205
2014.3068 10.6341
2014.3096 10.1680
2014.3123 1.6319
2014.3151 13.5960
2014.3178 12.5703
2014.3205 6.7847
2014.3233 10.6193
2014.3260 11.7941
2014.3288 12.9691
2014.3315 10.6546
2014.3342 4.2109
2014.3370 9.5380
2014.3397 9.5357
2014.3425 9.3740
2014.3452 8.2830
2014.3479 8.9225
2014.3507 9.7525
2014.3534 8.0929
2014.3562 10.2837
2014.3589 11.6549
2014.3616 14.8764
2014.3644 13.8882
2014.3671 17.4002
2014.3699 21.5623
2014.3726 18.1646
2014.3753 12.3969
2014.3781 17.3893
2014.3808 14.5716
2014.3836 13.4638
2014.3863 14.3860
2014.3890 12.7179
2014.3918 13.5497
2014.3945 11.6712
2014.3973 10.9923
2014.4000 14.5731
2014.4027 12.1335
2014.4055 17.6735
2014.4082 11.9930
2014.4110 13.8819
2014.4137 11.2102
2014.4164 13.9284
2014.4192 10.6163
2014.4219 12.2741
2014.4247 15.5618
2014.4274 13.5793
2014.4301 12.0867
2014.4329 13.4439
2014.4356 11.4411
2014.4384 11.8382
2014.4411 13.3552
2014.4438 16.0521
2014.4466 14.4790
2014.4493 15.7458
2014.4521 20.2326
2014.4548 19.6194
2014.4575 14.5862
2014.4603 12.2930
2014.4630 9.7697
2014.4658 7.8066
2014.4685 9.0334
2014.4712 13.9603
2014.4740 13.6773
2014.4767 12.1844
2014.4795 10.9115
2014.4822 10.7388
2014.4849 16.6061
2014.4877 15.3736
2014.4904 14.4712
2014.4932 13.2289
2014.4959 14.8068
2014.4986 13.6753
2014.5014 16.0546
2014.5041 10.9748
2014.5068 17.0857
2014.5096 13.3773
2014.5123 11.2894
2014.5151 14.8721
2014.5178 19.6752
2014.5205 21.5086
2014.5233 16.7524
2014.5260 9.6763
2014.5288 2.4404
2014.5315 16.8645
2014.5342 6.4686
2014.5370 11.5726
2014.5397 7.4264
2014.5425 11.0699
2014.5452 7.0531
2014.5479 13.8860
2014.5507 11.9983
2014.5534 12.4501
2014.5562 10.0112
2014.5589 14.7617
2014.5616 14.4613
2014.5644 13.7901
2014.5671 16.6979
2014.5699 14.5948
2014.5726 10.6505
2014.5753 13.1251
2014.5781 13.4784
2014.5808 9.9104
2014.5836 11.1716
2014.5863 13.0125
2014.5890 16.6033
2014.5918 18.9638
2014.5945 19.5441
2014.5973 16.5842
2014.6000 16.7741
2014.6027 16.7038
2014.6055 15.3634
2014.6082 16.5328
2014.6110 14.9321
2014.6137 14.5912
2014.6164 7.7602
2014.6192 12.9691
2014.6219 15.8180
2014.6247 15.1167
2014.6274 12.8853
2014.6301 12.4739
2014.6329 13.3625
2014.6356 12.5210
2014.6384 11.9194
2014.6411 8.9079
2014.6438 9.7463
2014.6466 9.2048
2014.6493 2.3732
2014.6521 5.0417
2014.6548 7.1502
2014.6575 11.5188
2014.6603 11.4474
2014.6630 14.6961
2014.6658 15.9248
2014.6685 15.9035
2014.6712 15.9521
2014.6740 19.1206
2014.6767 15.9291
2014.6795 20.0674
2014.6822 16.6058
2014.6849 16.7940
2014.6877 19.0423
2014.6904 17.6305
2014.6932 19.0986
2014.6959 20.3268
2014.6986 16.0549
2014.7014 13.6630
2014.7041 15.3211
2014.7068 14.8492
2014.7096 15.5373
2014.7123 16.1155
2014.7151 16.5837
2014.7178 13.4319
2014.7205 15.1901
2014.7233 15.8984
2014.7260 13.0067
2014.7288 10.0851
2014.7315 16.3536
2014.7342 12.3621
2014.7370 7.4307
2014.7397 10.8594
2014.7425 17.3882
2014.7452 15.9971
2014.7479 16.5061
2014.7507 13.9061
2014.7534 16.0679
2014.7562 15.5412
2014.7589 16.8361
2014.7616 15.4123
2014.7644 15.0798
2014.7671 15.9384
2014.7699 13.5581
2014.7726 16.1387
2014.7753 12.7501
2014.7781 14.0922
2014.7808 12.5248
2014.7836 16.8379
2014.7863 15.7013
2014.7890 15.2350
2014.7918 16.6287
2014.7945 14.7824
2014.7973 17.4460
2014.8000 16.9694
2014.8027 18.8823
2014.8055 14.8548
2014.8082 14.3667
2014.8110 14.4679
2014.8137 18.9382
2014.8164 17.1276
2014.8192 16.3159
2014.8219 12.8431
2016.1148 23.3466
2016.1175 22.3500
2016.1202 21.0539
2016.1230 23.2284
2016.1257 25.4934
2016.1284 23.2591
2016.1311 23.1453
2016.1339 23.6723
2016.1366 24.2300
2016.1393 26.2585
2016.1421 25.8378
2016.1448 23.8980
2016.1475 24.9190
2016.1503 24.1211
2016.1530 21.6041
2016.1557 24.7281
2016.1585 22.7132
2016.1612 21.3994
2016.1639 24.2267
2016.1667 27.2849
2016.1694 29.0040
2016.1721 26.5040
2016.1749 28.0946
2016.1776 28.7060
2016.1803 27.8179
2016.1831 28.4904
2016.1858 28.1234
2016.1885 31.0169
2016.1913 28.7406
2016.1940 29.1647
2016.1967 31.9490
2016.1995 30.6934
2016.2022 25.8979
2016.2049 25.5525
2016.2077 25.0670
2016.2104 16.4315
2016.2131 24.5657
2016.2158 22.0098
2016.2186 23.6035
2016.2213 27.6969
2016.2240 28.0198
2016.2268 23.5723
2016.2295 25.6242
2016.2322 23.4255
2016.2350 27.6860
2016.2377 23.5059
2016.2404 23.3749
2016.2432 24.9431
2016.2459 22.0703
2016.2486 21.5872
2016.2514 21.7341
2016.2541 19.7509
2016.2568 20.5977
2016.2596 28.4645
2016.2623 21.4812
2016.2650 23.0878
2016.2678 30.4444
2016.2705 28.5310
2016.2732 28.9575
2016.2760 24.4940
2016.2787 25.8604
2016.2814 26.2968
2016.2842 24.4531
2016.2869 26.0894
2016.2896 25.7156
2016.2923 26.2618
2016.2951 25.1279
2016.2978 24.7239
2016.3005 19.4700
2016.3033 19.2759
2016.3060 20.2918
2016.3087 22.4677
2016.3115 20.5035
2016.3142 24.1392
2016.3169 27.7049
2016.3197 28.2106
2016.3224 20.4262
2016.3251 18.7517
2016.3279 22.4171
2016.3306 21.2525
2016.3333 26.6576
2016.3361 24.2523
2016.3388 24.5068
2016.3415 23.1111
2016.3443 36.2551
2016.3470 29.2789
2016.3497 29.0325
2016.3525 23.3860
2016.3552 18.9093
2016.3579 21.0626
2016.3607 22.5957
2016.3634 24.7788
2016.3661 19.8618
2016.3689 23.9148
2016.3716 25.0579
2016.3743 18.5309
2016.3770 24.4740
2016.3798 22.3071
2016.3825 25.4604
2016.3852 26.8037
2016.3880 30.8772
2016.3907 28.7409
2016.3934 26.6247
2016.3962 19.5288
2016.3989 23.6530
2016.4016 19.8375
2016.4044 20.9523
2016.4071 23.3574
2016.4098 24.0928
2016.4126 22.1386
2016.4153 25.5256
2016.4180 28.1843
2016.4208 25.2346
2016.4235 28.7164
2016.4262 24.7295
2016.4290 26.0539
2016.4317 24.5894
2016.4344 25.6758
2016.4372 27.4831
2016.4399 27.1411
2016.4426 28.7298
2016.4454 25.7289
2016.4481 27.8284
2016.4508 27.3281
2016.4536 30.5679
2016.4563 26.1177
2016.4590 28.3773
2016.4617 23.7467
2016.4645 26.6556
2016.4672 25.7341
2016.4699 29.3119
2016.4727 23.8890
2016.4754 25.1551
2016.4781 23.3302
2016.4809 20.5642
2016.4836 19.2869
2016.4863 19.2983
2016.4891 16.7381
2016.4918 19.6262
2016.4945 26.9626
2016.4973 25.9874
2016.5000 21.0218
2016.5027 20.9863
2016.5055 25.5108
2016.5082 22.6352
2016.5109 20.1496
2016.5137 23.0940
2016.5164 25.1784
2016.5191 21.4228
2016.5219 20.7972
2016.5246 24.8915
2016.5273 25.2259
2016.5301 26.9002
2016.5328 25.4046
2016.5355 25.0489
2016.5383 24.0833
2016.5410 14.1376
2016.5437 24.7519
2016.5464 13.3462
2016.5492 23.1706
2016.5519 24.0149
2016.5546 21.6892
2016.5574 20.5836
2016.5601 21.3379
2016.5628 19.9722
2016.5656 19.6866
2016.5683 19.2910
2016.5710 19.1753
2016.5738 24.7997
2016.5765 23.9641
2016.5792 26.8185
2016.5820 22.2629
2016.5847 20.8773
2016.5874 26.7217
2016.5902 25.9761
2016.5929 19.5906
2016.5956 23.2150
2016.5984 26.9894
2016.6011 21.7639
2016.6038 24.2583
2016.6066 24.6528
2016.6093 22.6872
2016.6120 21.8117
2016.6148 20.1662
2016.6175 15.4106
2016.6202 20.2151
2016.6230 22.6496
2016.6257 26.1941
2016.6284 25.2786
2016.6311 24.2132
2016.6339 24.5777
2016.6366 28.7322
2016.6393 24.9468
2016.6421 28.7014
2016.6448 28.4159
2016.6475 28.9805
2016.6503 29.6551
2016.6530 31.9097
2016.6557 29.3544
2016.6585 24.4390
2016.6612 28.3436
2016.6639 27.2283
2016.6667 24.9247
2016.6694 25.4758
2016.6721 25.3914
2016.6749 24.8712
2016.6776 18.9548
2016.6803 24.7420
2016.6831 25.4325
2016.6858 29.2158
2016.6885 23.8218
2016.6913 29.1101
2016.6940 28.8104
2016.6967 30.2624
2016.6995 31.5657
2016.7022 20.6501
2016.7049 29.7052
2016.7077 27.4208
2016.7104 26.2665
2016.7131 27.0720
2016.7158 21.6669
2016.7186 22.6811
2016.7213 22.8741
2016.7240 16.9857
2016.7268 22.3756
2016.7295 21.2634
2016.7322 24.1487
2016.7350 26.4115
2016.7377 28.0012
2016.7404 25.9475
2016.7432 19.0803
2016.7459 21.8891
2016.7486 22.6938
2016.7514 21.7471
2016.7541 26.1900
2016.7568 24.6526
2016.7596 22.8848
2016.7623 29.1067
2016.7650 30.3282
2016.7678 27.7594
2016.7705 26.8002
2016.7732 25.1107
2016.7760 25.0808
2016.7787 25.3706
2016.7814 22.6100
2016.7842 23.4091
2016.7869 22.1278
2016.7896 23.9462
2016.7923 20.9442
2016.7951 24.4619
2016.7978 26.3392
2016.8005 21.4762
2016.8033 26.8428
2016.8060 27.7091
2016.8087 29.2950
2016.8115 25.5706
2016.8142 18.6358
2016.8169 20.7207
2016.8197 19.0952
2016.8224 24.0394
2016.8251 22.2232
2016.8279 20.1067
2016.8306 24.7498
2016.8333 24.9327
2016.8361 23.2257
2016.8388 27.8188
2016.8415 21.7719
2016.8443 24.1351
2016.8470 21.1883
2016.8497 20.4014
2016.8525 13.1545
2016.8552 16.4275
2016.8579 21.6504
2016.8607 22.3432
2016.8634 22.0457
2016.8661 19.0781
2016.8689 17.2903
2016.8716 18.4121
2016.8743 17.9137
2016.8770 16.3550
2016.8798 23.2659
2016.8825 26.2564
2016.8852 24.1065
2016.8880 26.4862
2016.8907 26.9254
2016.8934 26.3041
2016.8962 21.3223
2016.8989 21.7799
2016.9016 18.2270
2016.9044 23.0134
2016.9071 21.8692
2016.9098 23.0643
2016.9126 23.3787
2016.9153 24.9423
2016.9180 21.2253
2016.9208 20.0075
2016.9235 21.5292
2016.9262 24.1803
2016.9290 24.2708
2016.9317 21.9709
2016.9344 21.0205
2016.9372 20.4796
2016.9399 21.1484
2016.9426 21.5168
2016.9454 20.9350
2016.9481 21.9129
2016.9508 22.2805
2016.9536 19.9080
2016.9563 24.4253
2016.9590 23.7726
2016.9617 19.2197
2016.9645 14.9569
2016.9672 18.3740
2016.9699 19.7313
2016.9727 18.0786
2016.9754 18.4460
2016.9781 16.9737
2016.9809 19.0315
2016.9836 22.9596
2016.9863 19.1780
2016.9891 18.7068
2016.9918 19.8159
2016.9945 20.0654
2016.9973 20.2854
2017.0000 19.6259
2017.0027 17.7969
2017.0055 19.0786
2017.0082 22.8808
2017.0110 20.2735
2017.0137 21.2766
2017.0164 20.9702
2017.0192 21.3942
2017.0219 23.8485
2017.0247 22.7731
2017.0274 16.7179
2017.0301 16.8829
2017.0329 13.6681
2017.0356 14.8634
2017.0384 17.5688
2017.0411 14.8342
2017.0438 16.1796
2017.0466 16.1849
2017.0493 14.5301
2017.0521 20.3052
2017.0548 20.1900
2017.0575 19.0546
2017.0603 21.2990
2017.0630 21.4630
2017.0658 24.6166
2017.0685 21.6998
2017.0712 23.8425
2017.0740 25.3048
2017.0767 24.3764
2017.0795 25.3275
2017.0822 28.7176
2017.0849 22.4649
2017.0877 24.2592
2017.0904 24.4707
2017.0932 21.7898
2017.0959 19.8166
2017.0986 23.5013
2017.1014 22.9843
2017.1041 22.0157
2017.1068 28.1457
2017.1096 24.8646
2017.1123 25.7727
2017.1151 30.0701
2017.1178 27.6071
2017.1205 28.6338
2017.1233 26.1407
2017.1260 26.0778
2017.1288 29.5554
2017.1315 25.1537
2017.1342 24.2030
2017.1370 24.8435
2017.1397 26.8455
2017.1425 25.9591
2017.1452 28.7645
2017.1479 23.8021
2017.1507 20.5421
2017.1534 30.1246
2017.1562 30.1100
2017.1589 29.2983
2017.1616 25.8400
2017.1644 21.7637
2017.1671 21.1382
2017.1699 24.5634
2017.1726 23.9792
2017.1753 22.6257
2017.1781 24.2427
2017.1808 29.2802
2017.1836 26.2182
2017.1863 28.6966
2017.1890 26.5253
2017.1918 27.8244
2017.1945 26.0837
2017.1973 28.0333
2017.2000 23.9730
2017.2027 24.8528
2017.2055 28.5827
2017.2082 23.9126
2017.2110 26.0625
2017.2137 24.9723
2017.2164 26.8320
2017.2192 28.4615
2017.2219 25.3108
2017.2247 23.9398
2017.2274 18.6585
2017.2301 15.1869
2017.2329 17.9048
2017.2356 21.2922
2017.2384 21.6891
2017.2411 21.5254
2017.2438 21.4112
2017.2466 20.3362
2017.2493 23.4607
2017.2521 23.2047
2017.2548 28.4781
2017.2575 23.7811
2017.2603 22.4237
2017.2630 27.7959
2017.2658 29.7279
2017.2685 26.9096
2017.2712 29.8611
2017.2740 30.5824
2017.2767 29.6736
2017.2795 30.0548
2017.2822 30.2660
2017.2849 26.5272
2017.2877 36.1785
2017.2904 33.6799
2017.2932 31.4515
2017.2959 28.8033
2017.2986 29.0655
2017.3014 26.4779
2017.3041 29.0507
2017.3068 34.1340
2017.3096 32.1777
2017.3123 32.7320
2017.3151 32.1268
2017.3178 31.3022
2017.3205 30.6183
2017.3233 27.8251
2017.3260 29.1927
2017.3288 26.8711
2017.3315 30.3107
2017.3342 31.6716
2017.3370 27.8639
2017.3397 27.2474
2017.3425 29.4821
2017.3452 31.4278
2017.3479 26.3144
2017.3507 29.5220
2017.3534 33.2903
2017.3562 32.3393
2017.3589 33.1489
2017.3616 33.3391
2017.3644 39.0096
2017.3671 35.4305
2017.3699 34.4217
2017.3726 34.7730
2017.3753 35.7744
2017.3781 34.5757
2017.3808 33.7069
2017.3836 27.3580
2017.3863 30.5187
2017.3890 25.9390
2017.3918 28.7789
2017.3945 28.5582
2017.3973 25.5069
2017.4000 26.9448
2017.4027 30.0619
2017.4055 28.4381
2017.4082 31.7833
2017.4110 27.0373
2017.4137 28.4303
2017.4164 23.4824
2017.4192 27.4137
2017.4219 27.6944
2017.4247 28.7045
2017.4274 28.8841
2017.4301 28.3032
2017.4329 30.7618
2017.4356 31.1802
2017.4384 29.8382
2017.4411 29.9560
2017.4438 28.4637
2017.4466 27.7412
2017.4493 24.7688
2017.4521 29.4864
2017.4548 30.0140
2017.4575 21.4418
2017.4603 24.7899
2017.4630 26.9582
2017.4658 28.8869
2017.4685 27.0060
2017.4712 28.1156
2017.4740 33.1357
2017.4767 34.2765
2017.4795 26.9379
2017.4822 25.7600
2017.4849 25.5129
2017.4877 29.9067
2017.4904 27.3814
2017.4932 25.5371
2017.4959 21.2039
2017.4986 24.9013
2017.5014 26.3088
2017.5041 28.8664
2017.5068 22.2742
2017.5096 31.2422
2017.5123 29.0502
2017.5151 30.4483
2017.5178 27.4566
2017.5205 29.6249
2017.5233 26.7233
2017.5260 24.1817
2017.5288 23.0402
2017.5315 26.9088
2017.5342 24.6974
2017.5370 24.0961
2017.5397 28.3447
2017.5425 28.3534
2017.5452 21.3921
2017.5479 28.5907
2017.5507 25.6794
2017.5534 27.9980
2017.5562 26.7766
2017.5589 26.2952
2017.5616 22.9537
2017.5644 25.7421
2017.5671 24.5905
2017.5699 24.3088
2017.5726 30.1170
2017.5753 31.4751
2017.5781 34.0731
2017.5808 31.0410
2017.5836 26.6587
2017.5863 28.4961
2017.5890 28.8634
2017.5918 21.2304
2017.5945 27.5073
2017.5973 31.1140
2017.6000 29.0406
2017.6027 28.6671
2017.6055 21.8535
2017.6082 29.1798
2017.6110 24.9961
2017.6137 29.9424
2017.6164 26.9387
2017.6192 30.7550
2017.6219 26.5113
2017.6247 30.4577
2017.6274 31.2442
2017.6301 27.6408
2017.6329 26.3776
2017.6356 28.2344
2017.6384 31.4815
2017.6411 27.0888
2017.6438 31.7762
2017.6466 30.4640
2017.6493 33.1819
2017.6521 25.1102
2017.6548 32.5588
2017.6575 29.5676
2017.6603 28.0369
2017.6630 36.3865
2017.6658 32.0666
2017.6685 30.2476
2017.6712 31.9396
2017.6740 27.5025
2017.6767 22.9863
2017.6795 16.6310
2017.6822 26.4163
2017.6849 18.9724
2017.6877 24.3791
2017.6904 28.2164
2017.6932 23.2043
2017.6959 28.1026
2017.6986 27.0213
2017.7014 28.8404
2017.7041 25.0498
2017.7068 33.6994
2017.7096 24.6293
2017.7123 18.5493
2017.7151 26.9693
2017.7178 20.7494
2017.7205 25.1795
2017.7233 27.9694
2017.7260 29.3992
2017.7288 26.6689
2017.7315 32.2482
2017.7342 22.2673
2017.7370 21.8260
2017.7397 27.5542
2017.7425 21.1920
2017.7452 28.5492
2017.7479 26.2959
2017.7507 22.8023
2017.7534 24.3291
2017.7562 26.4360
2017.7589 25.0230
2017.7616 28.6802
2017.7644 25.7475
2017.7671 30.6148
2017.7699 26.7222
2017.7726 28.0195
2017.7753 30.0167
2017.7781 30.3938
2017.7808 28.4508
2017.7836 19.3376
2017.7863 26.9242
2017.7890 23.8005
2017.7918 25.4466
2017.7945 25.7423
2017.7973 27.2676
2017.8000 28.7325
2017.8027 26.2470
2017.8055 29.2509
2017.8082 26.7544
2017.8110 33.1673
2017.8137 25.4396
2017.8164 28.9712
2017.8192 30.8722
2017.8219 31.0224
2017.8247 33.6419
2017.8274 28.7406
2017.8301 28.5685
2017.8329 30.4155
2017.8356 29.5315
2017.8384 24.3666
2017.8411 26.3608
2017.8438 30.1041
2017.8466 28.0267
2017.8493 34.5986
2017.8521 33.1597
2017.8548 26.7503
2017.8575 24.8503
2017.8603 32.1298
2017.8630 30.3789
2017.8658 31.0775
2017.8685 29.6359
2017.8712 28.4039
2017.8740 30.8617
2017.8767 29.5193
2017.8795 26.8268
2017.8822 27.1942
2017.8849 26.1216
2017.8877 23.9291
2017.8904 25.3966
2017.8932 29.4943
2017.8959 27.7623
2017.8986 28.5704
2017.9014 23.9489
2017.9041 27.6577
2017.9068 27.8570
2017.9096 24.2367
2017.9123 23.0170
2017.9151 29.1579
2017.9178 24.9495
2017.9205 25.6120
2017.9233 28.5052
2017.9260 29.0990
2017.9288 27.7535
2017.9315 26.3185
2017.9342 29.2440
2017.9370 30.9098
2017.9397 26.3858
2017.9425 25.1721
2017.9452 23.1085
2017.9479 22.1649
2017.9507 21.8313
2017.9534 24.8575
2017.9562 21.7436
2017.9589 25.5794
2017.9616 27.4748
2017.9644 25.4898
2017.9671 28.8242
2017.9699 26.4880
2017.9726 29.0312
2017.9753 26.4836
2017.9781 27.1752
2017.9808 22.4458
2017.9836 19.4854
2017.9863 20.4640
2017.9890 24.9414
2017.9918 23.4475
2017.9945 23.1023
2017.9973 23.1258
2018.0000 25.1277
2018.0027 28.1686
2018.0055 27.3390
2018.0082 24.6489
2018.0110 25.5583
2018.0137 26.1273
2018.0164 26.9058
2018.0192 25.6640
2018.0219 27.9118
2018.0247 26.6093
2018.0274 26.5565
2018.0301 24.7933
2018.0329 26.2800
2018.0356 28.8964
2018.0384 27.7426
2018.0411 25.7086
2018.0438 28.7445
2018.0466 29.1802
2018.0493 31.7359
2018.0521 32.0815
2018.0548 30.9470
2018.0575 28.1126
2018.0603 29.0981
2018.0630 29.8037
2018.0658 30.9994
2018.0685 30.8651
2018.0712 32.6510
2018.0740 31.6470
2018.0767 31.9032
2018.0795 32.2296
2018.0822 33.7361
2018.0849 32.2121
2018.0877 32.8777
2018.0904 28.7427
2018.0932 30.3873
2018.0959 29.3416
2018.0986 27.4256
2018.1014 33.1493
2018.1041 32.3129
2018.1068 28.6564
2018.1096 31.4498
2018.1123 33.4631
2018.1151 34.2966
2018.1178 31.8801
2018.1205 32.4738
2018.1233 32.3178
2018.1260 30.4220
2018.1288 30.6265
2018.1315 29.4315
2018.1342 26.4269
2018.1370 28.7628
2018.1397 29.9693
2018.1425 26.7464
2018.1452 27.4042
2018.1479 32.0028
2018.1507 28.8721
2018.1534 27.5223
2018.1562 26.8234
2018.1589 29.3555
2018.1616 29.3886
2018.1644 29.2838
2018.1671 30.1819
2018.1699 27.2329
2018.1726 28.4364
2018.1753 28.7624
2018.1781 27.3107
2018.1808 25.3311
2018.1836 27.8436
2018.1863 22.8178
2018.1890 27.7237
2018.1918 28.3711
2018.1945 27.7398
2018.1973 27.0397
2018.2000 24.2206
2018.2027 24.0824
2018.2055 19.4749
2018.2082 25.0379
2018.2110 29.0313
2018.2137 31.3149
2018.2164 32.2585
2018.2192 33.5920
2018.2219 25.9853
2018.2247 26.4582
2018.2274 22.9104
2018.2301 24.6120
2018.2329 24.9526
2018.2356 27.4321
2018.2384 26.2105
2018.2411 31.3474
2018.2438 31.7328
2018.2466 32.7867
2018.2493 32.4807
2018.2521 34.5151
2018.2548 28.9997
2018.2575 29.5945
2018.2603 27.9495
2018.2630 30.1146
2018.2658 29.0399
2018.2685 29.0652
2018.2712 29.6706
2018.2740 35.8059
2018.2767 35.6512
2018.2795 31.1664
2018.2822 32.3915
2018.2849 34.6165
2018.2877 36.9512
2018.2904 32.5757
2018.2932 33.3999
2018.2959 33.3237
2018.2986 31.8473
2018.3014 28.9004
2018.3041 32.9131
2018.3068 28.9553
2018.3096 32.1470
2018.3123 30.3381
2018.3151 29.9287
2018.3178 30.3886
2018.3205 30.8179
2018.3233 30.6764
2018.3260 31.7042
2018.3288 35.3412
2018.3315 34.6578
2018.3342 32.2144
2018.3370 29.9010
2018.3397 32.4876
2018.3425 32.9542
2018.3452 27.8407
2018.3479 33.3073
2018.3507 30.7439
2018.3534 31.6704
2018.3562 29.4170
2018.3589 33.2136
2018.3616 29.5301
2018.3644 32.2767
2018.3671 31.4733
2018.3699 29.8098
2018.3726 39.4164
2018.3753 35.1729
2018.3781 34.5495
2018.3808 33.7560
2018.3836 29.7026
2018.3863 30.0691
2018.3890 26.7457
2018.3918 24.9822
2018.3945 28.1588
2018.3973 30.7253
2018.4000 33.4019
2018.4027 35.5484
2018.4055 31.9950
2018.4082 32.3915
2018.4110 32.0581
2018.4137 30.6046
2018.4164 30.6212
2018.4192 29.5377
2018.4219 28.8243
2018.4247 33.3508
2018.4274 26.1074
2018.4301 23.2839
2018.4329 31.4105
2018.4356 36.2570
2018.4384 33.0135
2018.4411 32.3501
2018.4438 34.0766
2018.4466 31.9632
2018.4493 31.4197
2018.4521 32.4662
2018.4548 32.2228
2018.4575 25.2993
2018.4603 23.8259
2018.4630 22.3824
2018.4658 22.9290
2018.4685 22.9555
2018.4712 25.9320
2018.4740 23.4586
2018.4767 26.5451
2018.4795 29.0617
2018.4822 27.6283
2018.4849 25.9248
2018.4877 23.9114
2018.4904 28.2679
2018.4932 27.5045
2018.4959 25.4911
2018.4986 22.3379
2018.5014 26.8853
2018.5041 26.6732
2018.5068 30.7416
2018.5096 27.4504
2018.5123 28.6497
2018.5151 35.0395
2018.5178 37.1796
2018.5205 35.5201
2018.5233 33.2010
2018.5260 30.8122
2018.5288 26.6938
2018.5315 32.0456
2018.5342 29.4877
2018.5370 32.0201
2018.5397 35.5927
2018.5425 34.2655
2018.5452 31.9985
2018.5479 34.0216
2018.5507 31.7850
2018.5534 34.4984
2018.5562 36.8319
2018.5589 38.1855
2018.5616 35.5692
2018.5644 37.3129
2018.5671 24.7966
2018.5699 24.2703
2018.5726 27.9740
2018.5753 28.7477
2018.5781 28.7812
2018.5808 28.3647
2018.5836 29.8982
2018.5863 34.0918
2018.5890 33.2755
2018.5918 31.0692
2018.5945 33.5031
2018.5973 33.0171
2018.6000 32.8412
2018.6027 32.0153
2018.6055 34.2096
2018.6082 30.9739
2018.6110 30.5183
2018.6137 30.8328
2018.6164 35.2374
2018.6192 32.4420
2018.6219 28.5667
2018.6247 30.7615
2018.6274 30.2263
2018.6301 29.9012
2018.6329 31.3961
2018.6356 32.2311
2018.6384 30.2761
2018.6411 31.6512
2018.6438 28.1163
2018.6466 29.1715
2018.6493 27.8666
2018.6521 26.8219
2018.6548 29.2971
2018.6575 28.7824
2018.6603 35.2577
2018.6630 29.0030
2018.6658 32.0585
2018.6685 37.0444
2018.6712 33.7609
2018.6740 34.2278
2018.6767 37.3353
2018.6795 38.5232
2018.6822 26.6914
2018.6849 20.6001
2018.6877 27.3890
2018.6904 18.9081
2018.6932 34.1875
2018.6959 31.2471
2018.6986 32.1768
2018.7014 32.4667
2018.7041 29.6865
2018.7068 31.5964
2018.7096 32.1863
2018.7123 30.6661
2018.7151 30.5758
2018.7178 33.2954
2018.7205 31.5447
2018.7233 29.1739
2018.7260 27.5827
2018.7288 29.1113
2018.7315 28.8695
2018.7342 30.5673
2018.7370 26.0847
2018.7397 28.8216
2018.7452 35.2338
2018.7479 34.0690
2018.7507 35.5732
2018.7534 33.1659
2018.7562 32.0073
2018.7589 32.1375
2018.7616 32.0965
2018.7644 31.4044
2018.7671 34.3714
2018.7699 32.3075
2018.7726 34.1129
2018.7753 34.5176
2018.7781 34.6217
2018.7808 35.2053
2018.7836 36.5486
2018.7863 34.5916
2018.7890 31.3343
2018.7918 31.0270
2018.7945 37.1597
2018.7973 33.7024
2018.8000 27.3554
2018.8027 31.4086
2018.8055 36.0422
2018.8082 34.1563
2018.8110 35.7309
2018.8137 36.5362
2018.8164 34.2423
2018.8192 35.2492
2018.8219 39.3371
2018.8247 29.4460
2018.8274 28.7660
2018.8301 32.5073
2018.8329 28.2198
2018.8356 22.1330
2018.8384 23.7166
2018.8411 31.7508
2018.8438 34.3253
2018.8466 33.7203
2018.8493 31.2857
2018.8521 28.3514
2018.8548 29.3674
2018.8575 28.7536
2018.8603 30.6101
2018.8630 30.2568
2018.8658 29.9436
2018.8685 32.2805
2018.8712 30.7576
2018.8740 23.2247
2018.8767 25.9618
2018.8795 31.2088
2018.8822 30.3159
2018.8849 31.2828
2018.8877 30.0596
2018.8904 30.1362
2018.8932 32.0527
2018.8959 29.5189
2018.8986 30.8848
2018.9014 28.2204
2018.9041 31.3357
2018.9068 25.8706
2018.9096 27.0851
2018.9123 22.0392
2018.9151 30.5427
2018.9178 22.9562
2018.9205 24.8799
2018.9233 23.2338
2018.9260 25.8578
2018.9288 27.1519
2018.9315 26.8861
2018.9342 29.0803
2018.9370 27.7544
2018.9397 28.0384
2018.9425 28.5422
2018.9452 30.0559
2018.9479 28.8692
2018.9507 29.9023
2018.9534 25.8950
2018.9562 26.9372
2018.9589 23.9790
2018.9616 22.1403
2018.9644 25.6410
2018.9671 27.0811
2018.9699 29.7906
2018.9726 27.2593
2018.9753 30.8572
2018.9781 30.9143
2018.9808 31.4305
2018.9836 28.6458
2018.9863 29.3801
2018.9890 30.1934
2018.9918 30.3756
2018.9945 31.9167
2018.9973 30.2565
2019.0000 32.0952
2019.0027 31.9031
2019.0055 32.1006
2019.0082 33.4579
2019.0110 36.2049
2019.0137 38.7217
2019.0164 32.0283
2019.0192 31.1546
2019.0219 30.6807
2019.0247 27.9567
2019.0274 32.3925
2019.0301 31.8882
2019.0329 32.7138
2019.0356 32.3993
2019.0384 28.9447
2019.0411 30.7300
2019.0438 34.2353
2019.0466 36.9205
2019.0493 34.1858
2019.0521 34.3710
2019.0548 35.6863
2019.0575 33.2216
2019.0603 33.2270
2019.0630 36.4225
2019.0658 34.2580
2019.0685 33.6437
2019.0712 34.7896
2019.0740 36.7555
2019.0767 34.9917
2019.0795 33.3180
2019.0822 32.7045
2019.0849 31.8011
2019.0877 33.8677
2019.0904 34.2643
2019.0932 33.9809
2019.0959 37.2775
2019.0986 39.2742
2019.1014 33.0109
2019.1041 32.3576
2019.1068 32.1943
2019.1096 34.5811
2019.1123 32.6379
2019.1151 33.2247
2019.1178 35.3616
2019.1205 35.1585
2019.1233 34.5154
2019.1260 30.7524
2019.1288 24.8295
2019.1315 26.9466
2019.1342 21.3737
2019.1370 27.4309
2019.1397 27.8081
2019.1425 25.5254
2019.1452 27.4927
2019.1479 28.5301
2019.1507 27.2376
2019.1534 28.3651
2019.1562 30.0927
2019.1589 26.3403
2019.1616 28.8681
2019.1644 30.1963
2019.1671 26.8053
2019.1699 31.9452
2019.1726 32.0760
2019.1753 29.7775
2019.1781 28.3898
2019.1808 32.5229
2019.1836 32.3067
2019.1863 33.3912
2019.1890 33.0665
2019.1918 35.1724
2019.1945 34.0789
2019.1973 34.6461
2019.2000 35.3440
2019.2027 35.4724
2019.2055 36.1614
2019.2082 33.2310
2019.2110 37.3311
2019.2137 35.6117
2019.2164 37.4128
2019.2192 39.7144
2019.2219 37.5464
2019.2247 42.3189
2019.2274 40.3118
2019.2301 41.5151
2019.2329 42.4088
2019.2356 38.2828
2019.2384 42.6972
2019.2411 38.7219
2019.2438 37.3268
2019.2466 35.5823
2019.2493 40.0190
2019.2521 38.8873
2019.2548 37.9868
2019.2575 36.3276
2019.2603 40.8495
2019.2630 41.5523
2019.2658 43.3061
2019.2685 38.2306
2019.2712 39.8958
2019.2740 42.4515
2019.2767 34.6977
2019.2795 40.5042
2019.2822 34.1410
2019.2849 30.8278
2019.2877 35.7647
2019.2904 37.1514
2019.2932 39.1679
2019.2959 37.4341
2019.2986 41.4499
2019.3014 34.4951
2019.3041 36.5296
2019.3068 40.1934
2019.3096 37.8863
2019.3123 36.9381
2019.3151 40.8189
2019.3178 39.4585
2019.3205 35.6667
2019.3233 39.8336
2019.3260 39.6888
2019.3288 35.4624
2019.3315 34.0551
2019.3342 39.3977
2019.3370 43.6502
2019.3397 45.0927
2019.3425 42.6850
2019.3452 41.3672
2019.3479 36.1194
2019.3507 37.7414
2019.3534 31.1234
2019.3562 36.1152
2019.3589 37.6470
2019.3616 40.6787
2019.3644 38.5402
2019.3671 37.3717
2019.3699 42.4331
2019.3726 42.9744
2019.3753 41.5056
2019.3781 39.2267
2019.3808 36.7276
2019.3836 34.7585
2019.3863 33.3093
2019.3890 34.2600
2019.3918 30.8906
2019.3945 32.3311
2019.3973 27.4214
2019.4000 27.5217
2019.4027 31.7719
2019.4055 31.2319
2019.4082 29.2719
2019.4110 33.7517
2019.4137 35.6515
2019.4164 35.3213
2019.4192 31.6612
2019.4219 40.0512
2019.4247 34.6113
2019.4274 33.9314
2019.4301 33.2415
2019.4329 29.0416
2019.4356 30.9118
2019.4384 29.8119
2019.4411 33.0720
2019.4438 31.5620
2019.4466 32.3720
2019.4493 37.4819
2019.4521 34.1118
2019.4548 38.2215
2019.4575 36.3511
2019.4603 32.6606
2019.4630 35.2500
2019.4658 35.0392
2019.4685 36.7582
2019.4712 38.3270
2019.4740 36.3456
2019.4767 37.4540
2019.4795 32.6922
2019.4822 38.2802
2019.4849 40.9479
2019.4877 41.9853
2019.4904 41.5824
2019.4932 42.8093
2019.4959 41.0158
2019.4986 40.8321
2019.5014 40.2882
2019.5041 33.5442
2019.5068 38.5500
2019.5096 40.5257
2019.5123 34.8713
2019.5151 36.3368
2019.5178 36.1022
2019.5205 41.8574
2019.5233 39.6326
2019.5260 39.8976
2019.5288 41.8726
2019.5315 43.1674
2019.5342 41.2722
2019.5370 38.7369
2019.5397 36.1116
2019.5425 39.3262
2019.5452 36.9907
2019.5479 38.3751
2019.5507 37.6996
2019.5534 38.0140
2019.5562 35.3983
2019.5589 38.7226
2019.5616 41.3169
2019.5644 44.9912
2019.5671 42.0855
2019.5699 42.1597
2019.5726 42.9140
2019.5753 42.0683
2019.5781 39.0225
2019.5808 42.0168
2019.5836 40.8911
2019.5863 43.2852
2019.5890 38.6193
2019.5918 42.6733
2019.5945 40.1572
2019.5973 34.5810
2019.6000 34.5848
2019.6027 39.2385
2019.6055 44.6322
2019.6082 42.6258
2019.6110 45.4994
2019.6137 43.5829
2019.6164 40.0364
2019.6192 39.7900
2019.6219 37.0534
2019.6247 43.1269
2019.6274 43.2104
2019.6301 42.4339
2019.6329 40.0974
2019.6356 41.6810
2019.6384 41.9645
2019.6411 42.1281
2019.6438 42.1318
2019.6466 45.3454
2019.6493 41.3692
2019.6521 44.1230
2019.6548 43.1568
2019.6575 37.6508
2019.6603 36.3548
2019.6630 34.1889
2019.6658 37.2531
2019.6685 37.8576
2019.6712 43.2024
2019.6740 43.0675
2019.6767 39.3029
2019.6795 38.4686
2019.6822 31.2945
2019.6849 35.9007
2019.6877 32.6972
2019.6904 40.2439
2019.6932 37.3309
2019.6959 34.7982
2019.6986 37.4756
2019.7014 37.7233
2019.7041 40.3313
2019.7068 42.8694
2019.7096 45.3078
2019.7123 43.9764
2019.7151 39.4052
2019.7178 41.0042
2019.7205 43.6034
2019.7233 43.3828
2019.7260 34.6923
2019.7288 41.3920
2019.7315 41.7919
2019.7342 41.3120
2019.7370 38.1322
2019.7397 37.6526
2019.7425 39.7131
2019.7452 43.4837
2019.7479 46.6445
2019.7507 46.5759
2019.7534 45.0584
2019.7562 42.1919
2019.7589 42.1563
2019.7616 40.7617
2019.7644 39.4878
2019.7671 40.4546
2019.7699 41.8621
2019.7726 38.7802
2019.7753 38.4787
2019.7781 35.6378
2019.7808 40.2272
2019.7836 36.8069
2019.7863 36.7068
2019.7890 42.2469
2019.7918 37.5971
2019.7945 39.6273
2019.7973 43.0175
2019.8000 38.5375
2019.8027 35.2573
2019.8055 28.7169
2019.8082 30.3962
2019.8110 33.1850
2019.8137 31.7134
2019.8164 33.5212
2019.8192 37.0384
2019.8219 33.8949
2019.8247 32.3107
2019.8274 35.9356
2019.8301 34.1697
2019.8329 36.8828
2019.8356 35.0354
2019.8384 36.6974
2019.8411 34.3890
2019.8438 30.9201
2019.8466 33.1308
2019.8493 33.0310
2019.8521 34.1008
2019.8548 37.6702
2019.8575 39.4193
2019.8603 37.8179
2019.8630 40.1062
2019.8658 39.4742
2019.8685 44.5819
2019.8712 41.5592
2019.8740 35.8363
2019.8767 36.8231
2019.8795 33.8196
2019.8822 37.3959
2019.8849 27.7220
2019.8877 32.9279
2019.8904 33.6936
2019.8932 32.5492
2019.8959 34.2246
2019.8986 33.4898
2019.9014 34.2949
2019.9041 35.6500
2019.9068 37.4149
2019.9096 38.0098
2019.9123 35.4446
2019.9151 33.9393
2019.9178 37.1542
2019.9205 35.6292
2019.9233 36.2043
2019.9260 30.7394
2019.9288 25.7344
2019.9315 31.0592
2019.9342 28.5038
2019.9370 30.7981
2019.9397 31.7420
2019.9425 34.8655
2019.9452 33.9683
2019.9479 33.5506
2019.9507 31.7921
2019.9534 31.3529
2019.9562 35.1528
2019.9589 31.7418
2019.9616 32.0297
2019.9644 30.5566
2019.9671 31.5123
2019.9699 37.7067
2019.9726 36.3398
2019.9753 38.4615
2019.9781 33.4117
2019.9808 31.5204
2019.9836 38.5674
2019.9863 41.0927
2019.9890 41.2161
2019.9918 40.7178
2019.9945 41.9074
2019.9973 37.2351
2020.0000 35.5306
2020.0027 36.4644
2020.0055 39.9270
2020.0082 39.6983
2020.0109 40.6484
2020.0137 37.6075
2020.0164 40.9256
2020.0191 41.3528
2020.0219 41.7792
2020.0246 39.5748
2020.0273 38.6097
2020.0301 37.1340
2020.0328 37.3179
2020.0355 40.2113
2020.0383 37.9643
2020.0410 37.9871
2020.0437 39.4496
2020.0464 36.7521
2020.0492 38.3645
2020.0519 37.9670
2020.0546 36.8195
2020.0574 36.7323
2020.0601 35.6554
2020.0628 36.5788
2020.0656 39.3527
2020.0683 35.3171
2020.0710 39.8820
2020.0738 34.5177
2020.0765 36.5141
2020.0792 38.6014
2020.0820 35.9694
2020.0847 36.6775
2020.0874 37.9555
2020.0902 33.3234
2020.0929 43.0813
2020.0956 38.9791
2020.0984 38.0370
2020.1011 36.5149
2020.1038 37.2829
2020.1066 32.1610
2020.1093 33.7692
2020.1120 38.6176
2020.1148 38.0462
2020.1175 37.2451
2020.1202 39.1942
2020.1230 37.6036
2020.1257 37.3633
2020.1284 33.5234
2020.1311 33.8539
2020.1339 33.6148
2020.1366 35.1462
2020.1393 33.9281
2020.1421 37.4105
2020.1448 37.9534
2020.1475 35.1669
2020.1503 34.5510
2020.1530 38.0258
2020.1557 37.6312
2020.1585 37.3374
2020.1612 41.5743
2020.1639 39.8624
2020.1667 37.7523
2020.1694 38.5941
2020.1721 40.3976
2020.1749 35.2128
2020.1776 34.5097
2020.1803 37.5480
2020.1831 39.6679
2020.1858 38.8792
2020.1885 40.5918
2020.1913 41.8957
2020.1940 40.4708
2020.1967 45.0571
2020.1995 43.5344
2020.2022 42.7828
2020.2049 45.9821
2020.2077 40.2922
2020.2104 42.1432
2020.2131 41.4950
2020.2158 43.2774
2020.2186 41.1004
2020.2213 39.9240
2020.2240 43.3781
2020.2268 47.2125
2020.2295 44.4274
2020.2322 45.5524
2020.2350 43.9077
2020.2377 43.2732
2020.2404 45.1387
2020.2432 43.7842
2020.2459 41.6797
2020.2486 38.6662
2020.2514 38.3641
2020.2541 41.0631
2020.2568 37.2031
2020.2596 41.7442
2020.2623 39.2361
2020.2650 41.4988
2020.2678 45.8022
2020.2705 40.1260
2020.2732 46.5503
2020.2760 47.4950
2020.2787 35.4598
2020.2814 39.2847
2020.2842 40.6496
2020.2869 36.8645
2020.2896 39.3690
2020.2923 37.7233
2020.2951 43.4071
2020.2978 44.1303
2020.3005 39.9129
2020.3033 40.3247
2020.3060 36.8556
2020.3087 40.7055
2020.3115 41.1144
2020.3142 43.5120
2020.3169 45.7683
2020.3197 40.7331
2020.3224 39.4965
2020.3251 38.3581
2020.3306 31.2264
2020.3333 34.7942
2020.3361 33.8315
2020.3388 39.0085
2020.3415 38.9550
2020.3443 38.0012
2020.3470 41.1370
2020.3497 38.7626
2020.3525 41.0579
2020.3552 39.7329
2020.3579 41.2278
2020.3607 37.2625
2020.3634 36.5771
2020.3661 36.6516
2020.3689 36.8360
2020.3716 38.4904
2020.3743 36.4847
2020.3770 38.5691
2020.3798 38.7436
2020.3825 40.7082
2020.3852 40.0929
2020.3880 46.1677
2020.3907 39.2028
2020.3934 37.9680
2020.3962 37.7635
2020.3989 39.6193
2020.4016 36.6055
2020.4044 36.9119
2020.4071 36.3788
2020.4098 40.0361
2020.4126 44.0438
2020.4153 42.6418
2020.4180 41.8701
2020.4208 39.4385
2020.4235 44.2471
2020.4262 43.3658
2020.4290 44.6846
2020.4317 42.7736
2020.4344 46.4427
2020.4372 48.2319
2020.4399 41.6711
2020.4426 41.7404
2020.4454 38.4897
2020.4481 43.6291
2020.4508 41.2085
2020.4536 43.0878
2020.4563 46.2972
2020.4590 48.0365
2020.4617 46.9657
2020.4645 46.9149
2020.4672 43.7040
2020.4699 41.0430
2020.4727 39.1319
2020.4754 39.6806
2020.4781 37.8992
2020.4809 31.8577
2020.4836 36.2159
2020.4863 35.9640
2020.4891 41.8719
2020.4918 36.0795
2020.4945 42.0169
2020.4973 40.6240
2020.5000 39.7303
2020.5027 42.1359
2020.5055 39.7107
2020.5082 41.4050
2020.5109 41.5186
2020.5137 40.4917
2020.5164 40.4744
2020.5191 39.9066
2020.5219 39.7385
2020.5246 42.9302
2020.5273 40.4915
2020.5301 42.8527
2020.5328 43.9438
2020.5355 42.5648
2020.5383 46.9858
2020.5410 38.5369
2020.5437 42.8281
2020.5464 45.8094
2020.5492 36.3410
2020.5519 38.2229
2020.5546 38.9151
2020.5574 41.1977
2020.5601 41.8708
2020.5628 45.1044
2020.5656 45.7086
2020.5683 47.1534
2020.5710 43.3689
2020.5738 44.1452
2020.5765 45.0122
2020.5792 49.5002
2020.5820 46.2190
2020.5847 45.1282
2020.5874 43.7677
2020.5902 45.6275
2020.5929 45.2075
2020.5956 42.3778
2020.5984 40.1082
2020.6011 39.3089
2020.6038 39.4497
2020.6066 39.2907
2020.6093 40.3819
2020.6120 40.1731
2020.6148 40.1144
2020.6175 34.9658
2020.6202 36.4173
2020.6230 34.9687
2020.6257 35.1702
2020.6284 31.0917
2020.6311 35.7732
2020.6339 39.4746
2020.6366 39.0559
2020.6393 38.9272
2020.6421 40.1383
2020.6448 44.4793
2020.6475 45.9202
2020.6503 41.0409
2020.6530 38.6314
2020.6557 37.3417
2020.6585 40.9518
2020.6612 39.7916
2020.6639 43.9612
2020.6667 42.4306
2020.6694 41.9198
2020.6721 41.7391
2020.6749 39.4182
2020.6776 44.6873
2020.6803 46.5164
2020.6831 45.7954
2020.6858 48.1844
2020.6885 47.4633
2020.6913 45.1722
2020.6940 48.0611
2020.6967 48.1200
2020.6995 48.2088
2020.7022 38.5177
2020.7049 41.0965
2020.7077 46.1953
2020.7104 44.8341
2020.7131 37.6829
2020.7158 45.2918
2020.7186 46.1506
2020.7213 44.6995
2020.7240 42.4284
2020.7268 43.3973
2020.7295 40.5662
2020.7322 40.2552
2020.7350 37.7442
2020.7377 42.8633
2020.7404 36.0924
2020.7432 38.2716
2020.7459 39.7808
2020.7486 41.7301
2020.7514 42.8196
2020.7541 45.9792
2020.7568 43.7290
2020.7596 42.8589
2020.7623 45.0090
2020.7650 42.2092
2020.7678 42.7296
2020.7705 41.8201
2020.7732 42.1008
2020.7760 38.6715
2020.7787 41.4224
2020.7814 40.2734
2020.7842 42.7145
2020.7869 42.6957
2020.7896 43.6370
2020.7923 40.0484
2020.7951 41.0198
2020.7978 40.6314
2020.8005 36.9130
2020.8033 41.6347
2020.8060 41.1264
2020.8087 36.9882
2020.8115 44.2701
2020.8142 40.6920
2020.8169 30.6039
2020.8197 37.9759
2020.8224 34.0479
2020.8251 36.4499
2020.8279 36.8020
2020.8306 37.5440
2020.8333 41.6064
2020.8361 35.6502
2020.8388 39.8353
2020.8415 36.2918
2020.8443 32.8294
2020.8470 32.8181
2020.8497 25.2878
2020.8525 30.4583
2020.8552 32.5897
2020.8579 38.0219
2020.8607 24.7746
2020.8634 36.9078
2020.8661 35.7115
2020.8689 34.6655
2020.8716 37.2598
2020.8743 37.6142
2020.8770 33.8287
2020.8798 29.8831
2020.8825 31.2074
2020.8852 27.8215
2020.8880 26.5852
2020.8907 31.0285
2020.8934 30.2914
2020.8962 32.1636
2020.8989 34.2451
2020.9016 33.9858
2020.9044 32.4656
2020.9071 34.6745
2020.9098 35.6323
2020.9126 37.9789
2020.9153 27.7242
2020.9180 33.5084
2020.9208 31.3416
2020.9235 34.7237
2020.9262 36.5848
2020.9290 37.0249
2020.9317 34.8941
2020.9344 39.4322
2020.9372 38.8194
2020.9399 34.6157
2020.9426 33.0011
2020.9454 37.0756
2020.9481 37.5291
2020.9508 41.2218
2020.9536 41.6837
2020.9563 43.4346
2020.9590 39.9648
2020.9617 38.3241
2020.9645 39.8827
2020.9672 38.5304
2020.9699 38.6674
2020.9727 40.0637
2020.9754 40.2692
2020.9781 44.3039
2020.9809 42.6980
2020.9836 43.1814
2020.9863 44.1340
2020.9891 44.5761
2020.9918 41.6574
2020.9945 43.4182
2020.9973 41.9983
2021.0000 44.6278
2021.0027 46.6259
2021.0055 45.5520
2021.0082 47.4961
2021.0110 43.0586
2021.0137 39.4994
2021.0164 41.9188
2021.0192 41.9169
2021.0219 41.5238
2021.0247 40.6197
2021.0274 44.1047
2021.0301 43.1690
2021.0329 41.9628
2021.0356 40.7961
2021.0384 40.2091
2021.0411 39.0420
2021.0438 37.5348
2021.0466 39.1879
2021.0493 40.2212
2021.0521 35.1549
2021.0548 36.1093
2021.0575 36.5244
2021.0603 39.9903
2021.0630 43.3673
2021.0658 39.8654
2021.0685 43.1248
2021.0712 40.7257
2021.0740 36.1782
2021.0767 34.9425
2021.0795 36.7186
2021.0822 45.4865
2021.0849 42.6646
2021.0877 41.9528
2021.0904 41.2412
2021.0932 41.2497
2021.0959 38.8085
2021.0986 37.8975
2021.1014 33.3870
2021.1041 36.3970
2021.1068 40.5374
2021.1096 32.0285
2021.1123 31.7902
2021.1151 28.1226
2021.1178 26.4558
2021.1205 40.0699
2021.1233 37.3949
2021.1260 33.0808
2021.1288 38.2579
2021.1315 32.0060
2021.1342 40.9854
2021.1370 30.9060
2021.1397 36.3579
2021.1425 41.3212
2021.1452 44.1760
2021.1479 41.0022
2021.1507 41.2001
2021.1534 41.3396
2021.1562 44.5709
2021.1589 48.3539
2021.1616 41.0188
2021.1644 39.2147
2021.1671 33.8610
2021.1699 37.5775
2021.1726 45.5842
2021.1753 39.8312
2021.1781 41.2284
2021.1808 43.5958
2021.1836 40.6433
2021.1863 41.1510
2021.1890 45.1889
2021.1918 43.9168
2021.1945 42.4549
2021.1973 45.7830
2021.2000 44.3611
2021.2027 45.8393
2021.2055 49.2275
2021.2082 46.3158
2021.2110 42.6840
2021.2137 43.6421
2021.2164 41.8502
2021.2192 41.7582
2021.2219 36.5061
2021.2247 41.9439
2021.2274 42.5116
2021.2301 42.6191
2021.2329 46.9464
2021.2356 46.7635
2021.2384 43.4605
2021.2411 44.6272
2021.2438 40.2836
2021.2466 42.4598
2021.2493 40.8658
2021.2521 40.8217
2021.2548 40.3375
2021.2575 45.5831
2021.2603 42.4687
2021.2630 40.6541
2021.2658 43.2296
2021.2685 42.6549
2021.2712 45.6402
2021.2740 44.6755
2021.2767 44.1407
2021.2795 40.6359
2021.2822 42.9212
2021.2849 47.1464
2021.2877 47.7217
2021.2904 43.6470
2021.2932 36.4324
2021.2959 32.3978
2021.2986 42.8933
2021.3014 39.6389
2021.3041 41.1646
2021.3068 41.4005
2021.3096 45.6864
2021.3123 41.4725
2021.3151 41.1687
2021.3178 44.2451
2021.3205 40.4617
2021.3233 38.2285
2021.3260 39.6354
2021.3288 40.3426
2021.3315 32.1903
2021.3342 34.0488
2021.3370 39.8480
2021.3397 36.2179
2021.3425 39.8484
2021.3452 37.7895
2021.3479 34.5311
2021.3507 43.1132
2021.3534 42.4657
2021.3562 47.1286
2021.3589 41.1318
2021.3616 40.5553
2021.3644 32.1789
2021.3671 39.1028
2021.3699 36.6567
2021.3726 38.7107
2021.3753 38.2648
2021.3781 33.4687
2021.3808 37.1126
2021.3836 31.5663
2021.3863 38.7798
2021.3890 36.2531
2021.3918 40.4061
2021.3945 37.5687
2021.3973 39.2209
2021.4000 36.9326
2021.4027 32.4938
2021.4055 32.2645
2021.4082 40.1845
2021.4110 42.7039
2021.4137 40.1326
2021.4164 40.5112
2021.4192 39.8997
2021.4219 42.5481
2021.4247 43.3565
2021.4274 39.4347
2021.4301 42.7729
2021.4329 44.5709
2021.4356 45.7589
2021.4384 48.8467
2021.4411 51.0944
2021.4438 45.2219
2021.4466 44.2294
2021.4493 41.5667
2021.4521 43.7638
2021.4548 45.6008
2021.4575 39.7676
2021.4603 46.0443
2021.4630 47.6908
2021.4658 47.7572
2021.4685 50.5533
2021.4712 44.7893
2021.4740 47.2051
2021.4767 47.2407
2021.4795 40.5261
2021.4822 40.5413
2021.4849 45.6062
2021.4877 43.9010
2021.4904 40.9355
2021.4932 42.1998
2021.4959 45.4139
2021.4986 49.2278
2021.5014 48.4315
2021.5041 47.5052
2021.5068 43.9388
2021.5096 44.8322
2021.5123 41.1856
2021.5151 44.1089
2021.5178 42.4121
2021.5205 43.5253
2021.5233 43.5784
2021.5260 41.6715
2021.5288 38.7245
2021.5315 40.7274
2021.5342 40.8404
2021.5370 44.5533
2021.5397 42.4262
2021.5425 44.7790
2021.5452 43.3619
2021.5479 33.9548
2021.5507 38.7276
2021.5534 37.2805
2021.5562 36.9334
2021.5589 37.4564
2021.5616 33.8894
2021.5644 31.9124
2021.5671 33.6054
2021.5699 36.6586
2021.5726 40.6517
2021.5753 41.4050
2021.5781 38.6383
2021.5808 44.4817
2021.5836 43.6550
2021.5863 40.6578
2021.5890 41.4203
2021.5918 44.7124
2021.5945 40.2144
2021.5973 36.0561
2021.6000 38.0577
2021.6027 38.7592
2021.6356 36.0196
2021.6384 39.3747
2021.6411 42.4105
2021.6438 37.7369
2021.6466 41.8942
2021.6493 35.3822
2021.6521 37.9310
2021.6548 37.3708
2021.6575 39.5716
2021.6603 39.5133
2021.6630 42.3261
2021.6658 42.9700
2021.6685 37.6346
2021.6712 41.8298
2021.6740 39.5657
2021.6767 36.9122
2021.6795 40.0192
2021.6822 39.4567
2021.6849 37.7146
2021.6877 41.4130
2021.6904 34.5018
2021.6932 42.2710
2021.6959 45.5005
2021.6986 43.2402
2021.7014 44.2102
2021.7041 42.1705
2021.7068 40.7209
2021.7096 40.9014
2021.7123 39.1721
2021.7151 36.1628
2021.7178 39.6135
2021.7205 35.5242
2021.7233 40.3849
2021.7260 38.5755
2021.7288 42.9060
2021.7315 42.1164
2021.7342 35.8165
2021.7370 36.9764
2021.7397 41.6161
2021.7425 39.3954
2021.7452 39.1545
2021.7479 35.4631
2021.7507 37.8716
2021.7534 36.7200
2021.7562 39.2785
2021.7589 42.3369
2021.7616 41.1054
2021.7644 45.0539
2021.7671 43.7623
2021.7699 42.2907
2021.7726 39.1992
2021.7753 41.2276
2021.7781 40.2660
2021.7808 38.5844
2021.7836 39.9327
2021.7863 38.7811
2021.7890 39.1094
2021.7918 43.4077
2021.7945 44.9459
2021.7973 39.4142
2021.8000 38.3324
2021.8027 39.4205
2021.8055 43.7587
2021.8082 42.9968
2021.8110 39.5948
2021.8137 43.7528
2021.8164 40.8608
2021.8192 36.3287
2021.8219 34.7565
2021.8247 39.1744
2021.8274 34.3821
2021.8301 35.9298
2021.8329 34.0874
2021.8356 33.3644
2021.8384 36.4609
2021.8411 35.6569
2021.8438 39.3223
2021.8466 40.8072
2021.8493 37.9917
2021.8521 36.3457
2021.8548 30.4693
2021.8575 30.8925
2021.8603 29.1854
2021.8630 34.7378
2021.8685 33.7619
2021.8712 35.4234
2021.8740 34.9848
2021.8767 34.9659
2021.8795 33.4568
2021.8822 38.5775
2021.8849 38.7481
2021.8904 38.6788
2021.8932 42.9191
2021.8959 43.6592
2021.8986 40.7894
2021.9014 42.4395
2021.9041 42.7697
2021.9068 46.2899
2021.9096 45.2601
2021.9123 44.7004
2021.9151 38.4209
2021.9178 42.8613
2021.9205 39.9914
2021.9233 41.2713
2021.9260 44.3209
2021.9288 46.4902
2021.9315 42.4092
2021.9342 42.6279
2021.9370 41.6562
2021.9397 35.8342
2021.9425 42.5719
2021.9452 39.4391
2021.9479 40.5660
2021.9507 37.6924
2021.9534 41.0584
2021.9562 41.6140
2021.9589 43.6491
2021.9616 45.9237
2021.9644 42.9479
2021.9671 43.5215
2021.9699 43.2846
2021.9726 37.5972
2021.9753 43.3993
2021.9781 42.9208
2021.9808 45.2917
2021.9836 50.0220
2021.9863 48.3617
2021.9890 43.3108
2021.9918 47.7593
2021.9945 46.8971
2021.9973 45.4142
2022.0000 48.4507
2022.0027 45.4557
2022.0055 45.4686
2022.0082 45.4995
2022.0110 40.9686
2022.0137 44.0559
2022.0164 45.1918
2022.0192 46.6962
2022.0219 47.0693
2022.0247 46.0913
2022.0274 42.2223
2022.0301 39.1125
2022.0329 38.9519
2022.0356 39.5908
2022.0384 40.3693
2022.0411 42.5675
2022.0438 44.5756
2022.0466 41.3636
2022.0493 43.8918
2022.0521 43.8903
2022.0548 38.9692
2022.0575 42.0687
2022.0603 38.5888
2022.0630 38.9499
2022.0658 43.2319
2022.0685 45.7350
2022.0712 40.0895
2022.0740 38.2753
2022.0767 39.4627
2022.0795 45.8218
2022.0822 49.9525
2022.0849 39.8833
2022.0877 41.3840
2022.0904 44.0247
2022.0932 43.9854
2022.0959 48.2962
2022.0986 46.7171
2022.1014 39.2981
2022.1041 40.2293
2022.1068 38.6308
2022.1096 44.1124
2022.1123 48.8445
2022.1151 46.4868
2022.1178 44.2895
2022.1205 43.9927
2022.1233 43.7964
2022.1260 42.4506
2022.1288 51.9753
2022.1315 49.4306
2022.1342 45.3066
2022.1370 46.5333
2022.1397 52.0107
2022.1425 42.7788
2022.1452 41.1178
2022.1479 44.5976
2022.1507 40.9984
2022.1534 46.5400
2022.1562 46.4827
2022.1589 43.0564
2022.1616 42.7511
2022.1644 42.6265
2022.1671 44.1720
2022.1699 45.9378
2022.1726 46.2138
2022.1753 45.3299
2022.1781 48.7562
2022.1808 45.1026
2022.1836 47.8092
2022.1863 45.4458
2022.1890 45.7126
2022.1918 41.1795
2022.1945 46.7664
2022.1973 43.6534
2022.2000 43.8904
2022.2027 40.9974
2022.2055 43.8445
2022.2082 44.6015
2022.2110 48.1186
2022.2137 46.8956
2022.2164 46.7726
2022.2192 42.4295
2022.2219 46.1363
2022.2247 37.5731
2022.2274 40.2498
2022.2301 39.8363
2022.2329 42.6127
2022.2356 43.7590
2022.2384 42.3052
2022.2411 45.7011
2022.2438 46.6569
2022.2466 49.5325
2022.2493 45.3679
2022.2521 47.3032
2022.2548 45.3084
2022.2575 42.0435
2022.2603 34.5085
2022.2630 43.7534
2022.2658 42.4182
2022.2685 41.4629
2022.2712 40.0576
2022.2740 40.2023
2022.2767 44.6669
2022.2795 46.7215
2022.2822 44.7461
2022.2849 43.7707
2022.2877 44.1653
2022.2904 44.7600
2022.2932 41.1746
2022.2959 43.2494
2022.2986 43.8342
2022.3014 42.8690
2022.3041 36.0440
2022.3068 33.8590
2022.3096 35.3842
2022.3123 36.4695
2022.3151 38.5049
2022.3178 40.8704
2022.3205 42.2661
2022.3233 45.0720
2022.3260 47.4780
2022.3288 44.8242
2022.3315 42.2208
2022.3342 42.8378
2022.3370 35.7252
2022.3534 37.9485
2022.3562 42.3987
2022.3589 42.2693
2022.3616 45.7201
2022.3644 40.8613
2022.3671 40.5127
2022.3699 35.6445
2022.3726 42.5465
2022.3753 45.8088
2022.3781 49.4713
2022.3808 44.0340
2022.3836 44.8270
2022.3863 41.7001
2022.3890 48.4035
2022.3918 43.0770
2022.3945 42.8107
2022.3973 41.2545
2022.4000 40.7184
2022.4027 41.7425
2022.4055 50.9967
2022.4082 39.8010
2022.4110 49.0753
2022.4137 40.7898
2022.4164 43.3748
2022.4192 42.0602
2022.4219 43.1461
2022.4247 43.8525
2022.4274 46.1892
2022.4301 38.1962
2022.4329 42.6636
2022.4356 45.8913
2022.4384 38.1992
2022.4411 48.1873
2022.4438 45.8656
2022.4466 47.9140
2022.4493 33.8925
2022.4521 40.0611
2022.4548 37.5598
2022.4575 34.7884
2022.4603 38.6171
2022.4630 43.6856
2022.4658 44.8040
2022.4685 42.9424
2022.4712 45.1205
2022.4740 47.9384
2022.4767 54.2661
2022.4795 49.3935
2022.4822 52.7606
2022.4849 47.8274
2022.4877 47.2638
2022.4904 50.7797
2022.4932 49.6652
2022.4959 43.2202
2022.4986 45.0846
2022.5014 45.2583
2022.5041 47.1614
2022.5068 48.3638
2022.5096 46.9256
2022.5123 45.8470
2022.5151 48.1779
2022.5178 48.8184
2022.5205 47.2086
2022.5233 46.6284
2022.5260 44.9880
2022.5288 47.6774
2022.5315 48.2067
2022.5342 52.6959
2022.5370 45.3650
2022.5397 42.6642
2022.5425 49.7434
2022.5452 49.7628
2022.5479 45.0523
2022.5507 45.2320
2022.5534 43.1220
2022.5562 43.0823
2022.5589 37.6830
2022.5616 40.0141
2022.5644 44.6557
2022.5671 46.1978
2022.5699 44.5705
2022.5726 43.5138
2022.5753 40.8078
2022.5781 41.7426
2022.5808 40.1581
2022.5836 43.2642
2022.5863 42.2404
2022.5890 44.9568
2022.5918 43.6134
2022.5945 45.0902
2022.5973 42.2873
2022.6000 46.4545
2022.6027 49.1620
2022.6055 47.8596
2022.6082 41.3175
2022.6110 38.8057
2022.6137 45.1740
2022.6164 45.0526
2022.6192 43.8715
2022.6219 43.8206
2022.6247 44.6699
2022.6274 45.4095
2022.6301 48.2793
2022.6329 40.2794
2022.6356 43.1498
2022.6384 46.0305
2022.6411 46.6514
2022.6438 42.0526
2022.6466 42.7141
2022.6493 40.6259
2022.6521 43.7780
2022.6548 46.8503
2022.6575 48.6430
2022.6603 50.8160
2022.6630 42.0793
2022.6658 46.4429
2022.6685 50.7465
2022.6712 49.0003
2022.6740 44.0841
2022.6767 46.8279
2022.6795 49.2818
2022.6822 53.0558
2022.6849 52.7798
2022.6877 49.6338
2022.6904 46.9578
2022.6932 50.5319
2022.6959 49.2760
2022.6986 50.4901
2022.7014 42.0542
2022.7041 49.3983
2022.7068 47.5225
2022.7096 47.0766
2022.7123 47.3307
2022.7151 43.6948
2022.7178 42.5989
2022.7205 45.1430
2022.7233 39.3770
2022.7260 40.8610
2022.7288 41.3750
2022.7315 49.2690
2022.7342 45.6629
2022.7370 49.8667
2022.7397 57.1805
2022.7425 48.1442
2022.7452 45.0679
2022.7479 45.9815
2022.7507 47.0750
2022.7534 46.0485
2022.7562 43.2620
2022.7589 48.3754
2022.7616 46.4888
2022.7644 50.7422
2022.7671 48.6155
2022.7699 53.2289
2022.7726 52.4022
2022.7753 48.1254
2022.7781 52.0087
2022.7808 46.2419
2022.7836 44.9951
2022.7863 54.9283
2022.7890 48.3715
2022.7918 40.4547
2022.7945 44.6079
2022.7973 45.6011
2022.8000 44.5743
2022.8027 47.1574
2022.8055 45.7206
2022.8082 42.2238
2022.8110 43.6770
2022.8137 44.0102
2022.8164 43.5535
2022.8192 47.6567
2022.8219 40.9900
2022.8247 37.6032
2022.8274 41.3965
2022.8301 47.1399
2022.8329 41.6333
2022.8356 37.5573
2022.8384 42.4718
2022.8411 44.3969
2022.8438 48.0925
2022.8466 46.0285
2022.8493 39.1449
2022.8521 49.4016
2022.8548 46.1288
2022.8575 46.1961
2022.8603 39.5138
2022.8630 44.8916
2022.8658 48.7296
2022.8685 46.0077
2022.8712 40.5659
2022.8740 45.5042
2022.8767 45.7324
2022.8795 53.6906
2022.8822 46.2187
2022.8849 49.8667
2022.8877 52.3045
2022.8904 49.3022
2022.8932 53.0795
2022.8959 50.3966
2022.8986 50.5134
2022.9014 46.5098
2022.9041 47.4058
2022.9068 43.5613
2022.9096 48.3864
2022.9123 44.0409
2022.9151 47.1948
2022.9178 47.5773
2022.9205 49.3875
2022.9233 50.2255
2022.9260 46.4013
2022.9288 45.9150
2022.9315 49.3468
2022.9342 46.9965
2022.9370 47.1044
2022.9397 49.7605
2022.9425 51.8249
2022.9452 48.8976
2022.9479 50.5086
2022.9507 51.4382
2022.9534 50.0463
2022.9562 48.3130
2022.9589 49.2684
2022.9616 47.5026
2022.9644 45.7756
2022.9671 44.8775
2022.9699 47.7883
2022.9726 37.0082
2022.9753 44.2272
2022.9781 48.7653
2022.9808 45.1227
2022.9836 45.0995
2022.9863 47.7256
2022.9890 47.7911
2022.9918 48.2262
2022.9945 45.5709
2022.9973 45.6752
2023.0000 48.8493
