2009.2521 -29.1206
2009.2548 -30.3447
2009.2575 -27.9200
2009.2603 -30.2864
2009.2630 -27.5736
2009.2658 -25.3517
2009.2685 -24.5605
2009.2712 -26.1399
2009.2740 -27.0298
2009.2767 -30.2001
2009.2795 -22.9006
2009.2822 -21.2113
2009.2849 -31.4620
2009.2877 -23.3027
2009.2904 -24.4332
2009.2932 -27.0034
2009.2959 -32.2633
2009.2986 -25.4826
2009.3014 -24.9514
2009.3041 -27.5094
2009.3068 -24.2266
2009.3096 -26.1228
2009.3123 -29.1480
2009.3151 -26.4521
2009.3178 -28.2149
2009.3205 -30.2263
2009.3233 -28.2962
2009.3260 -31.2445
2009.3288 -28.1512
2009.3315 -25.1063
2009.3342 -21.0904
2009.3370 -19.2135
2009.3397 -33.4857
2009.3425 -32.8370
2009.3452 -29.0075
2009.3479 -28.9174
2009.3507 -30.8665
2009.3534 -28.4651
2009.3562 -26.0632
2009.3589 -28.0208
2009.3616 -26.0981
2009.3644 -18.7251
2009.3671 -29.2419
2009.3699 -20.0585
2009.3726 -30.4750
2009.3753 -24.1015
2009.3781 -33.5181
2009.3808 -30.6248
2009.3836 -28.7317
2009.3863 -25.8388
2009.3890 -29.1163
2009.3918 -27.3042
2009.3945 -23.6426
2009.3973 -28.5815
2009.4000 -23.8210
2009.4027 -23.6413
2009.4055 -23.7523
2009.4082 -23.0641
2009.4110 -25.6668
2009.4137 -24.5104
2009.4164 -23.5541
2009.4192 -25.8480
2009.4219 -28.8020
2009.4247 -29.1562
2009.4274 -30.6706
2009.4301 -24.4052
2009.4329 -25.6801
2009.4356 -30.9752
2009.4384 -26.7607
2009.4411 -18.7365
2009.4438 -18.5627
2009.4466 -22.3693
2009.4493 -25.8063
2009.4521 -21.3839
2009.4548 -30.0619
2009.4575 -25.7604
2009.4603 -22.0995
2009.4630 -19.6591
2009.4658 -21.4294
2009.4685 -23.8704
2009.4712 -28.4020
2009.4740 -29.9243
2009.4767 -28.6173
2009.4795 -27.9011
2009.4822 -30.1257
2009.4849 -30.3412
2009.4877 -24.2174
2009.4904 -23.6646
2009.4932 -23.3927
2009.4959 -22.8717
2009.4986 -25.0020
2009.5014 -26.6441
2009.5041 -22.7677
2009.5068 -19.3428
2009.5096 -22.0793
2009.5123 -20.8170
2009.5151 -20.6059
2009.5178 -19.7360
2009.5205 -18.1169
2009.5233 -15.8088
2009.5260 -21.0814
2009.5288 -24.8948
2009.5315 -24.4686
2009.5342 -21.5830
2009.5370 -22.4477
2009.5397 -26.7928
2009.5425 -19.6380
2009.5479 -17.7084
2009.5507 -21.8736
2009.5534 -25.2584
2009.5562 -17.8030
2009.5589 -21.5171
2009.5616 -21.2607
2009.5644 -23.6937
2009.5671 -29.8059
2009.5699 -25.0474
2009.5726 -26.3478
2009.5753 -22.2973
2009.5781 -14.6856
2009.5808 -14.6327
2009.5836 -22.9092
2009.5863 -11.9958
2009.5890 -17.8323
2009.5918 -17.4788
2009.5945 -17.5952
2009.5973 -17.2515
2009.6000 -10.2075
2009.6027 -17.2032
2009.6055 -17.9886
2009.6082 -16.9436
2009.6110 -16.3782
2009.6137 -22.8623
2009.6164 -25.7459
2009.6192 -22.7589
2009.6219 -21.7712
2009.6247 -21.6128
2009.6274 -17.2537
2009.6301 -21.3837
2009.6329 -12.5829
2009.6356 -13.8811
2009.6384 -10.3284
2009.6411 -3.3047
2009.6438 -12.5499
2009.6466 -18.8039
2009.6493 -11.2167
2009.6521 -16.5683
2010.0000 -17.5475
2010.0027 -14.6297
2010.0055 -16.9719
2010.0082 -6.6942
2010.0110 -16.7164
2010.0137 -15.2487
2010.0164 -18.4510
2010.0192 -17.2733
2010.0219 -16.6556
2010.0247 -20.8679
2010.0274 -13.9102
2010.0301 -16.6225
2010.0329 -18.3449
2010.0356 -13.9972
2010.0384 -13.6595
2010.0411 -19.4719
2010.0438 -13.1442
2010.0466 -14.9966
2010.0493 -16.8789
2010.0521 -15.6613
2010.0548 -18.8736
2010.0575 -14.6260
2010.0603 -18.6283
2010.0630 -19.8007
2010.0658 -15.1130
2010.0685 -15.3953
2010.0712 -16.9177
2010.0740 -15.1500
2010.0767 -16.1423
2010.0795 -17.4046
2010.0822 -13.6569
2010.0849 -16.4292
2010.0877 -13.9815
2010.0904 -13.2238
2010.0932 -21.4161
2010.0959 -26.0485
2010.0986 -20.1208
2010.1014 -18.3331
2010.1041 -16.4954
2010.1068 -19.7277
2010.1096 -16.6501
2010.1123 -13.6024
2010.1151 -12.5747
2010.1178 -13.9170
2010.1205 -14.5493
2010.1233 -12.6716
2010.1260 -13.7939
2010.1288 -5.4862
2010.1315 -16.1785
2010.1342 -15.1908
2010.1370 -15.1830
2010.1397 -15.6953
2010.1425 -15.3275
2010.1452 -15.9097
2010.1479 -9.2819
2010.1507 -10.6741
2010.1534 -10.1163
2010.1562 -9.2584
2010.1589 -9.6706
2010.1616 -9.6327
2010.1644 -16.4928
2010.1671 -9.0989
2010.1699 -17.0113
2010.1726 -12.2301
2010.1753 -12.0756
2010.1781 -11.4079
2010.1808 -11.0372
2010.1836 -9.2736
2010.1863 -15.8474
2010.1890 -13.2688
2010.1918 -14.7578
2010.1945 -18.1848
2010.1973 -17.4598
2010.2000 -17.8931
2010.2027 -15.2248
2010.2055 -14.6252
2010.2082 -16.8743
2010.2110 -12.2924
2010.2137 -11.7797
2010.2164 -8.2563
2010.2192 -15.1624
2010.2219 -11.2682
2010.2247 -14.1139
2010.2274 -16.1497
2010.2301 -14.6657
2010.2329 -9.8121
2010.2356 -14.8491
2010.2384 -17.3169
2010.2411 -12.4157
2010.2438 -14.4055
2010.2466 -15.7666
2010.2493 -9.7779
2010.2521 -11.4091
2010.2548 -8.5004
2010.2575 -7.1917
2010.2603 -7.9128
2010.2630 -15.6339
2010.2658 -11.7649
2010.2685 -13.9657
2010.2712 -9.5164
2010.2740 2.0631
2010.2767 -17.4771
2010.2795 -14.9871
2010.2822 -9.8867
2010.2849 -12.4561
2010.2877 -11.4152
2010.2904 -8.8138
2010.2932 -12.0121
2010.2959 -15.2199
2010.2986 -11.6273
2010.3014 -11.0742
2010.3041 -8.4006
2010.3068 -10.9465
2010.3096 -8.4318
2010.3123 -8.8165
2010.3151 -10.6106
2010.3178 -12.3140
2010.3205 -15.3368
2010.3233 -13.1788
2010.3260 -15.1002
2010.3288 -14.0207
2010.3315 -13.3705
2010.3342 -10.9994
2010.3370 -11.9176
2010.3397 -14.9549
2010.3425 -13.2314
2010.3452 -17.2272
2010.3479 -14.3123
2010.3507 -13.1066
2010.3534 -18.2702
2010.3562 -18.1232
2010.3589 -12.8054
2010.3616 -14.8970
2010.3644 -12.7079
2010.3671 -5.2483
2010.3699 -9.9480
2010.3726 -4.2871
2010.3753 -6.6556
2010.3781 -6.2236
2010.3808 -8.1010
2010.3836 -1.6779
2010.3863 -5.9443
2010.3890 -5.2202
2010.3918 -7.3656
2010.3945 -7.2506
2010.3973 -5.3951
2010.4000 6.1608
2010.4027 -4.4229
2010.4055 -2.4761
2010.4082 -12.1890
2010.4110 -7.0016
2010.4137 -4.9437
2010.4164 0.6752
2010.4192 7.3551
2010.4219 0.0959
2010.4247 -2.4325
2010.4274 -7.6101
2010.4301 -10.5471
2010.4329 -11.3933
2010.4356 -11.4191
2010.4384 -6.1544
2010.4411 -3.9493
2010.4438 -1.1138
2010.4466 -3.6381
2010.4493 -7.2222
2010.4521 -7.0362
2010.4548 -9.7902
2010.4575 -11.5042
2010.4603 -9.0283
2010.4630 -10.4426
2010.4658 -12.0172
2010.4685 -9.6121
2010.4712 -3.5874
2010.4740 0.7169
2010.4767 -5.2995
2010.4795 -6.5664
2010.4822 -1.9941
2010.4849 -4.3925
2010.4877 -1.7317
2010.4904 -3.1819
2010.4932 -5.2831
2010.4959 -6.3453
2010.4986 -7.9081
2010.5014 -6.0809
2010.5041 -6.9337
2010.5068 -6.8867
2010.5096 -7.2197
2010.5123 -10.2630
2010.5151 -5.5165
2010.5178 -3.8802
2010.5205 -11.8143
2010.5233 -9.7287
2010.5260 -10.2236
2010.5288 -5.8389
2010.5315 -12.6347
2010.5342 -4.7010
2010.5370 -2.1180
2010.5397 -4.9055
2010.5425 2.8362
2010.5452 -3.5327
2010.5479 -4.9424
2010.5507 -5.6630
2010.5534 -5.2444
2010.5562 -5.9567
2010.5589 -4.3099
2010.5616 5.4758
2010.5644 4.9706
2010.5671 3.2942
2010.5699 -5.1333
2010.5726 -13.8419
2010.5753 -1.5518
2010.5781 -6.9429
2010.5808 -5.9154
2010.5836 -8.2285
2010.5863 -7.4717
2010.5890 -9.6150
2010.5918 -8.1184
2010.5945 -9.2518
2010.5973 -13.2553
2010.6000 -8.0889
2010.6027 -4.9025
2010.6055 -5.6861
2010.6082 -5.0598
2010.6110 -3.7136
2010.6137 -1.8773
2010.6164 -6.3511
2010.6192 -12.0150
2010.6219 -7.2088
2010.6247 -12.0127
2010.6274 -9.9766
2010.6301 -9.5804
2010.6329 -0.0943
2010.6356 -5.7782
2010.6384 -0.5721
2010.6411 -3.4460
2010.6438 -3.4898
2010.6466 -4.8537
2010.6493 -8.7775
2010.6521 -6.2313
2010.6548 -5.2950
2010.6575 -6.4187
2010.6603 -11.3924
2010.6630 -3.5860
2010.6658 -6.2296
2010.6685 -0.4132
2010.6712 -1.7669
2010.6740 -3.8405
2010.6767 -9.9442
2010.6795 -3.4480
2010.6822 1.0183
2010.6849 -7.3254
2010.6877 1.2509
2010.6904 -2.5928
2010.6932 -2.2765
2010.6959 -3.5202
2010.6986 0.7362
2010.7014 -2.5973
2010.7041 5.1092
2010.7068 -0.5443
2010.7096 -1.0177
2010.7123 2.5990
2010.7151 -1.8642
2010.7178 -2.3274
2010.7205 -5.2704
2010.7233 -6.6833
2010.7260 -8.7161
2010.7288 -5.8488
2010.7315 -11.3514
2010.7342 -8.0938
2010.7370 -9.7561
2010.7397 -4.0983
2010.7425 -10.4302
2010.7452 -7.7621
2010.7479 -11.2637
2010.7507 -9.7617
2010.7534 -10.8430
2010.7562 -9.4481
2010.7589 -7.6072
2010.7616 -3.4908
2010.7644 -2.8193
2010.7671 -5.2329
2010.7699 -6.2822
2010.7726 -9.3073
2010.7753 -11.6288
2010.7781 -8.9670
2010.7808 -12.3923
2010.7836 -13.5549
2010.7863 -8.0654
2010.7890 -15.7541
2010.7918 -0.7413
2010.7945 1.0326
2010.7973 -6.4028
2010.8000 -7.3579
2010.8027 -9.8330
2010.8055 -4.8785
2010.8082 -6.1948
2010.8110 -4.0422
2010.8137 -8.0411
2010.8164 -6.5419
2010.8192 -2.1550
2010.8219 -9.8507
2010.8247 -2.1294
2010.8274 -4.8415
2010.8301 -9.5473
2010.8329 0.2734
2010.8356 -6.2456
2010.8384 -5.0740
2010.8411 -18.7017
2010.8438 -10.3390
2010.8466 -8.1661
2010.8493 -9.8030
2010.8521 -7.5700
2010.8548 -3.7072
2010.8575 11.5353
2010.8603 -0.6426
2010.8630 -0.7612
2010.8658 -4.6606
2010.8685 -5.1909
2010.8712 -6.8123
2010.8740 -4.2249
2010.8767 -1.5990
2010.8795 -2.8345
2010.8822 2.3083
2010.8849 -6.1108
2010.8877 0.5782
2010.8904 -1.6650
2010.8932 -0.6905
2010.8959 -2.3684
2010.8986 -2.4589
2010.9014 -6.5521
2010.9041 -3.3382
2010.9068 -2.8673
2010.9096 -3.3496
2010.9123 -0.4753
2010.9151 -1.1044
2010.9178 -3.1067
2010.9205 -3.9116
2010.9233 -8.0290
2010.9260 -4.9388
2010.9288 -10.3509
2010.9315 -5.8752
2010.9342 -5.0015
2010.9370 -7.9298
2010.9397 -6.5500
2010.9425 -5.5119
2010.9452 -5.0354
2010.9479 -7.5505
2010.9507 -8.0770
2010.9534 -9.3249
2010.9562 -6.6539
2010.9589 -1.8940
2010.9616 -6.4351
2010.9644 -5.6171
2010.9671 -8.2799
2010.9699 -7.0234
2010.9726 -8.4574
2010.9753 -6.6718
2010.9781 -4.6766
2010.9808 -6.9516
2010.9836 -4.0068
2010.9863 -3.8320
2010.9890 -7.0770
2010.9918 -0.2619
2010.9945 -5.8065
2010.9973 -1.6807
2011.0000 -4.8843
2011.0027 -10.3191
2011.0055 -1.6165
2011.0082 -4.2964
2011.0110 -0.2784
2011.0137 -1.2823
2011.0164 -2.0878
2011.0192 1.3553
2011.0219 -0.7027
2011.0247 -4.3616
2011.0274 -0.8710
2011.0301 -5.5608
2011.0329 -5.9707
2011.0356 -2.4703
2011.0384 -3.0495
2011.0411 -5.0880
2011.0438 -2.8155
2011.0466 -4.0018
2011.0493 -0.9365
2011.0521 0.9705
2011.0548 3.4895
2011.0575 1.2408
2011.0603 -1.0054
2011.0630 3.4912
2011.0658 0.8909
2011.0685 -3.9160
2011.0712 -5.4994
2011.0740 2.6410
2011.0767 -2.3344
2011.0795 0.4345
2011.0822 -2.5524
2011.0849 -1.2074
2011.0877 5.2688
2011.0904 -0.6238
2011.0932 1.0348
2011.0959 -0.9955
2011.0986 2.2951
2011.1014 0.3266
2011.1041 -0.5210
2011.1068 0.3921
2011.1096 -5.9242
2011.1123 2.5801
2011.1151 -0.5451
2011.1178 4.8000
2011.1205 2.4256
2011.1233 4.6313
2011.1260 1.4972
2011.1288 4.1032
2011.1315 4.7491
2011.1342 -2.6950
2011.1370 1.1907
2011.1397 1.3462
2011.1425 4.3413
2011.1452 3.0859
2011.1479 2.9401
2011.1507 2.8937
2011.1534 -0.5733
2011.1562 11.1488
2011.1589 4.2102
2011.1616 2.1806
2011.1644 8.6106
2011.1671 9.7104
2011.1699 4.8503
2011.1726 3.7701
2011.1753 3.0498
2011.1781 4.7795
2011.1808 1.7291
2011.1836 7.3886
2011.1863 2.7181
2011.1890 -0.3424
2011.1918 2.2169
2011.1945 0.1763
2011.1973 -1.1245
2011.2000 1.8247
2011.2027 1.6838
2011.2055 5.5228
2011.2082 -0.1382
2011.2110 3.2407
2011.2137 4.4695
2011.2164 -0.0117
2011.2192 4.2369
2011.2219 -0.9445
2011.2247 0.8641
2011.2274 4.1925
2011.2301 4.8209
2011.2329 0.6591
2011.2356 5.4573
2011.2384 -0.2446
2011.2411 -3.7265
2011.2438 -1.1186
2011.2466 0.1889
2011.2493 0.9640
2011.2521 0.4966
2011.2548 1.5369
2011.2575 -0.3550
2011.2603 0.4512
2011.2630 5.9155
2011.2658 6.7384
2011.2685 7.2698
2011.2712 0.9300
2011.2740 5.2193
2011.2767 2.1577
2011.2795 5.8555
2011.2822 3.9329
2011.2849 7.9800
2011.2877 5.4571
2011.2904 7.3244
2011.2932 5.7719
2011.2959 3.6000
2011.2986 1.5889
2011.3014 3.6186
2011.3041 3.8494
2011.3068 2.6916
2011.3096 4.6652
2011.3123 3.6205
2011.3151 4.4976
2011.3178 3.3468
2011.3205 5.7983
2011.3233 4.9722
2011.3260 7.3887
2011.3288 5.3480
2011.3315 9.3110
2011.3342 13.7779
2011.3370 4.9986
2011.3397 6.7328
2011.3425 6.7604
2011.3452 7.4609
2011.3479 9.7142
2011.3507 10.0200
2011.3534 11.0381
2011.3562 7.9682
2011.3589 10.5400
2011.3616 7.6634
2011.3644 10.6780
2011.3671 24.3635
2011.3699 9.8099
2011.3726 10.7267
2011.3753 12.7438
2011.3781 7.4908
2011.3808 7.5676
2011.3836 9.7339
2011.3863 16.2094
2011.3890 19.4838
2011.3918 15.0970
2011.3945 16.9387
2011.3973 12.6786
2011.4000 16.8564
2011.4027 14.0919
2011.4055 11.7349
2011.4082 15.6051
2011.4110 11.3223
2011.4137 13.6167
2011.4164 9.4411
2011.4192 12.5759
2011.4219 10.1509
2011.4247 12.3061
2011.4274 6.7613
2011.4301 14.7164
2011.4329 16.3813
2011.4356 15.4858
2011.4384 15.2199
2011.4411 13.7934
2011.4438 10.0162
2011.4466 7.0381
2011.4493 6.4391
2011.4521 10.4491
2011.4548 10.2879
2011.4575 10.2453
2011.4603 7.8214
2011.4630 13.4059
2011.4658 19.4088
2011.4685 10.7898
2011.4712 16.4990
2011.4740 16.7861
2011.4767 14.8811
2011.4795 16.4438
2011.4822 17.7641
2011.4849 16.1520
2011.4877 13.6172
2011.4904 7.5396
2011.4932 6.8792
2011.4959 8.1858
2011.4986 11.8906
2011.5014 15.4547
2011.5041 15.4883
2011.5068 20.4813
2011.5096 12.1839
2011.5123 22.7760
2011.5151 12.2577
2011.5178 9.2590
2011.5205 9.6599
2011.5233 4.9505
2011.5260 9.3009
2011.5288 11.2910
2011.5315 10.6009
2011.5342 11.3207
2011.5370 14.0903
2011.5397 11.7199
2011.5425 13.9494
2011.5452 9.8588
2011.5479 11.3083
2011.5507 7.4079
2011.5534 10.4175
2011.5562 9.5973
2011.5589 11.0572
2011.5616 10.1273
2011.5644 12.5777
2011.5671 9.0983
2011.5699 9.2993
2011.5726 7.5306
2011.5753 9.0123
2011.5781 11.2144
2011.5808 11.4969
2011.5836 10.7497
2011.5863 8.2924
2011.5890 9.3051
2011.5918 9.8578
2011.5973 7.2931
2011.6000 2.2058
2011.6027 13.1585
2011.6055 15.7213
2011.6082 16.1342
2011.6110 12.5171
2011.6137 12.4102
2011.6164 8.7634
2011.6192 7.3267
2011.6219 9.2802
2011.6247 14.2339
2011.6274 13.2178
2011.6301 13.7119
2011.6329 13.5662
2011.6356 16.4207
2011.6384 22.8355
2011.6411 26.5006
2011.6438 18.5659
2011.6466 22.1416
2011.6493 15.7176
2011.6521 14.6739
2011.6548 14.5206
2011.6575 12.3177
2011.6603 10.3252
2011.6630 17.5130
2011.6658 21.5415
2011.6685 16.6916
2011.6712 15.6236
2011.6740 12.8673
2011.6767 14.8728
2011.6795 15.8300
2011.6822 11.7289
2011.6849 17.3994
2011.6877 16.2215
2011.6904 17.1152
2011.6932 15.0804
2011.6959 15.9970
2011.6986 9.1551
2011.7014 12.4845
2011.7041 16.2854
2011.7068 15.3875
2011.7096 12.4909
2011.7123 13.1956
2011.7151 12.0114
2011.7178 10.0384
2011.7205 11.6865
2011.7233 11.5058
2011.7260 19.9260
2011.7288 23.7772
2011.7315 10.5195
2011.7342 11.4926
2011.7370 8.5566
2011.7397 12.3715
2011.7425 9.7271
2011.7452 12.0236
2011.7479 9.8807
2011.7507 6.3784
2011.7534 7.0764
2011.7562 -2.6153
2011.7589 14.7133
2011.7616 10.8921
2011.7644 13.9112
2011.7671 15.2305
2011.7699 19.9100
2011.7726 11.2897
2011.7753 13.7195
2011.7781 11.5094
2011.7808 17.6195
2011.7836 14.9296
2011.7863 13.6698
2011.7890 17.7500
2011.7918 15.9102
2011.7945 22.8304
2011.7973 19.6606
2011.8000 19.0307
2011.8027 15.5308
2011.8055 16.2907
2011.8082 14.9805
2011.8110 13.0002
2011.8137 21.1197
2011.8164 20.9890
2011.8192 18.1281
2011.8219 19.1170
2011.8247 21.3056
2011.8274 20.6539
2011.8301 19.1519
2011.8329 17.4196
2011.8356 16.0172
2011.8384 15.6447
2011.8411 15.5921
2011.8438 17.4694
2011.8466 12.7766
2011.8493 20.7337
2011.8521 21.6507
2011.8548 20.9376
2011.8575 22.7844
2011.8603 25.5712
2011.8630 22.3278
2011.8658 21.5144
2011.8685 20.0809
2011.8712 16.3473
2011.8740 15.9536
2011.8767 16.3298
2011.8795 15.5660
2011.8822 9.1621
2011.8849 17.7581
2011.8877 13.7041
2011.8904 17.1400
2011.8932 20.1958
2011.8959 17.5215
2011.8986 12.3872
2011.9014 18.1828
2011.9041 19.5483
2011.9068 21.2638
2011.9096 21.5392
2011.9123 29.6846
2011.9151 19.5399
2011.9178 17.3948
2011.9205 12.0988
2011.9233 18.3121
2011.9260 18.5644
2011.9288 15.0060
2011.9315 23.1067
2011.9342 22.9666
2011.9370 21.2956
2011.9397 20.0437
2011.9425 16.5910
2011.9452 19.7874
2011.9479 11.1629
2011.9507 14.8976
2011.9534 17.7613
2011.9562 17.0442
2011.9589 16.2061
2011.9616 12.5172
2011.9644 16.1273
2011.9671 17.3165
2011.9699 18.7248
2011.9726 15.5921
2011.9753 17.7385
2011.9781 17.1340
2011.9808 15.6785
2011.9836 16.0721
2011.9863 19.4447
2011.9890 23.7963
2011.9918 22.8469
2011.9945 23.2666
2011.9973 21.3353
2012.0000 15.5930
2012.0027 20.0381
2012.0055 17.4992
2012.0082 18.7067
2012.0109 19.3907
2012.0137 23.8616
2012.0164 18.6596
2012.0191 22.3650
2012.0219 19.0181
2012.0246 17.8591
2012.0273 18.1284
2012.0301 15.4762
2012.0328 16.3128
2012.0355 17.3684
2012.0383 21.4034
2012.0410 17.1680
2012.0437 19.5224
2012.0464 21.4471
2012.0492 18.1922
2012.0519 23.3379
2012.0546 13.8447
2012.0574 21.4328
2012.0601 17.2224
2012.0628 18.5638
2012.0656 22.9273
2012.0683 23.4632
2012.0710 22.6717
2012.0738 21.9532
2012.0765 20.3578
2012.0792 19.3059
2012.0820 22.9174
2012.0847 23.5095
2012.0874 24.6417
2012.0902 21.9939
2012.0929 21.3262
2012.0956 23.2487
2012.0984 25.8513
2012.1011 22.5542
2012.1038 27.3273
2012.1066 21.9408
2012.1093 23.0845
2012.1120 25.1187
2012.1148 22.5232
2012.1175 22.1683
2012.1202 24.3638
2012.1230 21.0898
2012.1257 20.8265
2012.1284 21.5237
2012.1311 16.5616
2012.1339 22.7202
2012.1366 22.1296
2012.1393 26.8397
2012.1421 24.6006
2012.1448 21.7224
2012.1475 22.2850
2012.1503 22.3886
2012.1530 21.1332
2012.1557 28.0388
2012.1585 30.3254
2012.1612 19.5131
2012.1639 25.9116
2012.1667 22.4700
2012.1694 23.7385
2012.1721 24.9571
2012.1749 27.2856
2012.1776 25.5142
2012.1803 26.7928
2012.1831 23.1414
2012.1858 19.3400
2012.1885 22.0087
2012.1913 18.7973
2012.1940 19.6259
2012.1967 24.2146
2012.1995 22.6832
2012.2022 23.4119
2012.2049 20.3205
2012.2077 22.7592
2012.2104 23.6478
2012.2131 18.2964
2012.2158 20.8451
2012.2186 18.0937
2012.2213 16.2322
2012.2240 17.1008
2012.2268 16.8993
2012.2295 18.7479
2012.2322 21.3063
2012.2350 15.5248
2012.2377 28.2432
2012.2404 17.8916
2012.2432 17.6000
2012.2459 17.3283
2012.2486 19.4466
2012.2514 21.8849
2012.2541 22.6432
2012.2568 22.3916
2012.2596 16.7099
2012.2623 16.5682
2012.2650 20.3365
2012.2678 22.3649
2012.2705 23.5232
2012.2732 22.3815
2012.2760 31.6398
2012.2787 26.4381
2012.2814 29.2165
2012.2842 27.4648
2012.2869 26.9231
2012.2896 24.8514
2012.2923 23.3597
2012.2951 23.4280
2012.2978 21.6564
2012.3005 25.2247
2012.3033 27.2130
2012.3060 29.9913
2012.3087 30.6896
2012.3115 35.6578
2012.3142 28.9661
2012.3169 31.8444
2012.3197 30.6927
2012.3224 25.4610
2012.3251 26.6792
2012.3279 27.7275
2012.3306 33.8657
2012.3333 28.0240
2012.3361 27.1822
2012.3388 25.4504
2012.3415 26.1185
2012.3443 28.4167
2012.3470 28.7848
2012.3497 30.2330
2012.3525 31.6311
2012.3552 32.7992
2012.3579 33.8673
2012.3607 32.6553
2012.3634 35.7834
2012.3661 35.2215
2012.3689 31.7895
2012.3716 27.8676
2012.3743 27.0156
2012.3770 31.8136
2012.3798 32.1917
2012.3825 31.0397
2012.3852 33.9177
2012.3880 31.3657
2012.3907 30.2937
2012.3934 33.0318
2012.3962 36.1998
2012.3989 28.3078
2012.4016 30.1858
2012.4044 28.4939
2012.4071 28.6019
2012.4098 30.4199
2012.4126 28.8580
2012.4153 35.0360
2012.4180 33.7538
2012.4208 27.9716
2012.4235 33.5593
2012.4262 34.2469
2012.4290 36.0843
2012.4317 35.1218
2012.4344 38.6991
2012.4372 34.3964
2012.4399 37.1736
2012.4426 30.0908
2012.4454 30.5479
2012.4481 32.0950
2012.4508 29.2421
2012.4536 34.7291
2012.4563 31.0261
2012.4590 31.6431
2012.4617 33.5600
2012.4645 36.3670
2012.4672 36.9740
2012.4699 36.9309
2012.4727 31.1379
2012.4754 41.5550
2012.4781 39.7520
2012.4809 34.7491
2012.4836 29.3962
2012.4863 28.6233
2012.4891 33.2105
2012.4918 31.9578
2012.4945 31.5651
2012.4973 33.2326
2012.5000 30.5904
2012.5027 26.6285
2012.5055 33.1871
2012.5082 35.6661
2012.5109 35.2354
2012.5137 35.0052
2012.5164 38.2853
2012.5191 30.9058
2012.5219 27.4366
2012.5246 30.3478
2012.5273 31.7494
2012.5301 27.8314
2012.5328 29.6837
2012.5355 28.7063
2012.5383 31.1093
2012.5410 37.4926
2012.5437 37.8863
2012.5464 35.3803
2012.5492 40.7647
2012.5519 35.5894
2012.5546 31.1144
2012.5574 33.2397
2012.5601 31.9153
2012.5628 34.3413
2012.5656 29.6976
2012.5683 32.3141
2012.5710 29.8110
2012.5738 31.0282
2012.5765 31.8957
2012.5792 27.0035
2012.5820 31.5919
2012.5847 31.5742
2012.5874 30.7007
2012.5902 28.2212
2012.5929 27.1653
2012.5956 31.0628
2012.5984 29.0833
2012.6011 32.0967
2012.6038 27.9725
2012.6066 32.0606
2012.6093 30.1906
2012.6120 32.2721
2012.6148 32.7851
2012.6175 31.6490
2012.6202 33.8337
2012.6230 38.4789
2012.6257 39.5642
2012.6284 42.3394
2012.6311 40.4543
2012.6339 32.7683
2012.6366 34.5214
2012.6393 31.7532
2012.6421 27.6435
2012.6475 32.1080
2012.6503 28.2018
2012.6530 29.0828
2012.6557 34.8308
2012.6585 35.2654
2012.6612 33.7765
2012.6639 34.5036
2012.6667 36.2979
2012.6694 30.7316
2012.6721 32.7648
2012.6749 33.7576
2012.6776 31.5898
2012.6803 34.0415
2012.6831 34.0726
2012.6858 32.0731
2012.6885 33.0830
2012.6913 37.0623
2012.6940 42.1609
2012.6967 35.1989
2012.6995 32.2062
2012.7022 35.3627
2012.7049 36.4586
2012.7077 40.0436
2012.7104 39.7679
2012.7131 39.9015
2012.7158 29.9141
2012.7186 28.4960
2012.7213 31.2570
2012.7240 27.7372
2012.7268 30.1864
2012.7295 40.3047
2012.7322 37.0221
2012.7350 38.5285
2012.7377 31.6140
2012.7404 43.5185
2012.7432 39.6219
2012.7459 36.0643
2012.7486 36.5057
2012.7514 37.3364
2012.7541 37.3567
2012.7568 32.0066
2012.7596 35.3162
2012.7623 31.4354
2012.7650 33.8043
2012.7678 35.0229
2012.7705 39.5112
2012.7760 35.6272
2012.7787 41.6050
2012.7814 35.7226
2012.7842 34.3601
2012.7869 39.3775
2012.7896 40.9149
2012.7923 34.6322
2012.7951 36.8095
2012.7978 34.4769
2012.8005 36.0244
2012.8033 34.9719
2012.8060 36.8595
2012.8087 41.0673
2012.8115 40.4253
2012.8142 41.5235
2012.8169 46.1219
2012.8197 42.7006
2012.8224 40.4895
2012.8251 36.0288
2012.8279 37.1185
2012.8306 37.2485
2012.8333 42.7391
2012.8361 41.8609
2012.8388 40.0738
2012.8415 33.9478
2012.8443 38.6826
2012.8470 36.5982
2012.8497 39.0546
2012.8525 45.9916
2012.8552 34.6091
2012.8579 37.5670
2012.8607 39.3952
2012.8634 46.2536
2012.8661 33.6122
2012.8689 33.8407
2012.8716 35.5092
2012.8743 37.4275
2012.8770 34.4754
2012.8798 38.8331
2012.8825 39.6102
2012.8852 43.4067
2012.8880 42.2625
2012.8907 43.0576
2012.8934 44.3518
2012.8962 33.5149
2012.8989 37.8570
2012.9016 35.8179
2012.9044 37.2575
2012.9071 37.3258
2012.9098 38.6125
2012.9126 38.1076
2012.9153 40.2211
2012.9180 40.0925
2012.9208 37.7717
2012.9235 37.1587
2012.9262 44.6138
2012.9290 34.6968
2012.9317 38.6680
2012.9344 38.7075
2012.9372 41.0552
2012.9399 40.9514
2012.9426 38.5560
2012.9454 37.4392
2012.9481 35.0011
2012.9508 35.7617
2012.9536 39.1912
2012.9563 37.4496
2012.9590 35.6171
2012.9617 38.5636
2012.9645 39.4893
2012.9672 35.8744
2012.9699 31.6888
2012.9727 35.4426
2012.9754 37.1460
2012.9781 40.6190
2012.9809 37.3918
2012.9836 37.9244
2012.9863 38.3768
2012.9891 38.2393
2012.9918 40.2518
2012.9945 37.2445
2012.9973 40.2775
2013.0000 38.6008
2013.0027 40.7538
2013.0055 39.9962
2013.0082 36.9379
2013.0110 38.7989
2013.0137 37.8394
2013.0164 34.2695
2013.0192 36.5690
2013.0219 36.9082
2013.0247 42.1971
2013.0274 42.6056
2013.0301 40.1640
2013.0356 42.7802
2013.0384 39.3882
2013.0411 39.0862
2013.0438 42.3842
2013.0466 39.4924
2013.0493 40.0207
2013.0521 33.6392
2013.0548 36.6580
2013.0575 38.0271
2013.0603 37.9665
2013.0630 38.2664
2013.0658 39.3468
2013.0685 43.1277
2013.0712 43.7292
2013.0740 38.4414
2013.0767 47.9843
2013.0795 44.6079
2013.0822 43.9723
2013.0849 41.9678
2013.0877 41.7542
2013.0904 43.4516
2013.0932 36.5999
2013.0959 46.3591
2013.0986 42.5791
2013.1014 43.4200
2013.1041 44.5017
2013.1068 45.4942
2013.1096 43.8574
2013.1123 43.6814
2013.1151 44.6560
2013.1178 42.0413
2013.1205 46.7873
2013.1233 52.8738
2013.1260 43.9709
2013.1288 39.7485
2013.1315 41.7467
2013.1342 45.3954
2013.1370 39.3145
2013.1397 38.8040
2013.1425 37.0639
2013.1452 37.7242
2013.1479 39.6848
2013.1507 34.9558
2013.1534 47.0470
2013.1562 37.4985
2013.1589 36.3402
2013.1616 36.9721
2013.1644 40.8848
2013.1671 45.5389
2013.1699 46.7945
2013.1726 34.7915
2013.1753 37.8899
2013.1781 40.3497
2013.1808 37.1708
2013.1836 36.0533
2013.1863 43.2272
2013.1890 41.8624
2013.1918 37.8590
2013.1945 39.4268
2013.1973 42.5260
2013.2000 38.1664
2013.2027 41.3982
2013.2055 38.7512
2013.2082 44.7555
2013.2110 42.3410
2013.2137 45.3977
2013.2164 46.1257
2013.2192 40.8249
2013.2219 39.9352
2013.2247 42.6668
2013.2274 49.7795
2013.2301 44.2734
2013.2329 44.5785
2013.2356 45.6247
2013.2384 45.8120
2013.2411 45.5104
2013.2438 48.1100
2013.2466 46.7212
2013.2493 41.8278
2013.2521 50.7798
2013.2548 44.3169
2013.2575 47.0586
2013.2603 44.7345
2013.2630 46.9943
2013.2658 45.4075
2013.2685 48.8936
2013.2712 46.5023
2013.2740 49.1431
2013.2767 49.5856
2013.2795 43.8495
2013.2822 55.7242
2013.2849 50.1894
2013.2877 46.2046
2013.2904 50.8194
2013.2932 47.7934
2013.2959 43.4162
2013.2986 43.3574
2013.3014 42.3066
2013.3041 47.2532
2013.3068 49.8070
2013.3096 46.7474
2013.3123 46.9541
2013.3151 48.7367
2013.3178 45.0247
2013.3205 55.0377
2013.3233 52.9953
2013.3260 51.8371
2013.3288 50.4826
2013.3315 54.3544
2013.3342 50.3952
2013.3370 47.0553
2013.3397 49.0945
2013.3425 51.3131
2013.3452 48.9111
2013.3479 50.7785
2013.3507 50.7153
2013.3534 50.3018
2013.3562 55.1378
2013.3589 52.2936
2013.3616 44.1391
2013.3644 47.2644
2013.3671 47.0995
2013.3699 47.5147
2013.3726 42.2198
2013.3753 43.6650
2013.3781 50.4503
2013.3808 49.4758
2013.3836 46.8016
2013.3863 44.4877
2013.3890 44.5142
2013.3918 43.1011
2013.3945 45.3585
2013.3973 43.9665
2013.4000 44.8852
2013.4027 51.2146
2013.4055 51.2847
2013.4082 49.0756
2013.4110 47.6675
2013.4137 43.9902
2013.4164 49.5133
2013.4192 56.2468
2013.4219 49.6606
2013.4247 48.6046
2013.4274 54.9489
2013.4301 53.3033
2013.4329 52.3580
2013.4356 48.9127
2013.4384 47.8376
2013.4411 50.0425
2013.4438 49.2874
2013.4466 46.8924
2013.4493 46.9073
2013.4521 48.5822
2013.4548 42.8569
2013.4575 42.6815
2013.4603 39.6860
2013.4630 46.9102
2013.4658 45.9343
2013.4685 49.3180
2013.4712 48.4215
2013.4740 52.5147
2013.4767 53.9174
2013.4795 51.3998
2013.4822 52.2418
2013.4849 52.5033
2013.4877 49.3343
2013.4904 41.5348
2013.4932 45.6747
2013.4959 43.5940
2013.4986 45.0730
2013.5014 44.1319
2013.5041 45.3207
2013.5068 44.5994
2013.5096 43.1281
2013.5123 50.3567
2013.5151 44.5852
2013.5178 38.0736
2013.5205 48.9220
2013.5233 52.3403
2013.5260 46.9186
2013.5288 44.8668
2013.5315 45.4450
2013.5342 45.0631
2013.5370 45.1912
2013.5397 46.7092
2013.5425 47.0272
2013.5452 44.3151
2013.5479 46.0431
2013.5507 50.0910
2013.5534 52.4489
2013.5562 52.6167
2013.5589 55.2145
2013.5616 45.9524
2013.5644 46.4602
2013.5671 47.3780
2013.5699 45.2958
2013.5726 44.1636
2013.5753 40.4414
2013.5781 45.3992
2013.5808 46.7970
2013.5836 49.7446
2013.5863 53.2016
2013.5890 51.3782
2013.5918 48.3844
2013.5945 49.9502
2013.5973 51.7257
2013.6000 47.1509
2013.6027 44.0859
2013.6055 48.3808
2013.6082 43.8555
2013.6110 44.3502
2013.6137 43.5949
2013.6164 44.8696
2013.6192 45.6244
2013.6219 44.6893
2013.6247 48.4245
2013.6274 47.0498
2013.6301 45.5955
2013.6329 41.0215
2013.6356 48.1478
2013.6384 44.9247
2013.6411 43.4620
2013.6438 44.8798
2013.6466 53.5183
2013.6493 55.1474
2013.6521 47.4571
2013.6548 44.6276
2013.6575 44.9889
2013.6603 41.4911
2013.6630 41.9941
2013.6658 44.8280
2013.6685 43.9628
2013.6712 45.0283
2013.6740 41.8345
2013.6767 49.9214
2013.6795 49.8190
2013.6822 44.0671
2013.6849 51.7257
2013.6877 42.2248
2013.6932 46.5644
2013.6959 47.9148
2013.6986 41.6455
2013.7014 44.9065
2013.7041 43.0777
2013.7068 50.8392
2013.7096 46.5407
2013.7123 54.6624
2013.7151 56.2242
2013.7178 48.4360
2013.7205 49.3778
2013.7233 43.9995
2013.7260 48.9011
2013.7288 49.2825
2013.7315 43.4138
2013.7342 44.8249
2013.7370 42.7456
2013.7397 44.1561
2013.7425 46.2462
2013.7452 48.7959
2013.7479 54.2052
2013.7507 47.1542
2013.7534 51.3532
2013.7562 47.6622
2013.7589 47.9712
2013.7616 52.9001
2013.7644 44.1190
2013.7671 52.5780
2013.7699 54.5069
2013.7726 57.7458
2013.7753 52.9446
2013.7781 55.9135
2013.7808 58.8424
2013.7836 55.3512
2013.7863 50.7600
2013.7890 55.2389
2013.7918 54.0077
2013.7945 53.0965
2013.7973 57.4753
2013.8000 54.5041
2013.8027 51.8429
2013.8055 53.2117
2013.8082 50.5305
2013.8110 52.8293
2013.8137 55.1680
2013.8164 57.0468
2013.8192 58.0456
2013.8219 55.5144
2013.8247 55.1231
2013.8274 57.6319
2013.8301 58.1707
2013.8329 58.7495
2013.8356 71.8284
2013.8384 61.9874
2013.8411 58.3865
2013.8438 60.3856
2013.8466 56.9147
2013.8493 56.6938
2013.8521 61.9828
2013.8548 59.2217
2013.8575 62.8705
2013.8603 60.8091
2013.8630 59.6975
2013.8658 62.1957
2013.8685 55.5436
2013.8712 52.5812
2013.8740 55.0485
2013.8767 56.4554
2013.8795 58.9919
2013.8822 56.3379
2013.8849 55.5135
2013.8877 59.0886
2013.8904 53.6432
2013.8932 48.5472
2013.8959 52.4306
2013.8986 46.9133
2013.9014 52.0454
2013.9041 49.9268
2013.9068 49.4774
2013.9096 52.1673
2013.9123 52.8264
2013.9151 52.2046
2013.9178 47.7807
2013.9205 48.6133
2013.9233 51.2026
2013.9260 51.1587
2013.9288 48.9019
2013.9315 51.0922
2013.9342 51.8699
2013.9370 53.8350
2013.9397 47.9078
2013.9425 52.4983
2013.9452 52.0568
2013.9479 51.7233
2013.9507 51.7481
2013.9534 53.9313
2013.9562 48.8130
2013.9589 48.9434
2013.9616 48.9527
2013.9644 49.8610
2013.9671 53.7284
2013.9699 53.5652
2013.9726 53.2214
2013.9753 54.0472
2013.9781 52.0929
2013.9808 54.2184
2013.9836 54.5740
2013.9863 55.7999
2013.9890 52.3962
2013.9918 55.6030
2013.9945 54.0305
2013.9973 53.1188
2014.0000 59.4782
2014.0027 54.8675
2014.0055 53.3355
2014.0082 55.7925
2014.0110 56.5684
2014.0137 56.5434
2014.0164 52.2376
2014.0192 50.9410
2014.0219 51.5439
2014.0247 51.6262
2014.0274 53.1582
2014.0301 55.2798
2014.0329 62.8812
2014.0356 57.4325
2014.0384 51.4238
2014.0411 54.3652
2014.0438 52.7768
2014.0466 61.2087
2014.0493 55.7210
2014.0521 53.5938
2014.0548 57.0172
2014.0575 54.7113
2014.0603 56.4462
2014.0630 53.6220
2014.0658 58.2588
2014.0685 56.5168
2014.0712 53.9359
2014.0740 54.0663
2014.0767 57.1982
2014.0795 54.0215
2014.0822 55.6464
2014.0849 55.7027
2014.0877 51.8103
2014.0904 54.3193
2014.0932 57.5395
2014.0959 57.0011
2014.0986 55.8339
2014.1014 53.0981
2014.1041 55.8735
2014.1068 54.5202
2014.1096 55.4082
2014.1123 57.2474
2014.1151 55.1279
2014.1178 61.0396
2014.1205 59.1826
2014.1233 51.4568
2014.1260 60.7222
2014.1288 60.8788
2014.1315 61.3367
2014.1342 56.0957
2014.1370 52.7459
2014.1397 55.9973
2014.1425 56.7699
2014.1452 59.2537
2014.1479 58.9486
2014.1507 55.0347
2014.1534 57.0519
2014.1562 56.5803
2014.1589 57.4798
2014.1616 54.7304
2014.1644 61.8621
2014.1671 64.7745
2014.1699 59.0178
2014.1726 61.4717
2014.1753 63.6363
2014.1781 62.4915
2014.1808 60.0472
2014.1836 61.0034
2014.1863 61.0099
2014.1890 58.0769
2014.1918 56.9741
2014.1945 57.8515
2014.1973 57.4291
2014.2000 56.2767
2014.2027 55.6644
2014.2055 53.4321
2014.2082 57.1397
2014.2110 66.2971
2014.2137 56.9144
2014.2164 60.0113
2014.2192 55.9779
2014.2219 60.9241
2014.2247 62.2199
2014.2274 61.6151
2014.2301 58.9398
2014.2329 63.9238
2014.2356 59.5671
2014.2384 60.8196
2014.2411 61.2613
2014.2438 62.9121
2014.2466 62.8920
2014.2493 55.2816
2014.2521 63.4809
2014.2548 63.8300
2014.2575 66.0289
2014.2603 64.9075
2014.2630 66.1160
2014.2658 67.8244
2014.2685 63.3525
2014.2712 63.9806
2014.2740 70.5486
2014.2767 57.8065
2014.2795 68.0844
2014.2822 66.8522
2014.2849 64.0300
2014.2877 61.3278
2014.2904 67.8156
2014.2932 71.0935
2014.2959 71.6815
2014.2986 66.1895
2014.3014 66.8376
2014.3041 61.9459
2014.3068 62.9843
2014.3096 60.0129
2014.3123 58.7417
2014.3151 70.6907
2014.3178 65.6699
2014.3205 60.1294
2014.3233 61.6692
2014.3260 64.3592
2014.3288 64.5596
2014.3315 59.1101
2014.3342 66.2006
2014.3370 60.0712
2014.3452 57.8434
2014.3479 63.6544
2014.3507 66.9355
2014.3534 59.2867
2014.3562 68.7282
2014.3589 66.2298
2014.3616 65.0316
2014.3644 64.2737
2014.3671 67.4561
2014.3699 66.9787
2014.3726 68.3316
2014.3753 60.6848
2014.3781 67.2584
2014.3808 64.9823
2014.3836 64.5266
2014.3863 62.0813
2014.3890 61.6264
2014.3918 64.9020
2014.3945 63.8880
2014.3973 72.4044
2014.4000 60.9314
2014.4027 64.4489
2014.4055 72.4069
2014.4082 62.7454
2014.4110 63.2945
2014.4137 61.4442
2014.4164 60.6745
2014.4192 64.3552
2014.4219 62.2365
2014.4247 64.4082
2014.4274 63.2204
2014.4301 62.3529
2014.4329 62.9659
2014.4356 61.2192
2014.4384 58.9629
2014.4411 61.2469
2014.4438 64.9312
2014.4466 65.8358
2014.4493 64.6306
2014.4521 68.2657
2014.4548 74.1810
2014.4575 69.0664
2014.4603 62.2820
2014.4630 63.1477
2014.4658 65.8835
2014.4685 62.1694
2014.4712 65.5454
2014.4740 65.0414
2014.4767 65.6674
2014.4795 64.0134
2014.4822 62.5994
2014.4849 66.3853
2014.4877 68.2611
2014.4904 65.6069
2014.4932 68.9725
2014.4959 70.7979
2014.4986 63.5043
2014.5014 67.1927
2014.5041 63.2029
2014.5068 73.0547
2014.5096 64.7279
2014.5123 57.1224
2014.5151 63.0079
2014.5178 65.4142
2014.5205 74.2811
2014.5233 66.2485
2014.5260 74.4462
2014.5288 68.7239
2014.5315 66.5015
2014.5342 56.7987
2014.5370 66.8054
2014.5397 59.7614
2014.5425 63.3964
2014.5452 61.9704
2014.5479 63.6430
2014.5507 58.0041
2014.5534 63.3136
2014.5562 60.3111
2014.5589 63.9966
2014.5616 65.9698
2014.5644 71.8805
2014.5671 68.3485
2014.5699 67.9537
2014.5726 67.0858
2014.5753 63.2347
2014.5781 63.5801
2014.5808 62.4419
2014.5836 60.7215
2014.5863 65.5607
2014.5890 66.8694
2014.5918 68.3477
2014.5945 64.6756
2014.5973 62.3031
2014.6000 69.3502
2014.6027 66.4471
2014.6055 67.9536
2014.6082 68.9298
2014.6110 67.1858
2014.6137 67.8715
2014.6164 63.8771
2014.6192 72.4925
2014.6219 71.2177
2014.6247 66.0828
2014.6274 64.1279
2014.6301 62.7828
2014.6329 61.4377
2014.6356 62.7726
2014.6384 61.5075
2014.6411 58.4124
2014.6438 62.1074
2014.6466 62.2225
2014.6493 64.2077
2014.6521 56.0730
2014.6548 56.6985
2014.6575 62.1842
2014.6603 61.7001
2014.6630 66.7663
2014.6658 71.9927
2014.6685 67.1791
2014.6712 69.2855
2014.6740 68.1319
2014.6767 69.0184
2014.6795 72.0748
2014.6822 69.3813
2014.6849 69.3177
2014.6877 68.7142
2014.6904 66.7907
2014.6932 69.6872
2014.6959 75.9637
2014.6986 71.6602
2014.7014 69.5168
2014.7041 74.1033
2014.7068 69.8199
2014.7096 70.5866
2014.7123 70.0432
2014.7151 70.3499
2014.7178 67.0766
2014.7205 68.0833
2014.7233 75.8501
2014.7260 70.7369
2014.7288 67.7137
2014.7315 70.1406
2014.7342 62.8575
2014.7370 55.5444
2014.7397 89.2514
2014.7425 69.1484
2014.7452 67.6655
2014.7479 67.0326
2014.7507 66.4723
2014.7534 71.6967
2014.7562 71.1855
2014.7589 84.4485
2014.7616 67.4052
2014.7644 66.3854
2014.7671 67.7987
2014.7699 68.1650
2014.7726 68.8538
2014.7753 67.8148
2014.7781 69.4477
2014.7808 67.6823
2014.7836 69.2682
2014.7863 67.0051
2014.7890 65.6827
2014.7918 67.6107
2014.7945 64.7687
2014.7973 68.2965
2014.8000 65.1538
2014.8027 70.7802
2014.8055 73.1154
2014.8082 68.7092
2014.8110 70.4712
2014.8137 65.5511
2014.8164 70.5385
2014.8192 68.7933
2014.8219 66.1851
2014.8247 64.5535
2014.8274 70.5382
2014.8301 77.7490
2014.8329 82.7361
2014.8356 71.8121
2014.8384 68.4675
2014.8411 69.4324
2014.8438 64.1667
2014.8466 68.2503
2014.8493 66.4033
2014.8521 68.5657
2014.8548 67.2974
2014.8575 68.1783
2014.8603 69.8185
2014.8630 67.4880
2014.8658 67.7768
2014.8685 67.4947
2014.8712 65.0518
2014.8740 65.6682
2014.8767 66.1636
2014.8795 65.3782
2014.8822 64.2919
2014.8849 64.3547
2014.8877 65.7966
2014.8904 70.1676
2014.8932 65.2375
2014.8959 61.7265
2014.8986 67.5745
2014.9014 63.1014
2014.9041 71.2773
2014.9068 70.1321
2014.9096 67.1659
2014.9123 66.6185
2014.9151 71.1300
2014.9178 69.8909
2014.9205 67.2216
2014.9233 64.9122
2014.9260 67.9227
2014.9288 70.2930
2014.9315 78.6332
2014.9342 75.1632
2014.9370 71.1731
2014.9397 75.8628
2014.9425 72.4324
2014.9452 72.0918
2014.9479 68.1610
2014.9507 74.3401
2014.9534 70.9989
2014.9562 74.9776
2014.9589 73.0161
2014.9616 74.7544
2014.9644 71.2225
2014.9671 73.3104
2014.9699 70.1881
2014.9726 74.8655
2014.9753 69.9628
2014.9781 73.9498
2014.9808 74.4666
2014.9836 68.4932
2014.9863 73.5295
2014.9890 69.8955
2014.9918 67.0214
2014.9945 69.5469
2014.9973 73.0623
2015.0000 68.5873
2015.0027 72.7020
2015.0055 70.1163
2015.0082 72.4502
2015.0110 68.1438
2015.0137 67.7770
2015.0164 70.2200
2015.0192 69.6527
2015.0219 71.8752
2015.0247 68.6374
2015.0274 68.6296
2015.0301 73.0415
2015.0329 69.7534
2015.0356 68.6151
2015.0384 69.1368
2015.0411 71.8685
2015.0438 69.9302
2015.0466 71.9819
2015.0493 74.7937
2015.0521 71.6656
2015.0548 76.9076
2015.0575 71.0198
2015.0603 71.6121
2015.0630 71.5146
2015.0658 74.0174
2015.0685 74.6305
2015.0712 73.1438
2015.0740 66.6375
2015.0767 81.2416
2015.0795 74.1560
2015.0822 75.6108
2015.0849 73.2457
2015.0877 72.0806
2015.0904 72.8757
2015.0932 78.4009
2015.0959 77.4065
2015.0986 75.0923
2015.1014 70.9386
2015.1041 72.6453
2015.1068 80.4025
2015.1096 80.0303
2015.1123 75.7088
2015.1151 70.3679
2015.1178 72.5478
2015.1205 76.1785
2015.1233 82.1301
2015.1260 73.8527
2015.1288 74.8263
2015.1315 78.0510
2015.1342 75.4568
2015.1370 72.4738
2015.1397 74.9520
2015.1425 77.7216
2015.1452 72.5826
2015.1479 66.9850
2015.1507 60.9990
2015.1534 76.1145
2015.1562 75.3517
2015.1589 69.8805
2015.1616 71.0012
2015.1644 75.3230
2015.1671 74.3254
2015.1699 73.8283
2015.1726 71.7118
2015.1753 73.5458
2015.1781 72.8602
2015.1808 79.9052
2015.1836 75.1805
2015.1863 74.2363
2015.1890 74.6524
2015.1918 85.9789
2015.1945 77.7658
2015.1973 77.6029
2015.2000 74.8903
2015.2027 83.2981
2015.2055 77.0360
2015.2082 73.6242
2015.2110 75.6625
2015.2137 76.8111
2015.2164 77.3197
2015.2192 76.0985
2015.2219 71.9674
2015.2247 92.6964
2015.2274 68.8854
2015.2301 71.7044
2015.2329 72.7035
2015.2356 73.2925
2015.2384 76.3915
2015.2411 80.3904
2015.2438 79.0192
2015.2466 82.3480
2015.2493 74.9073
2015.2521 78.7373
2015.2548 74.2378
2015.2575 76.0387
2015.2603 82.4901
2015.2630 74.9819
2015.2658 76.2440
2015.2685 77.0863
2015.2712 77.0989
2015.2740 78.8516
2015.2767 72.1644
2015.2795 73.2172
2015.2822 76.4799
2015.2849 80.9726
2015.2877 70.1052
2015.2904 77.8175
2015.2932 76.9696
2015.2959 81.7314
2015.2986 79.9828
2015.3014 75.1537
2015.3041 78.0942
2015.3068 77.7842
2015.3096 75.2235
2015.3123 71.1522
2015.3151 76.8601
2015.3178 76.4073
2015.3205 84.0537
2015.3233 78.0792
2015.3260 79.2037
2015.3288 75.9372
2015.3315 73.4692
2015.3342 74.6590
2015.3370 77.5970
2015.3397 79.4030
2015.3425 86.1274
2015.3452 73.3202
2015.3479 74.9415
2015.3507 73.3815
2015.3534 76.6203
2015.3562 77.4881
2015.3589 79.0948
2015.3616 72.5008
2015.3644 80.0061
2015.3671 78.4607
2015.3699 85.4650
2015.3726 81.6889
2015.3753 77.7026
2015.3781 81.6163
2015.3836 83.9939
2015.3863 87.7481
2015.3890 86.3927
2015.3918 79.4079
2015.3945 79.6538
2015.3973 79.4604
2015.4000 80.0481
2015.4027 82.8868
2015.4055 82.3766
2015.4082 78.6178
2015.4110 77.5404
2015.4137 78.2144
2015.4164 79.6187
2015.4192 80.8330
2015.4219 77.7473
2015.4247 78.4717
2015.4274 80.0462
2015.4301 75.6508
2015.4329 80.0454
2015.4356 79.8501
2015.4384 78.1348
2015.4411 80.0096
2015.4438 75.8345
2015.4466 76.4095
2015.4493 73.9146
2015.4521 73.1597
2015.4548 76.3249
2015.4575 75.4802
2015.4603 77.9956
2015.4630 83.4211
2015.4658 78.0467
2015.4685 77.8523
2015.4712 76.1681
2015.4740 80.0139
2015.4767 76.5398
2015.4795 79.1859
2015.4822 83.1720
2015.4849 81.5082
2015.4877 76.3846
2015.4904 82.2510
2015.4932 75.0175
2015.4959 74.2242
2015.4986 73.5310
2015.5014 71.4980
2015.5041 73.2753
2015.5068 74.3527
2015.5096 73.2704
2015.5123 75.2382
2015.5151 74.0663
2015.5178 89.5546
2015.5205 79.6531
2015.5233 78.9518
2015.5260 82.5907
2015.5288 80.7198
2015.5315 81.8292
2015.5342 86.7087
2015.5370 82.6684
2015.5397 81.3283
2015.5425 76.7184
2015.5452 77.5887
2015.5479 79.6192
2015.5507 62.6499
2015.5534 81.0908
2015.5562 78.2418
2015.5589 77.6131
2015.5616 81.3846
2015.5644 79.2062
2015.5671 80.4380
2015.5699 78.2900
2015.5726 73.4022
2015.5753 79.1645
2015.5781 81.0971
2015.5808 77.3398
2015.5836 78.6537
2015.5863 77.4098
2015.5890 86.6079
2015.5918 83.2578
2015.5945 80.8094
2015.5973 80.0626
2015.6000 78.3871
2015.6027 82.7229
2015.6055 81.7397
2015.6082 84.1875
2015.6110 81.9561
2015.6137 77.4954
2015.6164 85.8951
2015.6192 83.0851
2015.6219 83.6854
2015.6247 85.1157
2015.6274 83.9258
2015.6301 81.9657
2015.6329 80.1553
2015.6356 80.3742
2015.6384 80.8424
2015.6411 78.9398
2015.6438 83.9861
2015.6466 76.5613
2015.6493 81.3052
2015.6521 80.6076
2015.6548 82.7385
2015.6575 81.2175
2015.6603 84.5646
2015.6630 84.8697
2015.6658 80.1727
2015.6685 83.3242
2015.6712 78.0046
2015.6740 81.3537
2015.6767 80.8419
2015.6795 79.2091
2015.6822 83.1454
2015.6849 82.8310
2015.6877 83.5659
2015.6904 78.8803
2015.6932 81.0241
2015.6959 82.3176
2015.6986 85.2908
2015.7014 87.3638
2015.7041 85.7866
2015.7068 82.2495
2015.7096 85.2224
2015.7123 84.4155
2015.7151 83.3689
2015.7178 91.2826
2015.7205 85.6667
2015.7233 86.7814
2015.7260 85.1568
2015.7288 80.9228
2015.7315 82.9097
2015.7342 81.3975
2015.7370 81.6463
2015.7397 82.0362
2015.7425 83.7273
2015.7452 81.7097
2015.7479 79.5434
2015.7507 80.0679
2015.7534 81.6324
2015.7562 84.7168
2015.7589 78.4613
2015.7616 81.7458
2015.7644 80.2503
2015.7671 75.5148
2015.7699 83.4493
2015.7726 80.4239
2015.7753 79.9284
2015.7781 73.1829
2015.7808 78.7574
2015.7836 77.9820
2015.7863 84.1765
2015.7890 78.5810
2015.7918 85.3156
2015.7945 81.2101
2015.7973 84.9246
2015.8000 84.3591
2015.8027 89.9037
2015.8055 81.3882
2015.8082 86.9727
2015.8110 77.9672
2015.8137 81.8817
2015.8164 85.5662
2015.8192 82.5607
2015.8219 86.7752
2015.8247 80.5697
2015.8274 84.8941
2015.8301 85.3786
2015.8329 84.9531
2015.8356 86.7375
2015.8384 85.4019
2015.8411 86.8664
2015.8438 83.3208
2015.8466 87.7952
2015.8493 84.5197
2015.8521 88.0941
2015.8548 84.9085
2015.8575 82.4529
2015.8603 91.9573
2015.8630 87.0017
2015.8658 87.8261
2015.8685 86.4405
2015.8712 83.1449
2015.8740 82.1293
2015.8767 79.0537
2015.8795 81.7081
2015.8822 87.2124
2015.8849 87.3768
2015.8877 90.2412
2015.8904 87.0856
2015.8932 88.7999
2015.8959 86.2743
2015.8986 90.0887
2015.9014 88.7630
2015.9041 83.6674
2015.9068 82.7518
2015.9096 82.2761
2015.9123 85.7005
2015.9151 79.6448
2015.9178 90.6892
2015.9205 85.3535
2015.9233 77.4776
2015.9260 81.4716
2015.9288 80.5654
2015.9315 85.0389
2015.9342 81.8621
2015.9370 80.6550
2015.9397 81.7174
2015.9425 77.6494
2015.9479 79.4817
2015.9507 84.5919
2015.9534 81.8615
2015.9562 81.5204
2015.9589 79.7385
2015.9616 83.2058
2015.9644 85.6122
2015.9671 81.9977
2015.9699 79.0923
2015.9726 83.3358
2015.9753 85.9382
2015.9781 77.8295
2015.9808 83.9197
2015.9836 84.8086
2015.9863 85.9163
2015.9890 83.7726
2015.9918 84.3776
2015.9945 83.8612
2015.9973 82.8832
2016.0000 84.7738
2016.0027 88.7630
2016.0055 87.1009
2016.0082 81.3478
2016.0109 84.9635
2016.0137 81.4983
2016.0164 77.8121
2016.0191 79.0751
2016.0219 80.8073
2016.0246 81.6988
2016.0273 77.4996
2016.0301 79.6998
2016.0328 79.4196
2016.0355 81.9389
2016.0383 91.3578
2016.0410 81.1865
2016.0437 81.7249
2016.0464 80.0632
2016.0492 79.6913
2016.0519 83.1595
2016.0546 82.7978
2016.0574 79.8561
2016.0601 82.6247
2016.0628 81.1635
2016.0656 79.1227
2016.0683 78.8623
2016.0710 80.5123
2016.0738 82.6329
2016.0765 81.8142
2016.0792 81.6861
2016.0820 84.9487
2016.0847 78.7314
2016.0874 90.7539
2016.0902 84.6864
2016.0929 82.8788
2016.0956 66.7713
2016.0984 78.9237
2016.1011 86.7563
2016.1038 84.2790
2016.1066 86.6218
2016.1093 84.4448
2016.1120 86.8980
2016.1148 86.4914
2016.1175 85.3251
2016.1202 82.5592
2016.1230 85.4435
2016.1257 85.1883
2016.1284 88.0734
2016.1311 85.9190
2016.1339 92.5551
2016.1366 88.0617
2016.1393 92.6189
2016.1421 89.5766
2016.1448 86.8149
2016.1475 91.1439
2016.1503 86.4936
2016.1530 85.4840
2016.1557 86.6951
2016.1585 89.8870
2016.1612 83.7198
2016.1639 87.6351
2016.1667 90.0257
2016.1694 95.8013
2016.1721 83.6316
2016.1749 92.4562
2016.1776 90.7250
2016.1803 97.2474
2016.1831 89.9733
2016.1858 91.4422
2016.1885 93.1340
2016.1913 94.5782
2016.1940 95.6845
2016.1967 95.5726
2016.1995 95.6722
2016.2022 90.7830
2016.2049 94.8346
2016.2077 88.1867
2016.2104 84.6891
2016.2131 92.7013
2016.2158 85.1430
2016.2186 88.1340
2016.2213 91.3140
2016.2240 88.7525
2016.2268 92.4293
2016.2295 87.9640
2016.2322 88.9264
2016.2350 85.9861
2016.2377 97.4727
2016.2404 84.6161
2016.2432 89.6057
2016.2459 86.9116
2016.2486 85.0260
2016.2514 85.8500
2016.2541 80.4736
2016.2568 85.3768
2016.2596 88.2596
2016.2623 85.5920
2016.2650 86.0540
2016.2678 91.6857
2016.2705 91.2969
2016.2732 93.1777
2016.2760 89.4382
2016.2787 91.5782
2016.2814 91.1778
2016.2842 88.1371
2016.2869 89.7560
2016.2896 87.6044
2016.2923 90.5525
2016.2951 90.9902
2016.2978 91.2275
2016.3005 84.5243
2016.3033 85.3708
2016.3060 84.3770
2016.3087 86.8927
2016.3115 86.4180
2016.3142 88.2329
2016.3169 95.2775
2016.3197 90.8616
2016.3224 87.4653
2016.3251 94.0487
2016.3279 88.4117
2016.3306 91.9938
2016.3333 93.0936
2016.3361 93.1311
2016.3388 91.2365
2016.3415 84.6699
2016.3443 92.9916
2016.3470 90.2817
2016.3497 95.1204
2016.3525 96.5879
2016.3552 92.4442
2016.3579 85.2197
2016.3607 79.2145
2016.3634 94.2487
2016.3661 87.3825
2016.3689 82.7261
2016.3716 88.1997
2016.3770 94.3175
2016.3798 92.8220
2016.3825 92.9572
2016.3852 95.6833
2016.3880 98.7603
2016.3907 96.2985
2016.3934 96.6481
2016.3962 82.9492
2016.3989 95.2121
2016.4016 92.4267
2016.4044 85.5835
2016.4071 84.8324
2016.4098 85.6938
2016.4126 76.9577
2016.4153 84.6559
2016.4180 87.9391
2016.4208 88.6070
2016.4235 92.9992
2016.4262 87.6453
2016.4290 89.2651
2016.4317 91.9881
2016.4344 90.0540
2016.4372 91.7924
2016.4399 90.7730
2016.4426 94.1754
2016.4454 88.2492
2016.4481 95.1041
2016.4508 95.1798
2016.4536 95.5358
2016.4563 90.6318
2016.4590 94.8675
2016.4617 94.0225
2016.4645 89.7664
2016.4672 88.0389
2016.4699 100.6296
2016.4727 92.1082
2016.4754 94.0943
2016.4781 95.6775
2016.4809 94.2975
2016.4836 88.2339
2016.4863 89.1563
2016.4891 86.3045
2016.4918 86.4980
2016.4945 92.6065
2016.4973 92.8103
2016.5000 94.7827
2016.5027 91.8344
2016.5055 94.8554
2016.5082 93.0759
2016.5109 91.1857
2016.5137 93.4350
2016.5164 91.4839
2016.5191 86.5923
2016.5219 88.4603
2016.5246 91.7379
2016.5273 91.5852
2016.5301 92.2223
2016.5328 93.6892
2016.5355 90.9258
2016.5383 96.7423
2016.5410 92.7188
2016.5437 97.0852
2016.5464 100.4515
2016.5492 98.6480
2016.5519 92.3745
2016.5546 91.9011
2016.5574 89.3479
2016.5601 85.5949
2016.5628 90.1721
2016.5656 88.7897
2016.5710 95.0059
2016.5738 93.6646
2016.5765 89.4038
2016.5792 96.0335
2016.5820 84.9738
2016.5847 89.0243
2016.5874 95.4150
2016.5902 93.3659
2016.5929 89.2671
2016.5956 94.7785
2016.5984 96.5002
2016.6011 94.5922
2016.6038 91.4645
2016.6066 96.1270
2016.6093 90.9499
2016.6120 84.5432
2016.6148 83.2867
2016.6202 91.0050
2016.6230 91.0496
2016.6257 93.8047
2016.6284 95.2002
2016.6311 94.0761
2016.6339 93.1624
2016.6366 95.9392
2016.6393 93.6765
2016.6421 96.9642
2016.6448 97.8424
2016.6475 97.6512
2016.6503 101.1004
2016.6530 98.1801
2016.6557 113.6804
2016.6585 101.2813
2016.6612 95.7227
2016.6639 96.4047
2016.6667 96.6818
2016.6694 92.8319
2016.6721 101.4743
2016.6749 93.7682
2016.6776 106.1025
2016.6803 95.7465
2016.6831 105.5493
2016.6858 97.0199
2016.6885 97.0475
2016.6913 98.8611
2016.6940 98.4099
2016.6967 95.7230
2016.6995 101.8995
2016.7022 97.2685
2016.7049 101.7791
2016.7077 97.7304
2016.7104 110.1016
2016.7131 96.8316
2016.7158 89.8397
2016.7186 92.0149
2016.7213 99.5564
2016.7240 91.7133
2016.7268 102.2546
2016.7295 97.0795
2016.7322 97.4271
2016.7350 89.3565
2016.7377 93.7268
2016.7404 94.8371
2016.7432 92.9165
2016.7459 92.6741
2016.7486 95.8196
2016.7514 92.5610
2016.7541 91.7617
2016.7568 97.8118
2016.7596 87.6811
2016.7623 92.4898
2016.7650 93.5078
2016.7678 90.7251
2016.7705 92.2418
2016.7732 93.1878
2016.7760 92.6931
2016.7787 85.4878
2016.7814 89.5018
2016.7842 91.0351
2016.7869 91.4278
2016.7896 96.0099
2016.7923 89.6213
2016.7951 93.3520
2016.7978 91.8421
2016.8005 93.6616
2016.8033 96.9705
2016.8060 98.0387
2016.8087 95.8263
2016.8115 100.2432
2016.8142 92.9996
2016.8169 90.0553
2016.8197 86.0204
2016.8224 91.7349
2016.8251 89.7887
2016.8279 91.6620
2016.8306 95.3447
2016.8333 98.5971
2016.8361 91.6605
2016.8388 97.6848
2016.8415 94.5998
2016.8443 93.4456
2016.8470 91.7718
2016.8497 90.2184
2016.8525 89.0753
2016.8552 87.2624
2016.8579 89.1894
2016.8607 92.2363
2016.8634 93.2829
2016.8661 88.6791
2016.8689 85.7448
2016.8716 86.9299
2016.8743 89.6642
2016.8770 89.3275
2016.8798 91.2599
2016.8825 91.4510
2016.8852 90.2009
2016.8880 94.8393
2016.8907 92.2961
2016.8934 99.4113
2016.8962 89.1046
2016.8989 90.1360
2016.9016 87.1553
2016.9044 89.4724
2016.9071 88.0871
2016.9098 90.2694
2016.9126 91.4391
2016.9153 92.3660
2016.9180 90.5117
2016.9208 88.0874
2016.9235 88.0131
2016.9262 90.6187
2016.9290 91.3242
2016.9317 89.1698
2016.9344 88.1453
2016.9372 90.1008
2016.9399 90.1463
2016.9426 91.6318
2016.9454 91.2572
2016.9481 87.7026
2016.9508 90.4080
2016.9536 87.4034
2016.9563 88.6488
2016.9590 90.4041
2016.9617 90.2694
2016.9645 87.0147
2016.9672 88.9301
2016.9699 90.8654
2016.9727 86.9306
2016.9754 86.6959
2016.9781 86.2712
2016.9809 88.3165
2016.9836 95.1618
2016.9863 89.8270
2016.9891 89.8823
2016.9918 90.1876
2016.9945 90.0228
2016.9973 86.9981
2017.0000 89.8834
2017.0027 86.7686
2017.0055 89.1238
2017.0082 87.8890
2017.0110 89.9142
2017.0137 89.7294
2017.0164 89.6946
2017.0192 89.4298
2017.0219 92.1250
2017.0247 87.1302
2017.0274 84.9754
2017.0301 85.6105
2017.0329 90.5157
2017.0384 89.3660
2017.0411 83.9212
2017.0438 86.8063
2017.0466 87.8615
2017.0493 85.5266
2017.0521 93.3318
2017.0548 94.1469
2017.0575 88.8020
2017.0603 87.2471
2017.0630 87.5623
2017.0658 94.6274
2017.0685 90.4325
2017.0712 94.9976
2017.0740 91.6627
2017.0767 93.3078
2017.0795 89.8129
2017.0822 94.7376
2017.0849 92.0599
2017.0877 93.2396
2017.0904 89.7670
2017.0932 87.9823
2017.0959 87.8556
2017.0986 91.9071
2017.1014 89.9871
2017.1041 87.5057
2017.1068 97.2032
2017.1096 93.8697
2017.1123 95.4054
2017.1151 99.6006
2017.1178 97.5955
2017.1205 98.8802
2017.1233 95.6249
2017.1260 95.8599
2017.1288 93.5753
2017.1315 94.7314
2017.1342 94.0184
2017.1370 94.8863
2017.1397 98.4856
2017.1425 96.1363
2017.1452 95.4586
2017.1479 89.0028
2017.1507 91.5190
2017.1534 93.7975
2017.1562 93.0584
2017.1589 94.7820
2017.1616 96.3884
2017.1644 93.4578
2017.1671 93.0198
2017.1699 97.7642
2017.1726 94.3711
2017.1753 94.0701
2017.1781 94.3811
2017.1808 100.5840
2017.1836 96.0486
2017.1863 94.9347
2017.1890 96.6122
2017.1918 97.9308
2017.1945 98.8805
2017.1973 101.0311
2017.2000 93.8824
2017.2027 95.6742
2017.2055 103.8164
2017.2082 94.8488
2017.2110 94.9813
2017.2137 103.5037
2017.2164 100.3258
2017.2192 95.2574
2017.2219 92.7485
2017.2247 90.3488
2017.2274 93.6782
2017.2301 94.3864
2017.2329 88.8335
2017.2356 94.6291
2017.2384 94.6331
2017.2411 79.2154
2017.2438 88.0258
2017.2466 83.4341
2017.2493 88.4004
2017.2521 94.6449
2017.2548 97.4377
2017.2575 94.7690
2017.2603 97.6489
2017.2630 93.9977
2017.2658 99.6553
2017.2685 93.5721
2017.2712 100.8281
2017.2740 101.5536
2017.2767 101.2986
2017.2795 101.2433
2017.2822 95.8380
2017.2849 103.7026
2017.2877 101.9975
2017.2904 104.3326
2017.2932 103.9983
2017.2959 101.6247
2017.2986 103.0919
2017.3014 96.8600
2017.3041 101.6693
2017.3068 100.8998
2017.3096 103.4818
2017.3123 104.3053
2017.3151 103.9407
2017.3178 102.4479
2017.3205 102.9472
2017.3233 101.1287
2017.3260 102.2025
2017.3288 102.8589
2017.3315 105.3680
2017.3342 103.2696
2017.3370 100.7736
2017.3397 101.0899
2017.3425 102.2482
2017.3452 102.7385
2017.3479 96.3005
2017.3507 100.1541
2017.3534 105.4491
2017.3562 104.6855
2017.3589 103.6029
2017.3616 103.3713
2017.3644 108.4905
2017.3671 107.3503
2017.3699 105.3905
2017.3726 103.7411
2017.3753 109.5218
2017.3781 104.0325
2017.3808 106.1030
2017.3836 101.3432
2017.3863 101.7929
2017.3890 97.7619
2017.3918 101.4201
2017.3945 99.3573
2017.3973 100.4433
2017.4000 98.1980
2017.4027 98.7313
2017.4055 99.9129
2017.4082 103.8727
2017.4110 100.1206
2017.4137 98.2865
2017.4164 94.5908
2017.4192 99.6838
2017.4219 102.2556
2017.4247 100.8163
2017.4274 102.3860
2017.4301 101.4548
2017.4329 103.0428
2017.4356 104.1101
2017.4384 103.5268
2017.4411 102.8631
2017.4438 96.5490
2017.4466 95.6346
2017.4493 97.0001
2017.4521 101.2055
2017.4548 102.3810
2017.4575 98.2267
2017.4603 86.4827
2017.4630 97.4890
2017.4658 106.7158
2017.4685 101.1432
2017.4712 100.0913
2017.4740 101.2002
2017.4767 103.8301
2017.4795 108.0109
2017.4822 96.8429
2017.4849 101.8761
2017.4877 104.7106
2017.4904 100.0766
2017.4932 101.9542
2017.4959 96.9534
2017.4986 97.2945
2017.5014 104.4276
2017.5041 103.8527
2017.5068 110.3695
2017.5096 102.5780
2017.5123 108.0581
2017.5151 101.3795
2017.5178 104.8023
2017.5205 99.1762
2017.5233 95.3211
2017.5260 102.5170
2017.5288 98.8936
2017.5315 100.3610
2017.5342 101.1888
2017.5370 102.8671
2017.5397 102.9357
2017.5425 100.5345
2017.5452 98.6933
2017.5479 102.9921
2017.5507 100.9107
2017.5534 103.1289
2017.5562 101.5367
2017.5589 99.9840
2017.5616 98.1305
2017.5644 102.2763
2017.5671 99.2811
2017.5699 100.4449
2017.5726 103.1274
2017.5753 108.2387
2017.5781 107.8785
2017.5808 110.5368
2017.5836 103.6628
2017.5863 107.9460
2017.5890 104.2666
2017.5918 100.2249
2017.5945 105.6410
2017.5973 105.9751
2017.6000 100.6376
2017.6027 101.7185
2017.6055 99.7781
2017.6082 105.5566
2017.6110 101.1842
2017.6137 109.8312
2017.6164 103.4377
2017.6192 106.7739
2017.6219 103.6502
2017.6247 106.3266
2017.6274 106.9434
2017.6301 104.3908
2017.6329 104.3091
2017.6356 104.4184
2017.6384 104.6489
2017.6411 101.5309
2017.6438 108.2945
2017.6466 106.0501
2017.6493 104.5977
2017.6521 95.3977
2017.6548 110.9001
2017.6575 108.5954
2017.6603 108.8435
2017.6630 106.5748
2017.6658 97.7297
2017.6685 107.4293
2017.6712 106.2336
2017.6740 105.1821
2017.6767 105.7247
2017.6822 109.8506
2017.6849 97.5234
2017.6877 108.4189
2017.6904 106.0969
2017.6932 103.1971
2017.6959 102.0992
2017.6986 105.2828
2017.7014 106.3077
2017.7041 102.4735
2017.7068 104.3399
2017.7096 104.2367
2017.7123 98.9735
2017.7151 105.1399
2017.7178 104.0558
2017.7205 96.7508
2017.7233 103.4246
2017.7260 105.0969
2017.7288 104.4373
2017.7315 103.8156
2017.7342 103.7615
2017.7370 101.8646
2017.7397 105.6347
2017.7425 101.2614
2017.7452 104.7644
2017.7479 110.9335
2017.7507 108.2108
2017.7534 102.0686
2017.7562 103.5866
2017.7589 101.0948
2017.7616 104.0031
2017.7644 105.6613
2017.7671 105.9893
2017.7699 102.9569
2017.7726 105.5542
2017.7753 107.1809
2017.7781 105.9569
2017.7808 104.1320
2017.7836 104.6463
2017.7863 104.0395
2017.7890 102.6415
2017.7918 102.3722
2017.7945 102.4315
2017.7973 103.8792
2017.8000 104.4152
2017.8027 99.7495
2017.8055 107.7818
2017.8082 103.9821
2017.8110 107.5102
2017.8137 103.9360
2017.8164 103.6694
2017.8192 107.5002
2017.8219 107.3584
2017.8247 107.9138
2017.8274 101.1763
2017.8301 104.3957
2017.8329 104.7424
2017.8356 107.9287
2017.8384 101.5849
2017.8411 100.4910
2017.8438 104.6070
2017.8466 105.7330
2017.8493 102.6990
2017.8521 106.5849
2017.8548 102.5907
2017.8575 102.0965
2017.8603 106.5723
2017.8630 101.1680
2017.8658 103.3537
2017.8685 100.8393
2017.8712 100.9449
2017.8740 104.4704
2017.8767 105.9960
2017.8795 105.3115
2017.8822 102.9469
2017.8849 103.2723
2017.8877 100.9878
2017.8904 102.5531
2017.8932 105.8885
2017.8959 102.1838
2017.8986 100.9292
2017.9014 99.8245
2017.9041 98.1098
2017.9068 101.1351
2017.9096 107.4703
2017.9123 101.9356
2017.9151 103.9109
2017.9178 101.0062
2017.9205 99.8317
2017.9233 102.2174
2017.9260 101.5433
2017.9288 107.8592
2017.9315 103.0852
2017.9342 104.9213
2017.9370 108.5475
2017.9397 100.2237
2017.9425 103.2499
2017.9452 100.1661
2017.9479 99.3122
2017.9507 97.2583
2017.9534 101.6144
2017.9562 97.9603
2017.9589 101.9961
2017.9616 105.0018
2017.9644 101.8673
2017.9671 102.8427
2017.9699 103.4778
2017.9726 106.1827
2017.9753 104.8674
2017.9781 100.5519
2017.9808 102.8560
2017.9836 99.9098
2017.9863 100.6734
2017.9890 102.7065
2017.9918 101.3293
2017.9945 103.2617
2017.9973 99.6637
2018.0000 103.2853
2018.0027 103.5953
2018.0055 104.5928
2018.0082 96.6478
2018.0110 100.8005
2018.0137 99.4810
2018.0164 101.7696
2018.0192 99.5162
2018.0219 104.4612
2018.0247 101.2446
2018.0274 103.2265
2018.0301 99.2571
2018.0329 103.4565
2018.0356 104.4250
2018.0384 103.4025
2018.0411 99.4493
2018.0438 102.7156
2018.0466 104.0013
2018.0493 108.0068
2018.0521 108.4520
2018.0548 109.1373
2018.0575 105.1426
2018.0603 105.1482
2018.0630 106.3242
2018.0658 104.4308
2018.0685 100.1680
2018.0877 109.6927
2018.0904 104.5740
2018.0932 106.5050
2018.0959 98.8257
2018.0986 107.5263
2018.1014 108.7968
2018.1041 111.1773
2018.1068 107.6279
2018.1096 99.2686
2018.1123 111.5096
2018.1151 108.3708
2018.1178 107.9225
2018.1205 106.0345
2018.1233 108.0671
2018.1260 106.7704
2018.1288 107.7943
2018.1315 104.4489
2018.1342 102.5844
2018.1370 104.6209
2018.1397 109.5883
2018.1425 112.0267
2018.1452 104.5363
2018.1479 105.2672
2018.1507 102.4793
2018.1534 102.5128
2018.1562 100.5378
2018.1589 107.7742
2018.1616 109.3223
2018.1644 106.5049
2018.1671 105.5444
2018.1699 101.7305
2018.1726 103.8427
2018.1753 105.6407
2018.1781 103.3240
2018.1808 102.3023
2018.1836 104.6551
2018.1863 107.4521
2018.1890 103.2429
2018.1918 102.6071
2018.1945 101.7843
2018.1973 104.5740
2018.2000 101.1260
2018.2027 101.7298
2018.2055 102.0350
2018.2082 102.9012
2018.2110 109.0080
2018.2137 108.1051
2018.2164 118.8020
2018.2192 108.0284
2018.2219 101.8138
2018.2247 110.7779
2018.2274 104.3902
2018.2301 101.3604
2018.2329 104.0481
2018.2356 107.0029
2018.2384 106.0843
2018.2411 111.6221
2018.2438 109.0857
2018.2466 107.5255
2018.2493 110.9051
2018.2521 112.8751
2018.2548 107.7853
2018.2575 116.2058
2018.2603 106.8065
2018.2630 109.0074
2018.2658 106.5782
2018.2685 112.2691
2018.2712 108.2900
2018.2740 111.9907
2018.2767 111.6112
2018.2795 109.2115
2018.2822 112.3915
2018.2849 118.0111
2018.2877 110.7203
2018.2904 118.2990
2018.2932 106.5271
2018.2959 113.4347
2018.2986 110.6116
2018.3014 108.8577
2018.3041 108.1231
2018.3068 112.4376
2018.3096 108.9812
2018.3123 107.2638
2018.3151 103.7854
2018.3178 105.6159
2018.3205 109.0453
2018.3233 103.3634
2018.3260 110.7503
2018.3315 116.2305
2018.3342 112.0348
2018.3370 109.4288
2018.3397 111.8426
2018.3425 114.2060
2018.3452 112.1492
2018.3479 110.8221
2018.3507 110.4847
2018.3534 109.4672
2018.3562 114.7793
2018.3589 113.1013
2018.3616 109.9631
2018.3644 110.5647
2018.3671 117.3960
2018.3699 111.2973
2018.3726 117.1383
2018.3753 112.1292
2018.3781 111.0300
2018.3808 110.7707
2018.3836 108.9712
2018.3863 110.4717
2018.3890 108.2620
2018.3918 111.6123
2018.3945 109.7026
2018.3973 112.7727
2018.4000 114.0628
2018.4027 116.0429
2018.4055 113.0230
2018.4082 110.7531
2018.4110 106.3232
2018.4137 105.3732
2018.4164 110.0025
2018.4192 104.9412
2018.4219 110.2093
2018.4247 110.2369
2018.4274 107.1540
2018.4301 104.7207
2018.4329 110.5270
2018.4356 111.6530
2018.4384 114.5688
2018.4411 113.1944
2018.4438 116.9999
2018.4466 112.4053
2018.4493 108.8008
2018.4521 113.9963
2018.4548 112.7119
2018.4575 107.1777
2018.4603 107.7138
2018.4630 106.4802
2018.4658 104.6369
2018.4685 102.6641
2018.4712 104.2718
2018.4740 102.1600
2018.4767 106.6188
2018.4795 107.8983
2018.4822 109.1185
2018.4849 109.6595
2018.4877 108.0814
2018.4904 110.2441
2018.4932 110.0379
2018.4959 111.0626
2018.4986 106.4787
2018.5014 110.0963
2018.5041 104.8853
2018.5068 108.3356
2018.5096 119.0773
2018.5123 108.0302
2018.5151 115.4643
2018.5178 121.3795
2018.5205 120.3158
2018.5233 116.3431
2018.5260 114.1713
2018.5288 110.0904
2018.5315 110.6003
2018.5342 116.8010
2018.5370 120.8524
2018.5425 115.3170
2018.5452 119.6701
2018.5479 131.3536
2018.5507 121.3476
2018.5534 117.7219
2018.5562 125.7864
2018.5589 123.3912
2018.5616 122.9161
2018.5644 120.3311
2018.5671 127.0361
2018.5699 110.7911
2018.5726 112.4660
2018.5753 113.8808
2018.5781 113.4953
2018.5808 112.0596
2018.5836 109.6538
2018.5863 117.0882
2018.5890 119.0428
2018.5918 111.0176
2018.5945 113.9626
2018.5973 113.4178
2018.6000 114.2831
2018.6027 121.9586
2018.6055 116.8943
2018.6082 110.2002
2018.6110 110.5762
2018.6137 112.5623
2018.6164 117.1186
2018.6192 116.3651
2018.6219 113.5417
2018.6247 115.7284
2018.6274 116.8452
2018.6301 119.8422
2018.6329 115.1393
2018.6356 114.0165
2018.6384 115.9338
2018.6411 117.7212
2018.6438 115.1987
2018.6466 115.3363
2018.6493 113.8140
2018.6521 111.1117
2018.6548 112.8496
2018.6575 115.4775
2018.6603 118.7355
2018.6630 119.7735
2018.6658 126.5819
2018.6685 121.2719
2018.6712 119.0636
2018.6740 121.0271
2018.6767 122.7220
2018.6795 124.4284
2018.6822 120.5060
2018.6849 119.6847
2018.6877 109.2644
2018.6904 115.6750
2018.6932 119.6263
2018.6959 118.3182
2018.6986 115.6605
2018.7014 116.5832
2018.7041 113.2861
2018.7068 114.8991
2018.7096 112.2420
2018.7123 112.6347
2018.7151 112.1871
2018.7178 113.2690
2018.7205 114.5303
2018.7233 114.3009
2018.7260 115.5707
2018.7288 110.4394
2018.7315 111.2171
2018.7342 113.8235
2018.7370 112.2685
2018.7397 115.2420
2018.7452 120.5339
2018.7479 118.1421
2018.7507 119.1964
2018.7534 118.6854
2018.7562 113.5894
2018.7589 116.7488
2018.7616 116.2139
2018.7644 124.1551
2018.7671 124.7027
2018.7699 116.8672
2018.7726 118.0889
2018.7753 117.3981
2018.7781 120.5952
2018.7808 118.4705
2018.7836 121.4945
2018.7863 117.8874
2018.7890 115.2697
2018.7918 118.3417
2018.7945 124.3137
2018.7973 116.9962
2018.8000 113.5394
2018.8055 116.5396
2018.8082 116.4873
2018.8110 126.2872
2018.8137 120.0097
2018.8164 115.2252
2018.8192 115.6339
2018.8219 120.7463
2018.8247 115.4527
2018.8274 117.3335
2018.8301 114.6390
2018.8329 115.5792
2018.8356 114.0012
2018.8384 117.6347
2018.8411 114.8494
2018.8438 120.4053
2018.8466 114.7324
2018.8493 114.4604
2018.8521 112.9594
2018.8548 116.0791
2018.8575 107.5296
2018.8603 111.1408
2018.8630 108.5824
2018.8658 111.8246
2018.8685 110.2570
2018.8712 110.4498
2018.8740 107.9727
2018.8767 114.3956
2018.8795 114.5386
2018.8822 115.2914
2018.8849 114.6840
2018.8877 111.5463
2018.8904 114.3782
2018.8932 113.3497
2018.8959 108.4605
2018.8986 109.9706
2018.9014 106.3900
2018.9041 112.4486
2018.9068 103.2361
2018.9096 110.1026
2018.9123 104.2380
2018.9151 114.9621
2018.9178 109.6160
2018.9205 103.9608
2018.9233 96.8263
2018.9260 103.0723
2018.9288 112.5086
2018.9315 111.9553
2018.9342 110.8920
2018.9370 110.3386
2018.9397 110.0550
2018.9425 108.5711
2018.9452 112.2166
2018.9479 109.7614
2018.9507 109.4454
2018.9534 105.6585
2018.9562 107.6603
2018.9589 109.2509
2018.9616 109.7001
2018.9644 117.4076
2018.9671 111.3334
2018.9699 110.0873
2018.9726 107.6092
2018.9753 115.6588
2018.9781 113.8561
2018.9808 112.7109
2018.9836 109.6930
2018.9863 109.4023
2018.9890 113.3086
2018.9918 113.8618
2018.9945 113.9817
2018.9973 113.2682
2019.0000 116.0511
2019.0027 114.5008
2019.0055 111.5180
2019.0082 116.7027
2019.0110 112.7451
2019.0137 116.5255
2019.0164 115.1038
2019.0192 108.3504
2019.0219 111.6853
2019.0247 109.2887
2019.0274 113.7908
2019.0301 114.6417
2019.0329 117.8416
2019.0356 112.7506
2019.0384 116.7089
2019.0411 110.6666
2019.0438 117.3339
2019.0466 119.7310
2019.0493 119.0479
2019.0521 114.8450
2019.0548 117.7722
2019.0575 114.4698
2019.0603 115.4980
2019.0630 120.2268
2019.0658 118.8265
2019.0685 117.4971
2019.0712 118.9289
2019.0740 121.4020
2019.0767 116.0566
2019.0795 113.2928
2019.0822 110.2405
2019.0849 112.7084
2019.0877 113.4762
2019.0904 118.7241
2019.0932 113.9120
2019.0959 119.9100
2019.0986 120.6480
2019.1014 117.2762
2019.1041 118.9745
2019.1068 116.0931
2019.1096 114.7318
2019.1123 118.2307
2019.1151 112.2100
2019.1178 116.2395
2019.1205 116.1393
2019.1233 116.0295
2019.1260 117.0901
2019.1288 111.9011
2019.1315 110.4825
2019.1342 106.2744
2019.1370 110.9868
2019.1397 109.1997
2019.1425 110.3531
2019.1452 112.8172
2019.1479 112.1318
2019.1507 111.9071
2019.1534 110.5331
2019.1562 109.9798
2019.1589 110.4072
2019.1616 111.0153
2019.1644 114.2651
2019.1671 114.4872
2019.1699 116.5616
2019.1726 116.1283
2019.1753 114.1571
2019.1781 110.4781
2019.1808 115.9111
2019.1836 117.2262
2019.1863 116.7131
2019.1890 120.2820
2019.1918 121.4226
2019.1945 114.5250
2019.1973 115.1491
2019.2000 115.0549
2019.2027 115.1022
2019.2055 118.1910
2019.2082 113.6013
2019.2110 116.9929
2019.2137 115.3759
2019.2164 118.8902
2019.2192 118.6657
2019.2219 118.5723
2019.2247 124.4600
2019.2274 122.4787
2019.2301 119.4384
2019.2329 125.7091
2019.2356 127.3205
2019.2384 122.8827
2019.2411 122.7557
2019.2438 119.1793
2019.2466 116.1238
2019.2493 121.8904
2019.2521 122.4692
2019.2548 119.9000
2019.2575 121.8227
2019.2603 121.1571
2019.2630 121.9530
2019.2658 124.0102
2019.2685 126.1287
2019.2712 127.6282
2019.2740 130.5285
2019.2767 122.4296
2019.2795 122.4111
2019.2822 118.5631
2019.2849 115.8552
2019.2877 120.5973
2019.2904 121.9493
2019.2932 122.2209
2019.2959 121.2221
2019.2986 120.3626
2019.3014 118.1123
2019.3041 120.7211
2019.3068 122.4886
2019.3096 118.2349
2019.3123 131.5896
2019.3151 119.8927
2019.3178 120.6540
2019.3205 114.6333
2019.3233 125.7204
2019.3260 123.4752
2019.3288 123.4575
2019.3315 116.3284
2019.3342 124.6290
2019.3370 128.9593
2019.3397 128.1194
2019.3425 127.8191
2019.3452 130.3585
2019.3479 124.5475
2019.3507 121.9561
2019.3534 127.1643
2019.3562 122.3221
2019.3589 126.6293
2019.3616 125.0061
2019.3644 122.8824
2019.3671 119.0681
2019.3699 127.7232
2019.3726 127.6377
2019.3753 124.1216
2019.3781 123.2648
2019.3808 120.8474
2019.3836 117.6093
2019.3863 117.1304
2019.3890 123.0908
2019.3918 121.2204
2019.3945 120.1292
2019.3973 119.5772
2019.4000 121.2343
2019.4027 121.3005
2019.4055 121.5158
2019.4082 117.8402
2019.4110 120.9937
2019.4137 116.5362
2019.4164 121.5785
2019.4192 121.6106
2019.4219 122.4925
2019.4247 118.7542
2019.4274 119.5057
2019.4301 123.1470
2019.4329 119.1181
2019.4356 121.3690
2019.4384 119.1796
2019.4411 121.7201
2019.4438 120.6002
2019.4466 123.5202
2019.4493 125.0099
2019.4521 122.6594
2019.4548 128.8886
2019.4575 118.1576
2019.4603 120.6363
2019.4630 124.8048
2019.4658 124.3330
2019.4685 122.8209
2019.4712 124.9286
2019.4740 122.4260
2019.4767 124.8331
2019.4795 120.1799
2019.4822 123.8064
2019.4849 127.0426
2019.4877 127.4385
2019.4904 129.4041
2019.4932 127.9994
2019.4959 125.0644
2019.4986 128.0491
2019.5014 124.8337
2019.5041 121.3981
2019.5068 125.4023
2019.5096 125.1563
2019.5123 122.6402
2019.5151 123.8439
2019.5178 121.2775
2019.5205 127.2008
2019.5233 125.8340
2019.5260 124.8671
2019.5288 127.7699
2019.5315 130.5626
2019.5342 130.1051
2019.5370 128.1275
2019.5397 126.4797
2019.5425 128.9317
2019.5452 126.5636
2019.5479 124.5753
2019.5507 124.2468
2019.5534 129.5882
2019.5562 130.9994
2019.5589 130.7304
2019.5616 134.9413
2019.5644 134.2720
2019.5671 135.4225
2019.5699 132.6329
2019.5726 130.2831
2019.5753 129.3632
2019.5781 127.7531
2019.5808 129.0528
2019.5836 129.4119
2019.5863 131.8799
2019.5890 129.3168
2019.5918 130.3328
2019.5945 129.1680
2019.5973 130.6323
2019.6000 130.6259
2019.6027 127.4489
2019.6055 128.3112
2019.6082 132.1131
2019.6110 129.4145
2019.6137 129.2055
2019.6164 132.3762
2019.6192 131.7267
2019.6219 125.9270
2019.6247 129.4972
2019.6274 135.9574
2019.6301 133.7376
2019.6329 131.4180
2019.6356 123.3186
2019.6384 127.7794
2019.6411 129.7606
2019.6438 129.3022
2019.6466 133.1543
2019.6493 132.9869
2019.6521 132.8601
2019.6548 132.6340
2019.6575 128.1887
2019.6603 124.2943
2019.6630 123.4007
2019.6658 127.7582
2019.6685 124.1167
2019.6712 131.9464
2019.6740 127.3771
2019.6767 132.4689
2019.6795 130.6417
2019.6822 129.2154
2019.6849 125.6402
2019.6877 132.1559
2019.6904 133.5325
2019.6932 128.4500
2019.6959 126.4684
2019.6986 127.9976
2019.7014 127.7976
2019.7041 128.7683
2019.7068 131.1599
2019.7096 132.0522
2019.7123 130.8451
2019.7151 129.8788
2019.7178 134.0431
2019.7205 134.6980
2019.7233 133.3435
2019.7260 128.2196
2019.7288 132.6362
2019.7315 132.5333
2019.7342 133.5309
2019.7370 124.0390
2019.7397 129.4775
2019.7425 130.9265
2019.7452 131.5758
2019.7479 133.5454
2019.7507 134.6970
2019.7534 133.5619
2019.7562 136.2198
2019.7589 135.4606
2019.7616 130.5039
2019.7644 128.4097
2019.7671 130.6375
2019.7699 132.7773
2019.7726 129.5788
2019.7753 126.5218
2019.7781 127.1160
2019.7808 126.5812
2019.7836 120.3773
2019.7863 134.9138
2019.7890 131.9708
2019.7918 127.9378
2019.7945 137.9448
2019.7973 134.5413
2019.8000 129.1574
2019.8027 141.6726
2019.8055 128.0468
2019.8082 117.5298
2019.8110 124.8113
2019.8137 129.0611
2019.8164 124.6990
2019.8192 127.6048
2019.8219 124.7482
2019.8247 126.3689
2019.8301 125.8318
2019.8329 127.2437
2019.8356 127.3339
2019.8384 127.4228
2019.8411 123.1602
2019.8438 127.5363
2019.8466 123.4910
2019.8493 124.1544
2019.8521 125.5165
2019.8548 128.9473
2019.8575 128.0569
2019.8603 122.8051
2019.8630 124.0321
2019.8658 127.2579
2019.8685 127.6525
2019.8712 129.5958
2019.8740 124.2380
2019.8767 124.9391
2019.8795 125.5490
2019.8822 125.9177
2019.8849 119.0654
2019.8877 122.7219
2019.8904 121.1674
2019.8932 121.4119
2019.8959 128.0853
2019.8986 128.1776
2019.9014 122.9190
2019.9041 124.8293
2019.9068 126.1387
2019.9096 124.1572
2019.9123 123.3047
2019.9151 123.5513
2019.9178 125.7474
2019.9205 119.8334
2019.9233 122.7993
2019.9260 118.9549
2019.9288 116.9601
2019.9315 123.4649
2019.9342 119.4891
2019.9370 119.0327
2019.9397 119.1755
2019.9425 122.2075
2019.9452 124.0585
2019.9479 122.5484
2019.9507 121.7372
2019.9534 120.3648
2019.9562 122.3311
2019.9589 120.6858
2019.9616 121.2191
2019.9644 119.6307
2019.9671 120.7806
2019.9699 126.4187
2019.9726 125.4348
2019.9753 128.0689
2019.9781 129.3009
2019.9808 128.6806
2019.9836 126.4081
2019.9863 130.3731
2019.9890 127.0456
2019.9918 131.8755
2019.9945 131.8527
2019.9973 124.7971
2020.0000 126.0386
2020.0027 126.3586
2020.0055 128.2582
2020.0082 128.3576
2020.0109 128.8466
2020.0137 127.3754
2020.0164 128.0739
2020.0191 129.7421
2020.0219 131.2402
2020.0246 130.2381
2020.0273 125.7458
2020.0301 128.4134
2020.0328 128.1908
2020.0355 128.4281
2020.0383 128.7654
2020.0410 126.7226
2020.0437 131.4997
2020.0464 125.0269
2020.0492 128.7140
2020.0519 127.5812
2020.0546 126.2484
2020.0574 126.7357
2020.0601 124.4130
2020.0628 126.5405
2020.0656 129.6981
2020.0683 126.9159
2020.0710 132.9538
2020.0738 127.5019
2020.0765 129.1703
2020.0792 128.8189
2020.0820 127.0177
2020.0847 126.6365
2020.0874 127.4953
2020.0902 129.6342
2020.0929 131.7930
2020.0984 126.6407
2020.1011 131.4597
2020.1038 125.2887
2020.1066 118.9178
2020.1093 125.9169
2020.1120 125.9262
2020.1148 125.8255
2020.1175 126.7050
2020.1202 129.9847
2020.1230 130.7944
2020.1257 127.2344
2020.1284 122.3345
2020.1311 124.1548
2020.1339 127.5053
2020.1366 124.7360
2020.1393 127.0670
2020.1421 132.3981
2020.1448 126.9896
2020.1475 125.4213
2020.1503 125.3733
2020.1530 129.2855
2020.1557 127.4781
2020.1585 126.1809
2020.1612 132.8241
2020.1639 126.5593
2020.1667 127.2291
2020.1694 118.9133
2020.1721 127.6419
2020.1749 123.0146
2020.1776 127.7313
2020.1803 129.1518
2020.1831 128.8959
2020.1858 128.9435
2020.1885 132.4443
2020.1913 131.2282
2020.1940 132.9350
2020.1967 134.2846
2020.1995 135.9667
2020.2022 133.1713
2020.2049 127.1580
2020.2077 129.1968
2020.2104 132.2475
2020.2131 132.8898
2020.2158 133.1337
2020.2186 134.1490
2020.2213 133.8254
2020.2240 127.9128
2020.2268 136.7210
2020.2295 137.0298
2020.2322 136.6192
2020.2350 136.2188
2020.2377 134.3585
2020.2404 132.3582
2020.2432 126.6577
2020.2459 135.0269
2020.2486 132.8389
2020.2514 131.7144
2020.2541 131.1834
2020.2568 129.9554
2020.2596 132.4802
2020.2623 133.1173
2020.2650 136.5466
2020.2678 132.0378
2020.2705 137.6704
2020.2732 131.5742
2020.2760 130.9588
2020.2787 127.0441
2020.2814 130.3496
2020.2842 128.2651
2020.2869 127.5201
2020.2896 128.6746
2020.2923 135.3080
2020.2951 133.0301
2020.2978 134.4607
2020.3005 133.8593
2020.3033 131.6457
2020.3060 130.2595
2020.3087 131.9006
2020.3115 131.4684
2020.3142 132.7428
2020.3169 136.8934
2020.3197 127.4899
2020.3224 127.9721
2020.3251 136.2395
2020.3279 133.1319
2020.3306 109.3101
2020.3333 129.9779
2020.3361 120.5156
2020.3388 133.6831
2020.3415 135.4505
2020.3443 130.1478
2020.3470 131.2450
2020.3497 128.9421
2020.3525 130.7091
2020.3552 128.3761
2020.3579 131.8529
2020.3607 130.5898
2020.3634 131.5566
2020.3661 128.7033
2020.3689 128.4101
2020.3716 129.3768
2020.3743 129.0935
2020.3770 131.2103
2020.3798 130.4270
2020.3825 129.8138
2020.3852 130.4906
2020.3880 133.4474
2020.3907 131.7843
2020.3934 129.3412
2020.3962 131.3283
2020.3989 135.9654
2020.4016 130.2326
2020.4044 128.0298
2020.4071 128.8672
2020.4098 132.3948
2020.4126 131.6624
2020.4153 132.4601
2020.4180 135.1279
2020.4208 138.5857
2020.4235 140.1936
2020.4262 140.7515
2020.4290 140.0695
2020.4317 138.0474
2020.4344 140.9054
2020.4372 141.8035
2020.4399 136.4215
2020.4426 136.1596
2020.4454 132.6276
2020.4481 134.8557
2020.4508 133.7538
2020.4536 136.0219
2020.4563 134.3499
2020.4590 137.1580
2020.4617 135.0660
2020.4645 137.8341
2020.4672 135.2521
2020.4699 134.7800
2020.4727 131.1380
2020.4754 129.1859
2020.4781 127.9038
2020.4809 121.4616
2020.4863 139.0471
2020.4891 139.4447
2020.4918 133.4923
2020.4945 130.1898
2020.4973 132.6470
2020.5000 133.1621
2020.5027 134.3249
2020.5055 133.0956
2020.5082 131.1744
2020.5109 133.0314
2020.5137 131.8868
2020.5164 132.2409
2020.5191 136.0236
2020.5219 137.8953
2020.5246 136.2961
2020.5273 134.2561
2020.5301 134.9455
2020.5328 136.3245
2020.5355 131.5332
2020.5383 131.0719
2020.5410 136.7806
2020.5437 138.2596
2020.5464 137.3889
2020.5519 125.5196
2020.5546 134.3112
2020.5574 136.5938
2020.5601 126.3077
2020.5628 141.8130
2020.5656 139.5399
2020.5683 142.7086
2020.5710 138.5991
2020.5738 138.4517
2020.5765 140.4665
2020.5792 138.7338
2020.5820 141.1434
2020.5847 142.3547
2020.5874 141.0671
2020.5902 144.0907
2020.5929 145.2953
2020.5956 139.4909
2020.5984 136.1575
2020.6011 134.9248
2020.6038 137.0529
2020.6066 133.9516
2020.6093 132.0108
2020.6120 133.3206
2020.6148 134.3907
2020.6175 131.8211
2020.6202 133.9818
2020.6230 131.4926
2020.6257 132.2435
2020.6284 128.9843
2020.6311 135.6051
2020.6339 131.0256
2020.6366 135.3759
2020.6393 133.2058
2020.6421 131.0953
2020.6448 138.8442
2020.6475 139.1326
2020.6503 136.3102
2020.6530 136.7971
2020.6557 128.7331
2020.6585 132.8982
2020.6612 134.9022
2020.6639 135.7751
2020.6667 137.6272
2020.6694 137.3191
2020.6721 134.4309
2020.6749 136.5124
2020.6776 138.2639
2020.6803 142.1452
2020.6831 138.8364
2020.6858 140.1775
2020.6885 141.0085
2020.6913 141.1294
2020.6940 147.8203
2020.6967 143.0911
2020.6995 144.9718
2020.7022 141.9925
2020.7049 132.9531
2020.7077 143.3338
2020.7104 137.8044
2020.7131 134.2451
2020.7158 140.4757
2020.7186 137.3864
2020.7213 138.5871
2020.7240 137.0879
2020.7268 137.5787
2020.7295 137.6497
2020.7322 134.1907
2020.7350 131.1817
2020.7377 137.3129
2020.7404 133.3442
2020.7432 134.3357
2020.7459 135.1673
2020.7486 140.8390
2020.7514 135.2510
2020.7541 141.5732
2020.7568 139.2456
2020.7596 139.3683
2020.7623 139.5013
2020.7650 138.1445
2020.7678 137.3879
2020.7705 139.1916
2020.7732 141.5555
2020.7760 135.4596
2020.7787 137.5440
2020.7814 137.6486
2020.7842 139.6635
2020.7869 141.2186
2020.7896 140.3839
2020.7923 137.3094
2020.7951 136.4052
2020.7978 134.8912
2020.8005 130.9174
2020.8033 136.5339
2020.8060 134.7006
2020.8087 128.1175
2020.8115 133.5246
2020.8142 139.1819
2020.8169 137.5895
2020.8197 133.6973
2020.8224 131.0753
2020.8251 138.6535
2020.8279 133.7919
2020.8306 135.5005
2020.8333 136.0505
2020.8361 141.6955
2020.8388 136.8454
2020.8415 133.0499
2020.8443 138.9987
2020.8470 135.6614
2020.8525 126.8071
2020.8552 124.7394
2020.8579 133.3143
2020.8607 127.1614
2020.8634 134.9903
2020.8661 133.3308
2020.8689 132.3125
2020.8716 133.9250
2020.8743 133.2080
2020.8770 133.3611
2020.8798 128.9041
2020.8825 129.4566
2020.8852 125.7982
2020.8880 122.1685
2020.8907 127.7474
2020.8934 127.0243
2020.8962 128.9991
2020.8989 128.8112
2020.9016 128.6205
2020.9044 126.8065
2020.9071 129.3289
2020.9098 128.2574
2020.9126 133.1716
2020.9153 124.9813
2020.9180 132.0181
2020.9208 128.3336
2020.9235 130.4078
2020.9262 131.6408
2020.9290 129.0726
2020.9317 128.5831
2020.9344 134.7625
2020.9372 126.3608
2020.9399 138.3979
2020.9426 135.8338
2020.9454 133.1287
2020.9481 134.2425
2020.9508 135.7253
2020.9536 135.9170
2020.9563 138.3677
2020.9590 138.1275
2020.9617 133.9263
2020.9645 132.5741
2020.9672 133.8410
2020.9699 135.4970
2020.9727 134.9322
2020.9754 136.5165
2020.9781 139.6899
2020.9809 133.5926
2020.9836 138.2544
2020.9863 134.7455
2020.9891 137.9359
2020.9918 138.2355
2020.9945 138.1245
2020.9973 137.1827
2021.0000 136.7603
2021.0027 137.7460
2021.0055 137.4987
2021.0082 136.8888
2021.0110 135.0864
2021.0137 136.7718
2021.0164 137.7652
2021.0192 142.2968
2021.0219 136.1869
2021.0247 135.8057
2021.0274 136.3835
2021.0301 132.9804
2021.0329 133.1667
2021.0356 134.3827
2021.0384 134.6885
2021.0411 131.9545
2021.0438 129.3207
2021.0466 133.2076
2021.0493 134.5452
2021.0521 135.6838
2021.0548 131.4138
2021.0575 131.9152
2021.0603 135.3683
2021.0630 137.4034
2021.0658 134.1607
2021.0685 136.1605
2021.0712 133.0629
2021.0740 130.1181
2021.0767 130.2265
2021.0795 130.3383
2021.0822 139.6732
2021.0849 136.6494
2021.0877 136.5465
2021.0904 134.4345
2021.0932 134.5334
2021.0959 138.3633
2021.0986 131.7342
2021.1014 122.6262
2021.1041 130.6792
2021.1068 135.5233
2021.1096 131.2385
2021.1123 130.7248
2021.1151 132.6323
2021.1178 139.0210
2021.1205 131.1809
2021.1233 138.0621
2021.1260 132.9545
2021.1288 133.5083
2021.1315 130.7034
2021.1342 128.8298
2021.1370 124.2776
2021.1397 134.7868
2021.1425 138.0375
2021.1452 140.2496
2021.1479 137.5033
2021.1507 135.5184
2021.1534 137.1151
2021.1562 134.1034
2021.1589 137.2833
2021.1616 137.4648
2021.1644 132.0971
2021.1671 138.1695
2021.1699 137.4219
2021.1726 140.4844
2021.1753 133.7569
2021.1808 134.2620
2021.1836 133.3847
2021.1863 137.6873
2021.1890 141.9000
2021.1918 140.6527
2021.1945 136.0254
2021.1973 134.4881
2021.2000 140.7508
2021.2027 144.3235
2021.2055 139.9662
2021.2110 139.7616
2021.2137 139.2443
2021.2164 138.6170
2021.2192 139.1596
2021.2219 134.4722
2021.2247 137.1648
2021.2274 138.7674
2021.2301 140.6099
2021.2329 141.7424
2021.2356 139.1448
2021.2384 137.5872
2021.2411 138.6896
2021.2438 135.6918
2021.2466 142.0240
2021.2493 135.6062
2021.2521 143.8984
2021.2548 139.6805
2021.2575 135.1125
2021.2603 135.3246
2021.2630 139.2966
2021.2658 139.8286
2021.2685 141.5306
2021.2712 141.3926
2021.2740 139.6945
2021.2767 141.7065
2021.2795 142.1184
2021.2822 140.5303
2021.2849 144.3623
2021.2877 142.8342
2021.2904 139.4362
2021.2932 143.4482
2021.2959 141.9102
2021.2986 142.8122
2021.3014 137.5342
2021.3041 135.7962
2021.3068 139.8383
2021.3123 138.0626
2021.3151 135.3848
2021.3178 138.3270
2021.3205 138.6693
2021.3233 135.1016
2021.3260 132.7840
2021.3288 139.6164
2021.3315 130.7095
2021.3342 133.6538
2021.3370 136.8892
2021.3397 132.7357
2021.3425 136.4231
2021.3452 138.8715
2021.3479 131.8107
2021.3507 139.1506
2021.3534 144.4212
2021.3562 148.4424
2021.3589 140.1242
2021.3616 139.5864
2021.3644 144.4890
2021.3671 136.6618
2021.3699 136.4149
2021.3726 131.1982
2021.3753 138.8215
2021.3781 131.6648
2021.3808 135.5780
2021.3836 137.6911
2021.3863 132.0839
2021.3890 135.0365
2021.3918 138.1786
2021.3945 133.4503
2021.3973 135.6115
2021.4000 134.9321
2021.4027 133.5920
2021.4055 131.9611
2021.4082 134.0694
2021.4110 140.0868
2021.4137 136.4832
2021.4164 137.2794
2021.4192 135.0252
2021.4219 134.5207
2021.4247 136.8159
2021.4274 136.2108
2021.4301 139.4954
2021.4329 144.0896
2021.4356 144.0734
2021.4384 143.7669
2021.4411 140.9999
2021.4438 145.5026
2021.4466 140.6349
2021.4493 140.0268
2021.4521 139.7282
2021.4548 142.4892
2021.4575 145.2397
2021.4603 143.4298
2021.4630 145.8694
2021.4658 148.9585
2021.4685 150.8271
2021.4712 144.8053
2021.4740 145.0428
2021.4767 141.0199
2021.4795 145.7164
2021.4822 136.7224
2021.4849 147.7278
2021.4877 140.5826
2021.4904 135.6768
2021.4932 143.1104
2021.4959 146.4535
2021.4986 154.6258
2021.5014 153.3575
2021.5041 145.1285
2021.5068 145.1190
2021.5096 145.4088
2021.5123 139.6582
2021.5151 142.8671
2021.5178 140.9555
2021.5205 140.0935
2021.5233 141.1212
2021.5260 139.3585
2021.5288 139.7355
2021.5315 142.3123
2021.5342 139.4389
2021.5370 143.6653
2021.5397 141.4315
2021.5425 146.6077
2021.5452 141.8438
2021.5479 138.4299
2021.5507 138.7861
2021.5534 136.9922
2021.5562 136.2685
2021.5589 134.4250
2021.5616 132.3616
2021.5644 131.2584
2021.5671 132.9755
2021.5699 139.6028
2021.5726 143.8006
2021.5753 143.0886
2021.5781 138.8471
2021.5808 144.1961
2021.5836 145.7049
2021.5863 135.5630
2021.5890 140.0106
2021.5918 144.8477
2021.5945 146.2044
2021.5973 141.6709
2021.6000 143.0973
2021.6027 145.1236
2021.6055 134.3401
2021.6082 123.9667
2021.6110 133.5436
2021.6137 138.6510
2021.6164 134.5788
2021.6192 141.6673
2021.6219 136.1265
2021.6247 137.7766
2021.6274 133.0876
2021.6301 133.8997
2021.6329 136.2829
2021.6356 134.0074
2021.6384 136.0533
2021.6411 141.4907
2021.6438 143.7997
2021.6466 140.3704
2021.6493 135.5229
2021.6521 136.2773
2021.6548 139.9938
2021.6575 143.1824
2021.6603 138.9233
2021.6630 140.1466
2021.6658 141.7823
2021.6685 145.6114
2021.6712 140.7135
2021.6740 138.6586
2021.6767 140.9665
2021.6795 143.8170
2021.6822 137.3399
2021.6849 148.7150
2021.6877 139.9221
2021.6904 147.8011
2021.6932 141.8217
2021.6959 150.6039
2021.6986 141.2173
2021.7014 141.0319
2021.7041 140.1374
2021.7068 142.2037
2021.7096 140.1705
2021.7123 135.0377
2021.7151 136.9851
2021.7178 142.7825
2021.7205 139.2698
2021.7233 145.0967
2021.7260 143.9930
2021.7288 145.2487
2021.7315 142.7234
2021.7342 136.7671
2021.7370 144.1395
2021.7397 139.3304
2021.7425 151.9897
2021.7452 142.3271
2021.7479 143.3426
2021.7507 136.5172
2021.7534 140.3520
2021.7562 142.8271
2021.7589 143.2324
2021.7616 142.2278
2021.7644 142.9733
2021.7671 146.9089
2021.7699 141.5745
2021.7726 143.7200
2021.7753 144.0155
2021.7781 141.5108
2021.7808 140.2760
2021.7836 145.7410
2021.7863 138.0658
2021.7890 142.2902
2021.7918 144.6344
2021.7945 140.1181
2021.7973 135.0714
2021.8000 138.3043
2021.8027 142.1767
2021.8055 142.3685
2021.8082 152.6497
2021.8110 142.8803
2021.8137 142.7302
2021.8164 142.2094
2021.8192 136.0678
2021.8219 142.2454
2021.8247 142.4122
2021.8274 129.2881
2021.8301 136.5630
2021.8329 136.0369
2021.8356 143.3396
2021.8384 133.3212
2021.8411 134.5516
2021.8438 138.0010
2021.8466 142.6394
2021.8493 137.4469
2021.8521 138.2436
2021.8548 138.1095
2021.8575 142.7147
2021.8603 146.9193
2021.8630 139.7133
2021.8658 140.6968
2021.8685 139.2099
2021.8712 138.0627
2021.8740 138.1451
2021.8767 139.3673
2021.8795 138.0894
2021.8822 137.5414
2021.8849 135.4234
2021.8904 138.9476
2021.8932 140.3100
2021.8959 140.1426
2021.8986 137.5955
2021.9014 143.0989
2021.9041 142.0727
2021.9068 144.8670
2021.9096 141.2019
2021.9123 144.0575
2021.9151 150.1239
2021.9178 148.5316
2021.9205 144.0114
2021.9233 145.1929
2021.9260 138.4460
2021.9288 137.0106
2021.9315 138.8665
2021.9342 130.1935
2021.9370 141.7314
2021.9397 134.3100
2021.9425 143.2792
2021.9452 140.8389
2021.9479 137.4887
2021.9507 136.9386
2021.9534 138.6484
2021.9562 139.1579
2021.9589 141.0769
2021.9616 135.9553
2021.9644 142.3629
2021.9671 138.9594
2021.9699 137.3049
2021.9726 131.7689
2021.9753 135.6315
2021.9781 143.3124
2021.9808 138.8214
2021.9836 143.4584
2021.9863 144.4631
2021.9890 143.2855
2021.9918 144.3454
2021.9945 142.1925
2021.9973 145.3867
2022.0000 146.0278
2022.0027 145.4950
2022.0055 134.5776
2022.0082 141.6859
2022.0110 138.9303
2022.0137 138.3309
2022.0164 139.7880
2022.0192 143.6519
2022.0219 143.8829
2022.0247 147.2212
2022.0274 143.9971
2022.0301 139.5909
2022.0329 141.1228
2022.0356 141.0732
2022.0384 139.5922
2022.0411 139.0301
2022.0438 139.7672
2022.0466 139.2739
2022.0493 141.6202
2022.0521 143.9266
2022.0548 138.1333
2022.0575 143.5005
2022.0603 139.8885
2022.0630 139.2476
2022.0658 141.3281
2022.0685 141.2302
2022.0712 140.5241
2022.0740 138.0702
2022.0767 137.8588
2022.0795 146.1100
2022.0822 151.2337
2022.0849 143.3172
2022.0877 141.1899
2022.0904 143.0322
2022.0932 146.7440
2022.0959 143.7954
2022.0986 141.4967
2022.1014 148.4978
2022.1041 146.2989
2022.1068 143.3201
2022.1096 141.4814
2022.1123 144.1131
2022.1151 145.8952
2022.1178 148.8277
2022.1205 147.8809
2022.1233 145.4847
2022.1260 140.9294
2022.1288 148.7250
2022.1315 145.9516
2022.1342 153.1893
2022.1370 143.3383
2022.1397 141.9285
2022.1425 141.4802
2022.1452 142.4135
2022.1479 146.6983
2022.1507 142.4450
2022.1534 144.1334
2022.1562 147.1739
2022.1589 140.5563
2022.1616 141.8410
2022.1644 143.7973
2022.1671 143.7748
2022.1699 144.8635
2022.1726 144.2733
2022.1753 146.7640
2022.1781 149.6156
2022.1808 145.7280
2022.1836 147.3712
2022.1863 142.3351
2022.1890 149.8597
2022.1918 141.8847
2022.1945 146.9202
2022.1973 142.6761
2022.2000 143.5924
2022.2027 142.6189
2022.2055 144.2855
2022.2082 141.3423
2022.2110 151.7491
2022.2137 154.7659
2022.2164 149.4925
2022.2192 138.7589
2022.2219 146.2751
2022.2247 147.7109
2022.2274 148.7364
2022.2301 145.4213
2022.2329 139.4057
2022.2356 141.4395
2022.2384 145.9225
2022.2411 147.1748
2022.2438 146.8863
2022.2466 148.1969
2022.2493 146.6471
2022.2521 144.8871
2022.2548 147.4669
2022.2575 144.1365
2022.2603 144.0859
2022.2630 145.0752
2022.2658 145.9543
2022.2685 144.2033
2022.2712 139.3921
2022.2740 146.1709
2022.2767 149.9296
2022.2795 143.6383
2022.2822 146.1669
2022.2849 144.0055
2022.2877 145.2241
2022.2904 146.1028
2022.2932 143.6915
2022.2959 143.6802
2022.2986 138.8891
2022.3014 145.2680
2022.3041 139.6571
2022.3068 136.8463
2022.3096 139.2857
2022.3123 139.5552
2022.3151 140.7950
2022.3178 140.3049
2022.3205 143.7651
2022.3233 148.6256
2022.3260 146.7063
2022.3288 148.6073
2022.3315 148.2788
2022.3342 149.4409
2022.3370 144.9535
2022.3397 147.6567
2022.3425 152.0104
2022.3452 143.9347
2022.3479 142.5095
2022.3507 144.3548
2022.3534 142.2606
2022.3562 148.4469
2022.3589 140.4238
2022.3616 146.5211
2022.3644 145.4289
2022.3671 139.3671
2022.3699 141.5158
2022.3726 149.5749
2022.3753 147.8245
2022.3781 148.9645
2022.3808 144.6349
2022.3836 144.3857
2022.3863 148.5169
2022.3890 153.0785
2022.3918 149.2504
2022.3945 144.5527
2022.3973 144.0454
2022.4000 144.8084
2022.4027 155.0218
2022.4055 147.2955
2022.4082 149.4395
2022.4110 146.2038
2022.4137 147.5386
2022.4164 151.1953
2022.4192 144.9138
2022.4219 149.3040
2022.4247 145.4159
2022.4274 152.2793
2022.4301 150.8341
2022.4329 153.9901
2022.4356 146.5173
2022.4384 155.0955
2022.4411 144.3645
2022.4438 148.2344
2022.4466 152.9048
2022.4493 139.9257
2022.4521 141.7871
2022.4548 138.3687
2022.4575 140.0504
2022.4603 136.8821
2022.4630 143.8437
2022.4658 145.9051
2022.4685 146.2061
2022.4712 147.3566
2022.4740 148.3265
2022.4767 158.5456
2022.4795 151.9439
2022.4822 152.9512
2022.4849 148.8274
2022.4877 150.2823
2022.4904 151.0258
2022.4932 148.1579
2022.4959 143.2284
2022.4986 145.3866
2022.5014 144.5424
2022.5041 148.0959
2022.5068 153.4072
2022.5096 151.8466
2022.5123 148.0343
2022.5151 151.6404
2022.5178 152.4650
2022.5205 150.9085
2022.5233 146.0710
2022.5260 145.5127
2022.5288 143.0437
2022.5342 155.8446
2022.5397 161.2152
2022.5425 150.5358
2022.5452 149.3769
2022.5479 151.3887
2022.5507 146.6013
2022.5534 150.8050
2022.5562 144.1499
2022.5589 147.2062
2022.5616 147.9342
2022.5644 152.0239
2022.5671 146.6856
2022.5699 151.6194
2022.5726 146.1856
2022.5753 144.1644
2022.5781 144.1658
2022.5808 146.1102
2022.5836 147.7965
2022.5863 150.9538
2022.5890 147.1820
2022.5918 151.4411
2022.5945 152.2811
2022.5973 149.3319
2022.6000 150.7236
2022.6027 153.8561
2022.6055 155.9194
2022.6082 147.2735
2022.6110 154.0584
2022.6137 144.5540
2022.6164 145.1704
2022.6192 148.3075
2022.6219 148.2552
2022.6247 147.2037
2022.6274 150.2227
2022.6301 151.7225
2022.6329 146.3728
2022.6356 150.8837
2022.6384 157.3752
2022.6411 158.5673
2022.6438 154.4799
2022.6466 149.4730
2022.6493 146.6767
2022.6521 148.5008
2022.6548 149.8353
2022.6575 151.4003
2022.6603 152.4158
2022.6630 159.4816
2022.6658 152.1979
2022.6685 155.2748
2022.6712 151.5724
2022.6740 147.5805
2022.6767 150.2491
2022.6795 147.1283
2022.6822 155.5879
2022.6849 154.3779
2022.6877 156.7983
2022.6904 149.2290
2022.6932 155.0699
2022.6959 155.6211
2022.6986 164.8424
2022.7014 153.9939
2022.7041 153.1554
2022.7068 151.2670
2022.7096 150.3286
2022.7151 148.4415
2022.7178 148.4928
2022.7205 162.6539
2022.7233 158.4347
2022.7260 152.2152
2022.7288 151.3454
2022.7315 151.3153
2022.7342 152.9347
2022.7370 156.3036
2022.7397 163.7421
2022.7425 160.2299
2022.7452 153.9172
2022.7479 150.3538
2022.7507 153.4093
2022.7534 152.3736
2022.7562 146.3565
2022.7589 150.9883
2022.7616 150.9690
2022.7644 153.1687
2022.7671 149.9474
2022.7699 158.9453
2022.7726 158.8125
2022.7753 153.0890
2022.7781 156.6550
2022.7808 145.8604
2022.7836 154.0854
2022.7863 157.8901
2022.7890 148.5446
2022.7918 161.6489
2022.7945 154.5731
2022.7973 147.5673
2022.8000 153.0416
2022.8027 150.8661
2022.8055 150.2209
2022.8082 149.0460
2022.8110 147.8616
2022.8137 149.5876
2022.8164 148.1343
2022.8192 149.0017
2022.8219 144.4598
2022.8247 150.0088
2022.8274 146.8687
2022.8301 151.7997
2022.8329 145.7022
2022.8356 146.5888
2022.8384 146.7098
2022.8411 151.2247
2022.8438 154.9034
2022.8466 142.6054
2022.8493 146.0405
2022.8521 153.2885
2022.8548 148.6789
2022.8575 148.0214
2022.8603 146.9359
2022.8630 160.9520
2022.8658 153.3493
2022.8685 152.9476
2022.8712 149.5067
2022.8740 153.8961
2022.8767 145.7055
2022.8795 160.3247
2022.8822 149.2234
2022.8849 152.8413
2022.8877 152.5280
2022.8904 156.5934
2022.8932 157.0970
2022.8959 156.5685
2022.8986 155.0877
2022.9014 144.6943
2022.9041 146.5079
2022.9068 150.5283
2022.9096 155.9552
2022.9123 152.3782
2022.9151 149.8370
2022.9178 150.8917
2022.9205 150.4123
2022.9233 153.9391
2022.9260 148.9520
2022.9288 148.2312
2022.9315 152.7867
2022.9342 148.5886
2022.9370 155.7571
2022.9397 155.3022
2022.9425 152.5640
2022.9452 152.4326
2022.9479 152.8980
2022.9507 157.8605
2022.9534 151.0299
2022.9562 154.1866
2022.9589 152.3604
2022.9616 150.4816
2022.9644 152.0701
2022.9671 151.6562
2022.9699 146.0399
2022.9726 156.6012
2022.9753 149.2602
2022.9781 154.3472
2022.9808 147.8420
2022.9836 149.1449
2022.9863 149.0459
2022.9890 151.1350
2022.9918 149.4525
2022.9945 149.8083
2022.9973 148.7127
2023.0000 151.7955
