2010.1014 -12.7566
2010.1041 -14.0419
2010.1068 -12.1171
2010.1096 -11.2723
2010.1123 -13.8274
2010.1151 -12.5023
2010.1178 -11.8172
2010.1205 -13.2820
2010.1233 -12.9866
2010.1260 -13.8911
2010.1288 -0.0054
2010.1315 -11.0195
2010.1342 -12.8135
2010.1370 -10.9272
2010.1397 -10.9708
2010.1425 -9.1741
2010.1452 -10.2971
2010.1479 -5.1600
2010.1507 -5.0825
2010.1534 -3.4348
2010.1562 -2.4067
2010.1589 -7.2084
2010.1616 -4.7998
2010.1644 -9.5804
2010.1671 -6.0098
2010.1699 -4.8782
2010.1726 -11.5155
2010.1753 -10.7517
2010.1781 -6.6571
2010.1808 -5.9015
2010.1836 1.1749
2010.1863 -7.3778
2010.1890 -8.2398
2010.1918 -12.8110
2010.1945 -13.3516
2010.1973 -13.5715
2010.2000 -11.7108
2010.2027 -14.3696
2010.2055 -14.0880
2010.2082 -12.7458
2010.2110 -9.5933
2010.2137 -12.0904
2010.2164 -5.2472
2010.2192 -11.7038
2010.2219 -10.6002
2010.2247 -12.1363
2010.2274 -12.6224
2010.2301 -9.4084
2010.2329 -11.3044
2010.2356 -8.6404
2010.2384 -10.9164
2010.2411 -7.3926
2010.2438 -11.7489
2010.2466 -9.4255
2010.2493 -7.8219
2010.2521 -7.2482
2010.2548 -7.9643
2010.2575 -6.6203
2010.2603 -10.0361
2010.2630 -10.4318
2010.2658 -7.9573
2010.2685 -9.2926
2010.2712 -6.7177
2010.2740 3.4874
2010.2767 -5.1872
2010.2795 -8.2817
2010.2822 -5.1959
2010.2849 -9.8098
2010.2877 -12.7536
2010.2904 -17.1670
2010.2932 -18.0402
2010.2959 -21.2631
2010.2986 -19.3457
2010.3014 -14.8980
2010.3041 -16.3100
2010.3068 -6.9416
2010.3096 -7.7530
2010.3123 -6.4940
2010.3151 -8.2347
2010.3178 -10.5250
2010.3205 -12.2349
2010.3233 -12.1545
2010.3260 -12.4337
2010.3288 -10.9324
2010.3315 -11.4008
2010.3342 -9.9885
2010.3370 -9.4958
2010.3397 -12.5125
2010.3425 -11.0586
2010.3452 -13.0143
2010.3479 -13.0094
2010.3507 -9.7140
2010.3534 -5.8782
2010.3562 -8.2618
2010.3589 -8.1749
2010.3616 -13.8475
2010.3644 -10.9996
2010.3671 -5.7413
2010.3699 -6.0225
2010.3726 -4.6432
2010.3753 -5.9034
2010.3781 -8.1832
2010.3808 -6.0025
2010.3836 -10.0613
2010.3863 -9.8097
2010.3890 -4.2077
2010.3918 -6.2152
2010.3945 -6.3223
2010.3973 -4.2890
2010.4000 4.5347
2010.4027 -3.5011
2010.4055 -3.4765
2010.4082 -6.7516
2010.4110 -9.9662
2010.4137 -2.2203
2010.4164 0.6463
2010.4192 -0.4362
2010.4219 -3.0780
2010.4247 0.0009
2010.4274 -2.2296
2010.4301 -2.6696
2010.4329 -1.7390
2010.4356 2.9820
2010.4384 -6.4665
2010.4411 3.6952
2010.4438 4.2772
2010.4466 -7.4105
2010.4493 -6.7082
2010.4521 -7.0957
2010.4548 -1.9432
2010.4575 -6.8007
2010.4603 -2.3983
2010.4630 -3.5461
2010.4658 -2.8440
2010.4685 -4.1323
2010.4712 -3.2308
2010.4740 -3.7697
2010.4767 -9.3191
2010.4795 -9.3890
2010.4822 -5.6594
2010.4849 -3.6805
2010.4877 -6.6822
2010.4904 -4.9547
2010.4932 -6.6380
2010.4959 -5.7121
2010.4986 -6.3367
2010.5014 -7.0514
2010.5041 -8.5362
2010.5068 -7.2312
2010.5096 -7.3562
2010.5123 -7.3614
2010.5151 -9.3668
2010.5178 -5.9123
2010.5205 -8.9480
2010.5233 -8.9239
2010.5260 -8.7900
2010.5288 -7.0763
2010.5315 0.0372
2010.5342 10.0304
2010.5370 0.9634
2010.5397 -10.1139
2010.5425 -7.3615
2010.5452 -2.4193
2010.5479 10.3925
2010.5507 -1.4960
2010.5534 -0.4448
2010.5562 -3.2640
2010.5589 5.7865
2010.5616 7.1367
2010.5644 3.1664
2010.5671 2.1557
2010.5699 -4.3753
2010.5726 0.1032
2010.5753 -1.3887
2010.5781 -2.5411
2010.5808 -3.8739
2010.5836 0.6530
2010.5863 -5.4704
2010.5890 -0.0741
2010.5918 -1.1679
2010.5945 -0.9820
2010.5973 -4.7862
2010.6000 -4.6507
2010.6027 -4.0153
2010.6055 -1.1501
2010.6082 -0.4351
2010.6110 1.6298
2010.6137 1.9645
2010.6164 2.0391
2010.6192 -9.3764
2010.6219 -7.9320
2010.6247 -8.7678
2010.6274 -5.4236
2010.6301 -5.1695
2010.6329 1.2945
2010.6356 -3.2915
2010.6384 1.4224
2010.6411 -1.7238
2010.6438 -2.0899
2010.6466 -5.4062
2010.6493 -1.8924
2010.6521 -3.6686
2010.6548 -2.9648
2010.6575 0.2190
2010.6603 -7.5872
2010.6630 -4.4833
2010.6658 -5.0896
2010.6685 1.8930
2010.6712 -2.5356
2010.6740 -4.4253
2010.6767 -6.4060
2010.6795 -4.5675
2010.6822 2.9003
2010.6849 -1.7625
2010.6877 2.5541
2010.6904 3.1204
2010.6932 1.3764
2010.6986 1.7982
2010.7014 -3.0058
2010.7041 4.5703
2010.7068 0.8768
2010.7096 2.2838
2010.7123 -0.0287
2010.7151 -1.0405
2010.7178 -1.4414
2010.7205 -1.0915
2010.7233 -0.2405
2010.7260 -2.3584
2010.7288 -3.3649
2010.7315 -6.2401
2010.7342 -4.5738
2010.7370 -4.4459
2010.7397 -2.5061
2010.7425 -1.0046
2010.7452 -1.4810
2010.7479 1.6446
2010.7507 1.0221
2010.7534 -3.3889
2010.7562 -3.6386
2010.7589 -1.3870
2010.7616 -1.0441
2010.7644 0.3998
2010.7671 -0.5051
2010.7699 -1.9991
2010.7726 -5.5222
2010.7753 -1.1445
2010.7781 -2.9460
2010.7808 -2.9169
2010.7836 -5.4371
2010.7863 -5.5569
2010.7918 8.5447
2010.7945 -3.6941
2010.7973 -4.1926
2010.8000 -6.2311
2010.8027 -2.9996
2010.8055 -0.4181
2010.8082 0.2433
2010.8110 -2.2856
2010.8137 -2.6547
2010.8164 2.2058
2010.8192 -4.7542
2010.8219 0.1953
2010.8247 -0.5758
2010.8274 -4.2976
2010.8301 -6.6002
2010.8329 3.9565
2010.8356 -8.2669
2010.8384 -2.9602
2010.8411 -5.2536
2010.8493 -3.0836
2010.8521 2.6030
2010.8548 2.6096
2010.8575 4.7461
2010.8603 -6.7075
2010.8630 5.9489
2010.8658 -1.9649
2010.8685 0.5912
2010.8712 -5.4228
2010.8740 -1.8869
2010.8767 3.1588
2010.8795 -0.7657
2010.8822 7.2397
2010.8849 -2.0051
2010.8877 5.6498
2010.8904 3.3446
2010.8932 6.3191
2010.8959 3.3034
2010.8986 2.9474
2010.9014 0.9111
2010.9041 4.5446
2010.9068 3.8478
2010.9096 4.0206
2010.9123 3.1431
2010.9151 4.6453
2010.9178 2.2162
2010.9205 0.8847
2010.9233 -0.2890
2010.9260 -0.1549
2010.9288 -1.2529
2010.9315 1.4571
2010.9342 0.4253
2010.9370 0.1816
2010.9397 1.0962
2010.9425 3.9291
2010.9452 1.8005
2010.9479 3.4404
2010.9507 1.6090
2010.9534 0.8462
2010.9562 -0.6078
2010.9589 3.5770
2010.9616 0.7109
2010.9644 1.5137
2010.9671 1.6057
2010.9699 1.4869
2010.9726 -0.5826
2010.9753 3.1973
2010.9781 0.8467
2010.9808 1.0056
2010.9836 5.6041
2010.9863 3.8924
2010.9890 3.1205
2010.9918 5.2285
2010.9945 1.6365
2010.9973 5.1845
2011.0000 2.5427
2011.0027 1.5198
2011.0055 8.9048
2011.0082 5.7278
2011.0110 8.2089
2011.0137 8.0884
2011.0164 5.4465
2011.0192 6.4233
2011.0219 6.7090
2011.0247 3.7039
2011.0274 4.4980
2011.0301 3.2517
2011.0329 2.9250
2011.0356 4.2682
2011.0384 5.2415
2011.0411 5.0849
2011.0438 4.0689
2011.0466 4.9734
2011.0493 3.7687
2011.0521 6.6450
2011.0548 7.5325
2011.0575 7.7913
2011.0603 7.4917
2011.0630 9.1038
2011.0658 9.3078
2011.0685 7.3239
2011.0712 6.1224
2011.0740 11.9633
2011.0767 10.1668
2011.0795 6.5832
2011.0822 3.9123
2011.0849 6.1820
2011.0877 8.5418
2011.0904 7.0419
2011.0932 7.6322
2011.0959 7.8827
2011.0986 8.7134
2011.1014 9.2043
2011.1041 10.6754
2011.1068 8.5466
2011.1096 5.3280
2011.1123 9.0096
2011.1151 8.8813
2011.1178 7.3932
2011.1205 12.0652
2011.1233 11.0374
2011.1260 10.6697
2011.1288 13.2621
2011.1315 18.3146
2011.1342 8.4973
2011.1370 13.1001
2011.1397 11.2729
2011.1425 21.6959
2011.1452 7.1789
2011.1479 16.4621
2011.1507 13.8253
2011.1534 10.2085
2011.1562 11.6419
2011.1589 13.0953
2011.1616 6.0487
2011.1644 8.5723
2011.1671 15.5560
2011.1699 12.6098
2011.1726 15.8238
2011.1753 9.4179
2011.1781 10.6221
2011.1808 9.4464
2011.1836 10.9608
2011.1863 10.1352
2011.1890 9.6998
2011.1918 10.2543
2011.1945 6.6189
2011.1973 8.0836
2011.2000 11.6683
2011.2027 12.9429
2011.2055 12.8076
2011.2082 10.2822
2011.2110 9.1369
2011.2137 12.8715
2011.2164 7.6960
2011.2192 11.9005
2011.2219 7.1249
2011.2247 8.7592
2011.2274 9.4334
2011.2301 9.7775
2011.2329 7.2216
2011.2356 9.6954
2011.2384 4.7392
2011.2411 7.0228
2011.2438 5.9862
2011.2466 6.9792
2011.2493 9.9605
2011.2521 9.8199
2011.2548 8.2977
2011.2575 7.6739
2011.2603 9.9687
2011.2630 12.1223
2011.2658 14.4447
2011.2685 11.9461
2011.2712 10.0266
2011.2740 13.0864
2011.2767 9.8257
2011.2795 12.1044
2011.2822 10.2129
2011.2849 14.2312
2011.2877 11.9295
2011.2904 12.7479
2011.2932 14.0366
2011.2959 10.6356
2011.2986 8.9152
2011.3014 10.5154
2011.3041 13.6964
2011.3068 13.4784
2011.3096 10.3514
2011.3123 10.7357
2011.3151 10.6013
2011.3178 11.5584
2011.3205 11.3171
2011.3233 14.8276
2011.3260 11.4400
2011.3288 14.0045
2011.3315 17.2109
2011.3342 20.4290
2011.3370 15.6086
2011.3397 14.9196
2011.3425 14.3820
2011.3452 14.8356
2011.3479 15.9904
2011.3507 13.7062
2011.3534 15.6530
2011.3562 13.4806
2011.3589 15.8489
2011.3616 14.0679
2011.3644 17.7374
2011.3671 24.3473
2011.3699 6.8376
2011.3726 21.5780
2011.3753 17.4186
2011.3781 15.9492
2011.3808 18.0198
2011.3836 17.7001
2011.3863 19.8802
2011.3890 21.2999
2011.3918 20.1491
2011.3945 19.6077
2011.3973 22.8456
2011.4000 24.2928
2011.4027 21.9590
2011.4055 11.9243
2011.4082 17.6984
2011.4110 15.4913
2011.4137 14.3232
2011.4164 14.1254
2011.4192 11.6980
2011.4219 13.9210
2011.4247 16.6942
2011.4274 17.4076
2011.4301 20.1011
2011.4329 20.9445
2011.4356 18.7079
2011.4384 21.0711
2011.4411 18.8141
2011.4438 14.2667
2011.4466 12.7288
2011.4493 15.1304
2011.4521 14.3815
2011.4548 15.3818
2011.4575 14.2114
2011.4603 13.1000
2011.4630 17.1678
2011.4658 19.2144
2011.4685 15.3500
2011.4712 19.1343
2011.4740 18.9673
2011.4767 17.5590
2011.4795 15.5991
2011.4822 12.2677
2011.4849 18.9647
2011.4877 17.7899
2011.4904 12.8633
2011.4932 16.1347
2011.4959 15.7442
2011.4986 19.9224
2011.5014 23.6301
2011.5041 25.4473
2011.5068 24.8341
2011.5096 20.9004
2011.5123 23.1563
2011.5151 17.9818
2011.5178 16.2970
2011.5205 18.0618
2011.5233 14.5463
2011.5260 17.0604
2011.5288 19.6743
2011.5315 19.3279
2011.5342 18.3713
2011.5370 19.4644
2011.5397 22.8074
2011.5425 22.3901
2011.5452 19.7527
2011.5479 18.7251
2011.5507 17.4175
2011.5534 16.5497
2011.5562 16.5018
2011.5589 18.7739
2011.5616 19.6259
2011.5644 17.3580
2011.5671 17.9500
2011.5699 17.6220
2011.5726 16.0941
2011.5753 15.1863
2011.5781 17.6385
2011.5808 19.2208
2011.5836 17.6430
2011.5863 15.1847
2011.5890 18.5360
2011.5918 17.2269
2011.5945 18.0176
2011.5973 18.7379
2011.6000 15.5180
2011.6027 21.3678
2011.6055 22.4176
2011.6082 22.9072
2011.6110 20.6767
2011.6137 21.3162
2011.6164 20.7257
2011.6192 17.5152
2011.6219 19.7048
2011.6247 20.8945
2011.6274 19.8744
2011.6301 23.1345
2011.6329 21.4149
2011.6356 25.9456
2011.6384 32.3665
2011.6411 26.0879
2011.6438 28.0496
2011.6466 23.4819
2011.6493 22.8746
2011.6521 22.3178
2011.6548 25.7616
2011.6575 21.5261
2011.6603 17.6712
2011.6630 20.8369
2011.6658 24.6236
2011.6685 22.2415
2011.6712 21.0907
2011.6740 17.0012
2011.6767 19.2129
2011.6795 21.9958
2011.6822 19.0998
2011.6849 23.2848
2011.6877 24.0009
2011.6904 22.4980
2011.6932 21.5460
2011.6959 20.9248
2011.6986 14.2245
2011.7014 14.8249
2011.7041 16.6561
2011.7068 17.7279
2011.7096 14.6703
2011.7123 14.8833
2011.7151 13.1868
2011.7178 17.5608
2011.7205 23.2552
2011.7233 20.2699
2011.7260 20.3350
2011.7315 17.8558
2011.7342 21.2415
2011.7370 19.3373
2011.7397 16.6332
2011.7425 20.1590
2011.7452 18.5948
2011.7479 18.6806
2011.7507 14.2062
2011.7534 12.6520
2011.7562 11.8678
2011.7589 21.0436
2011.7616 17.3395
2011.7644 11.7054
2011.7671 21.3014
2011.7699 29.6674
2011.7726 19.7635
2011.7753 18.7596
2011.7781 15.8557
2011.7808 19.9519
2011.7836 18.4682
2011.7863 18.4645
2011.7890 18.1308
2011.7918 17.4472
2011.7945 19.4536
2011.7973 19.7001
2011.8000 19.1866
2011.8027 24.6832
2011.8055 19.4698
2011.8082 19.1865
2011.8110 23.0432
2011.8137 29.2899
2011.8164 28.0967
2011.8192 20.5835
2011.8219 20.9504
2011.8247 24.6073
2011.8274 24.8243
2011.8301 23.4613
2011.8329 22.3784
2011.8356 19.7558
2011.8384 24.5834
2011.8411 20.4013
2011.8438 21.6695
2011.8466 19.6778
2011.8493 21.3664
2011.8521 26.5951
2011.8548 23.4441
2011.8575 30.0831
2011.8603 30.6023
2011.8630 26.4916
2011.8658 25.2109
2011.8685 25.7703
2011.8712 27.6598
2011.8740 23.0693
2011.8767 20.9188
2011.8795 24.0082
2011.8822 24.0077
2011.8849 27.6670
2011.8877 21.9563
2011.8904 25.4355
2011.8932 24.7546
2011.8959 21.9635
2011.8986 19.4122
2011.9014 23.1208
2011.9041 24.6092
2011.9068 27.3874
2011.9096 25.5053
2011.9123 26.4429
2011.9151 30.5103
2011.9178 21.6670
2011.9205 23.0227
2011.9233 24.3273
2011.9260 22.9408
2011.9288 17.5234
2011.9315 30.1050
2011.9342 27.1957
2011.9370 22.5054
2011.9397 24.8841
2011.9425 26.3119
2011.9452 26.3789
2011.9479 28.7249
2011.9507 26.6301
2011.9534 22.2145
2011.9562 30.1280
2011.9589 24.1506
2011.9616 23.9025
2011.9644 25.0937
2011.9671 26.5240
2011.9699 28.3336
2011.9726 27.1125
2011.9753 23.9406
2011.9781 26.7581
2011.9808 25.5049
2011.9836 25.8010
2011.9863 26.6265
2011.9890 29.1514
2011.9918 28.1156
2011.9945 26.2993
2011.9973 28.4924
2012.0000 24.3249
2012.0027 27.4661
2012.0055 24.7854
2012.0082 26.1828
2012.0109 25.2985
2012.0137 28.7027
2012.0164 28.2354
2012.0191 24.8069
2012.0219 26.3573
2012.0246 27.7566
2012.0273 27.7452
2012.0301 25.1130
2012.0328 25.5802
2012.0355 28.0871
2012.0383 28.9137
2012.0410 27.8601
2012.0437 22.7865
2012.0464 25.6231
2012.0492 27.2700
2012.0519 30.7774
2012.0546 25.7353
2012.0574 30.9139
2012.0601 27.1834
2012.0628 27.6139
2012.0656 30.8156
2012.0683 30.1185
2012.0710 31.0029
2012.0738 29.6889
2012.0765 30.4066
2012.0792 27.1761
2012.0820 27.5174
2012.0847 31.0492
2012.0874 34.1209
2012.0902 30.8727
2012.0929 31.7747
2012.0956 30.9468
2012.0984 31.9690
2012.1011 30.2615
2012.1038 35.3642
2012.1066 28.5772
2012.1093 31.6104
2012.1120 32.3840
2012.1148 32.1980
2012.1175 31.6024
2012.1202 30.7772
2012.1230 29.7824
2012.1257 28.1681
2012.1284 28.4944
2012.1311 28.0012
2012.1339 29.5286
2012.1366 26.4566
2012.1393 30.0052
2012.1421 29.3946
2012.1448 28.0646
2012.1475 26.6954
2012.1503 27.6069
2012.1530 32.1592
2012.1557 30.8224
2012.1585 33.3065
2012.1612 32.3014
2012.1639 33.9169
2012.1667 31.8225
2012.1694 29.2381
2012.1721 28.9338
2012.1749 33.0394
2012.1776 32.4952
2012.1803 32.5009
2012.1831 31.8867
2012.1858 26.9326
2012.1885 30.5585
2012.1913 27.2044
2012.1940 29.8404
2012.1967 33.7665
2012.1995 30.2826
2012.2049 28.4650
2012.2077 32.7314
2012.2104 31.4777
2012.2131 28.7142
2012.2158 29.6207
2012.2186 30.8973
2012.2213 28.3239
2012.2240 27.8507
2012.2268 26.5975
2012.2295 25.1144
2012.2322 32.5914
2012.2350 31.2185
2012.2377 34.7457
2012.2404 26.5729
2012.2432 24.6003
2012.2459 26.4477
2012.2486 26.6252
2012.2514 25.8428
2012.2541 28.4104
2012.2568 27.0981
2012.2596 26.6357
2012.2623 25.7135
2012.2650 26.5112
2012.2678 29.8690
2012.2705 31.4467
2012.2732 29.1745
2012.2760 35.6223
2012.2787 32.2501
2012.2814 35.0279
2012.2842 31.8457
2012.2869 32.8535
2012.2896 31.7812
2012.2923 31.2390
2012.2951 31.4367
2012.2978 29.4344
2012.3005 33.7520
2012.3033 38.6696
2012.3060 39.8972
2012.3087 43.2347
2012.3115 38.5822
2012.3142 39.4996
2012.3169 29.9170
2012.3197 42.6243
2012.3224 34.5815
2012.3251 38.0786
2012.3279 39.8457
2012.3306 41.2627
2012.3333 37.4896
2012.3361 37.8765
2012.3388 35.9932
2012.3415 33.1800
2012.3443 31.3367
2012.3470 34.6533
2012.3497 36.5599
2012.3525 36.1864
2012.3552 35.7129
2012.3579 40.8394
2012.3607 39.0159
2012.3634 40.8123
2012.3661 37.0388
2012.3689 36.2152
2012.3716 32.9116
2012.3743 34.3180
2012.3770 38.5044
2012.3798 34.6709
2012.3825 32.1773
2012.3852 34.5138
2012.3880 35.9702
2012.3907 35.8067
2012.3934 38.1833
2012.3962 40.8998
2012.3989 41.1365
2012.4016 35.3631
2012.4044 35.3498
2012.4071 31.6466
2012.4098 37.6334
2012.4126 36.0403
2012.4153 41.2572
2012.4180 42.6242
2012.4208 37.7213
2012.4235 37.0184
2012.4262 39.0456
2012.4290 43.0528
2012.4317 40.6301
2012.4344 46.0874
2012.4372 38.7848
2012.4399 40.2122
2012.4426 35.8797
2012.4454 35.9271
2012.4481 38.8046
2012.4508 34.5821
2012.4536 40.1597
2012.4563 34.6773
2012.4590 38.5648
2012.4617 40.0624
2012.4645 40.5901
2012.4672 42.8777
2012.4699 38.7853
2012.4727 40.3329
2012.4754 41.5906
2012.4781 40.7382
2012.4809 39.2058
2012.4836 36.7934
2012.4863 34.0410
2012.4891 37.2486
2012.4918 34.2661
2012.4945 35.5236
2012.4973 37.3312
2012.5000 38.9388
2012.5027 36.5965
2012.5055 39.1242
2012.5082 40.7721
2012.5109 41.8401
2012.5137 42.0382
2012.5164 39.5164
2012.5191 35.1846
2012.5219 31.5930
2012.5246 34.9115
2012.5273 32.7701
2012.5301 32.0088
2012.5328 36.7376
2012.5355 34.6065
2012.5383 38.7055
2012.5410 36.7846
2012.5437 40.4639
2012.5464 38.8332
2012.5492 40.4027
2012.5519 42.0023
2012.5546 35.0320
2012.5574 34.0918
2012.5601 31.9418
2012.5628 35.0519
2012.5656 31.6721
2012.5683 34.2024
2012.5710 32.4328
2012.5738 31.5634
2012.5765 31.9641
2012.5792 30.3349
2012.5820 33.2662
2012.5847 37.2002
2012.5874 38.8873
2012.5902 35.9873
2012.5929 35.3400
2012.5956 35.0052
2012.5984 35.9326
2012.6011 38.7921
2012.6038 32.6035
2012.6066 34.1665
2012.6093 33.0209
2012.6120 36.3466
2012.6148 41.3634
2012.6175 41.8410
2012.6202 42.0592
2012.6230 44.8978
2012.6284 41.3055
2012.6339 41.8324
2012.6366 39.0400
2012.6393 37.5969
2012.6421 37.1127
2012.6448 35.7073
2012.6475 37.6304
2012.6503 34.3520
2012.6530 38.6317
2012.6557 39.3793
2012.6585 40.6847
2012.6612 40.0176
2012.6639 43.4179
2012.6667 40.4463
2012.6694 37.0744
2012.6721 39.2723
2012.6749 41.2299
2012.6776 35.9373
2012.6803 34.4944
2012.6831 34.5512
2012.6858 32.6077
2012.6885 32.1538
2012.6913 38.6296
2012.6940 40.3450
2012.6967 39.0301
2012.6995 36.7547
2012.7022 40.4589
2012.7049 39.1527
2012.7077 40.9060
2012.7104 43.2788
2012.7131 32.3612
2012.7158 35.4130
2012.7186 34.0643
2012.7213 35.2151
2012.7240 30.6153
2012.7268 34.1749
2012.7295 45.9239
2012.7322 41.5822
2012.7350 37.4700
2012.7377 46.2171
2012.7404 37.1135
2012.7432 38.7893
2012.7459 37.1643
2012.7486 39.9386
2012.7514 39.1325
2012.7541 41.3662
2012.7568 36.8897
2012.7596 38.2029
2012.7623 35.3460
2012.7650 38.4988
2012.7678 41.2915
2012.7705 41.9641
2012.7732 41.2865
2012.7760 39.6388
2012.7787 41.8910
2012.7814 40.2831
2012.7842 38.3151
2012.7869 40.6871
2012.7896 41.0891
2012.7923 40.1210
2012.7951 41.5530
2012.7978 38.4049
2012.8005 37.4269
2012.8033 40.1890
2012.8060 41.7311
2012.8087 45.3833
2012.8115 43.8056
2012.8142 47.9080
2012.8169 47.5205
2012.8197 45.2732
2012.8224 42.4760
2012.8251 40.5891
2012.8279 41.7323
2012.8306 42.2557
2012.8333 48.0296
2012.8361 44.2645
2012.8388 43.6003
2012.8415 40.1570
2012.8443 45.2045
2012.8470 44.0426
2012.8497 45.3114
2012.8525 45.5506
2012.8552 42.8702
2012.8579 39.4301
2012.8607 39.8302
2012.8634 44.7104
2012.8661 44.4706
2012.8689 40.3007
2012.8716 40.4807
2012.8743 42.1103
2012.8770 42.2096
2012.8798 44.1884
2012.8825 43.3766
2012.8852 42.5342
2012.8880 44.8509
2012.8907 46.6269
2012.8934 44.4519
2012.8962 38.7958
2012.8989 43.1785
2012.9016 41.4801
2012.9044 40.4503
2012.9071 40.3190
2012.9098 43.7662
2012.9126 47.9418
2012.9153 46.1057
2012.9180 45.2582
2012.9208 42.9598
2012.9235 42.7004
2012.9262 43.8601
2012.9290 41.9889
2012.9317 44.5369
2012.9344 44.3742
2012.9372 43.3607
2012.9399 43.7666
2012.9426 44.1718
2012.9454 42.0364
2012.9481 39.3705
2012.9508 42.2940
2012.9536 45.3271
2012.9563 46.3997
2012.9590 43.2320
2012.9617 44.7439
2012.9645 45.8055
2012.9672 42.5369
2012.9699 40.0280
2012.9727 41.1990
2012.9754 42.1498
2012.9781 44.3406
2012.9809 41.8013
2012.9836 42.6720
2012.9863 44.5628
2012.9891 45.7936
2012.9918 45.0245
2012.9945 42.8657
2012.9973 44.6170
2013.0000 44.5886
2014.1288 64.4155
2014.1315 65.6275
2014.1342 60.2003
2014.1370 59.3041
2014.1397 59.1988
2014.1425 60.3845
2014.1452 61.8412
2014.1479 64.3990
2014.1507 62.2980
2014.1534 66.2080
2014.1562 65.9193
2014.1589 59.7818
2014.1616 63.8956
2014.1644 65.0903
2014.1671 65.0457
2014.1699 63.1316
2014.1726 65.3480
2014.1753 64.5350
2014.1781 67.9324
2014.1808 63.1602
2014.1836 63.1484
2014.1863 62.0769
2014.1890 61.4457
2014.1918 60.8948
2014.1945 59.0541
2014.1973 58.9136
2014.2000 58.9132
2014.2027 57.9129
2014.2055 55.0426
2014.2082 63.2724
2014.2110 68.2222
2014.2137 62.2119
2014.2164 63.2415
2014.2192 58.2110
2014.2219 62.7303
2014.2247 63.4393
2014.2274 65.2781
2014.2301 62.0167
2014.2329 64.3748
2014.2356 62.0426
2014.2384 64.0800
2014.2411 62.7670
2014.2438 67.3834
2014.2466 69.8993
2014.2493 70.5647
2014.2521 67.0697
2014.2548 66.2143
2014.2575 71.5585
2014.2603 68.7024
2014.2630 73.1060
2014.2658 75.5194
2014.2685 77.6126
2014.2712 64.1756
2014.2740 70.2585
2014.2767 65.8714
2014.2795 71.0342
2014.2822 69.4771
2014.2849 68.0700
2014.2877 68.2630
2014.2904 71.4161
2014.2932 72.9694
2014.2959 70.3430
2014.2986 68.1968
2014.3014 71.4409
2014.3041 66.6154
2014.3068 69.1003
2014.3096 73.8556
2014.3123 63.9113
2014.3151 72.7176
2014.3178 69.2845
2014.3205 63.1819
2014.3233 67.2500
2014.3260 65.4788
2014.3288 63.6383
2014.3315 60.6084
2014.3342 63.7688
2014.3370 66.8197
2014.3397 58.4510
2014.3425 60.4326
2014.3452 61.4545
2014.3479 62.0168
2014.3507 63.1193
2014.3534 62.0122
2014.3562 65.8354
2014.3589 62.5588
2014.3616 64.3525
2014.3644 67.1265
2014.3671 68.2207
2014.3699 70.5851
2014.3726 67.7496
2014.3753 64.8844
2014.3781 78.5994
2014.3808 64.9545
2014.3836 69.0297
2014.3863 68.6951
2014.3890 64.9006
2014.3918 64.9662
2014.3945 65.0018
2014.3973 62.8676
2014.4000 65.2934
2014.4027 63.4393
2014.4055 68.8951
2014.4082 65.7910
2014.4110 66.6869
2014.4137 64.5328
2014.4164 66.5588
2014.4192 67.6348
2014.4219 64.9209
2014.4247 69.9071
2014.4274 66.4034
2014.4301 64.9697
2014.4329 65.6261
2014.4356 63.0426
2014.4384 63.7591
2014.4411 64.9757
2014.4438 67.5524
2014.4466 66.8291
2014.4493 67.7258
2014.4521 67.8426
2014.4548 73.0795
2014.4575 66.3264
2014.4603 69.0334
2014.4630 72.1804
2014.4658 61.8874
2014.4685 66.1145
2014.4712 65.5116
2014.4740 67.0687
2014.4767 66.1859
2014.4795 65.5931
2014.4822 64.8204
2014.4849 68.3877
2014.4877 67.8949
2014.4904 64.9123
2014.4932 67.8596
2014.4959 69.3369
2014.4986 63.9351
2014.5014 66.7647
2014.5041 66.0756
2014.5068 71.9378
2014.5096 61.2210
2014.5123 63.9452
2014.5151 67.6803
2014.5178 70.5760
2014.5205 73.6422
2014.5233 68.3189
2014.5260 75.2659
2014.5288 71.4230
2014.5315 74.3902
2014.5342 73.9273
2014.5370 75.7341
2014.5397 59.7806
2014.5425 62.7266
2014.5452 62.8320
2014.5479 64.3766
2014.5507 62.3404
2014.5534 64.1731
2014.5562 62.3646
2014.5589 65.4249
2014.5616 66.8238
2014.5644 65.9012
2014.5671 72.0768
2014.5699 69.2707
2014.5726 67.4426
2014.5753 66.8525
2014.5781 66.4702
2014.5808 64.4955
2014.5836 62.4096
2014.5863 66.1134
2014.5890 68.6469
2014.5918 68.0003
2014.5945 67.9134
2014.5973 68.1764
2014.6000 68.7892
2014.6027 70.9818
2014.6055 67.8542
2014.6082 68.9565
2014.6110 67.0987
2014.6137 67.9207
2014.6164 60.6426
2014.6192 63.3444
2014.6219 68.2062
2014.6247 66.5878
2014.6274 64.2294
2014.6301 66.8409
2014.6329 68.9724
2014.6356 64.0538
2014.6384 61.1853
2014.6411 64.2067
2014.6438 58.1281
2014.6466 59.7995
2014.6493 58.6509
2014.6521 61.9524
2014.6548 60.5039
2014.6575 66.6155
2014.6603 64.3272
2014.6630 68.8489
2014.6658 71.0007
2014.6685 69.9624
2014.6712 73.1441
2014.6740 74.1758
2014.6767 72.1774
2014.6795 71.1689
2014.6822 72.4305
2014.6849 69.9120
2014.6877 71.8034
2014.6904 71.0048
2014.6932 72.3863
2014.6959 71.8177
2014.6986 72.4591
2014.7014 69.5004
2014.7041 68.5418
2014.7068 67.9132
2014.7096 68.8346
2014.7123 69.6660
2014.7151 71.4075
2014.7178 69.3089
2014.7205 70.9404
2014.7233 70.6019
2014.7260 67.5835
2014.7288 63.4750
2014.7315 71.7167
2014.7342 70.0884
2014.7370 71.0301
2014.7397 74.3519
2014.7425 70.6338
2014.7452 69.6457
2014.7479 69.7577
2014.7507 73.1412
2014.7534 68.7771
2014.7562 70.6555
2014.7589 75.5960
2014.7616 66.9986
2014.7644 68.6031
2014.7671 70.8092
2014.7699 68.6570
2014.7726 71.5261
2014.7753 66.9664
2014.7781 71.0877
2014.7808 70.6100
2014.7836 72.5029
2014.7863 72.3064
2014.7890 70.6903
2014.7918 70.5843
2014.7945 68.9985
2014.7973 73.5625
2014.8000 74.0662
2014.8027 77.9894
2014.8055 75.0621
2014.8082 70.3239
2014.8110 70.8848
2014.8137 73.9546
2014.8164 73.4530
2014.8192 72.7901
2014.8219 70.4755
2014.8247 74.5591
2014.8274 73.1408
2014.8301 77.0603
2014.8329 68.1578
2014.8356 80.0746
2014.8384 72.2209
2014.8411 69.1267
2014.8438 68.0920
2014.8466 68.3068
2014.8493 68.9012
2014.8521 67.4950
2014.8548 69.6384
2014.8575 68.9014
2014.8603 68.9038
2014.8630 70.0158
2014.8658 71.0074
2014.8685 68.9484
2014.8712 64.5991
2014.8740 66.5892
2014.8767 68.9789
2014.8795 67.6482
2014.8822 66.7270
2014.8849 67.7353
2014.8877 65.1032
2014.8904 70.0307
2014.8932 65.9078
2014.8959 68.0744
2014.8986 68.6605
2014.9014 64.3063
2014.9041 68.8716
2014.9068 73.4965
2014.9096 72.4709
2014.9123 70.3450
2014.9151 72.5586
2014.9178 72.2319
2014.9205 69.7252
2014.9233 67.2882
2014.9260 72.0312
2014.9288 73.1139
2014.9315 74.7665
2014.9342 76.5688
2014.9370 72.2909
2014.9397 76.6428
2014.9425 73.1044
2014.9452 73.3858
2014.9479 72.8269
2014.9507 75.6876
2014.9534 72.7580
2014.9562 77.2581
2014.9589 70.1479
2014.9616 76.7872
2014.9644 74.9262
2014.9671 76.2148
2014.9699 73.2929
2014.9726 76.2206
2014.9753 75.4379
2014.9781 74.6246
2014.9808 75.6509
2014.9836 71.5467
2014.9863 76.2820
2014.9890 72.4267
2014.9918 69.8709
2014.9945 71.3945
2014.9973 73.1476
2015.0000 72.1000
2015.0027 74.3417
2015.0055 74.3528
2015.0082 75.6431
2015.0110 71.9428
2015.0137 68.5019
2015.0164 71.0005
2015.0192 71.9486
2015.0219 73.5963
2015.0247 72.5036
2015.0274 71.7105
2015.0301 74.0772
2015.0329 71.0137
2015.0356 70.5399
2015.0384 70.4061
2015.0411 72.0921
2015.0438 71.5582
2015.0466 74.1242
2015.0493 76.6403
2015.0521 77.6466
2015.0548 80.4430
2015.0575 75.4096
2015.0603 76.4165
2015.0630 77.5937
2015.0658 75.7512
2015.0685 80.9392
2015.0712 77.2177
2015.0740 71.7566
2015.0767 72.1262
2015.0795 67.2263
2015.0822 68.9670
2015.0849 74.2578
2015.0877 74.0687
2015.0904 77.4795
2015.0932 75.2804
2015.0959 79.4615
2015.0986 69.3326
2015.1014 77.5040
2015.1041 76.1355
2015.1068 77.7672
2015.1096 77.1492
2015.1123 77.2715
2015.1151 75.9240
2015.1178 74.6770
2015.1205 76.4102
2015.1233 77.6639
2015.1260 77.5680
2015.1288 77.7326
2015.1315 79.0276
2015.1342 75.7532
2015.1370 78.1393
2015.1397 74.1360
2015.1425 77.4633
2015.1452 72.2312
2015.1479 74.5998
2015.1507 72.9191
2015.1534 77.3591
2015.1562 71.4199
2015.1589 71.1314
2015.1616 73.9738
2015.1644 74.6969
2015.1671 75.6805
2015.1699 73.4148
2015.1726 73.6896
2015.1753 72.9149
2015.1781 74.1508
2015.1808 77.5771
2015.1836 76.7440
2015.1863 74.3613
2015.1890 79.2790
2015.1918 76.4072
2015.1945 73.8858
2015.1973 81.6348
2015.2000 77.3241
2015.2027 77.4838
2015.2055 73.5438
2015.2082 78.7041
2015.2110 78.5847
2015.2137 79.7256
2015.2164 76.3567
2015.2192 76.5581
2015.2219 70.1297
2015.2274 78.7334
2015.2301 67.3955
2015.2329 76.3377
2015.2356 76.5801
2015.2384 78.1426
2015.2411 78.8251
2015.2438 78.2677
2015.2466 80.5804
2015.2493 77.8135
2015.2521 78.6271
2015.2548 79.9312
2015.2575 80.1456
2015.2603 79.6104
2015.2630 78.5055
2015.2658 75.9209
2015.2685 73.4065
2015.2712 69.8023
2015.2740 73.7782
2015.2767 76.8243
2015.2795 78.9004
2015.2822 75.8966
2015.2849 82.5327
2015.2877 73.4389
2015.2904 79.2049
2015.2932 79.6508
2015.2959 81.9565
2015.2986 79.8921
2015.3014 73.3274
2015.3041 77.1624
2015.3068 78.7371
2015.3096 77.0514
2015.3123 75.4154
2015.3151 78.5588
2015.3178 72.3019
2015.3205 83.6243
2015.3233 77.6763
2015.3260 81.0676
2015.3288 79.8783
2015.3315 78.6283
2015.3342 70.2375
2015.3370 77.3760
2015.3397 82.0038
2015.3425 76.7811
2015.3452 73.3578
2015.3479 73.1641
2015.3507 74.6099
2015.3534 77.7554
2015.3562 81.1905
2015.3589 81.6953
2015.3616 77.9600
2015.3644 77.6145
2015.3671 75.9389
2015.3699 76.3632
2015.3726 76.5176
2015.3753 76.9020
2015.3781 80.9665
2015.3808 79.0812
2015.3836 80.2861
2015.3863 79.8113
2015.3890 80.1468
2015.3918 74.1727
2015.3945 70.0391
2015.3973 71.5359
2015.4000 74.9833
2015.4027 85.1313
2015.4055 83.0000
2015.4082 82.2694
2015.4110 80.5395
2015.4137 80.2904
2015.4164 80.2414
2015.4192 80.3124
2015.4219 78.1035
2015.4247 79.0646
2015.4274 80.2558
2015.4301 80.7370
2015.4329 75.3082
2015.4356 79.2294
2015.4384 75.9307
2015.4411 77.3020
2015.4438 74.2934
2015.4466 73.0348
2015.4493 72.7062
2015.4521 74.5976
2015.4548 73.7691
2015.4575 79.7706
2015.4603 80.8421
2015.4630 81.3337
2015.4658 79.5552
2015.4685 79.9868
2015.4712 78.1384
2015.4740 79.3700
2015.4767 73.2917
2015.4795 74.4533
2015.4822 78.3550
2015.4849 77.6467
2015.4877 76.7784
2015.4904 74.6501
2015.4932 74.9319
2015.4959 73.8336
2015.4986 74.4254
2015.5014 75.4871
2015.5041 74.1990
2015.5068 74.8308
2015.5096 74.2627
2015.5123 77.6546
2015.5151 71.3465
2015.5178 75.3385
2015.5205 80.5305
2015.5233 77.9126
2015.5260 79.3647
2015.5288 78.1868
2015.5315 82.1289
2015.5342 79.3511
2015.5370 82.9333
2015.5397 80.1556
2015.5425 78.5979
2015.5452 79.0002
2015.5479 78.4626
2015.5507 72.1151
2015.5534 79.8575
2015.5562 79.7300
2015.5589 75.3626
2015.5616 82.5452
2015.5644 83.3378
2015.5671 83.2505
2015.5699 81.1832
2015.5726 76.7260
2015.5753 81.4388
2015.5781 79.1317
