2009.9630 0.2345
2009.9658 -20.1050
2009.9685 -24.0249
2009.9712 -23.2653
2009.9740 -25.5262
2009.9767 -24.3376
2009.9795 -22.4994
2009.9822 -21.5318
2009.9849 -20.0346
2009.9877 -23.5180
2009.9904 -23.8220
2009.9931 -27.2865
2009.9959 -26.7515
2009.9986 -23.3871
2010.0014 -25.6737
2010.0041 -19.2135
2010.0068 -19.1966
2010.0096 -18.0928
2010.0123 -23.1019
2010.0151 -21.8235
2010.0178 -26.3775
2010.0205 -24.5937
2010.0233 -22.1517
2010.0260 -23.8713
2010.0288 -21.7223
2010.0315 -22.1845
2010.0342 -23.6275
2010.0370 -25.8112
2010.0397 -26.2553
2010.0425 -22.6396
2010.0452 -24.5838
2010.0479 -21.4677
2010.0507 -25.2510
2010.0534 -23.0135
2010.0562 -26.1649
2010.0589 -21.7050
2010.0616 -23.3736
2010.0644 -29.4604
2010.0671 -26.2452
2010.0699 -24.8677
2010.0726 -23.4177
2010.0753 -23.6649
2010.0781 -24.2091
2010.0808 -25.1301
2010.0836 -22.8992
2010.0863 -25.1380
2010.0890 -24.8464
2010.0918 -24.9046
2010.0945 -26.0124
2010.0973 -27.8598
2010.1000 -28.2469
2010.1027 -29.9436
2010.1055 -27.5000
2010.1082 -27.1560
2010.1110 -25.0816
2010.1137 -24.3969
2010.1164 -25.5317
2010.1192 -25.6762
2010.1219 -26.0104
2010.1247 -35.2341
2010.1274 -26.6474
2010.1301 -25.4303
2010.1329 -14.1529
2010.1356 -19.5950
2010.1384 -27.6767
2010.1411 -29.9380
2010.1438 -27.2788
2010.1466 -26.7893
2010.1493 -20.3793
2010.1521 -20.4688
2010.1548 -23.6080
2010.1575 -21.7166
2010.1603 -25.6549
2010.1630 -26.4427
2010.1658 -26.6203
2010.1685 -18.6178
2010.1712 -22.5550
2010.1740 -18.2821
2010.1767 -25.7290
2010.1795 -22.7658
2010.1822 -20.9424
2010.1849 -21.9188
2010.1877 -23.4249
2010.1904 -26.3310
2010.1931 -29.3168
2010.1959 -29.2324
2010.1986 -29.1379
2010.2014 -30.5732
2010.2041 -27.3082
2010.2068 -30.3631
2010.2096 -31.7778
2010.2123 -29.9723
2010.2151 -29.7765
2010.2178 -22.4006
2010.2205 -29.2945
2010.2233 -26.0082
2010.2260 -26.3616
2010.2288 -29.0549
2010.2315 -25.3479
2010.2342 -25.1807
2010.2370 -23.8633
2010.2397 -28.0257
2010.2425 -25.5279
2010.2452 -28.6898
2010.2479 -33.1115
2010.2507 -29.8027
2010.2534 -33.2436
2010.2562 -17.4141
2010.2589 -22.7942
2010.2616 -19.7039
2010.2644 -26.7831
2010.2671 -20.7819
2010.2699 -22.8903
2010.2726 -17.4082
2010.2753 -23.4857
2010.2781 -23.0927
2010.2808 -28.9593
2010.2836 -21.1253
2010.2863 -24.3109
2010.2890 -27.7560
2010.2918 -27.5406
2010.2945 -29.6947
2010.2973 -32.1782
2010.3000 -30.6513
2010.3027 -24.8838
2010.3055 -33.2957
2010.3082 -35.9671
2010.3110 -45.2580
2010.3137 -43.5083
2010.3164 -40.5980
2010.3192 -44.4671
2010.3219 -46.8456
2010.3247 -46.0136
2010.3274 -50.8109
2010.3301 -50.2375
2010.3329 -46.0932
2010.3356 -45.0680
2010.3384 -48.0217
2010.3411 -47.3245
2010.3438 -54.8564
2010.5794 -22.9356
2010.5904 -12.1396
2010.6041 -11.6743
2010.6068 -14.7452
2010.6096 -14.7781
2010.6123 -6.1025
2010.6151 -8.5081
2010.6178 -17.3547
2010.6260 -19.7463
2010.6288 -21.1330
2010.6315 -25.1690
2010.6479 -18.8101
2010.6507 -19.9513
2010.6534 -18.5091
2010.6562 -21.0331
2010.6589 -17.3831
2010.6616 -25.2485
2010.6644 -18.4792
2010.6671 -18.4174
2010.6699 -13.1254
2010.6726 -20.7333
2010.6753 -18.2112
2010.6781 -23.7089
2010.6808 -23.4265
2010.6836 -23.8540
2010.6863 -19.8913
2010.6890 -14.4985
2010.6918 -17.4456
2010.6945 -14.9325
2010.6973 -23.4493
2010.7000 -29.7559
2010.7027 -22.6423
2010.7055 -22.4586
2010.7082 -22.7547
2010.7110 -17.6806
2010.7137 -9.1262
2010.7164 -17.0318
2010.7192 -17.9770
2010.7219 -20.6021
2010.7247 -21.1470
2010.7274 -22.2916
2010.7301 -18.4260
2010.7329 -24.2702
2010.7356 -20.7141
2010.7384 -23.6978
2010.7411 -19.6812
2010.7438 -18.5043
2010.7466 -19.7772
2010.7493 -25.2499
2010.7521 -15.5524
2010.7548 -21.6350
2010.7575 -24.5875
2010.7603 -21.2700
2010.7630 -17.1425
2010.7658 -15.0949
2010.7685 -14.7273
2010.7712 -21.6397
2010.7740 -21.2921
2010.7767 -24.0444
2010.7794 -25.3168
2010.7822 -21.3191
2010.7849 -22.0913
2010.7877 -19.3536
2010.7904 -19.3359
2010.7931 -24.0481
2010.7959 -19.5103
2010.7986 -22.2625
2010.8014 -21.1147
2010.8041 -22.1969
2010.8068 -17.7190
2010.8096 -23.7412
2010.8123 -21.2833
2010.8151 -16.2055
2010.8178 -23.3376
2010.8205 -17.4897
2010.8233 -28.3118
2010.8260 -19.3239
2010.8288 -25.8560
2010.8315 -24.0481
2010.8342 -28.5390
2010.8370 -25.4577
2010.8397 -21.5043
2010.8425 -25.2891
2010.8452 -37.6624
2010.8479 -26.0243
2010.8507 -26.7751
2010.8534 -23.1450
2010.8562 -18.9342
2010.8589 -18.5930
2010.8616 -25.3216
2010.8644 -22.8202
2010.8671 -17.7590
2010.8699 -18.6183
2010.8726 -23.6082
2010.8753 -27.8091
2010.8781 -21.2312
2010.8808 -24.0046
2010.8836 -16.5595
2010.8863 -21.2364
2010.8890 -22.3252
2010.8918 -20.0163
2010.8945 -19.0299
2010.8973 -24.6463
2010.9000 -23.5456
2010.9027 -25.5780
2010.9055 -23.7439
2010.9082 -22.2034
2010.9110 -22.1267
2010.9137 -22.2642
2010.9164 -21.5757
2010.9192 -22.7401
2010.9219 -23.5170
2010.9247 -26.9863
2010.9274 -21.8378
2010.9301 -26.1215
2010.9329 -25.1873
2010.9356 -25.6149
2010.9384 -25.4242
2010.9411 -26.1952
2010.9438 -26.0077
2010.9466 -22.9216
2010.9493 -24.1068
2010.9521 -21.4330
2010.9548 -25.5503
2010.9575 -26.7884
2010.9603 -22.4673
2010.9630 -26.1568
2010.9658 -25.0468
2010.9685 -26.8072
2010.9712 -24.4778
2010.9740 -24.7585
2010.9767 -25.3191
2010.9795 -24.2597
2010.9822 -28.8700
2010.9849 -24.3399
2010.9877 -20.5592
2010.9904 -25.0279
2010.9931 -19.1559
2010.9959 -10.6629
2010.9986 -21.0689
2011.0014 -23.6340
2011.0041 -19.8494
2011.0068 -22.2252
2011.0096 -26.0115
2011.0123 -21.9282
2011.0151 -21.1852
2011.0178 -24.1524
2011.0205 -22.5799
2011.0233 -23.2775
2011.0260 -27.5953
2011.0288 -23.9531
2011.0315 -27.6909
2011.0342 -27.0186
2011.0370 -23.2963
2011.0397 -22.8837
2011.0425 -25.4510
2011.0452 -24.0180
2011.0479 -23.0747
2011.0507 -24.6210
2011.0534 -23.4969
2011.0562 -21.9923
2011.0589 -20.4171
2011.0616 -21.8414
2011.0644 -20.8651
2011.0671 -18.1380
2011.0699 -19.2702
2011.0726 -19.0716
2011.0753 -20.4321
2011.0781 -21.6618
2011.0808 -24.1804
2011.0836 -22.8476
2011.0863 -18.6729
2011.0890 -23.5064
2011.0918 -23.9881
2011.0945 -18.8784
2011.0973 -23.4371
2011.1000 -21.2345
2011.1027 -20.2406
2011.1055 -19.9957
2011.1082 -22.0596
2011.1110 -21.8627
2011.1137 -18.5550
2011.1164 -21.7465
2011.1192 -17.7275
2011.1219 -24.9680
2011.1247 -14.9282
2011.1274 -22.8181
2011.1301 -19.1678
2011.1329 -11.1775
2011.1356 -12.4073
2011.1384 -15.9972
2011.1411 -20.2775
2011.1438 -17.3581
2011.1466 -14.0993
2011.1493 -13.4011
2011.1521 -12.9336
2011.1548 -16.9970
2011.1575 -10.0413
2011.1603 -16.4667
2011.1630 -16.6631
2011.1658 -15.8797
2011.1685 -18.1964
2011.1712 -17.5531
2011.1740 -17.8600
2011.1767 -19.8969
2011.1795 -17.7839
2011.1822 -21.0311
2011.1849 -15.4683
2011.1877 -18.3156
2011.1904 -16.7430
2011.1931 -19.8005
2011.1959 -20.5081
2011.1986 -22.8558
2011.2014 -11.3837
2011.2041 -20.5116
2011.2068 -15.9497
2011.2096 -16.0379
2011.2123 -12.5462
2011.2151 -17.3046
2011.2178 -22.1732
2011.2205 -19.3018
2011.2233 -22.3307
2011.2260 -23.0696
2011.2288 -21.9287
2011.2315 -25.2579
2011.2342 -22.7873
2011.2370 -15.6368
2011.2397 -16.5264
2011.2425 -22.7763
2011.2452 -18.3462
2011.2479 -24.7375
2011.2507 -22.5310
2011.2534 -24.6167
2011.2562 -21.0743
2011.2589 -12.8538
2011.2616 -17.2750
2011.2644 -20.6077
2011.2671 -15.0517
2011.2699 -17.9170
2011.2726 -24.1132
2011.2753 -23.0504
2011.2781 -24.4984
2011.2808 -16.5269
2011.2836 -18.4258
2011.2863 -16.7050
2011.2890 -17.9043
2011.2918 -17.4036
2011.2945 -18.9826
2011.2973 -18.0513
2011.3000 -22.3295
2011.3027 -18.4571
2011.3055 -16.4738
2011.3082 -17.7095
2011.3110 -20.9541
2011.3137 -19.1074
2011.3164 -17.8693
2011.3192 -17.3795
2011.3219 -17.2080
2011.3247 -18.6746
2011.3466 -16.7803
2011.6096 -9.9610
2011.6123 -10.6361
2011.6151 -10.0203
2011.6178 -15.7336
2011.6205 -21.6463
2011.6233 -16.7785
2011.6260 -2.6303
2011.6288 -16.6021
2011.6315 -10.6638
2011.6342 -7.8357
2011.6425 -11.8442
2011.6452 -5.5585
2011.6507 -12.3603
2011.6534 -16.7282
2011.6562 -11.7776
2011.6589 -15.7286
2011.6616 -18.3315
2011.6671 -25.3925
2011.6699 -16.3386
2011.6726 -16.5648
2011.6753 -17.4211
2011.6781 -15.8475
2011.6808 -12.0839
2011.6836 -21.1604
2011.6863 -15.7271
2011.6890 -16.2638
2011.6918 -17.7006
2011.6945 -21.4876
2011.6973 -17.0646
2011.7000 -22.8918
2011.7027 -21.0690
2011.7055 -19.4664
2011.7082 -15.4939
2011.7110 -22.9016
2011.7137 -23.9594
2011.7164 -25.6973
2011.7192 -25.9053
2011.7219 -32.8435
2011.7247 -20.9318
2011.7274 -18.0403
2011.7301 -30.6989
2011.7329 -21.2977
2011.7356 -19.7066
2011.7384 -19.9957
2011.7411 -20.7450
2011.7438 -22.5244
2011.7466 -19.8640
2011.7493 -20.2037
2011.7521 -21.2134
2011.7548 -22.1329
2011.7575 -25.6424
2011.7603 -20.0018
2011.7630 -25.3612
2011.7658 -21.4606
2011.7685 -9.3700
2011.7712 -13.3195
2011.7740 -22.2590
2011.7767 -22.2087
2011.7794 -20.3985
2011.7822 -18.0284
2011.7849 -20.9986
2011.7877 -21.0289
2011.7904 -18.2095
2011.7931 -17.4504
2011.7959 -18.7915
2011.7986 -24.7430
2011.8014 -17.0148
2011.8041 -21.2970
2011.8068 -23.0895
2011.8096 -25.4325
2011.8123 -18.1660
2011.8151 -17.7399
2011.8178 -18.2543
2011.8205 -13.2093
2011.8233 -20.0548
2011.8260 -14.9009
2011.8288 -16.7076
2011.8315 -13.9349
2011.8342 -19.1627
2011.8370 -18.9508
2011.8397 -15.7491
2011.8425 -16.9277
2011.8452 -14.3865
2011.8479 -13.4955
2011.8507 -14.2347
2011.8534 -14.9041
2011.8562 -12.4836
2011.8589 -15.2233
2011.8616 -8.9331
2011.8644 -15.3731
2011.8671 -15.0631
2011.8699 -15.3232
2011.8726 -16.5534
2011.8753 -20.9837
2011.8781 -21.4940
2011.8808 -18.0343
2011.8836 -17.8946
2011.8863 -17.8549
2011.8890 -19.8852
2011.8918 -20.3554
2011.8945 -21.8256
2011.8973 -21.1958
2011.9000 -23.1458
2011.9027 -18.0657
2011.9055 -17.7256
2011.9082 -15.2852
2011.9110 -11.2448
2011.9137 -16.9341
2011.9164 -14.3633
2011.9192 -16.3723
2011.9219 -15.9410
2011.9247 -22.3695
2011.9274 -16.4678
2011.9301 -18.3459
2011.9329 -16.6838
2011.9356 -14.5017
2011.9384 -15.3794
2011.9411 -20.2370
2011.9438 -17.2346
2011.9466 -15.8320
2011.9493 -15.3895
2011.9521 -15.3569
2011.9548 -14.6044
2011.9575 -10.0718
2011.9603 -16.4694
2011.9630 -19.4469
2011.9658 -14.8146
2011.9685 -16.6624
2011.9712 -14.7603
2011.9740 -17.6583
2011.9767 -18.6565
2011.9795 -13.4949
2011.9822 -15.4535
2011.9849 -14.8124
2011.9877 -18.2914
2011.9904 -17.2208
2011.9931 -14.9104
2011.9959 -15.9104
2011.9986 -16.1006
2012.0014 -21.7314
2012.0041 -16.2640
2012.0068 -21.4586
2012.0096 -18.0849
2012.0123 -19.7830
2012.0150 -16.0826
2012.0178 -16.3037
2012.0205 -19.7961
2012.0232 -19.6497
2012.0260 -17.7045
2012.0287 -13.8802
2012.0314 -17.1068
2012.0342 -16.2341
2012.0369 -10.0920
2012.0396 -16.2105
2012.0423 -20.1593
2012.0451 -16.9984
2012.0478 -17.4077
2012.0505 -20.5169
2012.0533 -17.9461
2012.0560 -19.4751
2012.0587 -15.5237
2012.0615 -22.2819
2012.0642 -21.2295
2012.0669 -18.3764
2012.0697 -16.3425
2012.0724 -17.4177
2012.0751 -17.2119
2012.0779 -21.7248
2012.0806 -19.4565
2012.0833 -19.9477
2012.0861 -18.6996
2012.0888 -15.1220
2012.0915 -18.4648
2012.0943 -10.4179
2012.0970 -15.2313
2012.0997 -14.8248
2012.1025 -17.3082
2012.1052 -11.1516
2012.1079 -19.7448
2012.1107 -12.9177
2012.1161 -12.7120
2012.1189 -16.2733
2012.1216 -16.0239
2012.1243 -18.4036
2012.1270 -21.3824
2012.1298 -22.1601
2012.1325 -19.9966
2012.1352 -15.0919
2012.1380 -20.2358
2012.1407 -15.8182
2012.1434 -16.7891
2012.1462 -21.0382
2012.1489 -21.5556
2012.1516 -15.2410
2012.1544 -21.5345
2012.1571 -12.1558
2012.1598 -15.4549
2012.1626 -20.7518
2012.1653 -19.6681
2012.1680 -19.7043
2012.1708 -19.0304
2012.1735 -10.2365
2012.1762 -24.1625
2012.1790 -15.9584
2012.1817 -11.3442
2012.1844 -9.2199
2012.1872 -20.5556
2012.1899 -19.5113
2012.1926 -21.5469
2012.1954 -26.4124
2012.1981 -19.8780
2012.2008 -16.9035
2012.2035 -13.6290
2012.2063 -20.1744
2012.2090 -21.5599
2012.2117 -21.8953
2012.2145 -15.7908
2012.2172 -17.3363
2012.2199 -22.9317
2012.2227 -21.3572
2012.2254 -20.2328
2012.2281 -21.2683
2012.2309 -29.2739
2012.2336 -3.6995
2012.2363 -18.1752
2012.2391 -17.1310
2012.2418 -25.4468
2012.2445 -25.8127
2012.2473 -24.0986
2012.2500 -21.3045
2012.2527 -15.8305
2012.2555 -22.6265
2012.2582 -23.1925
2012.2609 -27.3785
2012.2637 -26.4945
2012.2664 -23.8205
2012.2691 -21.1665
2012.2719 -22.6725
2012.2746 -22.2386
2012.2773 -15.8646
2012.2801 -19.9306
2012.2828 -19.2567
2012.2855 -22.0427
2012.2882 -21.6987
2012.2910 -21.4048
2012.2937 -21.8808
2012.2964 -21.0868
2012.2992 -23.7229
2012.3019 -19.4889
2012.3046 -20.1749
2012.3074 -11.7609
2012.3101 -14.0469
2012.3128 -6.1928
2012.3156 -11.7988
2012.3183 -6.7447
2012.3210 -11.7507
2012.3238 -18.0566
2012.3265 -15.1025
2012.3292 -17.7283
2012.3320 -17.1535
2012.3347 -15.0878
2012.3374 -21.4112
2012.6025 -19.4726
2012.6052 -22.4589
2012.6079 -21.9453
2012.6107 -37.3220
2012.6134 -28.4188
2012.6161 -24.1058
2012.6189 -21.8728
2012.6216 -20.7799
2012.6270 -26.5041
2012.6298 -18.9212
2012.6325 -39.0381
2012.6352 -18.3349
2012.6380 -23.7016
2012.6407 -27.4380
2012.6462 -27.5802
2012.6489 -34.7058
2012.6544 -22.3560
2012.6598 -17.0945
2012.6626 -22.9780
2012.6653 -37.4809
2012.6680 -22.8613
2012.6708 -25.5489
2012.6735 -31.2039
2012.6762 -25.0164
2012.6790 -25.2767
2012.6817 -21.9650
2012.6844 -23.6415
2012.6872 -24.0663
2012.6899 -28.4997
2012.6926 -37.8218
2012.6954 -27.0929
2012.6981 -40.4832
2012.7008 -41.0129
2012.7035 -29.5221
2012.7063 -20.4610
2012.7090 -15.5600
2012.7117 -24.3091
2012.7145 -23.3885
2012.7172 -27.3585
2012.7199 -24.6793
2012.7227 -24.3910
2012.7254 -26.4439
2012.7281 -21.3882
2012.7309 -11.8540
2012.7336 -3.8415
2012.7363 -13.3010
2012.7391 -8.1727
2012.7418 -6.4667
2012.7445 -15.2932
2012.7473 -17.4625
2012.7500 -22.0242
2012.7527 -19.5268
2012.7555 -18.9303
2012.7582 -21.5848
2012.7609 -20.5801
2012.7637 -22.3263
2012.7664 -20.0534
2012.7691 -16.3014
2012.7719 -17.7303
2012.7746 -9.8400
2012.7773 -17.5005
2012.7801 -22.2319
2012.7828 -16.9741
2012.7855 -18.8971
2012.7882 -20.9509
2012.7910 -18.5956
2012.7937 -20.5310
2012.7964 -19.6072
2012.7992 -26.9342
2012.8019 -26.1319
2012.8046 -25.3304
2012.8074 -22.2396
2012.8101 -14.5396
2012.8128 -17.2003
2012.8156 -18.2117
2012.8183 -18.2338
2012.8210 -17.8067
2012.8238 -19.9802
2012.8265 -21.4444
2012.8292 -23.0793
2012.8320 -22.3048
2012.8347 -17.0707
2012.8374 -18.7067
2012.8402 -21.5129
2012.8429 -25.0494
2012.8456 -21.3561
2012.8484 -19.4930
2012.8511 -14.6402
2012.8538 -19.3277
2012.8566 -26.3455
2012.8593 -27.3536
2012.8620 -25.4220
2012.8648 -23.0608
2012.8675 -24.6299
2012.8702 -21.8295
2012.8729 -24.3694
2012.8757 -24.7198
2012.8784 -23.5706
2012.8811 -18.6718
2012.9112 -11.6706
2012.9139 -17.9186
2012.9167 -19.4373
2012.9194 -19.5765
2012.9221 -21.3760
2012.9249 -20.1159
2012.9276 -19.4263
2012.9303 -21.6569
2012.9331 -19.6480
2012.9358 -20.6494
2012.9385 -22.3111
2012.9413 -21.4531
2012.9440 -21.1054
2012.9467 -24.0480
2012.9495 -24.7209
2012.9522 -24.7341
2012.9549 -20.6675
2012.9576 -20.0512
2012.9604 -20.0650
2012.9631 -23.2291
2012.9658 -19.0834
2012.9686 -26.9679
2012.9713 -27.5125
2012.9740 -22.4573
2012.9768 -24.7323
2012.9795 -19.6274
2012.9822 -22.7326
2012.9850 -23.7679
2012.9877 -19.4133
2012.9904 -20.7988
2012.9932 -22.2344
2012.9959 -19.9501
2012.9986 -19.6257
2013.0014 -19.1617
2013.0041 -20.6091
2013.0068 -23.8978
2013.0096 -22.9980
2013.0123 -23.3493
2013.0151 -22.1417
2013.0178 -22.3751
2013.0205 -21.6293
2013.0233 -20.8644
2013.0260 -20.2000
2013.0288 -22.3362
2013.0315 -18.6928
2013.0342 -22.6297
2013.0370 -18.3667
2013.0397 -20.8039
2013.0425 -20.6310
2013.0452 -21.4679
2013.0479 -22.6446
2013.0507 -22.8509
2013.0534 -25.0768
2013.0562 -25.6320
2013.0589 -19.3265
2013.0616 -25.9502
2013.0644 -23.4129
2013.0671 -21.0446
2013.0699 -21.5551
2013.0726 -22.0843
2013.0753 -23.6221
2013.0781 -18.8984
2013.0808 -22.7731
2013.0836 -21.3358
2013.0863 -20.9761
2013.0890 -20.3641
2013.0918 -20.4098
2013.0945 -20.7334
2013.0973 -17.1249
2013.1000 -18.5343
2013.1027 -20.6518
2013.1055 -19.7073
2013.1082 -10.8009
2013.1110 -10.1927
2013.1137 -15.4228
2013.1164 -22.2711
2013.1192 -25.5178
2013.1219 -20.9230
2013.1247 -23.2966
2013.1274 -25.6988
2013.1301 -25.1895
2013.1329 -26.0290
2013.1356 -24.0871
2013.1384 -24.5640
2013.1411 -23.0298
2013.1438 -26.7245
2013.1466 -18.9281
2013.1493 -33.8507
2013.1521 -21.6625
2013.1548 -17.9933
2013.1575 -26.7134
2013.1603 -22.2427
2013.1630 -23.3513
2013.1658 -22.7792
2013.1685 -21.6263
2013.1712 -20.1826
2013.1740 -24.9783
2013.1767 -27.5832
2013.1795 -24.7774
2013.1822 -23.6809
2013.1849 -27.4637
2013.1877 -24.5659
2013.1904 -24.8173
2013.1931 -28.2282
2013.1959 -22.5083
2013.1986 -3.8178
2013.2014 -25.5067
2013.2041 -24.5850
2013.2068 -16.8927
2013.2096 -21.2698
2013.2123 -26.0062
2013.2151 -23.2722
2013.2178 -24.5375
2013.2205 -27.4723
2013.2233 -27.1165
2013.2260 -24.4102
2013.2288 -25.1434
2013.2315 -22.7260
2013.2342 -22.8682
2013.2370 -23.9698
2013.2397 -27.4510
2013.2425 -24.6217
2013.2452 -18.2619
2013.2479 -18.2402
2013.2507 -18.2055
2013.2534 -22.5680
2013.2562 -24.8480
2013.2589 -19.3356
2013.2616 -21.2912
2013.2644 -15.8050
2013.2671 -18.5672
2013.2699 -20.5781
2013.2726 -18.3180
2013.2753 -15.4771
2013.2781 -22.5257
2013.2808 -23.6839
2013.2836 -22.8922
2013.2863 -13.9506
2013.2890 -24.4896
2013.2918 -7.3592
2013.2945 -20.1798
2013.2973 -14.3117
2013.3000 -22.1850
2013.3027 -22.2401
2013.3110 -8.0383
2013.3137 -24.0328
2013.3192 -19.6111
2013.3356 -27.9868
2014.0753 -20.3963
2014.0781 -23.1851
2014.0808 -22.6513
2014.0836 -25.8864
2014.0863 -25.6714
2014.0890 -27.7663
2014.0918 -24.6612
2014.0945 -22.9961
2014.0973 -23.7509
2014.1000 -26.0058
2014.1027 -27.1905
2014.1055 -24.0053
2014.1082 -26.6300
2014.1110 -24.9748
2014.1137 -22.8394
2014.1164 -23.0741
2014.1192 -21.2688
2014.1219 -18.3434
2014.1247 -21.1380
2014.1274 -17.4226
2014.1301 -24.4072
2014.1329 -24.8818
2014.1356 -27.2164
2014.1384 -28.3810
2014.1411 -26.4656
2014.1438 -22.7002
2014.1466 -25.9948
2014.1493 -15.7693
2014.1521 -17.0539
2014.1548 -15.8085
2014.1575 -21.5431
2014.1603 -16.7478
2014.1630 -23.1224
2014.1658 -21.4770
2014.1685 -20.4417
2014.1712 -17.2463
2014.1740 -23.0810
2014.1767 -18.2456
2014.1795 -19.2502
2014.1822 -28.1449
2014.1849 -27.6795
2014.1877 -29.9142
2014.1904 -21.4388
2014.1931 -29.8234
2014.1959 -30.6580
2014.1986 -26.2626
2014.2014 -31.1272
2014.2041 -29.6418
2014.2068 -30.6464
2014.2096 -24.7210
2014.2123 -22.0255
2014.2151 -27.7000
2014.2397 -27.6497
2014.2425 -33.0940
2014.2452 -26.3682
2014.2479 -20.9200
2014.2507 -18.5571
2014.2534 -19.1698
2014.2562 -20.3885
2014.2589 -17.9734
2014.2616 -20.1348
2014.2644 -20.1830
2014.2671 -21.9783
2014.2699 -28.4110
2014.2726 -31.4214
2014.2753 -25.2599
2014.2781 -24.8066
2014.2808 -21.6919
2014.2836 -18.2462
2014.2863 -20.6296
2014.2890 -26.7125
2014.2918 -28.4351
2014.2945 -24.0779
2014.2973 -21.6811
2014.3027 -15.7696
2014.3082 -7.7533
2014.3137 -26.4045
2014.3164 -11.2086
2014.3192 -25.2654
2014.3247 -41.9586
2014.3274 -29.1455
2014.3438 -9.3518
2014.6096 -27.2352
2014.6151 -33.9680
2014.6315 -31.9259
2014.6342 -28.3949
2014.6370 -16.6642
2014.6397 -21.3638
2014.6507 -32.0039
2014.6534 -34.6043
2014.6562 -38.9548
2014.6589 -31.7354
2014.6616 -39.7360
2014.6644 -36.2667
2014.6671 -39.1977
2014.6726 -30.6117
2014.6753 -19.8946
2014.6781 -21.2181
2014.6808 -17.7320
2014.6836 -27.5663
2014.6863 -23.9811
2014.6890 -21.5861
2014.6918 -23.9615
2014.6945 -26.5271
2014.6973 -19.5630
2014.7000 -24.8289
2014.7027 -26.2450
2014.7055 -27.6512
2014.7082 -24.8773
2014.7110 -30.8635
2014.7137 -23.2695
2014.7164 -22.6054
2014.7192 -30.4211
2014.7219 -22.3367
2014.7247 -19.6019
2014.7274 -31.1568
2014.7301 -27.5514
2014.7329 -26.2955
2014.7356 -25.4692
2014.7384 -24.2624
2014.7411 -26.2450
2014.7438 -25.9570
2014.7466 -25.6384
2014.7493 -22.3586
2014.7521 -19.2653
2014.7548 -19.3384
2014.7575 -19.8482
2014.7603 -19.3449
2014.7630 -26.2588
2014.7658 -34.5303
2014.7685 -25.5996
2014.7712 -24.8270
2014.7740 -24.5229
2014.7767 -29.3974
2014.7794 -22.4709
2014.7822 -26.4137
2014.7849 -22.5861
2014.7877 -26.5384
2014.7904 -28.2208
2014.7931 -29.5836
2014.7959 -33.2472
2014.7986 -21.5118
2014.8014 -29.9078
2014.8041 -25.1853
2014.8068 -32.7548
2014.8096 -31.1765
2014.8123 -28.6106
2014.8151 -26.2375
2014.9767 -29.0850
2014.9795 -24.5062
2014.9822 -25.1373
2014.9849 -26.8780
2014.9877 -24.8484
2014.9904 -26.3985
2014.9931 -29.5183
2014.9959 -28.3477
2014.9986 -28.3867
2015.0014 -29.6253
2015.0041 -31.1633
2015.0068 -25.8807
2015.0096 -23.8276
2015.0123 -26.1440
2015.0151 -28.2099
2015.0178 -26.3553
2015.0205 -27.3203
2015.0233 -28.1450
2015.0260 -29.1294
2015.0288 -28.4834
2015.0315 -24.3072
2015.0342 -26.8507
2015.0370 -30.1941
2015.0397 -29.7973
2015.0425 -28.1204
2015.0452 -27.2634
2015.0479 -28.2164
2015.0507 -21.6493
2015.0534 -21.6122
2015.0562 -22.5252
2015.0589 -26.4383
2015.0616 -24.0616
2015.0644 -28.4050
2015.0671 -22.0285
2015.0699 -20.2423
2015.0726 -19.7264
2015.0753 -25.0208
2015.0781 -12.8755
2015.0808 -24.0506
2015.0836 -18.1365
2015.0863 -21.5435
2015.0890 -26.1715
2015.0918 -23.2905
2015.0945 -22.9904
2015.0973 -18.9910
2015.1000 -25.2722
2015.1027 -26.2241
2015.1055 -17.7964
2015.1082 -23.3892
2015.1110 -28.4122
2015.1137 -30.6355
2015.1164 -25.5790
2015.1192 -25.3724
2015.1219 -25.3759
2015.1247 -18.5791
2015.1274 -23.1122
2015.1301 -22.7050
2015.1329 -21.0873
2015.1356 -22.4592
2015.1384 -23.3304
2015.1411 -28.1711
2015.1438 -24.3109
2015.1466 -23.3799
2015.1493 -28.9779
2015.1521 -29.1649
2015.1548 -24.5208
2015.1575 -27.4255
2015.1603 -29.6389
2015.1630 -26.8207
2015.1658 -30.9694
2015.1685 -27.1350
2015.1712 -25.3077
2015.1740 -28.1075
2015.1767 -24.5246
2015.1795 -21.4191
2015.1822 -24.4711
2015.1849 -21.5908
2015.1877 -22.4783
2015.1904 -24.2336
2015.1931 -20.2070
2015.1959 -18.7686
2015.1986 -22.6984
2015.2014 -22.8167
2015.2041 -24.7234
2015.2068 -23.2689
2015.2096 -25.9631
2015.2123 -23.2563
2015.2151 -24.2185
2015.2178 -24.2998
2015.2205 -22.6405
2015.2233 -18.7005
2015.2260 -26.7802
2015.2288 -15.4995
2015.2315 -24.9885
2015.2342 -18.2275
2015.2370 -25.9066
2015.2397 -19.3359
2015.2425 -19.3354
2015.2452 -23.5654
2015.2479 -25.0043
2015.2507 -25.8007
2015.2534 -24.0549
2015.2562 -24.8970
2015.2589 -28.4472
2015.2616 -23.7958
2015.2644 -16.2128
2015.2671 -13.1785
2015.2699 -24.3931
2015.2726 -31.7068
2015.2753 -20.3397
2015.2781 -28.8021
2015.2808 -31.3442
2015.2836 -27.9661
2015.2863 -30.0780
2015.2918 -26.5428
2015.2945 -22.9361
2015.2973 -20.3501
2015.3000 -23.6052
2015.3027 -18.4715
2015.3055 -21.9091
2015.3082 -22.6184
2015.3110 -23.2194
2015.3137 -20.5124
2015.3164 -15.5176
2015.3192 -9.4451
2015.3301 -22.3424
2015.3329 -30.2527
2015.3356 -25.8543
2015.3384 -23.7272
2015.6151 -18.7109
2015.6205 -26.4936
2015.6288 -19.3466
2015.6315 -20.3177
2015.6342 -24.2191
2015.6370 -28.0709
2015.6397 -27.0831
2015.6562 -25.5314
2015.6589 -23.0196
2015.6616 -17.6291
2015.6671 -25.0723
2015.6699 -20.2060
2015.6726 -26.6311
2015.6753 -26.4074
2015.6781 -26.6447
2015.6808 -27.1931
2015.6836 -26.6724
2015.6863 -23.0125
2015.6890 -21.7733
2015.6918 -23.4947
2015.6945 -22.7566
2015.6973 -27.1689
2015.7000 -22.5415
2015.7027 -22.2942
2015.7055 -23.6970
2015.7082 -25.2298
2015.7110 -24.5325
2015.7137 -25.3249
2015.7164 -24.8070
2015.7192 -28.0987
2015.7219 -24.0998
2015.7247 -18.3603
2015.7274 -23.0800
2015.7301 -28.2189
2015.7329 -25.9969
2015.7356 -23.9737
2015.7384 -27.4595
2015.7411 -22.8139
2015.7438 -21.2070
2015.7466 -25.5686
2015.7493 -21.8786
2015.7521 -25.7365
2015.7548 -20.7625
2015.7575 -21.2267
2015.7603 -19.9291
2015.7630 -21.2101
2015.7658 -21.9196
2015.7685 -24.4778
2015.7712 -18.6650
2015.7740 -18.1811
2015.7767 -16.4365
2015.7794 -28.0411
2015.7822 -27.4451
2015.7849 -26.5688
2015.7877 -24.3922
2015.7904 -20.6954
2015.7931 -21.5087
2015.7959 -24.2721
2015.7986 -20.7357
2015.8014 -21.4998
2015.8041 -20.1645
2015.8068 -25.1099
2015.8096 -26.3161
2015.8123 -16.5734
2015.8151 -18.2317
2015.8178 -25.5214
2015.8205 -23.6324
2015.8233 -25.3450
2015.8260 -25.3593
2015.8288 -28.2255
2015.8315 -24.1536
2015.8342 -28.1828
2015.8370 -26.4220
2015.8397 -24.4815
2015.8425 -27.5011
2015.8452 -29.3809
2015.8479 -17.5310
2015.8507 -24.5114
2015.8534 -23.4922
2015.8562 -27.3834
2015.8589 -27.6350
2015.8616 -26.4171
2015.8644 -24.6598
2015.8671 -25.9230
2015.8699 -26.9469
2015.8726 -30.2014
2015.8753 -30.5066
2015.8781 -31.8925
2015.8808 -29.1293
2015.8836 -24.0868
2015.8863 -26.1453
2015.8890 -25.2247
2015.8918 -26.7350
2015.8945 -25.6664
2015.8973 -25.5988
2015.9000 -27.6022
2015.9027 -20.0769
2015.9055 -22.0227
2015.9164 -15.5685
2015.9192 -23.4195
2015.9219 -25.0606
2015.9247 -27.5317
2015.9274 -28.3228
2015.9301 -24.0739
2015.9329 -25.1651
2015.9356 -28.4364
2015.9384 -31.6276
2015.9411 -18.6889
2015.9438 -22.3601
2015.9466 -28.6514
2015.9521 -29.3041
2015.9548 -29.0254
2015.9575 -30.1568
2015.9603 -24.7681
2015.9630 -30.8195
2015.9712 -31.0835
2015.9740 -31.1348
2015.9822 -33.0288
2015.9849 -25.7001
2015.9931 -27.9838
2015.9959 -28.0450
2016.1516 -31.0222
2016.1544 -28.7053
2016.1571 -25.1595
2016.1598 -20.8450
2016.1626 -26.8720
2016.1653 -19.2892
2016.1680 -30.7263
2016.1708 -24.6333
2016.1735 -27.2402
2016.1762 -26.4270
2016.1790 -24.0438
2016.1817 -24.3804
2016.1844 -28.4071
2016.1872 -25.8436
2016.1899 -23.9602
2016.1926 -25.3266
2016.1954 -27.1731
2016.1981 -24.4695
2016.2008 -24.0759
2016.2035 -28.3822
2016.2063 -25.5286
2016.2090 -26.7449
2016.2117 -33.9913
2016.2145 -27.4977
2016.2172 -29.9140
2016.2199 -24.6604
2016.2227 -24.5769
2016.2254 -29.6933
2016.2281 -23.9398
2016.2309 -26.5764
2016.2336 -25.0730
2016.2363 -23.2696
2016.2391 -22.8764
2016.2418 -34.0632
2016.2445 -29.3900
2016.2473 -29.3077
2016.2500 -30.6875
2016.2527 -28.9396
2016.2555 -30.8536
2016.2582 -31.6295
2016.2609 -22.7470
2016.2637 -24.8659
2016.2664 -27.2861
2016.2691 -30.2375
2016.2719 -18.0998
2016.2746 -21.6528
2016.2773 -27.6265
2016.2801 -24.2606
2016.2828 -27.1449
2016.2855 -29.5393
2016.2882 -24.9336
2016.2910 -26.9976
2016.2937 -24.2212
2016.2964 -24.3741
2016.2992 -26.5663
2016.3019 -30.4775
2016.3046 -27.1775
2016.3074 -28.9963
2016.3101 -30.6735
2016.3128 -28.6391
2016.3156 -25.5328
2016.3183 -28.6045
2016.3210 -35.2441
2016.3238 -41.4613
2016.3320 -23.1714
2016.3347 -31.1945
2016.3374 -26.2877
2016.6079 -26.4156
2016.6134 -31.6957
2016.6161 -31.0887
2016.6189 -53.2928
2016.6216 -37.5975
2016.6243 -34.4523
2016.6270 -34.2164
2016.6298 -45.1893
2016.6325 -31.6705
2016.6352 -30.9193
2016.6380 -27.4751
2016.6407 -30.2674
2016.6434 -29.5756
2016.6462 -29.2891
2016.6489 -22.6273
2016.6598 -26.3554
2016.6626 -24.5883
2016.6653 -28.0127
2016.6735 -20.6331
2016.6762 -30.1142
2016.6790 -16.0029
2016.6844 -27.7937
2016.6872 -33.9861
2016.6899 -25.9569
2016.6926 -32.1963
2016.6954 -6.9245
2016.6981 -8.3116
2016.7008 -21.3979
2016.7035 -2.2036
2016.7063 -19.0989
2016.7090 -23.0740
2016.7117 -18.8491
2016.7145 -21.8444
2016.7172 -27.9701
2016.7199 -27.2565
2016.7227 -21.1537
2016.7254 -22.1619
2016.7281 -22.7815
2016.7309 -24.5824
2016.7336 -26.7450
2016.7363 -23.6396
2016.7391 -14.4062
2016.7418 -21.7251
2016.7445 -19.8664
2016.7473 -31.8805
2016.7500 -23.0365
2016.7527 -20.7321
2016.7555 -27.4473
2016.7582 -19.9224
2016.7609 -22.7873
2016.7637 -20.5322
2016.7664 -17.2971
2016.7691 -19.2123
2016.7719 -20.6378
2016.7746 -25.5037
2016.7773 -23.1301
2016.7801 -24.8572
2016.7828 -29.5850
2016.7855 -24.9936
2016.7882 -25.3432
2016.7910 -28.0438
2016.7937 -25.4957
2016.7964 -34.4988
2016.7992 -34.6833
2016.8019 -26.4592
2016.8046 -26.4768
2016.8074 -27.8761
2016.8101 -25.9773
2016.8128 -25.4303
2016.8156 -32.7554
2016.8183 -27.7126
2016.8210 -26.4021
2016.8238 -24.7739
2016.8265 -24.5982
2016.8292 -22.8651
2016.8320 -27.5946
2016.8347 -34.2963
2016.8374 -33.6399
2016.8402 -28.8653
2016.8429 -32.7424
2016.8456 -30.3112
2016.8484 -32.1216
2016.8511 -31.6236
2016.8538 -34.8871
2016.8566 -37.7421
2016.8593 -35.6884
2016.8620 -32.2262
2016.8648 -31.5052
2016.8675 -33.7854
2016.8702 -35.8568
2016.8729 -30.6393
2016.8757 -31.1929
2016.8784 -32.0775
2016.8811 -31.8030
2016.8839 -30.0095
2016.8866 -31.9168
2016.8893 -29.3248
2016.8921 -33.9236
2016.8948 -30.9831
2016.8975 -25.9931
2016.9003 -29.7538
2016.9030 -32.6749
2016.9057 -28.8964
2016.9085 -32.6084
2016.9112 -30.5807
2016.9139 -30.7832
2016.9167 -29.4258
2016.9194 -32.0780
2016.9221 -31.9296
2016.9249 -23.1608
2016.9276 -34.1417
2016.9303 -31.5824
2016.9331 -29.3130
2016.9358 -33.8936
2016.9385 -33.1143
2016.9413 -31.3852
2016.9440 -29.4064
2016.9467 -28.4779
2016.9495 -33.1099
2016.9522 -32.4326
2016.9549 -31.5959
2016.9576 -32.2899
2016.9604 -31.3149
2016.9631 -31.7508
2016.9658 -33.8278
2016.9686 -31.6360
2016.9713 -31.1855
2016.9740 -33.1563
2016.9768 -32.8386
2016.9795 -34.6324
2016.9822 -31.8779
2016.9850 -29.3752
2016.9877 -32.8344
2016.9904 -32.5255
2016.9932 -29.8286
2016.9959 -34.5740
2016.9986 -31.1915
2017.0014 -33.1212
2017.0041 -33.7713
2017.0068 -34.6715
2017.0096 -30.1917
2017.0123 -30.8321
2017.0151 -31.6526
2017.0178 -30.4031
2017.0205 -31.6337
2017.0233 -29.7044
2017.0260 -30.6151
2017.0288 -30.6558
2017.0315 -29.2667
2017.0342 -31.9575
2017.0370 -30.1384
2017.0397 -30.6893
2017.0425 -34.8803
2017.0452 -33.2813
2017.0479 -33.3622
2017.0507 -33.5232
2017.0534 -30.2342
2017.0562 -30.7051
2017.0589 -31.5261
2017.0616 -30.7170
2017.0644 -28.9479
2017.0671 -27.6087
2017.0699 -29.7396
2017.0726 -27.9604
2017.0753 -27.9311
2017.0781 -25.6117
2017.0808 -26.8924
2017.0836 -25.3729
2017.0863 -28.6635
2017.0890 -25.9541
2017.0918 -29.2746
2017.0945 -30.7252
2017.0973 -30.7557
2017.1000 -29.4963
2017.1027 -31.4368
2017.1055 -31.3673
2017.1082 -24.6477
2017.1110 -19.3182
2017.1137 -22.7986
2017.1164 -23.9589
2017.1192 -25.1592
2017.1219 -24.6495
2017.1247 -25.0897
2017.1274 -25.9398
2017.1301 -25.1100
2017.1329 -28.2100
2017.1356 -27.6700
2017.1384 -27.3599
2017.1411 -24.3097
2017.1438 -28.5495
2017.1466 -26.6992
2017.1493 -29.5287
2017.1521 -29.4583
2017.1548 -28.1977
2017.1575 -28.7670
2017.1603 -27.5962
2017.1630 -29.0239
2017.1658 -32.8923
2017.1685 -30.3407
2017.1712 -25.1598
2017.1740 -26.9602
2017.1767 -31.8526
2017.1795 -26.0875
2017.1822 -26.6957
2017.1849 -30.8577
2017.1877 -20.3943
2017.1904 -26.0160
2017.1931 -24.8235
2017.1959 -21.6074
2017.1986 -23.5783
2017.2014 -27.9369
2017.2041 -24.6139
2017.2068 -21.0799
2017.2096 -27.3254
2017.2123 -25.8512
2017.2151 -19.4379
2017.2178 -22.1661
2017.2205 -27.0464
2017.2233 -22.5396
2017.2260 -27.7462
2017.2288 -23.7069
2017.2315 -28.4623
2017.2342 -36.2030
2017.2370 -26.3998
2017.2397 -22.0131
2017.2425 -14.9737
2017.2479 -30.4360
2017.2507 -17.1118
2017.2534 -26.2795
2017.2562 -28.4989
2017.2589 -26.4199
2017.2616 -23.2523
2017.2644 -21.4860
2017.2671 -22.4808
2017.2753 -7.3703
2017.2781 -21.1280
2017.2836 -16.9244
2017.2863 -6.4427
2017.2890 -38.6508
2017.2918 -31.0887
2017.2945 -25.1362
2017.2973 -24.0331
2017.3000 -19.7293
2017.3027 -27.0746
2017.3055 -22.9788
2017.3082 -26.5819
2017.3192 -23.5291
2017.3219 -24.9839
2017.3247 -23.6566
2017.3274 -24.6670
2017.3301 -25.8850
2017.3356 -21.4450
2017.6233 -34.0934
2017.6342 -27.2489
2017.6370 -25.0628
2017.6397 -21.3168
2017.6425 -33.4508
2017.6452 -28.2150
2017.6479 -25.3194
2017.6507 -29.2340
2017.6534 -25.0789
2017.6562 -36.4040
2017.6671 -33.9478
2017.6699 -37.8742
2017.7247 -28.3331
2017.7329 -37.6414
2017.7438 -20.0629
2017.7466 -20.5240
2017.7493 -23.5354
2017.7521 -28.2075
2017.7548 -21.2402
2017.7575 -27.3535
2017.7603 -18.2673
2017.7630 -25.1217
2017.7658 -23.1765
2017.7685 -19.2118
2017.7712 -24.7475
2017.7740 -22.8335
2017.7767 -23.4599
2017.7794 -25.5966
2017.7822 -19.3336
2017.7849 -26.3308
2017.7877 -25.3982
2017.7904 -29.1857
2017.7931 -29.2233
2017.7959 -29.0111
2017.7986 -27.8789
2017.8014 -25.2567
2017.8041 -25.2344
2017.8068 -21.0521
2017.8096 -17.3497
2017.8123 -22.1772
2017.8151 -26.1045
2017.8178 -25.8416
2017.8205 -22.5484
2017.8233 -19.7250
2017.8425 -24.5971
2017.8452 -25.9490
2017.8479 -33.5902
2017.8507 -28.6010
2017.8534 -11.6213
2017.8562 -15.3413
2017.8589 -22.7210
2017.8616 -18.5904
2018.0890 -20.4982
2018.0918 -25.6682
2018.0945 -21.4582
2018.0973 -24.4279
2018.1000 -19.2975
2018.1027 -24.4666
2018.3356 -23.8723
2018.3384 -24.9928
2018.3411 -23.7335
2018.3438 -22.6543
2018.3466 -18.1851
2018.5959 -17.9678
2018.5986 -40.5909
2018.6233 -10.4873
2018.6260 -22.0024
2018.6288 -21.9276
2018.6315 -18.2431
2018.6342 -22.0788
2018.6370 -23.4847
2018.6397 -26.5009
2018.6452 -21.0738
2018.6479 -37.4806
2018.6507 -42.6877
2018.6534 -35.1450
2018.6589 -29.0203
2018.6616 -18.1384
2018.6699 -22.4441
2018.6726 -18.9233
2018.6753 -20.1228
2018.6781 -19.2625
2018.6808 -15.3824
2018.6836 -12.9625
2018.6863 -27.6427
2018.6890 -5.3031
2018.6918 -23.2937
2018.6945 -19.7343
2018.6973 -19.3751
2018.7000 -22.9159
2018.7027 -21.8967
2018.7055 -25.3775
2018.7082 -22.7484
2018.7110 -25.4892
2018.7137 -24.3499
2018.7164 -21.7305
2018.7192 -22.6111
2018.7219 -26.8015
2018.7247 -25.5718
2018.7274 -24.7719
2018.7301 -24.5218
2018.7329 -24.9715
2018.7356 -31.4410
2018.7384 -29.3002
2018.7411 -23.6491
2018.7466 -22.7659
2018.7493 -25.5037
2018.7521 -23.4107
2018.7548 -21.4667
2018.7575 -26.1019
2018.7603 -26.6863
2018.7630 -25.9201
2018.7658 -23.1731
2018.7685 -15.7956
2018.7712 -23.5376
2018.7740 -23.8491
2018.7767 -23.3503
2018.7794 -24.3611
2018.7822 -25.1016
2018.7849 -21.2519
2018.7877 -23.0421
2018.7904 -26.2623
2018.7931 -27.6424
2018.7959 -12.6526
2018.7986 -23.6228
2018.8014 -22.4133
2018.8041 -22.4240
2018.8068 -24.5450
2018.8096 -26.2864
2018.8123 -24.1382
2018.8151 -13.7406
2018.8178 -21.8434
2018.8205 -21.9069
2018.8233 -17.4211
2018.8260 -20.4861
2018.8288 -19.6018
2018.8315 -17.3285
2018.8342 -28.7960
2018.8370 -23.6342
2018.8397 -20.8532
2018.8425 -21.2129
2018.8452 -22.4034
2018.8479 -21.8945
2018.8507 -24.5662
2018.8534 -26.2686
2018.8562 -17.1916
2018.8808 -21.0816
2018.9164 -16.6617
2019.9548 -26.2967
2019.9575 -25.8018
2019.9603 -27.0475
2019.9630 -28.2038
2019.9658 -27.5405
2019.9685 -26.9275
2019.9712 -24.0349
2019.9740 -26.5025
2019.9767 -21.7002
2019.9795 -21.8679
2019.9822 -21.1257
2019.9849 -23.0134
2019.9877 -20.2008
2019.9904 -21.6280
2019.9931 -21.3849
2019.9959 -20.4313
2019.9986 -24.4773
2020.0014 -22.8427
2020.0041 -22.8085
2020.0068 -17.2847
2020.0096 -15.5913
2020.0123 -16.9783
2020.0150 -22.9557
2020.0178 -22.0334
2020.0205 -16.0213
2020.0232 -16.9794
2020.0260 -22.1977
2020.0287 -24.4062
2020.0314 -24.4147
2020.0342 -28.3133
2020.0369 -23.5519
2020.0396 -13.7705
2020.0423 -23.4090
2020.0451 -23.2374
2020.0478 -28.7956
2020.0505 -23.9837
2020.0533 -24.5814
2020.0560 -24.5289
2020.0587 -25.6061
2020.0615 -26.3829
2020.0642 -24.2593
2020.0669 -16.8053
2020.0697 -24.1607
2020.0724 -25.7557
2020.0751 -19.1000
2020.0779 -26.9838
2020.0806 -23.8168
2020.0833 -27.6486
2020.0861 -23.4383
2020.0888 -25.4260
2020.0915 -19.8415
2020.0943 -19.3951
2020.0970 -24.1766
2020.0997 -27.0561
2020.1025 -22.4735
2020.1052 -24.5890
2020.1079 -28.6625
2020.1107 -26.8840
2020.1134 -22.9335
2020.1161 -26.8211
2020.1189 -24.9367
2020.1216 -23.9204
2020.1243 -24.8722
2020.1270 -22.2121
2020.1298 -26.7800
2020.1325 -26.7061
2020.1352 -29.7303
2020.1380 -22.2626
2020.1407 -24.3931
2020.1434 -23.3918
2020.1462 -24.0186
2020.1489 -27.1135
2020.1516 -25.9267
2020.1544 -22.6981
2020.1571 -22.7777
2020.1598 -27.4455
2020.1626 -16.7515
2020.1653 -21.1164
2020.1680 -25.7101
2020.1708 -22.8429
2020.1735 -19.0249
2020.1762 -17.3359
2020.1790 -25.2863
2020.1817 -24.2160
2020.1844 -24.2451
2020.1872 -24.4137
2020.1899 -22.5019
2020.1926 -20.7697
2020.1954 -14.9973
2020.1981 -14.1647
2020.2008 -12.2019
2020.2035 -13.0092
2020.2063 -15.8764
2020.2090 -23.5338
2020.2117 -24.4814
2020.2145 -22.2893
2020.2172 -20.9775
2020.2199 -23.2561
2020.2227 -25.5053
2020.2254 -21.3350
2020.2281 -19.4754
2020.2309 -18.2466
2020.2336 -15.9186
2020.2363 -20.4015
2020.2391 -18.8953
2020.2418 -18.3202
2020.2445 -15.5763
2020.2473 -25.3932
2020.2500 -21.2701
2020.2527 -23.7271
2020.2555 -20.5640
2020.2582 -25.7410
2020.2609 -22.2879
2020.2637 -18.7049
2020.2664 -15.3618
2020.2691 -16.2987
2020.2719 -19.6857
2020.2746 -23.1527
2020.2773 -19.3396
2020.2801 -26.3266
2020.2828 -25.7135
2020.2855 -26.1305
2020.2882 -30.0774
2020.2910 -29.0944
2020.2937 -27.4414
2020.2964 -30.4883
2020.2992 -34.2053
2020.3019 -36.4823
2020.3046 -23.5293
2020.3074 -23.6963
2020.3101 -22.8932
2020.3128 -24.7402
2020.3156 -21.1272
2020.3183 -20.4042
2020.3210 -19.6512
2020.3238 -23.5682
2020.3265 -24.3052
2020.3292 -23.8022
2020.3320 -28.7493
2020.3347 -23.1863
2020.3374 -25.2634
2020.3402 -26.0605
2020.3429 -27.9176
2020.3456 -32.7247
2020.3484 -29.2719
2020.3511 -27.5090
2020.3538 -27.5562
2020.3566 -27.7534
2020.3593 -10.1006
2020.3620 -27.5877
2020.3648 -27.7049
2020.3675 -26.1121
2020.3702 -29.5193
2020.3729 -30.1765
2020.3757 -31.1536
2020.3784 -28.1408
2020.3811 -28.7679
2020.3839 -28.0351
2020.3866 -27.0822
2020.3893 -22.1793
2020.3921 -24.1764
2020.3948 -23.6434
2020.3975 -24.3805
2020.4003 -23.1475
2020.4030 -26.6144
2020.4057 -28.4414
2020.4085 -22.6883
2020.4112 -22.4652
2020.6434 -23.5356
2020.6462 -22.8167
2020.6489 -20.3472
2020.6516 -24.8670
2020.6544 -29.5661
2020.6571 -33.4042
2020.6598 -29.1715
2020.6626 -31.7676
2020.6653 -25.3727
2020.6680 -29.2974
2020.6708 -28.1419
2020.6735 -28.9663
2020.6762 -29.4705
2020.6790 -24.1345
2020.6817 -24.7283
2020.6844 -16.2519
2020.6872 -25.1752
2020.6899 -19.5683
2020.6926 -24.3412
2020.6954 -27.4237
2020.6981 -28.2160
2020.7008 -24.0179
2020.7035 -32.9695
2020.7063 -35.6808
2020.7090 -27.8817
2020.7117 -29.5123
2020.7145 -34.2725
2020.7172 -30.5723
2020.7199 -26.0716
2020.7227 -32.0505
2020.7254 -26.7190
2020.7281 -22.1771
2020.7309 -23.4646
2020.7336 -17.1917
2020.7363 -21.4282
2020.7391 -24.8343
2020.7418 -26.9898
2020.7445 -27.4048
2020.7473 -25.3892
2020.7500 -23.0328
2020.7527 -22.1553
2020.7555 -20.4166
2020.7582 -21.7668
2020.7609 -22.2560
2020.7637 -19.4641
2020.7664 -25.3813
2020.7691 -22.6775
2020.7719 -19.1028
2020.7746 -19.4472
2020.7773 -24.0308
2020.7801 -26.5437
2020.7828 -28.3358
2020.7855 -24.3972
2020.7882 -25.7780
2020.7910 -26.7281
2020.7937 -32.2177
2020.7964 -29.9368
2020.7992 -28.8053
2020.8019 -33.7834
2020.8046 -31.7211
2020.8074 -30.6285
2020.8101 -23.0455
2020.8128 -11.3322
2020.8156 -18.8287
2020.8183 -25.9250
2020.8210 -18.0011
2020.8238 -21.9172
2020.8265 -28.4031
2020.8292 -28.5090
2020.8320 -31.9249
2020.8347 -18.3694
2020.8374 -32.2520
2020.8429 -23.3021
2020.8456 -25.7897
2020.8484 -34.8861
2020.8511 -27.7512
2020.8538 -29.9852
2020.8566 -19.9584
2020.8593 -23.6607
2020.8620 -23.4824
2020.8648 -19.5736
2020.8675 -18.8344
2020.8702 -24.2750
2020.8729 -26.3656
2020.8757 -28.5362
2020.8784 -35.2871
2020.8811 -43.9883
2020.8839 -41.4400
2020.8866 -40.0824
2020.8893 -31.3955
2020.8921 -35.8196
2020.8948 -19.7447
2020.8975 -34.0211
2020.9003 -36.2188
2020.9030 -35.4381
2020.9057 -41.2189
2020.9085 -50.4316
2020.9112 -50.5862
2020.9139 -40.2629
2020.9167 -53.2017
2020.9194 -39.2623
2020.9221 -39.5247
2020.9249 -42.7286
2020.9276 -40.3842
2020.9303 -37.0413
2020.9331 -46.7100
2020.9358 -43.8500
2022.0178 -23.9956
2022.0205 -18.8137
2022.0233 -22.2534
2022.0260 -15.6244
2022.0288 -19.5967
2022.0315 -21.7798
2022.0342 -22.8737
2022.0370 -24.6081
2022.0397 -25.1827
2022.0425 -22.6875
2022.0452 -21.0021
2022.0479 -23.0363
2022.0507 -22.0399
2022.0534 -22.7827
2022.0562 -20.0445
2022.0589 -21.0151
2022.0616 -23.2841
2022.0644 -23.6216
2022.0671 -21.6471
2022.0699 -27.0905
2022.0726 -25.0815
2022.0753 -28.7901
2022.0781 -27.6358
2022.0808 -18.9286
2022.0836 -23.2997
2022.0863 -29.5708
2022.0890 -28.3117
2022.0918 -27.5625
2022.0945 -28.1032
2022.0973 -20.4638
2022.1000 -35.3343
2022.1027 -30.0947
2022.1055 -41.0250
2022.1082 -31.6752
2022.1110 -23.5652
2022.1137 -18.5452
2022.1164 -25.3550
2022.1192 -25.6947
2022.1219 -25.4544
2022.1247 -27.3339
2022.1274 -30.2333
2022.1301 -28.6626
2022.1329 -27.9218
2022.1356 -27.0709
2022.1384 -30.5699
2022.1411 -16.0488
2022.1438 -25.1676
2022.1466 -25.3763
2022.1493 -29.6749
2022.1521 -27.8034
2022.1548 -26.2618
2022.1575 -25.2201
2022.1603 -27.7783
2022.1630 -29.2664
2022.1658 -25.6842
2022.1685 -27.8117
2022.1712 -27.1489
2022.1740 -23.9759
2022.1767 -24.7426
2022.1795 -21.6092
2022.1822 -26.2856
2022.1849 -20.6218
2022.1877 -23.6878
2022.1904 -22.2838
2022.1931 -24.2896
2022.1959 -23.1054
2022.1986 -24.1011
2022.2014 -25.3567
2022.2041 -25.7824
2022.2068 -23.5180
2022.2096 -16.6437
2022.2123 -12.5594
2022.2151 -20.8351
2022.2178 -17.2410
2022.2205 -24.9169
2022.2233 -16.5329
2022.2260 -18.3292
2022.2288 -16.3655
2022.2315 -26.7721
2022.2342 -23.9988
2022.2370 -24.5258
2022.2397 -23.8830
2022.2425 -23.2005
2022.2452 -23.8583
2022.2479 -20.6680
2022.2507 -20.8710
2022.2534 -20.3172
2022.2562 -23.3263
2022.2589 -24.0280
2022.2616 -29.5221
2022.2644 -23.5984
2022.3548 -36.5286
2022.3575 -46.5729
2022.3603 -45.2761
2022.3630 -43.5786
2022.3658 -42.1603
2022.3685 -33.7316
2022.3712 -32.4026
2022.3740 -32.3335
2022.3767 -35.5645
2022.3794 -28.3857
2022.3822 -30.5374
2022.3849 -32.7698
2022.3877 -30.0530
2022.3904 -30.4972
2022.3931 -37.3326
2022.3959 -35.7694
2022.3986 -35.1478
2022.4014 -39.3279
2022.4041 -35.8500
2022.4068 -40.9943
2022.4096 -40.8508
2022.4123 -41.7899
2022.4151 -29.1907
2022.4178 -31.9923
2022.4205 -27.1347
2022.4233 -20.1677
2022.4260 -18.5314
2022.4288 -17.9756
2022.4315 -18.2103
2022.4342 -15.7954
2022.4370 -25.6008
2022.4397 -23.3066
2022.4425 -8.4126
2022.4452 -11.8587
2022.4479 -11.8849
2022.4507 -15.1112
2022.4534 -18.7374
2022.4562 -16.2635
2022.4589 -16.8595
2022.4616 -17.8052
2022.4644 -14.9407
2022.4671 -9.9158
2022.4699 -12.2005
2022.4726 -6.5946
2022.4753 -4.5883
2022.4781 -5.5213
2022.4808 -2.3636
2022.4836 0.2048
2022.4863 -3.2060
2022.4890 -4.4559
2022.4918 -9.8049
2022.4945 -6.5728
2022.4973 -11.3398
2022.5000 -11.4962
2022.5027 -14.4320
2022.5055 -14.4373
2022.5082 -12.4223
2022.5110 -13.6067
2022.5137 -16.9608
2022.5164 -10.6246
2022.5192 -14.4081
2022.5219 -11.5813
2022.5247 -8.1442
2022.5274 -9.2170
2022.5301 -6.8996
2022.5329 -9.3720
2022.5356 -13.9244
2022.5384 -27.5567
2022.5411 -27.4189
2022.5438 -27.3012
2022.5466 -29.6535
2022.8425 -28.4550
2022.8452 -26.4230
2022.8534 -25.8123
2022.8562 -20.7475
2022.8589 -21.1122
2022.8616 -21.5065
2022.8644 -20.3105
2022.8671 -16.8843
2022.8699 -12.4279
2022.8726 -16.4515
2022.8753 -13.8151
2022.8781 -19.0889
2022.8808 -12.5529
2022.8836 -27.1072
2022.8863 -11.5719
2022.8890 -17.6071
2022.8918 -15.8429
2022.8945 -10.6593
2022.8973 -14.4465
2022.9000 -17.1844
2022.9027 -18.4034
2022.9055 -14.2033
2022.9082 -22.2743
2022.9110 -13.3566
2022.9137 -22.5501
2022.9164 -20.9451
2022.9192 -19.0126
2022.9219 -17.1927
2022.9247 -17.2654
2022.9274 -23.6905
2022.9301 -19.4380
2022.9329 -17.6779
2022.9356 -18.0300
2022.9384 -21.1843
2022.9411 -16.6907
2022.9438 -18.7791
2022.9466 -22.3895
2022.9493 -19.7218
2022.9521 -19.6060
2022.9548 -20.5519
2022.9575 -19.1394
2022.9603 -22.4086
2022.9630 -21.2993
2022.9658 -18.6115
2022.9685 -22.3351
2022.9712 -26.8800
2022.9740 -22.7562
2022.9767 -25.7235
2022.9795 -22.5720
2022.9822 -23.7215
2022.9849 -26.5420
2022.9877 -23.9133
2022.9904 -25.4155
2022.9931 -26.0285
2022.9959 -28.8821
2022.9986 -27.7763
