2010.0205 -2.9172
2010.0233 -1.2683
2010.0260 -2.7897
2010.0288 -2.6012
2010.0315 -0.8228
2010.0342 -2.5043
2010.0370 -5.9458
2010.0397 -2.8372
2010.0425 -2.2584
2010.0452 -1.2993
2010.0479 0.1002
2010.0507 -0.6300
2010.0534 0.5403
2010.0562 -0.4688
2010.0589 3.0126
2010.0616 -2.4553
2010.0644 -4.9625
2010.0671 -2.9088
2010.0699 -3.0543
2010.0726 0.4912
2010.0753 -0.2523
2010.0781 -2.6648
2010.0808 -1.6161
2010.0836 -0.7159
2010.0863 -4.4237
2010.0890 -0.8497
2010.0918 -1.7641
2010.0945 -2.4868
2010.0973 -4.2282
2010.1000 -5.4081
2010.1027 -4.6769
2010.1055 -4.7545
2010.1082 -3.0412
2010.1110 -2.9069
2010.1137 -1.3119
2010.1164 -0.7562
2010.1192 -4.0199
2010.1219 -6.8432
2010.1247 -7.1362
2010.1274 -7.1789
2010.1301 -4.0416
2010.1329 -4.5342
2010.1356 -5.8170
2010.1384 -3.3100
2010.1411 -5.3334
2010.1438 -4.8072
2010.1466 -2.7517
2010.1493 -0.0167
2010.1521 -0.7826
2010.1548 -1.5195
2010.1575 0.6127
2010.1603 -3.4963
2010.1630 -2.6864
2010.1658 -4.1069
2010.1685 0.2323
2010.1712 1.7211
2010.1740 -1.2703
2010.1767 -4.4719
2010.1795 -2.5437
2010.1822 -0.2158
2010.1849 0.5420
2010.1877 -0.2003
2010.1904 -2.2627
2010.1931 -3.6253
2010.1959 -4.1778
2010.1986 -4.2005
2010.2014 -1.6631
2010.2041 -5.1058
2010.2068 -5.4384
2010.2096 -7.0209
2010.2123 -3.3334
2010.2151 -7.0257
2010.2178 -0.8379
2010.2205 -3.2200
2010.2233 -3.3919
2010.2260 -3.7936
2010.2288 -4.7750
2010.2315 -2.8162
2010.2342 -1.8671
2010.2370 -1.4277
2010.2397 -2.8680
2010.2425 -0.4379
2010.2452 -3.7074
2010.2479 -3.2063
2010.2507 -2.3143
2010.2534 -3.4914
2010.2562 3.1123
2010.2589 -1.9232
2010.2616 -0.0379
2010.2644 -5.3020
2010.2671 -3.2953
2010.2699 -3.3480
2010.2726 0.2199
2010.2753 0.5683
2010.2781 -0.0927
2010.2808 -3.6432
2010.2836 0.2468
2010.2863 -5.1428
2010.2890 -2.1620
2010.2918 -3.5609
2010.2945 -4.3995
2010.2973 -6.4278
2010.3000 -3.9758
2010.3027 1.1964
2010.3055 0.0287
2010.3082 -1.3588
2010.3110 -3.1163
2010.3137 -0.3037
2010.3164 0.4590
2010.3192 -2.4684
2010.3219 -2.0659
2010.3247 -1.2034
2010.3274 -5.4710
2010.3301 -3.0588
2010.3329 -4.0866
2010.3356 -1.3142
2010.3384 -4.9716
2010.3411 -4.2987
2010.3438 -3.8355
2010.3466 -7.5517
2010.3493 -4.8674
2010.3521 -6.2825
2010.3548 -1.7969
2010.3575 -2.8804
2010.3603 -1.4330
2010.3630 -3.4447
2010.3658 -2.1253
2010.3685 1.0853
2010.3712 0.9471
2010.3740 3.1802
2010.3767 1.4847
2010.3794 0.6908
2010.3822 -0.0116
2010.3849 -1.3124
2010.3877 -0.3014
2010.3904 -2.5485
2010.3931 -0.3537
2010.3959 -1.6370
2010.3986 1.3319
2010.4014 7.2830
2010.4041 7.1463
2010.4068 1.6919
2010.4096 0.4300
2010.4123 3.2406
2010.4151 0.1738
2010.4178 1.4994
2010.4205 6.0573
2010.4233 3.5675
2010.4260 4.5598
2010.4288 0.4142
2010.4315 1.1005
2010.4342 0.3686
2010.4370 0.9185
2010.4397 1.9600
2010.4425 3.0530
2010.4452 4.0674
2010.4479 2.0831
2010.4507 -0.0499
2010.4534 1.3282
2010.4562 1.8173
2010.4589 0.2673
2010.4616 1.7881
2010.4644 3.8896
2010.4671 4.5117
2010.4699 3.1343
2010.4726 4.4873
2010.4753 -0.5794
2010.4781 0.9340
2010.4808 0.5776
2010.4836 3.0111
2010.4863 4.2945
2010.4890 5.2877
2010.4918 3.4206
2010.4945 0.2530
2010.4973 1.9752
2010.5000 3.5891
2010.5027 0.9748
2010.5055 2.6622
2010.5082 3.7411
2010.5110 2.2214
2010.5137 0.9729
2010.5164 -0.4046
2010.5192 1.7989
2010.5219 0.9231
2010.5247 2.7478
2010.5274 2.8530
2010.5301 3.6084
2010.5329 8.4440
2010.5356 8.8795
2010.5384 6.0948
2010.5411 2.8898
2010.5438 5.0243
2010.5466 5.4480
2010.5493 8.1210
2010.5521 5.0330
2010.5548 5.3038
2010.5575 3.5434
2010.5603 4.9015
2010.5630 5.9280
2010.5658 7.0627
2010.5685 4.2455
2010.5712 2.8362
2010.5740 4.5447
2010.5767 -0.3192
2010.5794 0.6544
2010.5822 4.0049
2010.5849 2.3707
2010.5877 -1.4283
2010.5904 1.5581
2010.5931 2.3705
2010.5959 2.2790
2010.5986 -0.1761
2010.6014 -0.9243
2010.6041 1.8646
2010.6068 4.2509
2010.6096 7.3049
2010.6123 5.4771
2010.6151 6.8276
2010.6178 5.6368
2010.6205 8.2750
2010.6233 4.7626
2010.6260 5.6198
2010.6288 3.7870
2010.6315 1.7545
2010.6342 5.5326
2010.6370 5.9716
2010.6397 5.2219
2010.6425 10.1037
2010.6452 8.3874
2010.6479 1.0133
2010.6507 0.4718
2010.6534 1.9630
2010.6562 2.6874
2010.6589 3.6953
2010.6616 -0.8430
2010.6644 4.1228
2010.6671 2.5913
2010.6699 3.8310
2010.6726 3.1018
2010.6753 5.3835
2010.6781 -1.3538
2010.6808 1.1296
2010.6836 3.2238
2010.6863 3.6587
2010.6890 4.7842
2010.6918 5.0901
2010.6945 2.8265
2010.6973 1.7531
2010.7000 0.6701
2010.7027 -0.2028
2010.7055 0.9644
2010.7082 -1.1185
2010.7110 2.0286
2010.7137 2.8056
2010.7164 4.3523
2010.7192 2.4487
2010.7219 1.0346
2010.7247 -0.9999
2010.7274 -2.5650
2010.7301 -0.0507
2010.7329 -4.9872
2010.7356 -3.7644
2010.7384 -6.4626
2010.7411 -1.6118
2010.7438 -2.6420
2010.7466 -0.3934
2010.7493 -2.8260
2010.7521 -1.8601
2010.7548 -4.9457
2010.7575 -5.7727
2010.7603 -1.7309
2010.7630 -2.1903
2010.7658 0.8692
2010.7685 0.0077
2010.7712 -2.3046
2010.7740 -3.1378
2010.7767 -3.4617
2010.7794 -4.6661
2010.7822 -2.9311
2010.7849 -1.7766
2010.7877 -2.5023
2010.7904 -4.8483
2010.7931 -1.5844
2010.7959 -0.9306
2010.7986 0.5333
2010.8014 -0.0327
2010.8041 -3.3284
2010.8068 0.8761
2010.8096 -3.5989
2010.8123 -1.6233
2010.8151 -1.3072
2010.8178 -1.9704
2010.8205 -0.0927
2010.8233 -3.6642
2010.8260 -2.4747
2010.8288 0.3159
2010.8315 -1.0123
2010.8342 -2.0056
2010.8370 1.2095
2010.8397 -2.1277
2010.8425 -7.9181
2010.8452 -4.3221
2010.8479 -2.3207
2010.8507 -3.5042
2010.8534 -1.0936
2010.8562 1.0405
2010.8589 3.1776
2010.8616 0.2367
2010.8644 -0.8026
2010.8671 4.7289
2010.8699 2.8705
2010.8726 2.0715
2010.8753 -0.0986
2010.8781 2.0692
2010.8808 1.9545
2010.8836 4.9165
2010.8863 1.3745
2010.8890 2.9879
2010.8918 3.4959
2010.8945 4.8980
2010.8973 0.8533
2010.9000 1.6512
2010.9027 -0.2589
2010.9055 2.2123
2010.9082 2.0540
2010.9110 3.0756
2010.9137 3.7765
2010.9164 2.7366
2010.9192 3.6709
2010.9219 1.6604
2010.9247 0.3654
2010.9274 -0.1037
2010.9301 -1.0367
2010.9329 0.1066
2010.9356 -0.6733
2010.9384 -0.1661
2010.9411 -0.0117
2010.9438 1.0703
2010.9466 2.6202
2010.9493 0.9983
2010.9521 0.7648
2010.9548 -0.2899
2010.9575 -2.2354
2010.9603 0.7283
2010.9630 -0.7782
2010.9658 -1.2048
2010.9685 -0.5712
2010.9712 1.2830
2010.9740 -0.0420
2010.9767 -0.2458
2010.9795 0.7218
2010.9822 1.2212
2010.9849 3.1025
2010.9877 2.8462
2010.9904 0.0625
2010.9931 3.9117
2010.9959 1.7241
2010.9986 3.0600
2011.0014 1.8991
2011.0041 4.1082
2011.0068 5.4169
2011.0096 -0.7249
2011.0123 3.3731
2011.0151 4.6907
2011.0178 3.8383
2011.0205 3.8657
2011.0233 4.3331
2011.0260 1.0605
2011.0288 2.2281
2011.0315 1.6759
2011.0342 -0.5160
2011.0370 3.0725
2011.0397 2.6814
2011.0425 3.2608
2011.0452 2.1708
2011.0479 1.8015
2011.0507 3.4629
2011.0534 3.9952
2011.0562 2.8683
2011.0589 5.7124
2011.0616 5.3876
2011.0644 3.4739
2011.0671 5.8814
2011.0699 4.5602
2011.0726 2.7303
2011.0753 5.3419
2011.0781 5.2650
2011.0808 4.8697
2011.0836 4.3454
2011.0863 5.6117
2011.0890 4.8384
2011.0918 3.6156
2011.0945 6.5032
2011.0973 3.4712
2011.1027 6.2285
2011.1055 3.0377
2011.1082 3.6073
2011.1110 2.9772
2011.1137 6.6774
2011.1164 4.0579
2011.1192 6.4587
2011.1219 5.0998
2011.1247 8.0111
2011.1274 4.6226
2011.1301 6.4444
2011.1329 9.6763
2011.1356 5.8885
2011.1384 8.1808
2011.1411 6.6632
2011.1438 9.2158
2011.1466 8.2485
2011.1493 9.2012
2011.1521 10.0240
2011.1548 5.4169
2011.1575 10.0999
2011.1603 6.5628
2011.1630 7.2059
2011.1658 9.3295
2011.1685 6.7337
2011.1712 5.6485
2011.1740 8.8039
2011.1767 4.2597
2011.1795 7.1060
2011.1822 4.9426
2011.1849 5.9696
2011.1877 6.7369
2011.1904 6.6045
2011.1931 4.1823
2011.1959 1.1203
2011.1986 1.0284
2011.2014 5.8866
2011.2041 3.4848
2011.2068 4.6331
2011.2096 1.2913
2011.2123 4.7494
2011.2151 5.0973
2011.2178 1.0551
2011.2205 3.5927
2011.2233 1.6600
2011.2260 1.5069
2011.2288 4.0936
2011.2315 1.7898
2011.2342 0.5556
2011.2370 2.6409
2011.2397 1.6956
2011.2425 2.5498
2011.2452 3.1534
2011.2479 1.1444
2011.2507 2.2510
2011.2534 1.5336
2011.2562 1.5024
2011.2589 2.3579
2011.2616 5.6802
2011.2644 6.1996
2011.2671 10.9866
2011.2699 5.5814
2011.2726 -0.3457
2011.2753 4.9156
2011.2781 5.6356
2011.2808 15.9846
2011.2836 8.3729
2011.2863 8.4409
2011.2890 5.6388
2011.2918 5.8769
2011.2945 7.8656
2011.2973 7.8251
2011.3000 3.7458
2011.3027 5.2879
2011.3055 5.8218
2011.3082 5.4878
2011.3110 6.5661
2011.3137 6.3971
2011.3164 6.1711
2011.3192 6.2784
2011.3219 5.6093
2011.3247 6.2741
2011.3274 4.8231
2011.3301 5.2665
2011.3329 7.0636
2011.3356 8.0140
2011.3384 6.1876
2011.3411 6.5040
2011.3438 5.9331
2011.3466 7.1545
2011.3493 6.7881
2011.3521 6.7837
2011.3548 9.6309
2011.3575 6.6595
2011.3603 9.3593
2011.3630 10.8601
2011.3658 11.7316
2011.3685 12.7435
2011.3712 8.0157
2011.3740 8.7480
2011.3767 10.1499
2011.3794 4.8014
2011.3822 6.8321
2011.3849 8.3119
2011.3877 9.9405
2011.3904 10.2377
2011.3931 9.6631
2011.3959 8.0567
2011.3986 7.9680
2011.4014 4.8270
2011.4041 12.3634
2011.4068 6.5368
2011.4096 8.0372
2011.4123 7.7142
2011.4151 9.8393
2011.4178 13.4142
2011.4205 10.7388
2011.4233 5.6631
2011.4260 7.3472
2011.4288 6.5011
2011.4315 5.9447
2011.4342 10.6080
2011.4370 9.1310
2011.4397 11.2038
2011.4425 11.3663
2011.4452 4.1785
2011.4479 4.1405
2011.4507 4.0322
2011.4534 4.5136
2011.4562 6.1347
2011.4589 8.0156
2011.4616 5.1062
2011.4644 9.2464
2011.5493 6.6437
2011.5521 7.4924
2011.6863 10.4956
2011.6890 9.7727
2011.6918 7.0196
2011.6945 5.9066
2011.6973 5.4034
2011.7000 3.0401
2011.7027 3.3268
2011.7055 3.0835
2011.7082 4.2200
2011.7110 1.6465
2011.7137 1.8929
2011.7164 1.8193
2011.7192 2.4156
2011.7219 3.4718
2011.7247 2.3479
2011.7274 6.9640
2011.7301 6.6800
2011.7329 3.3460
2011.7356 1.7019
2011.7384 4.5977
2011.7411 3.5035
2011.7438 2.3492
2011.7466 1.3548
2011.7493 2.2204
2011.7521 4.1660
2011.7548 1.5717
2011.7575 1.1073
2011.7603 5.1430
2011.7630 3.3486
2011.7658 2.7841
2011.7685 6.6696
2011.7712 7.1151
2011.7740 4.7605
2011.7767 5.1857
2011.7794 3.5709
2011.7822 4.2959
2011.7849 2.7008
2011.7877 1.9756
2011.7904 2.6902
2011.7931 6.6346
2011.7959 7.2588
2011.7986 10.4028
2011.8014 8.2365
2011.8041 7.7001
2011.8068 8.6433
2011.8096 3.1463
2011.8123 9.6991
2011.8151 9.0815
2011.8178 8.6636
2011.8205 7.5754
2011.8233 4.8668
2011.8260 7.0279
2011.8288 10.7486
2011.8315 11.6790
2011.8342 8.2378
2011.8370 4.1242
2011.8397 6.9282
2011.8425 8.0501
2011.8452 6.7799
2011.8479 4.3979
2011.8507 7.6441
2011.8534 8.0788
2011.8562 7.3020
2011.8589 9.7740
2011.8616 12.8249
2011.8644 9.2448
2011.8671 6.1339
2011.8699 9.2423
2011.8726 7.9802
2011.8753 2.4977
2011.8781 3.0351
2011.8808 5.2623
2011.8836 5.3697
2011.8863 5.1074
2011.8890 3.5554
2011.8918 6.7439
2011.8945 7.1632
2011.8973 3.2634
2011.9000 3.4745
2011.9027 5.7968
2011.9055 6.1404
2011.9082 9.8054
2011.9110 8.8021
2011.9137 9.7305
2011.9164 12.9508
2011.9192 9.3523
2011.9219 5.9049
2011.9247 5.1284
2011.9274 5.3729
2011.9301 6.4682
2011.9329 9.1142
2011.9356 9.4109
2011.9384 9.9981
2011.9411 3.1957
2011.9438 7.0437
2011.9466 7.7520
2011.9493 11.1304
2011.9521 11.7490
2011.9548 11.2376
2011.9575 13.3960
2011.9603 8.0744
2011.9630 7.3224
2011.9658 7.6201
2011.9685 9.4074
2011.9712 9.3241
2011.9740 8.5602
2011.9767 7.6656
2011.9795 12.2202
2011.9822 8.4939
2011.9849 8.5366
2011.9877 7.4783
2011.9904 8.6888
2011.9931 11.1681
2011.9959 8.4060
2011.9986 8.0925
2012.0014 5.5777
2012.0041 8.6822
2012.0068 5.8962
2012.0096 6.7598
2012.0123 7.5629
2012.0150 10.8456
2012.0178 9.5980
2012.0205 7.7600
2012.0232 7.9716
2012.0287 11.9942
2012.0314 7.4051
2012.0342 10.0959
2012.0369 10.7865
2012.0396 11.5369
2012.0423 8.8673
2012.0451 9.8377
2012.0478 9.1780
2012.0505 9.0683
2012.0533 10.3186
2012.0560 8.4491
2012.0587 11.5396
2012.0615 8.1902
2012.0642 7.0111
2012.0669 9.6921
2012.0697 8.7333
2012.0724 10.7449
2012.0751 10.6867
2012.0779 8.8188
2012.0806 7.4213
2012.0833 6.2337
2012.0861 8.3055
2012.0888 11.3667
2012.0915 8.8874
2012.0943 11.3978
2012.0970 10.6879
2012.0997 11.3078
2012.1025 9.9176
2012.1052 14.9775
2012.1079 12.0974
2012.1107 14.9776
2012.1134 9.8180
2012.1161 11.1789
2012.1189 11.3302
2012.1216 11.3421
2012.1243 8.7147
2012.1270 8.1081
2012.1298 8.1723
2012.1325 7.1175
2012.1352 8.2637
2012.1380 6.4811
2012.1407 12.1898
2012.1434 11.7398
2012.1462 9.1712
2012.1489 8.0741
2012.1516 8.3887
2012.1544 9.2650
2012.1571 11.6931
2012.1598 12.0832
2012.1626 11.2252
2012.1653 10.8492
2012.1680 10.3550
2012.1708 7.9326
2012.1735 12.0819
2012.1762 10.0127
2012.1790 10.4551
2012.1817 9.3189
2012.1844 13.6240
2012.1872 4.9504
2012.1899 8.9679
2012.1926 8.6565
2012.1954 10.0361
2012.1981 11.5167
2012.2008 16.2780
2012.2035 13.0201
2012.2063 12.2528
2012.2090 6.4661
2012.2117 2.3199
2012.2145 1.3241
2012.2172 0.1386
2012.2199 2.3733
2012.2227 0.8782
2012.2254 2.7631
2012.2281 3.0780
2012.2309 0.1927
2012.2336 6.8773
2012.2363 6.6716
2012.2391 8.1155
2012.2418 0.9289
2012.2445 -1.5582
2012.2473 -0.0057
2012.2500 4.7168
2012.2527 6.6994
2012.2555 8.6520
2012.2582 9.5746
2012.2609 5.9473
2012.2637 7.1500
2012.2664 7.3528
2012.2691 9.5656
2012.2719 7.5484
2012.2746 8.7713
2012.2773 12.2342
2012.2801 11.8772
2012.2828 11.5202
2012.2855 10.5833
2012.2882 10.4864
2012.2910 11.0595
2012.2937 9.8127
2012.2964 10.1159
2012.2992 7.0191
2012.3019 12.7424
2012.3046 13.6358
2012.3074 16.8791
2012.3101 16.0226
2012.3128 12.9660
2012.3156 10.5495
2012.3183 8.2930
2012.3210 5.4866
2012.3238 0.9802
2012.3265 -0.0061
2012.3292 0.9676
2012.3320 2.6520
2012.3347 0.6475
2012.3374 0.2839
2012.3402 1.5112
2012.3429 -0.1107
2012.3456 2.8382
2012.3484 1.4777
2012.3511 3.3978
2012.3538 3.6184
2012.3566 6.2395
2012.3593 7.0909
2012.3620 6.8426
2012.3648 10.0746
2012.3675 6.7567
2012.3702 7.0389
2012.3729 6.4211
2012.3757 3.0032
2012.3784 5.5452
2012.3811 4.2569
2012.3839 5.2884
2012.3866 8.1895
2012.3893 8.2102
2012.3921 7.2303
2012.3948 7.5399
2012.3975 7.3488
2012.4003 4.9869
2012.4030 4.2243
2012.4057 1.6808
2012.4085 2.7663
2012.4112 9.5108
2012.4139 6.8534
2012.4167 6.9108
2012.4194 9.9030
2012.4221 9.4004
2012.9303 15.7865
2012.9331 14.2611
2012.9358 13.0454
2012.9385 13.7995
2012.9413 13.5432
2012.9440 12.8668
2012.9467 10.9201
2012.9495 9.4832
2012.9522 10.7862
2012.9549 13.4191
2012.9576 14.1619
2012.9604 11.6946
2012.9631 13.4873
2012.9658 14.3400
2012.9686 9.8927
2012.9713 5.9354
2012.9740 12.5383
2012.9768 12.2612
2012.9795 14.2043
2012.9822 12.0775
2012.9850 12.5910
2012.9877 14.2746
2012.9904 15.4286
2012.9932 14.7528
2012.9959 15.0072
2012.9986 14.8921
2013.0014 14.4671
2013.0041 14.6218
2013.0068 10.0063
2013.0096 12.7206
2013.0123 13.4948
2013.0151 11.3490
2013.0178 12.5533
2013.0205 13.1078
2013.0233 12.2226
2013.0260 15.2978
2013.0288 12.3534
2013.0315 14.1597
2013.0342 15.1565
2013.0370 13.7642
2013.0397 13.6527
2013.0425 12.1121
2013.0452 12.3425
2013.0479 11.8041
2013.0507 11.2169
2013.0534 10.0910
2013.0562 10.1066
2013.0589 14.7036
2013.0616 10.8322
2013.0644 8.0925
2013.0671 12.7045
2013.0699 12.0884
2013.0726 12.1043
2013.0753 10.0323
2013.0781 15.9224
2013.0808 12.0547
2013.0836 13.4198
2013.0863 14.0583
2013.0890 13.2198
2013.0918 14.6444
2013.0945 15.3517
2013.0973 16.8118
2013.1000 14.6845
2013.1027 15.6196
2013.1055 16.3369
2013.1082 15.5564
2013.1110 15.5380
2013.1137 16.3114
2013.1164 15.2365
2013.1192 12.6532
2013.1219 15.1413
2013.1247 11.2108
2013.1274 10.6214
2013.1301 11.0331
2013.1329 11.0356
2013.1356 12.9589
2013.1384 12.2928
2013.1411 11.5872
2013.1438 12.8419
2013.1466 7.0867
2013.1493 12.2817
2013.1521 11.9165
2013.1548 15.7411
2013.1575 16.3254
2013.1603 16.8191
2013.1630 13.5123
2013.1658 14.4856
2013.1685 15.0691
2013.1712 15.3428
2013.1740 10.2367
2013.1767 10.1708
2013.1795 11.0850
2013.1822 9.8895
2013.1849 10.0141
2013.1877 10.9889
2013.1904 10.0440
2013.1931 8.3492
2013.1959 10.6846
2013.1986 10.8401
2013.2014 10.4159
2013.2041 9.7219
2013.2068 9.3580
2013.2096 13.2443
2013.2123 11.9508
2013.2151 14.6875
2013.2178 12.2543
2013.2205 11.2214
2013.2233 8.4486
2013.2260 10.0660
2013.2288 14.5735
2013.2315 14.2013
2013.2342 14.8392
2013.2370 15.9673
2013.2397 12.8756
2013.2425 11.7240
2013.2452 14.6026
2013.2479 13.2138
2013.2507 12.4597
2013.2534 12.7497
2013.2562 11.3136
2013.2589 12.5709
2013.2616 12.3311
2013.2644 15.2139
2013.2671 15.9289
2013.2699 12.5255
2013.2726 16.5235
2013.2753 13.6923
2013.2781 9.5016
2013.2808 11.6009
2013.2836 11.1198
2013.2863 12.8579
2013.2890 14.7548
2013.2918 12.9501
2013.2945 13.5733
2013.2973 14.2240
2013.3000 10.5718
2013.3027 10.4863
2013.3055 12.5970
2013.3082 12.3436
2013.3110 10.3256
2013.3137 14.2226
2013.3164 12.8542
2013.3192 12.4999
2013.3219 12.1193
2013.3247 13.6421
2013.3274 13.4378
2013.3301 13.8268
2013.3329 16.4645
2013.3356 13.8917
2013.3384 9.1585
2013.3411 7.6149
2013.3438 10.4810
2013.3466 10.0467
2013.3493 12.4422
2013.3521 12.4073
2013.3548 14.0723
2013.3575 17.2370
2013.3603 14.0414
2013.3630 13.0858
2013.3658 14.2499
2013.3685 15.5640
2013.4151 17.8280
2013.4507 19.1542
2013.4534 19.8994
2013.4562 14.6146
2013.4589 16.6199
2013.4616 17.1254
2013.4644 20.5710
2013.4671 17.5367
2013.4699 15.1426
2013.4726 13.5487
2013.4753 14.8349
2013.4781 15.4714
2013.4808 15.5781
2013.4836 15.0650
2013.4863 14.2821
2013.4890 9.8396
2013.4918 5.8173
2013.4945 5.5953
2013.4973 8.2138
2013.5000 12.5233
2013.5027 9.7639
2013.5055 12.5355
2013.5082 11.7282
2013.5110 11.9219
2013.5137 15.3864
2013.5164 13.3918
2013.5192 10.1180
2013.5219 14.5950
2013.5247 18.6126
2013.5274 13.0609
2013.5301 10.4998
2013.5329 7.5292
2013.5356 10.1191
2013.5384 8.5294
2013.5411 10.4902
2013.5438 12.4812
2013.5466 10.4525
2013.5493 12.2241
2013.5521 14.4958
2013.5548 15.0477
2013.5575 14.3596
2013.5603 16.2515
2013.5630 10.1734
2013.5658 13.0752
2013.5685 10.0268
2013.6096 8.8910
2013.6123 11.5327
2013.6151 6.4445
2013.6178 10.7165
2013.6205 13.1585
2013.6233 13.1007
2013.6260 11.0429
2013.6288 9.8953
2013.6315 10.6277
2013.6342 9.6303
2013.6370 10.7529
2013.6397 8.9356
2013.6425 8.1984
2013.6452 10.9813
2013.6479 6.9942
2013.6507 8.8372
2013.6534 11.1103
2013.6562 10.3734
2013.6589 8.8966
2013.6616 7.6699
2013.6644 6.4032
2013.6671 8.2184
2013.6699 9.8771
2013.6726 8.1692
2013.6753 6.2242
2013.6781 5.8919
2013.6808 8.4820
2013.6836 9.4742
2013.6863 6.9281
2013.6890 3.1636
2013.6918 11.6602
2013.6945 6.6876
2013.6973 10.5957
2013.7000 5.6640
2013.7027 4.9022
2013.7055 8.5602
2013.7082 9.8875
2013.7110 6.2938
2013.7137 10.5489
2013.7164 13.6025
2013.7192 9.5942
2013.7219 11.5138
2013.7247 10.4010
2013.7274 10.7053
2013.7301 13.7167
2013.7329 9.4247
2013.7356 9.6990
2013.7384 8.8594
2013.7411 8.6555
2013.7438 13.0371
2013.7466 12.6738
2013.7493 13.8360
2013.7521 9.8276
2013.7548 12.4290
2013.7575 8.3103
2013.7603 11.8116
2013.7630 10.8528
2013.7658 9.4439
2013.7685 14.2249
2013.7712 14.0158
2013.7740 15.0367
2013.7767 15.2375
2013.7794 15.7683
2013.7822 16.1390
2013.7849 13.2496
2013.7877 13.4703
2013.7904 12.2408
2013.7931 13.5914
2013.7959 10.7719
2013.7986 13.9324
2013.8014 12.7428
2013.8041 11.8733
2013.8068 12.6237
2013.8096 13.4241
2013.8123 14.0845
2013.8151 11.9549
2013.8178 15.7154
2013.8205 13.5658
2013.8233 15.9962
2013.8260 17.7967
2013.8288 15.4872
2013.8315 15.3777
2013.8342 14.3682
2013.8370 16.3287
2013.8397 17.2293
2013.8425 18.2398
2013.8452 19.6804
2013.8479 16.2009
2013.8507 13.9815
2013.8534 17.3220
2013.8562 15.9126
2013.8589 22.3531
2013.8616 16.5737
2013.8644 16.0142
2013.8671 18.8747
2013.8699 15.1052
2013.8726 13.3557
2013.8753 15.5161
2013.8781 14.9466
2013.8808 15.5870
2013.8836 16.4073
2013.8863 15.2477
2013.8890 20.1680
2013.8918 17.4883
2013.8945 16.6685
2013.8973 16.8188
2013.9000 16.8989
2013.9027 17.6691
2013.9055 14.5391
2013.9082 12.3092
2013.9110 14.9792
2013.9137 13.2191
2013.9164 14.2286
2013.9192 13.2551
2013.9219 14.2585
2013.9247 14.7890
2013.9274 15.1166
2013.9301 11.9416
2013.9329 13.1143
2013.9356 13.5347
2013.9384 13.3031
2013.9411 12.8397
2013.9438 15.1146
2013.9466 15.3581
2013.9493 14.6304
2013.9521 15.3315
2013.9548 17.4818
2013.9575 15.6215
2013.9603 14.7506
2013.9630 14.4695
2013.9658 13.1882
2013.9685 17.1270
2013.9712 16.4861
2013.9740 17.2157
2013.9767 15.4860
2013.9795 16.6871
2013.9822 17.5792
2013.9849 15.0126
2013.9877 20.0574
2013.9904 15.5338
2013.9931 17.1420
2013.9959 15.4023
2013.9986 15.0147
2014.0014 17.7592
2014.0041 15.0638
2014.0068 13.8083
2014.0096 15.9428
2014.0123 17.1373
2014.0151 16.8319
2014.0178 13.4268
2014.0205 12.4520
2014.0233 16.3176
2014.0260 14.9137
2014.0288 13.6804
2014.0315 15.8478
2014.0342 20.8059
2014.0370 17.1849
2014.0397 18.6949
2014.0425 16.4558
2014.0452 13.4379
2014.0479 16.7512
2014.0507 17.0357
2014.0534 15.5617
2014.0562 19.8391
2014.0589 12.1181
2014.0616 14.0387
2014.0644 17.2611
2014.0671 19.3752
2014.0699 15.2013
2014.0726 16.0994
2014.0753 15.9296
2014.0781 18.8419
2014.0808 17.7466
2014.0836 16.9027
2014.0863 18.4297
2014.0890 15.6373
2014.0918 19.2057
2014.0945 17.4446
2014.0973 19.0441
2014.1000 15.5942
2014.1027 15.1048
2014.1082 18.9472
2014.1110 19.5889
2014.1137 20.3610
2014.4644 18.8315
2014.4671 19.4501
2014.4699 18.3487
2014.4726 17.6374
2014.4753 16.2162
2014.4781 17.6550
2014.4808 15.9040
2014.4836 17.5531
2014.4863 21.6323
2014.4890 21.0817
2014.4918 20.8112
2014.4945 17.1710
2014.4973 20.9810
2014.5000 19.8221
2014.5027 19.0943
2014.5055 17.6774
2014.5082 19.6515
2014.5110 24.5664
2014.5137 17.5020
2014.5164 17.3683
2014.5192 23.7052
2014.5219 23.2825
2014.5247 21.1403
2014.5274 19.0384
2014.5301 16.0568
2014.5329 19.9753
2014.5356 17.5139
2014.5384 16.6325
2014.5411 12.4811
2014.5438 13.2694
2014.5466 13.5375
2014.5493 16.5453
2014.5521 15.5827
2014.5548 17.3495
2014.5575 14.3458
2014.5603 21.0314
2014.5630 21.1562
2014.5658 19.4903
2014.5685 21.9834
2014.5712 16.5855
2014.5740 11.9965
2014.5767 13.4264
2014.5794 18.3550
2014.6041 18.4826
2014.6068 20.1975
2014.6096 20.8705
2014.6123 17.4516
2014.6205 18.0476
2014.6233 19.9148
2014.6260 21.4017
2014.6342 19.7542
2014.6370 21.4633
2014.6452 18.5995
2014.6479 16.5556
2014.6534 14.2156
2014.6562 12.6602
2014.6589 17.6482
2014.6616 14.3999
2014.6644 22.4256
2014.6945 16.1287
2014.6973 21.4294
2014.7000 18.2403
2014.7027 18.7915
2014.7055 18.9828
2014.7082 19.0043
2014.7110 21.0559
2014.7137 21.4978
2014.7164 23.3797
2014.7192 16.7718
2014.7219 19.5541
2014.7247 19.6864
2014.7274 21.2189
2014.7301 16.5515
2014.7329 21.8542
2014.7356 19.3970
2014.7384 19.7899
2014.7411 21.2928
2014.7438 17.6959
2014.7466 23.6889
2014.7493 20.3925
2014.7521 20.5588
2014.7548 25.2879
2014.7575 26.1295
2014.7603 24.6834
2014.7630 23.4792
2014.7658 19.7466
2014.7685 22.9853
2014.7712 20.8252
2014.7740 21.7858
2014.7767 20.4868
2014.7794 19.9180
2014.7822 20.6491
2014.7849 22.8398
2014.7877 21.4598
2014.7904 21.6087
2014.7931 20.0264
2014.7959 17.4425
2014.7986 20.8567
2014.8014 16.5187
2014.8041 18.5783
2014.8068 18.2350
2014.8096 17.6788
2014.8123 21.3391
2014.8151 23.0759
2014.8178 23.7687
2014.8205 21.2972
2014.8233 19.4812
2014.8260 26.6205
2014.8288 21.4746
2014.8315 23.8633
2014.8342 22.0189
2014.8370 22.9939
2014.8397 16.8984
2014.8425 18.5024
2014.8452 16.7559
2014.8479 15.1090
2014.8507 17.2416
2014.8534 18.5138
2014.8562 18.7357
2014.8589 15.5472
2014.8616 20.0384
2014.8644 16.6093
2014.8671 20.7699
2014.8699 17.5403
2014.8726 15.6805
2014.8753 17.1805
2014.8781 19.3503
2014.8808 14.4800
2014.8836 16.5096
2014.8863 16.8192
2014.8890 15.2886
2014.8918 18.3781
2014.8945 14.7876
2014.8973 17.3371
2014.9000 16.7866
2014.9027 12.1563
2014.9055 18.4661
2014.9082 20.1760
2014.9110 20.9461
2014.9137 20.4863
2014.9164 20.0368
2014.9192 24.4773
2014.9219 19.6876
2014.9247 19.8680
2014.9274 20.5783
2014.9301 21.3985
2014.9329 22.4787
2014.9356 26.7989
2014.9384 22.3191
2014.9411 24.2593
2014.9438 22.4594
2014.9466 21.2195
2014.9493 18.6796
2014.9521 22.3798
2014.9548 24.6499
2014.9575 22.4501
2014.9603 18.1802
2014.9630 24.0604
2014.9658 19.6707
2014.9685 23.9309
2014.9712 17.9712
2014.9740 21.7816
2014.9767 20.1720
2014.9795 22.1424
2014.9822 22.6030
2014.9849 19.2435
2014.9877 22.7242
2014.9904 19.2149
2014.9931 16.9558
2014.9959 18.7567
2014.9986 19.1777
2015.0014 17.9989
2015.0041 22.9914
2015.0068 23.5450
2015.0096 23.5499
2015.0123 19.1758
2015.0151 19.1128
2015.0178 20.0108
2015.0205 20.3996
2015.0233 20.1892
2015.0260 20.6795
2015.0288 19.2405
2015.0315 22.1121
2015.0342 20.0042
2015.0370 18.1067
2015.0397 18.4496
2015.0425 19.7328
2015.0452 17.8362
2015.0479 17.5697
2015.0507 24.5933
2015.0534 25.1969
2015.0562 23.8104
2015.0589 20.0237
2015.0616 20.4768
2015.0644 20.9096
2015.0671 22.7320
2015.0699 25.5640
2015.0726 20.0354
2015.0753 20.2462
2015.0781 23.9664
2015.0808 22.6757
2015.0836 23.0738
2015.0863 23.2801
2015.0890 18.9549
2015.0918 24.7981
2015.0945 22.4200
2015.0973 27.3808
2015.1000 21.3205
2015.1027 21.5092
2015.1055 17.1272
2015.1082 23.3546
2015.1110 19.9814
2015.1137 21.5379
2015.1164 22.0142
2015.1192 21.1604
2015.1219 24.3366
2015.1247 26.7330
2015.1274 25.0898
2015.1301 25.0670
2015.1329 24.6148
2015.1356 22.2134
2015.1384 24.5128
2015.1411 22.6333
2015.1438 22.7249
2015.1466 24.1678
2015.1493 20.6822
2015.1521 20.4181
2015.1548 22.8357
2015.1575 20.6952
2015.1603 22.6966
2015.1630 22.7905
2015.1658 20.6184
2015.1685 19.6005
2015.1712 22.2467
2015.1740 23.2066
2015.1767 27.1103
2015.1795 22.6475
2015.1822 24.0980
2015.1849 24.4317
2015.1877 22.0785
2015.1904 21.0881
2015.1931 24.3804
2015.1959 24.3452
2015.1986 26.9324
2015.2014 25.2419
2015.2041 22.2533
2015.2068 20.5767
2015.2096 22.6018
2015.2123 25.3684
2015.2151 26.2164
2015.2178 21.7156
2015.2205 23.8859
2015.2233 26.1870
2015.2260 21.9789
2015.2288 22.7014
2015.2315 23.0643
2015.2342 19.7674
2015.2370 23.7006
2015.2397 23.3737
2015.2425 22.7565
2015.2452 25.1590
2015.2479 20.0228
2015.2507 19.2297
2015.2534 23.1096
2015.2562 21.1220
2015.2589 20.3370
2015.2616 21.2041
2015.2644 17.5032
2015.2671 17.8339
2015.4671 16.5607
2015.4699 16.5961
2015.4753 16.7516
2015.4781 15.6823
2015.4808 17.2151
2015.4836 21.6504
2015.4863 16.8084
2015.4890 18.5693
2015.4918 20.2732
2015.4945 14.8205
2015.5000 10.1422
2015.5274 13.3421
2015.5301 9.0774
2015.5356 13.9497
2015.5384 14.9666
2015.5411 11.2642
2015.5849 17.3827
2015.5877 8.2928
2015.5904 19.3034
2015.5959 20.0558
2015.5986 6.3775
2015.6205 20.2091
2015.6260 20.9652
2015.6288 24.1981
2015.6370 21.8057
2015.6397 18.0878
2015.6562 18.1825
2015.6699 15.4123
2015.6726 17.4788
2015.6753 21.6250
2015.6836 17.0215
2015.6863 18.9765
2015.6890 21.6612
2015.6918 16.3358
2015.6945 19.1102
2015.6973 17.7844
2015.7000 21.2886
2015.7027 21.2727
2015.7055 24.8768
2015.7082 21.4808
2015.7110 23.0449
2015.7137 22.6290
2015.7164 22.6833
2015.7192 25.4376
2015.7219 30.5220
2015.7247 23.3567
2015.7274 23.3415
2015.7301 22.6366
2015.7329 19.8719
2015.7356 21.8375
2015.7384 20.3035
2015.7411 22.5397
2015.7438 26.1564
2015.7466 21.5335
2015.7493 22.3211
2015.7521 20.4297
2015.7548 21.1092
2015.7575 21.4996
2015.7603 22.7209
2015.7630 25.3629
2015.7658 21.6556
2015.7685 20.8389
2015.7740 19.9972
2015.7767 23.1220
2015.7794 14.8972
2015.7822 16.2526
2015.7849 15.4382
2015.7877 17.2140
2015.7904 19.0899
2015.7931 22.3458
2015.7959 20.8816
2015.7986 25.0073
2015.8014 29.7628
2015.8041 21.8181
2015.8068 21.0830
2015.8096 21.8576
2015.8123 21.7816
2015.8151 22.0252
2015.8178 18.8381
2015.8205 20.7104
2015.8233 21.6419
2015.8260 21.7826
2015.8288 19.7625
2015.8315 22.2414
2015.8342 17.9897
2015.8370 21.2176
2015.8397 22.9352
2015.8425 21.9323
2015.8452 19.4989
2015.8479 21.6451
2015.8507 21.0207
2015.8534 20.9258
2015.8562 19.2402
2015.8589 17.3640
2015.8616 22.3071
2015.8644 20.1294
2015.8671 20.9110
2015.8699 18.2418
2015.8726 20.9817
2015.8753 20.5707
2015.8781 19.4688
2015.8808 22.5259
2015.8836 25.9220
2015.8863 23.4071
2015.8890 23.9511
2015.8918 24.8539
2015.8945 26.0956
2015.8973 23.9961
2015.9000 22.2753
2015.9027 23.0933
2015.9055 22.6599
2015.9082 20.8452
2015.9110 25.1890
2015.9137 25.0315
2015.9164 22.0726
2015.9192 25.5634
2015.9219 24.7540
2015.9247 21.7445
2015.9274 20.3549
2015.9301 22.4952
2015.9329 23.1553
2015.9356 21.8554
2015.9384 20.0354
2015.9411 17.2753
2015.9438 20.6951
2015.9466 21.0248
2015.9493 17.0445
2015.9521 19.8742
2015.9548 20.8238
2015.9575 18.8333
2015.9603 18.7029
2015.9630 18.0424
2015.9658 22.4619
2015.9685 20.3014
2015.9712 17.3210
2015.9740 19.6605
2015.9767 20.2001
2015.9795 16.3897
2015.9822 19.9793
2015.9849 23.1690
2015.9877 23.5288
2015.9904 21.0386
2015.9931 22.6085
2015.9959 22.8385
2015.9986 21.0785
2016.0014 21.7486
2016.0041 21.7874
2016.0068 22.3051
2016.0096 21.4017
2016.0123 18.5474
2016.0150 18.7124
2016.0178 15.2667
2016.0205 14.3906
2016.0232 16.3342
2016.0260 18.1476
2016.0287 16.7510
2016.0314 18.5145
2016.0342 17.5784
2016.0369 18.4127
2016.0396 20.2075
2016.0423 16.4432
2016.0451 19.0997
2016.0478 18.0272
2016.0505 17.5460
2016.0533 16.6661
2016.0560 19.5776
2016.0587 18.0509
2016.0615 19.5059
2016.0642 17.0328
2016.0669 15.9119
2016.0697 15.2232
2016.0724 17.5269
2016.0751 17.7331
2016.0779 20.7120
2016.0806 19.4438
2016.0833 22.0383
2016.0861 20.3855
2016.0888 20.5450
2016.0915 19.9469
2016.0943 20.2608
2016.0970 19.7168
2016.0997 19.6047
2016.1025 21.3842
2016.1052 18.7254
2016.1079 20.1980
2016.1107 21.5520
2016.1134 20.2671
2016.1161 22.3832
2016.1189 20.5103
2016.1216 17.0881
2016.1243 21.8865
2016.1270 22.4255
2016.1298 20.9948
2016.1325 23.1542
2016.1352 24.3938
2016.1380 24.9333
2016.1407 28.7526
2016.1434 25.2816
2016.1462 23.1301
2016.1489 24.0279
2016.1516 20.9450
2016.1544 23.8613
2016.1571 22.8964
2016.1598 25.7005
2016.1626 21.1633
2016.1653 17.5558
2016.1680 13.4182
2016.1708 17.0607
2016.1735 17.9031
2016.1762 20.7555
2016.1790 19.3679
2016.1817 22.6503
2016.1844 16.8926
2016.1872 16.6449
2016.1899 18.7272
2016.1926 19.4895
2016.1954 18.5617
2016.1981 21.5840
2016.2008 22.0362
2016.2035 19.3284
2016.2063 21.0505
2016.2090 22.1727
2016.2117 12.7448
2016.2145 20.9570
2016.2172 17.2691
2016.2199 18.6411
2016.2227 17.9832
2016.2254 20.2953
2016.2281 22.1873
2016.2309 20.4593
2016.2336 19.6713
2016.2363 25.1733
2016.2391 20.8953
2016.2418 17.9372
2016.2445 19.8592
2016.2473 19.8796
2016.2500 17.7350
2016.2527 18.0257
2016.2555 18.9019
2016.2582 17.8641
2016.2609 21.9327
2016.2637 18.5979
2016.2664 20.3002
2016.2691 23.1199
2016.2719 23.6974
2016.2746 22.2530
2016.2773 21.1471
2016.2801 22.4901
2016.2828 20.5124
2016.2855 18.5642
2016.2882 19.8660
2016.2910 19.9382
2016.2937 21.5910
2016.2964 22.0449
2016.2992 22.0902
2016.3019 16.0873
2016.3046 16.2566
2016.3074 14.8783
2016.3101 18.8630
2016.3128 18.4009
2016.3156 21.1524
2016.3183 27.8879
2016.3210 18.7777
2016.3238 18.2222
2016.3265 20.0418
2016.3292 21.0569
2016.3320 19.3095
2016.3347 24.3302
2016.3374 24.0185
2016.3866 24.4078
2016.3893 23.9687
2016.7418 24.4788
2016.7445 23.5713
2016.7473 26.4277
2016.8210 20.8325
2016.8238 19.9973
2016.8265 19.4977
2016.8292 22.8338
2016.8320 23.6253
2016.8347 20.9744
2016.8374 20.9725
2016.8402 21.1796
2016.8429 19.2357
2016.8456 20.6507
2016.8484 20.3148
2016.8511 20.3378
2016.8538 17.0498
2016.8566 12.0409
2016.8593 16.9510
2016.8620 17.6101
2016.8648 18.4382
2016.8675 17.6854
2016.8702 14.9616
2016.8729 17.9069
2016.8757 19.5312
2016.8784 18.9446
2016.8811 19.8971
2016.8839 21.2087
2016.8866 17.0294
2016.8893 24.2291
2016.8921 20.1180
2016.8948 19.9660
2016.8975 17.4931
2016.9003 18.9293
2016.9030 16.4947
2016.9057 18.3892
2016.9085 17.7228
2016.9112 19.1557
2016.9139 18.2076
2016.9167 21.1489
2016.9194 16.5504
2016.9221 16.7220
2016.9249 17.3738
2016.9276 16.7556
2016.9303 17.4076
2016.9331 18.1896
2016.9358 17.7617
2016.9385 16.5837
2016.9413 17.6856
2016.9440 19.3275
2016.9467 18.2693
2016.9495 17.2109
2016.9522 18.1924
2016.9549 17.8836
2016.9576 18.1846
2016.9604 19.2354
2016.9631 16.4958
2016.9658 12.6759
2016.9686 17.8356
2016.9713 18.4649
2016.9740 14.8437
2016.9768 14.7821
2016.9795 15.3000
2016.9822 16.0474
2016.9850 18.9842
2016.9877 16.3404
2016.9904 17.2059
2016.9932 16.9508
2016.9959 14.3950
2016.9986 18.2185
2017.0014 16.8112
2017.0041 14.6938
2017.0068 13.4363
2017.0096 18.2389
2017.0123 16.5513
2017.0151 15.4138
2017.0178 16.6963
2017.0205 16.8387
2017.0233 21.5511
2017.0260 18.7235
2017.0288 19.0958
2017.0315 19.7882
2017.0342 19.1505
2017.0370 19.0928
2017.0397 20.7351
2017.0425 15.8174
2017.0452 17.6997
2017.0479 17.8820
2017.0507 17.8943
2017.0534 21.0565
2017.0562 20.1388
2017.0589 19.8611
2017.0616 19.8433
2017.0644 19.6456
2017.0671 23.3579
2017.0699 23.4401
2017.0726 22.1424
2017.0753 22.1747
2017.0781 22.0370
2017.0808 23.5893
2017.0836 25.9316
2017.0863 22.0937
2017.0890 23.3258
2017.0918 21.6377
2017.0945 20.8396
2017.0973 20.0914
2017.1000 20.1531
2017.1027 18.5448
2017.1055 22.5664
2017.1082 24.5980
2017.1110 22.5195
2017.1137 20.1511
2017.1164 25.8526
2017.1192 21.6441
2017.1219 23.4155
2017.1247 24.4270
2017.1274 23.5086
2017.1301 21.9901
2017.1329 20.3517
2017.1356 19.4833
2017.1384 19.4650
2017.1411 21.3367
2017.1438 21.1184
2017.1466 22.3303
2017.1493 20.2723
2017.1521 18.2243
2017.1548 18.9964
2017.1575 19.4087
2017.1603 21.5510
2017.1630 21.5955
2017.1658 16.4536
2017.1685 19.9460
2017.1712 21.6620
2017.1740 21.7604
2017.1767 17.9304
2017.1795 20.5710
2017.1822 23.3112
2017.1849 20.4002
2017.1877 26.5968
2017.1904 21.0803
2017.1931 23.5397
2017.1959 24.2339
2017.1986 23.0220
2017.2014 20.5132
2017.2041 21.9064
2017.2068 24.6406
2017.2096 20.0550
2017.2123 20.2386
2017.2151 21.0304
2017.2178 24.5995
2017.2205 24.5749
2017.2233 20.7056
2017.2260 17.5208
2017.2288 20.8194
2017.2315 20.7206
2017.2342 23.0733
2017.2370 26.1566
2017.2397 28.6796
2017.2425 22.8113
2017.2452 26.1107
2017.2479 24.0512
2017.2507 24.9068
2017.2534 22.8780
2017.2562 33.5450
2017.2589 24.5683
2017.2616 24.7482
2017.2644 26.4651
2017.2671 24.3992
2017.2699 22.1911
2017.2726 31.7409
2017.2753 32.1092
2017.2781 32.3662
2017.2808 31.9022
2017.2836 31.5778
2017.2863 27.4531
2017.2945 31.2816
2017.2973 30.6998
2017.3000 32.0496
2017.3027 29.0113
2017.3137 30.0548
2017.3164 25.6617
2017.3192 26.4126
2017.3219 24.3380
2017.3247 22.8182
2017.3301 23.6941
2017.3575 30.1758
2017.3685 31.3830
2017.3712 26.2723
2017.3767 31.3394
2017.3794 31.6568
2017.3822 29.8332
2017.3849 24.4083
2017.3877 23.9120
2017.3904 22.8140
2017.3959 22.4322
2017.4041 23.6319
2017.4068 23.3897
2017.4288 28.5508
2017.4315 24.8664
2017.4342 27.2316
2017.4562 25.6248
2017.4589 22.0188
2017.4671 24.9119
2017.4699 24.4369
2017.4726 20.9122
2017.4753 22.8680
2017.4890 22.9854
2017.4973 23.6166
2017.5000 23.9378
2017.5055 25.1500
2017.5082 24.4311
2017.5110 27.9321
2017.5137 28.9131
2017.5164 28.7141
2017.5192 27.7452
2017.5219 26.5063
2017.5247 22.0075
2017.5274 20.2589
2017.5301 19.1103
2017.5329 21.3020
2017.5356 23.6038
2017.5384 24.3058
2017.5438 24.3205
2017.5548 24.0131
2017.5658 21.7614
2017.5685 21.7970
2017.5712 23.2931
2017.5740 24.5597
2017.5767 30.3067
2017.5822 26.5924
2017.5849 23.7608
2017.5877 26.1095
2017.5904 27.2986
2017.5931 22.4979
2017.5959 23.8074
2017.5986 24.5572
2017.6014 19.6273
2017.6041 20.2476
2017.6233 22.7445
2017.6260 21.5061
2017.6370 26.8832
2017.6397 26.1251
2017.6425 24.3971
2017.6452 22.9990
2017.6479 22.9410
2017.6507 29.2330
2017.6534 25.6249
2017.6562 26.4668
2017.6589 21.6486
2017.6616 23.1604
2017.6644 25.0721
2017.6699 25.4268
2017.6726 23.6302
2017.6753 22.9141
2017.6781 23.3785
2017.6808 22.8634
2017.6836 21.9488
2017.6863 17.7544
2017.6890 23.4205
2017.6918 25.2368
2017.6945 22.7132
2017.6973 23.2199
2017.7000 22.6967
2017.7027 25.5435
2017.7055 24.5203
2017.7082 30.4270
2017.7110 24.7237
2017.7137 22.0002
2017.7164 23.1465
2017.7192 23.2125
2017.7219 24.9482
2017.7247 24.9136
2017.7274 24.3785
2017.7301 24.5230
2017.7329 24.3769
2017.7356 25.0303
2017.7384 23.7830
2017.7411 23.9351
2017.7438 21.8964
2017.7466 24.4769
2017.7493 20.3661
2017.7521 20.1014
2017.7548 20.0124
2017.7575 23.1497
2017.7603 23.0732
2017.7630 23.5734
2017.7658 26.7705
2017.7685 23.3847
2017.7712 21.5263
2017.7740 25.0355
2017.7767 24.5527
2017.7794 25.7780
2017.7822 25.1017
2017.7849 23.6841
2017.7877 22.5954
2017.7904 20.0559
2017.7931 20.5658
2017.7959 23.6055
2017.7986 21.1551
2017.8014 25.7248
2017.8041 23.3451
2017.8068 28.1661
2017.8096 25.4880
2017.8123 28.0012
2017.8151 25.0059
2017.8178 23.9223
2017.8205 26.9108
2017.8233 26.8314
2017.8260 25.8746
2017.8288 26.2706
2017.8315 24.0496
2017.8342 24.8019
2017.8370 23.9775
2017.8397 23.1162
2017.8425 23.8276
2017.8452 25.5214
2017.8479 23.7275
2017.8507 29.3355
2017.8534 29.5951
2017.8562 30.1661
2017.8589 26.7482
2017.8616 27.9612
2017.8644 23.8346
2017.8671 26.2484
2017.8699 26.1022
2017.8726 25.9057
2017.8753 28.4286
2017.8781 27.9207
2017.8808 26.3917
2017.8836 23.8614
2017.8863 21.5594
2017.8890 20.3955
2017.8918 23.5494
2017.8945 27.3008
2017.8973 24.0995
2017.9000 25.3752
2017.9027 21.7575
2017.9055 24.7564
2017.9082 24.3313
2017.9110 24.3822
2017.9137 23.0586
2017.9164 29.2708
2017.9192 26.0011
2017.9219 25.9200
2017.9247 27.3275
2017.9274 24.9138
2017.9301 25.8790
2017.9329 24.3832
2017.9356 26.1164
2017.9384 26.4987
2017.9411 23.6304
2017.9438 22.5713
2017.9466 24.0017
2017.9493 20.8716
2017.9521 21.0711
2017.9548 26.1004
2017.9575 22.1094
2017.9603 26.2984
2017.9630 25.5073
2017.9658 24.1464
2017.9685 25.7056
2017.9712 26.0351
2017.9740 26.6350
2017.9767 27.2453
2017.9795 18.5962
2017.9822 17.2978
2017.9849 20.3601
2017.9877 20.2532
2017.9904 22.4473
2017.9931 23.7924
2017.9959 26.0587
2017.9986 21.7761
2018.0014 24.0047
2018.0041 23.7036
2018.0068 24.6325
2018.0096 21.7116
2018.0123 24.9007
2018.0151 23.1499
2018.0178 25.2492
2018.0205 26.5385
2018.0233 27.4279
2018.0260 23.3874
2018.0288 26.5368
2018.0315 24.3863
2018.0342 25.3358
2018.0370 27.5354
2018.0397 25.4449
2018.0425 22.9844
2018.0452 26.1039
2018.0479 25.8834
2018.0507 28.9529
2018.0534 28.7424
2018.0562 26.5518
2018.0589 28.1411
2018.0616 28.0404
2018.0644 27.3397
2018.0671 26.7889
2018.0699 26.3179
2018.0726 29.0169
2018.0753 29.5059
2018.0781 28.1047
2018.0808 27.5934
2018.0836 28.8415
2018.0863 30.6387
2018.0890 26.7750
2018.0918 26.2806
2018.0945 27.3254
2018.0973 23.2597
2018.1000 25.2235
2018.1027 28.0468
2018.1055 27.1698
2018.1082 23.3225
2018.1110 27.1451
2018.1137 27.7676
2018.1164 29.3201
2018.1192 28.3526
2018.1219 26.8054
2018.1247 26.6984
2018.1274 26.0218
2018.1301 24.5857
2018.1329 26.2200
2018.1356 21.5850
2018.1384 26.9107
2018.1411 31.1471
2018.1438 28.4645
2018.1466 24.5528
2018.1493 29.7321
2018.1521 26.9926
2018.1548 23.6643
2018.1575 24.6874
2018.1603 26.0918
2018.1630 25.2577
2018.1658 24.8357
2018.1685 28.2756
2018.1712 27.7974
2018.1740 25.8510
2018.1767 26.9564
2018.1795 25.7033
2018.1822 21.1618
2018.1849 26.2217
2018.1877 23.5731
2018.1904 28.9756
2018.1931 26.6894
2018.1959 25.5643
2018.1986 26.2302
2018.2014 24.0471
2018.2041 24.4748
2018.2068 24.5232
2018.2096 23.8624
2018.2123 27.1321
2018.2151 28.3224
2018.2178 30.0430
2018.2205 29.5640
2018.2233 23.1552
2018.2260 26.3266
2018.2288 28.6981
2018.2315 23.4295
2018.2342 28.5509
2018.2370 26.9121
2018.2397 25.1730
2018.2425 27.3235
2018.2452 27.6536
2018.2479 25.6935
2018.2507 28.6537
2018.2534 30.7240
2018.2562 24.5245
2018.2589 27.1951
2018.2616 23.0858
2018.2644 25.4267
2018.2671 24.9977
2018.2699 25.5087
2018.2726 24.6599
2018.2753 28.3711
2018.2781 28.9823
2018.2808 29.0036
2018.2836 30.7549
2018.2863 31.9062
2018.2890 33.4875
2018.2918 33.1788
2018.2945 30.4900
2018.2973 33.6012
2018.3000 30.4923
2018.3027 28.5433
2018.3055 31.4743
2018.3082 33.1151
2018.3110 31.3958
2018.3137 27.6364
2018.3164 27.6869
2018.3192 26.9471
2018.3219 32.6772
2018.3247 30.2771
2018.3274 30.4168
2018.3301 29.6063
2018.3329 31.2350
2018.3356 30.6330
2018.3384 28.7403
2018.3411 28.5070
2018.3438 30.3632
2018.3466 30.0989
2018.3493 30.7841
2018.3521 30.0990
2018.3548 31.8135
2018.3575 33.8077
2018.3603 32.4018
2018.3630 29.9956
2018.3658 33.6194
2018.3685 32.8631
2018.3712 28.6968
2018.4041 27.3017
2018.4068 29.2604
2018.4096 31.8900
2018.4178 30.3038
2018.4205 29.9267
2018.4233 30.4605
2018.4288 28.6507
2018.4370 30.9221
2018.4397 24.5109
2018.4507 21.3644
2018.4534 27.7273
2018.4562 26.1110
2018.4589 22.3155
2018.4616 21.8709
2018.4644 18.6470
2018.4671 19.4840
2018.4699 23.4517
2018.4726 24.0203
2018.4753 24.6296
2018.4781 25.3098
2018.4808 26.8007
2018.4836 27.6224
2018.4863 26.9249
2018.4890 27.0782
2018.4918 27.2922
2018.4945 32.4771
2018.4973 28.6326
2018.5247 25.2298
2018.5274 23.9956
2018.5740 22.4055
2018.5767 26.6414
2018.5904 32.5823
2018.5931 25.3891
2018.5959 25.2759
2018.6041 31.1771
2018.6068 32.6443
2018.6096 26.8615
2018.6123 28.7687
2018.6151 30.3759
2018.6178 34.7531
2018.6205 30.5902
2018.6233 28.4472
2018.6260 28.9141
2018.6315 31.1175
2018.6342 28.5839
2018.6370 28.1402
2018.6397 31.2262
2018.6425 29.8520
2018.6452 31.4275
2018.6479 28.5528
2018.6507 29.0777
2018.6534 26.4523
2018.6562 28.9465
2018.6589 33.0004
2018.6616 33.2038
2018.6644 33.0669
2018.6671 33.8583
2018.6699 32.7171
2018.6726 33.9734
2018.6753 34.0373
2018.6781 34.5790
2018.6808 38.0187
2018.6836 31.6163
2018.6863 28.6422
2018.6890 30.3064
2018.6918 29.4191
2018.6945 31.0304
2018.6973 29.9605
2018.7000 30.3095
2018.7027 30.7875
2018.7055 29.0947
2018.7082 29.7912
2018.7110 28.2572
2018.7137 27.2427
2018.7164 27.0881
2018.7192 27.7433
2018.7219 27.4886
2018.7247 24.9940
2018.7301 21.9959
2018.7329 25.2527
2018.7356 21.6602
2018.7384 22.9386
2018.7411 26.7480
2018.7466 28.2204
2018.7493 30.6535
2018.7521 27.1470
2018.7548 26.6406
2018.7575 25.4045
2018.7603 24.9184
2018.7630 28.0526
2018.7658 26.0268
2018.7685 27.7211
2018.7712 22.8656
2018.7740 25.5901
2018.7767 26.1846
2018.7794 24.7492
2018.7822 26.5938
2018.7849 29.6385
2018.7877 27.7031
2018.7904 27.4377
2018.7931 30.7522
2018.7959 36.2067
2018.7986 34.0312
2018.8014 32.7755
2018.8041 32.9997
2018.8068 35.6038
2018.8096 34.9778
2018.8123 36.0116
2018.8151 34.5253
2018.8178 32.9687
2018.8205 34.7320
2018.8233 35.9251
2018.8260 31.0979
2018.8288 28.8204
2018.8315 30.7927
2018.8342 27.8342
2018.8370 26.5144
2018.8397 26.7434
2018.8425 31.5713
2018.8452 30.2680
2018.8479 32.6036
2018.8507 28.0782
2018.8534 27.8718
2018.8562 28.8245
2018.8589 27.0463
2018.8616 31.9072
2018.8644 31.6173
2018.8671 30.7766
2018.8699 30.5653
2018.8726 27.7833
2018.8753 26.7606
2018.8781 31.3174
2018.8808 31.5437
2018.8836 26.4695
2018.8863 29.2448
2018.8890 29.2998
2018.8918 28.4544
2018.8945 29.4488
2018.8973 27.5729
2018.9000 27.8967
2018.9027 24.8805
2018.9055 28.0441
2018.9082 26.5177
2018.9110 28.7012
2018.9137 26.3548
2018.9164 28.1184
2018.9192 26.9617
2018.9219 25.2545
2018.9247 25.1370
2018.9274 24.0690
2018.9301 27.2107
2018.9329 27.9319
2018.9356 25.9426
2018.9384 25.1529
2018.9411 25.1928
2018.9438 25.3821
2018.9466 28.2111
2018.9493 27.0195
2018.9521 26.6574
2018.9548 26.9848
2018.9575 25.2917
2018.9603 24.7981
2018.9630 26.3739
2018.9658 26.6292
2018.9685 26.5540
2018.9712 27.8882
2018.9740 26.5919
2018.9767 30.4149
2018.9795 30.4474
2018.9822 28.4593
2018.9849 27.4506
2018.9877 27.1413
2018.9904 27.7213
2018.9931 27.0307
2018.9959 28.7296
2018.9986 30.2777
2019.0014 29.0651
2019.0041 29.2209
2019.0068 26.8653
2019.0096 30.5782
2019.0123 31.1497
2019.0151 32.8401
2019.0178 30.7193
2019.0205 29.0774
2019.0233 28.7547
2019.0260 25.4611
2019.0288 28.8068
2019.0315 28.9018
2019.0342 31.6263
2019.0370 30.5704
2019.0397 31.2341
2019.0425 30.5276
2019.0452 30.0910
2019.0479 30.5443
2019.0507 32.8377
2019.0534 30.9113
2019.0562 31.6252
2019.0589 31.0194
2019.0616 29.8940
2019.0644 32.4793
2019.0671 31.4952
2019.0699 27.7619
2019.0726 32.2594
2019.0753 31.6379
2019.0781 29.9475
2019.0808 32.3082
2019.0836 27.4091
2019.0863 25.1990
2019.0890 29.0283
2019.0918 31.7971
2019.0945 32.2955
2019.0973 31.0539
2019.1000 32.9522
2019.1027 30.2808
2019.1055 31.6598
2019.1082 27.5495
2019.1110 31.3699
2019.1137 29.0212
2019.1164 27.9738
2019.1192 33.2776
2019.1219 32.0430
2019.1247 32.6801
2019.1274 32.0191
2019.1301 27.7602
2019.1329 27.3335
2019.1356 24.2793
2019.1384 27.3977
2019.1411 27.2789
2019.1438 27.1331
2019.1466 28.1306
2019.1493 30.2313
2019.1521 30.5957
2019.1548 30.9437
2019.1575 29.9957
2019.1603 28.2618
2019.1630 30.0319
2019.1658 30.1441
2019.1685 30.2081
2019.1712 32.0039
2019.1740 34.7912
2019.1767 32.9499
2019.1795 28.6501
2019.1822 32.4314
2019.1849 33.1640
2019.1877 35.9275
2019.1904 32.3520
2019.1931 32.0773
2019.1959 30.8333
2019.1986 32.6599
2019.2014 33.8170
2019.2041 30.1545
2019.2068 26.9122
2019.2096 25.0801
2019.2123 30.1581
2019.2151 28.1460
2019.2178 28.9337
2019.2205 29.8112
2019.2233 29.7083
2019.2260 31.0849
2019.2288 31.6308
2019.2315 33.8261
2019.2342 32.8606
2019.2370 31.0841
2019.2397 31.9467
2019.2425 32.0280
2019.2452 29.3881
2019.2479 27.7677
2019.2507 29.9975
2019.2534 31.3475
2019.2562 33.8576
2019.2589 32.6378
2019.2616 35.3681
2019.2644 33.6485
2019.2671 35.7289
2019.2699 34.9393
2019.2726 34.5496
2019.2753 34.3198
2019.2781 29.0099
2019.2808 32.3099
2019.2836 29.5697
2019.2863 29.9292
2019.2945 31.5163
2019.2973 31.7646
2019.3000 33.6326
2019.3027 32.2501
2019.9877 33.4184
2019.9904 32.4436
2019.9931 33.8929
2019.9959 35.2365
2019.9986 29.7947
2020.0014 30.0475
2020.0041 31.3518
2020.0068 33.6870
2020.0096 32.8432
2020.0123 35.0602
2020.0150 29.4782
2020.0178 32.5070
2020.0205 32.8766
2020.0232 34.9671
2020.0260 32.7784
2020.0287 32.8705
2020.0314 31.3334
2020.0342 30.1071
2020.0369 33.6915
2020.0396 30.6067
2020.0423 31.4626
2020.0451 30.9593
2020.0478 26.5666
2020.0505 30.6046
2020.0533 30.9732
2020.0560 31.8925
2020.0587 30.3225
2020.0615 30.3330
2020.0642 31.3842
2020.0669 33.1259
2020.0697 29.8583
2020.0724 34.7311
2020.0751 31.9945
2020.0779 28.5185
2020.0806 32.5829
2020.0833 30.3579
2020.0861 34.0236
2020.0915 33.9670
2020.0943 36.1247
2020.0970 32.6731
2020.0997 32.6222
2020.1025 32.3320
2020.1052 29.6425
2020.1079 21.3637
2020.1107 29.3156
2020.1134 27.7783
2020.1161 28.5716
2020.1189 30.7857
2020.1216 30.8405
2020.1243 32.7061
2020.1270 32.3724
2020.1298 26.8494
2020.1325 27.8872
2020.1352 27.9057
2020.1380 29.7050
2020.1407 30.1851
2020.1434 34.0659
2020.1462 32.8376
2020.1489 28.0499
2020.1516 30.0931
2020.1544 31.9571
2020.1571 30.7518
2020.1598 29.2673
2020.1626 34.8841
2020.1653 31.1363
2020.1680 30.7949
2020.1708 30.4994
2020.1735 31.6093
2020.1762 32.8941
2020.1790 27.3333
2020.1817 29.3363
2020.1844 27.8328
2020.1872 27.3722
2020.1899 30.0940
2020.1926 32.7077
2020.1954 33.4729
2020.1981 35.3290
2020.2008 35.0856
2020.2035 33.9621
2020.2063 28.9281
2020.6434 27.1681
2020.6462 39.1611
2020.6489 36.9857
2020.6516 34.9321
2020.6598 31.8532
2020.6626 30.1882
2020.6653 36.7957
2020.6680 33.8543
2020.6735 30.2635
2020.6762 36.5540
2020.6981 34.9283
2020.7008 37.6537
2020.7035 37.6595
2020.7117 26.7494
2020.7145 28.2069
2020.7172 32.0848
2020.7199 33.8530
2020.7309 29.4291
2020.7336 32.3289
2020.7363 32.6189
2020.7391 31.6392
2020.7418 31.4397
2020.7445 31.1705
2020.7473 31.9614
2020.7500 36.1828
2020.7527 37.4949
2020.7555 39.8878
2020.7609 35.3261
2020.7637 38.1614
2020.7664 35.3474
2020.7691 36.8542
2020.7719 36.1117
2020.7746 37.2400
2020.7773 35.8190
2020.7801 36.0587
2020.7828 35.4290
2020.7855 37.3701
2020.7882 38.7618
2020.7910 39.5442
2020.7937 33.9872
2020.7964 35.8408
2020.7992 35.1951
2020.8019 34.5000
2020.8046 36.4354
2020.8074 36.4915
2020.8101 35.2781
2020.8128 35.9853
2020.8156 36.2830
2020.8183 31.3413
2020.8210 31.8101
2020.8238 30.9794
2020.8265 32.4892
2020.8292 32.0095
2020.8320 32.1804
2020.8347 37.7065
2020.8402 32.8500
2020.8429 32.7463
2020.8456 28.9583
2020.8484 26.2054
2020.8511 26.7772
2020.8538 28.4729
2020.8566 24.1622
2020.8593 30.5444
2020.8620 28.8491
2020.8648 32.0456
2020.8675 31.0935
2020.8702 31.1923
2020.8729 29.9612
2020.8757 29.6599
2020.8784 28.1378
2020.8811 25.2444
2020.8839 27.4991
2020.8866 23.3213
2020.8893 22.2405
2020.8921 26.5663
2020.8948 28.0580
2020.8975 29.2151
2020.9003 29.1071
2020.9030 29.3135
2020.9057 26.7636
2020.9085 28.2370
2020.9112 31.0531
2020.9139 33.6613
2020.9167 27.2524
2020.9194 31.0412
2020.9221 27.1784
2020.9249 28.1340
2020.9276 32.9281
2020.9303 34.9507
2020.9331 27.8419
2020.9358 32.8218
2020.9385 33.5403
2020.9413 31.6675
2020.9440 30.9534
2020.9467 34.7882
2020.9495 33.1418
2020.9522 35.1643
2020.9549 35.4058
2020.9576 36.2762
2020.9604 34.6756
2020.9631 32.1141
2020.9658 31.6418
2020.9686 32.1186
2020.9713 36.8146
2020.9740 34.9698
2020.9768 34.6944
2020.9795 35.8883
2020.9822 34.6615
2020.9850 39.2942
2020.9877 34.4964
2020.9904 34.2981
2020.9932 38.0794
2020.9959 35.2003
2020.9986 34.8308
2021.0014 35.4508
2021.0041 36.7385
2021.0068 39.7640
2021.0096 41.0774
2021.0123 38.9389
2021.0151 35.5989
2021.0178 37.9074
2021.0205 38.4447
2021.0233 35.8611
2021.0260 35.1068
2021.0288 37.8419
2021.0315 33.5767
2021.0342 32.9414
2021.0370 32.7262
2021.0397 32.5014
2021.0425 31.8371
2021.0452 32.4036
2021.0479 34.8112
2021.0507 32.9399
2021.0534 32.5701
2021.0562 35.0820
2021.0589 32.0357
2021.0616 34.0815
2021.0644 36.6496
2021.0671 33.3603
2021.0699 37.1437
2021.0726 34.1001
2021.0753 33.2297
2021.0781 33.3327
2021.0808 34.0193
2021.0836 41.8489
2021.0863 38.1807
2021.0890 38.0247
2021.0918 38.2505
2021.0945 37.2681
2021.0973 35.2373
2021.1000 33.6080
2021.1027 33.7800
2021.1055 33.0933
2021.1082 38.0375
2021.1110 35.8827
2021.1137 33.8786
2021.1164 36.8951
2021.1192 37.3820
2021.1219 37.0793
2021.1247 37.6568
2021.1274 35.0942
2021.1301 35.0715
2021.1329 31.9486
2021.1356 33.0152
2021.1384 25.5413
2021.1411 33.9067
2021.1438 36.1512
2021.1466 39.2747
2021.1493 37.7370
2021.1521 36.9181
2021.1548 39.4177
2021.1575 39.4157
2021.1603 40.9620
2021.1630 39.9866
2021.1658 36.9306
2021.1685 36.3142
2021.1712 38.8875
2021.1740 39.6404
2021.1767 36.2530
2021.1795 35.3953
2021.1822 38.5373
2021.1849 34.8792
2021.1877 36.7508
2021.1904 42.5822
2021.1931 40.0135
2021.1959 38.6847
2021.1986 40.5258
2021.2014 42.0569
2021.2041 41.4779
2021.2068 41.7789
2021.2096 41.4400
2021.2123 38.9611
2021.2151 38.3222
2021.2178 38.4535
2021.2205 41.5149
2021.2233 36.2565
2021.2260 41.6783
2021.2288 40.9303
2021.2315 41.1725
2021.2342 44.7651
2021.2370 42.7779
2021.2397 41.9911
2021.2425 42.2546
2021.2452 44.3385
2021.2479 39.9830
2021.2507 40.9283
2021.2534 43.1844
2021.2562 42.0212
2021.2589 42.4288
2021.2616 45.0071
2021.2644 41.2361
2021.2671 42.5358
2021.2699 41.4562
2021.2726 41.0572
2021.2753 38.2389
2021.2781 41.1312
2021.2808 40.2441
2021.2836 40.3577
2021.2863 42.9618
2021.2890 46.9365
2021.2918 41.1517
2021.2945 37.3375
2021.2973 37.0839
2021.3000 40.8107
2021.3027 40.2981
2021.3055 35.1759
2021.3082 33.3642
2021.3110 35.9629
2021.3137 32.1821
2021.3164 33.2717
2021.3192 35.0317
2021.3219 36.9122
2021.3247 34.4129
2021.3274 38.5941
2021.3301 38.3666
2021.3329 36.0864
2021.3356 36.1239
2021.3384 38.3187
2021.3411 36.9602
2021.3438 37.2577
2021.3466 36.8706
2021.3493 39.0983
2021.3521 38.0704
2021.3548 40.7561
2021.3575 41.2049
2021.3603 40.6762
2021.3630 40.1194
2021.3658 39.9439
2021.3685 35.6391
2021.3712 41.7745
2021.3740 32.7594
2021.3767 32.5632
2021.3794 36.3954
2021.3822 30.6753
2021.3849 31.4925
2021.3877 32.7962
2021.3904 30.9459
2021.3931 35.0510
2021.3959 32.2909
2021.3986 35.9950
2021.4014 35.0528
2021.4041 37.7936
2021.4068 35.6168
2021.4096 35.8519
2021.4123 40.4882
2021.4151 36.4395
2021.4178 35.4796
2021.4205 35.5386
2021.4233 37.4866
2021.4260 42.7634
2021.4288 38.4092
2021.4315 41.4540
2021.4342 44.7777
2021.4370 41.8305
2021.4397 48.3024
2021.4425 45.2333
2021.4452 40.5233
2021.4479 42.6325
2021.4507 39.8108
2021.4534 45.8483
2021.4562 48.0950
2021.4589 47.2909
2021.4616 48.1361
2021.4644 49.4005
2021.4671 47.4742
2021.4699 49.9273
2021.4726 44.1897
2021.4753 47.2615
2021.4781 44.8527
2021.4808 47.3934
2021.4836 44.0835
2021.4863 41.6730
2021.4890 41.3621
2021.4918 38.9707
2021.4945 37.3188
2021.4973 42.9164
2021.5000 43.3225
2021.5027 42.7872
2021.5055 41.9507
2021.5082 39.2729
2021.5110 42.2942
2021.5137 35.0845
2021.5164 37.1242
2021.5192 36.2532
2021.5219 36.5517
2021.5247 39.5700
2021.5274 38.5880
2021.5301 38.2660
2021.5329 38.2141
2021.5356 39.1624
2021.5384 42.0110
2021.5411 42.4202
2021.5438 40.9400
2021.5466 38.7106
2021.5493 33.1221
2021.5521 34.9746
2021.6233 34.3520
2021.6260 33.7978
2021.6288 31.4737
2021.6315 32.1496
2021.6342 35.7056
2021.6370 36.2617
2021.7137 33.5752
2021.7164 34.5526
2021.7192 37.0598
2021.7219 35.5969
2021.7247 38.8938
2021.7274 39.5906
2021.7301 40.3572
2021.7329 38.0635
2021.7356 37.8397
2021.7384 39.5556
2021.7411 38.4712
2021.7438 36.9366
2021.7466 37.4716
2021.7493 38.5961
2021.7521 35.6285
2021.7548 36.0088
2021.7575 38.6771
2021.7603 42.5036
2021.7630 43.9883
2021.7658 41.5714
2021.7685 41.9430
2021.7712 40.1833
2021.7740 36.5225
2021.7767 38.2105
2021.7794 38.3777
2021.7822 36.4441
2021.7849 40.0098
2021.7877 37.6051
2021.7904 35.7399
2021.7931 41.4246
2021.7959 39.7791
2021.7986 37.2036
2021.8014 35.6184
2021.8041 37.4534
2021.8068 40.6289
2021.8096 43.5350
2021.8123 42.2418
2021.8151 38.4994
2021.8178 38.2780
2021.8205 32.5478
2021.8233 36.4988
2021.8260 36.0212
2021.8288 32.9051
2021.8315 35.4307
2021.8342 33.3473
2021.8370 36.6843
2021.8397 33.3015
2021.8425 35.5790
2021.8452 38.4569
2021.8479 36.9349
2021.8507 35.6133
2021.8534 35.7220
2021.8562 32.1009
2021.8589 37.3101
2021.8616 32.1395
2021.8644 34.0492
2021.8671 34.2192
2021.8699 36.4494
2021.8726 35.0798
2021.8753 36.8105
2021.8781 35.9714
2021.8808 36.3425
2021.8836 36.0638
2021.8863 36.3854
2021.8918 37.5391
2021.8945 40.8913
2021.8973 40.7937
2021.9000 36.5462
2021.9027 39.4390
2021.9055 42.0519
2021.9082 42.0050
2021.9110 43.3583
2021.9137 44.8418
2021.9164 41.6555
2021.9192 47.4105
2021.9219 43.8368
2021.9247 40.9744
2021.9274 43.1431
2021.9301 44.4828
2021.9329 42.0734
2021.9356 36.2649
2021.9384 42.5971
2021.9493 41.7313
2021.9521 39.2157
2021.9548 37.4403
2021.9575 40.6850
2021.9603 44.2796
2021.9630 45.2341
2021.9658 43.5183
2021.9685 45.7622
2021.9712 42.2157
2021.9740 38.0487
2021.9767 44.7910
2021.9795 42.1727
2021.9822 45.2535
2021.9849 45.6434
2021.9877 45.9423
2021.9904 43.0701
2021.9931 44.4567
2021.9959 42.3420
2021.9986 41.1659
2022.0014 45.3681
2022.0041 41.9074
2022.0068 42.6938
2022.0096 41.0675
2022.0123 36.9388
2022.0151 36.5278
2022.0178 40.7148
2022.0205 45.1801
2022.0233 43.1939
2022.0260 43.7663
2022.0288 44.9276
2022.0315 40.5781
2022.0342 41.8779
2022.0370 38.0674
2022.0397 39.5667
2022.0425 42.1260
2022.0452 42.4656
2022.0479 41.4557
2022.0507 39.2565
2022.0534 41.1983
2022.0562 40.1313
2022.0589 39.0057
2022.0616 38.9017
2022.0644 39.0896
2022.0671 42.0796
2022.0699 42.6819
2022.0726 40.6468
2022.0753 41.0444
2022.0781 40.3750
2022.0808 44.5689
2022.0836 46.6345
2022.0863 42.7001
2022.0890 42.9858
2022.0918 44.0216
2022.0945 41.9174
2022.0973 44.2033
2022.1000 40.1392
2022.1027 40.2351
2022.1055 36.5911
2022.1082 38.8571
2022.1110 39.2532
2022.1137 39.4192
2022.1164 41.3753
2022.1192 44.3214
2022.1219 44.5975
2022.1247 40.7736
2022.1274 39.3898
2022.1301 42.0359
2022.1329 42.8020
2022.1356 44.5681
2022.1384 40.4342
2022.1411 50.2602
2022.1438 41.6063
2022.1466 44.3923
2022.1493 41.3183
2022.1521 40.2142
2022.1548 42.5401
2022.1575 43.7459
2022.1603 42.0118
2022.1630 41.9975
2022.1658 43.0132
2022.1685 43.5489
2022.1712 40.0546
2022.1740 44.4003
2022.1767 42.5759
2022.1795 44.2315
2022.1822 41.7170
2022.1849 43.9826
2022.1877 47.5481
2022.3548 39.8752
2022.3575 41.9983
2022.3603 42.5638
2022.3630 41.2410
2022.3658 42.7096
2022.3685 44.2190
2022.3712 43.0389
2022.3740 45.0588
2022.3767 41.9482
2022.3794 41.2268
2022.3822 40.9040
2022.3849 40.1993
2022.3877 44.1024
2022.3904 44.1628
2022.3931 40.9201
2022.3959 39.8737
2022.3986 38.1532
2022.4014 38.7283
2022.4041 42.5884
2022.4068 43.5130
2022.4096 41.0318
2022.4123 40.1243
2022.4151 38.7832
2022.4178 36.6316
2022.4205 34.1195
2022.4233 37.0869
2022.4260 38.3538
2022.4288 39.4604
2022.4315 34.4467
2022.4342 39.7026
2022.4370 39.7183
2022.4397 35.6637
2022.4425 38.9790
2022.4452 39.0442
2022.4479 36.4893
2022.4507 37.8743
2022.4534 36.0793
2022.4562 35.8644
2022.4589 38.4096
2022.4616 33.8949
2022.4644 36.7003
2022.4671 39.7660
2022.4699 37.6819
2022.4726 39.3981
2022.4753 40.0847
2022.4781 39.9416
2022.4808 42.1090
2022.4836 44.3468
2022.4863 42.4052
2022.4890 41.1641
2022.4918 42.8636
2022.4945 43.8437
2022.4973 40.0344
2022.5000 40.4053
2022.5027 38.7662
2022.5055 39.0271
2022.5082 41.2481
2022.5110 38.7392
2022.5137 40.7903
2022.5164 41.1614
2022.5192 41.1626
2022.5219 44.2739
2022.5247 41.7852
2022.5274 38.0366
2022.5301 35.9781
2022.5329 35.2796
2022.5356 41.8713
2022.5384 35.1929
2022.5411 37.9147
2022.5438 35.2065
2022.5466 36.3185
2022.5493 35.6005
2022.5521 32.8126
2022.5548 36.2048
2022.5575 33.5571
2022.5603 31.0894
2022.5630 36.8819
2022.5658 36.6245
2022.5685 32.0772
2022.5712 34.4500
2022.5740 33.9128
2022.5767 34.6558
2022.5794 34.5490
2022.5822 32.6423
2022.5849 34.2562
2022.5877 38.0209
2022.5904 39.9162
2022.5931 38.3122
2022.5959 39.5988
2022.5986 36.0760
2022.7575 41.7460
2022.7603 42.5320
2022.7630 42.5264
2022.7658 46.6093
2022.7685 45.7408
2022.7712 47.7610
2022.7740 50.1701
2022.7767 44.6681
2022.7794 48.0853
2022.7822 45.4617
2022.7849 41.8875
2022.7877 47.2327
2022.7904 46.5676
2022.7931 45.4321
2022.7959 43.5766
2022.7986 45.4010
2022.8014 44.0856
2022.8041 42.9904
2022.8068 42.7456
2022.8096 40.4212
2022.8123 43.9375
2022.8151 43.8345
2022.8178 40.7924
2022.8205 44.6813
2022.8233 42.5813
2022.8260 38.5526
2022.8288 37.4152
2022.8315 43.7093
2022.8342 39.9447
2022.8370 41.7009
2022.8397 41.6379
2022.8425 45.1057
2022.8452 46.9041
2022.8479 42.6531
2022.8507 42.0826
2022.8534 46.5525
2022.8562 44.7929
2022.8589 39.8435
2022.8616 42.0744
2022.8644 45.5655
2022.8671 43.9267
2022.8699 46.4079
2022.8726 45.0891
2022.8753 45.7801
2022.8781 42.0410
2022.8808 47.9617
2022.8836 40.9521
2022.8863 44.9720
2022.8890 46.1916
2022.8918 47.7106
2022.8945 49.7490
2022.8973 47.0968
2022.9000 44.8239
2022.9027 41.5402
2022.9055 42.0056
2022.9110 48.6836
2022.9137 42.6560
2022.9164 44.2171
2022.9192 42.3456
2022.9219 44.6315
2022.9247 44.4847
2022.9274 41.3153
2022.9301 43.7035
2022.9329 43.4292
2022.9356 44.0327
2022.9384 42.6739
2022.9411 47.1029
2022.9438 47.5398
2022.9466 45.6647
2022.9493 45.6776
2022.9521 46.8287
2022.9548 42.7580
2022.9575 44.7056
2022.9603 46.6415
2022.9630 46.5359
2022.9658 44.6387
2022.9685 46.8102
2022.9712 43.0803
2022.9740 45.2892
2022.9767 43.9569
2022.9795 44.7234
2022.9822 46.4690
2022.9849 46.1635
2022.9877 44.0572
2022.9904 43.5101
2022.9931 43.6823
2022.9959 41.1938
2022.9986 41.2148
