2008.0396 -0.1672
2008.0423 5.7953
2008.0451 2.9579
2008.0478 -0.0493
2008.0505 3.6438
2008.0533 3.8874
2008.0560 3.0115
2008.0587 -0.1637
2008.0615 3.3918
2008.0642 1.0183
2008.0669 2.8457
2008.0697 1.3743
2008.0724 0.5342
2008.0751 3.7054
2008.0779 1.1981
2008.0806 3.1124
2008.0833 -0.8209
2008.0861 -0.3308
2008.0888 2.2424
2008.0915 2.7684
2008.0943 0.9870
2008.0970 0.8781
2008.0997 2.8112
2008.1025 5.3862
2008.1052 5.5329
2008.1079 0.4610
2008.1107 4.0102
2008.1134 6.9404
2008.1161 6.3012
2008.1189 4.8625
2008.1216 0.2639
2008.1243 1.9753
2008.1270 1.7564
2008.1298 0.8469
2008.1325 5.5567
2008.1352 2.8754
2008.1380 1.2429
2008.1407 0.6789
2008.1434 2.4531
2008.1462 7.2653
2008.1489 2.6153
2008.1516 5.0628
2008.1544 0.1175
2008.1571 -0.9907
2008.1598 -4.1921
2008.1626 -0.4269
2008.1653 -1.8853
2008.1680 3.9429
2008.1708 5.2881
2008.1735 3.8304
2008.1762 4.3402
2008.1790 -0.3425
2008.1817 0.7628
2008.1844 2.6162
2008.1872 2.6279
2008.1899 0.2483
2008.1926 -0.3725
2008.1954 2.2658
2008.1981 1.8035
2008.2008 0.3607
2008.2035 -0.7822
2008.2063 -1.5550
2008.2090 4.0425
2008.2117 -3.0295
2008.2145 -4.5406
2008.2172 -6.8307
2008.2199 -4.1495
2008.2227 -1.6868
2008.2254 -5.6623
2008.2281 -5.6058
2008.2309 -1.8470
2008.2336 -4.3057
2008.2363 -2.9416
2008.2391 -2.0146
2008.2418 -2.0643
2008.2445 0.7195
2008.2473 4.2760
2008.2500 5.1529
2008.2527 7.5002
2008.2555 4.2078
2008.2582 9.3058
2008.2609 7.7942
2008.2637 2.0529
2008.2664 0.7420
2008.2691 2.5915
2008.2719 -0.1786
2008.2746 2.2616
2008.2773 1.4323
2008.2801 1.6934
2008.2828 0.8348
2008.2855 2.5267
2008.2882 -0.7610
2008.2910 0.8617
2008.2937 4.3149
2008.2964 2.5785
2008.2992 5.3325
2008.3019 3.2969
2010.0425 20.1908
2010.0452 12.6203
2010.0479 15.3297
2010.0507 14.1391
2010.0534 16.1283
2010.0562 15.6172
2010.0589 16.1559
2010.0616 13.5142
2010.0644 9.7821
2010.0671 12.5696
2010.0699 13.5965
2010.0726 15.9929
2010.0753 16.9186
2010.0781 13.4837
2010.0808 14.3380
2010.0836 14.9019
2010.0863 13.9959
2010.0890 16.5899
2010.0918 14.6639
2010.0945 15.6679
2010.0973 11.6719
2010.1000 11.1859
2010.1027 11.0100
2010.1055 10.6139
2010.1082 12.8079
2010.1110 12.2719
2010.1137 12.1058
2010.1164 12.5396
2010.1192 13.7134
2010.1219 10.9772
2010.1247 9.7109
2010.1274 10.8745
2010.1301 13.3980
2010.1329 11.9615
2010.1356 9.8248
2010.1384 10.5081
2010.1411 11.0312
2010.1438 11.4142
2010.1466 12.9571
2010.1493 20.0699
2010.1521 16.1025
2010.1548 14.9950
2010.1575 18.0574
2010.1603 12.8695
2010.1630 11.8616
2010.1658 11.4334
2010.1685 14.8152
2010.1712 15.5968
2010.1740 14.1283
2010.1767 10.6597
2010.1795 14.0009
2010.1822 12.8720
2010.1849 16.5031
2010.1877 15.4240
2010.1904 12.3249
2010.1931 10.2056
2010.1959 10.7463
2010.1986 11.8969
2010.2014 15.3475
2010.2041 14.6680
2010.2068 13.7284
2010.2096 7.5687
2010.2123 14.9891
2010.2151 11.6793
2010.2178 15.5596
2010.2205 11.5598
2010.2233 12.2900
2010.2260 11.9302
2010.2288 11.5003
2010.2315 14.2205
2010.2342 15.1106
2010.2370 15.3508
2010.2397 15.7209
2010.2425 14.7911
2010.2452 12.4513
2010.2479 13.0012
2010.2507 14.8106
2010.2534 13.7694
2010.2562 19.3978
2010.2589 12.5257
2010.2616 17.7833
2010.2644 11.7704
2010.2671 14.5773
2010.2699 13.0938
2010.2726 18.0801
2010.2753 17.8562
2010.2781 16.7321
2010.2808 13.6579
2010.2836 17.5836
2010.2863 12.6692
2010.2890 13.3648
2010.2918 14.9504
2010.2945 13.3260
2010.2973 10.6117
2010.3000 11.1676
2010.3027 17.9036
2010.3055 15.9098
2010.3082 12.2363
2010.3110 12.5830
2010.3137 16.7700
2010.3164 16.7074
2010.3192 15.1352
2010.3219 12.4834
2010.3247 11.3720
2010.3274 8.5012
2010.3301 9.1509
2010.3329 8.9413
2010.3356 10.6025
2010.3384 7.9945
2010.3411 11.0773
2010.3438 9.3710
2010.3466 6.1856
2010.3493 9.0911
2010.3521 8.5876
2010.3548 12.1251
2010.3575 11.9236
2010.3603 10.7532
2010.3630 9.4539
2010.3658 7.8858
2010.3685 15.9687
2010.3712 14.2629
2010.3740 14.6584
2010.3767 14.7950
2010.3794 13.7730
2010.3822 14.0824
2010.3849 10.7430
2010.3877 12.4051
2010.3904 10.9586
2010.3931 12.0736
2010.3959 10.6501
2010.3986 15.1681
2010.4014 17.1376
2010.4041 15.0188
2010.4068 12.2216
2010.4096 9.3960
2010.4123 12.1622
2010.4151 13.9692
2010.4178 14.7664
2010.4205 16.2337
2010.4233 16.3711
2010.4260 16.2587
2010.4288 12.4263
2010.4315 15.5740
2010.4342 15.4018
2010.4370 13.0297
2010.4397 14.3376
2010.4425 15.0756
2010.4452 14.0937
2010.4479 14.0818
2010.4507 12.9699
2010.4534 11.5280
2010.4562 13.4162
2010.4589 12.6944
2010.4616 16.4025
2010.4644 18.5907
2010.4671 15.9288
2010.4699 12.2069
2010.4726 14.2550
2010.4753 12.1231
2010.4781 13.4211
2010.4808 17.1190
2010.4836 18.2869
2010.4863 17.7946
2010.4890 18.6223
2010.4918 18.3800
2010.4945 15.5875
2010.4973 13.6449
2010.5000 14.9424
2010.5027 12.6300
2010.5055 13.7576
2010.5082 19.1853
2010.5110 17.6530
2010.5137 10.8308
2010.5164 11.8186
2010.5192 15.4064
2010.5219 15.5542
2010.5247 18.1419
2010.5274 20.8597
2010.5301 19.8774
2010.5329 21.8151
2010.5356 23.3627
2010.5384 24.9103
2010.5411 16.0878
2010.5438 20.8052
2010.5466 19.2125
2010.5493 23.1097
2010.5521 20.1167
2010.5548 18.1536
2010.5575 18.1504
2010.5603 18.5371
2010.5630 22.4035
2010.5658 21.1098
2010.5685 19.5359
2010.5712 16.8218
2010.5740 20.7975
2010.5767 16.5330
2010.5794 21.4282
2010.5822 22.0230
2010.5849 19.8459
2010.5877 17.3969
2010.5904 15.4260
2010.5931 18.2534
2010.5959 18.4791
2010.5986 17.3534
2010.6014 17.6563
2010.6041 19.2580
2010.6068 20.8585
2010.6096 22.0180
2010.6123 21.5766
2010.6151 22.3344
2010.6178 19.6216
2010.6205 14.0982
2010.6233 9.9643
2010.6260 17.3602
2010.6288 19.3158
2010.6315 13.8514
2010.6342 18.3971
2010.6370 13.6629
2010.6397 14.5489
2010.6425 13.6154
2010.6452 15.1524
2010.6479 14.3800
2010.6507 14.2283
2010.6534 13.1176
2010.6562 15.8178
2010.6589 17.3891
2010.6616 12.2016
2010.6644 15.3455
2010.6671 13.0303
2010.6699 16.8355
2010.6726 13.8710
2010.6753 17.5869
2010.6781 12.5130
2010.6808 10.1694
2010.6836 19.0661
2010.6863 23.6929
2010.6890 22.7899
2010.6918 17.7770
2010.6945 18.4641
2010.6973 16.6814
2010.7000 16.6786
2010.7027 17.2059
2010.7055 16.3131
2010.7082 16.9402
2010.7110 18.7672
2010.7137 18.9940
2010.7164 19.1307
2010.7192 20.3671
2010.7219 21.5434
2010.7247 17.6893
2010.7274 18.8649
2010.7301 19.1002
2010.7329 15.4851
2010.7356 18.8895
2010.7384 12.6735
2010.7411 14.7971
2010.7438 14.7601
2010.7466 17.7926
2010.7493 15.5845
2010.7521 18.0062
2010.7548 13.8477
2010.7575 13.1191
2010.7603 17.7203
2010.7630 15.9914
2010.7658 21.9523
2010.7685 18.4231
2010.7712 16.4638
2010.7740 12.8244
2010.7767 15.8949
2010.7794 14.0053
2010.7822 14.3757
2010.7849 17.3060
2010.7877 16.6462
2010.7904 15.1264
2010.7931 16.8266
2010.7959 18.8468
2010.7986 18.6870
2010.8014 18.7872
2010.8041 19.0874
2010.8068 21.2676
2010.8096 17.2079
2010.8123 19.0382
2010.8151 23.2986
2010.8178 20.1991
2010.8205 23.6696
2010.8233 17.8603
2010.8260 21.0510
2010.8288 22.7619
2010.8315 20.1229
2010.8342 20.5141
2010.8370 24.6855
2010.8397 17.8872
2010.8425 14.0290
2010.8452 18.3510
2010.8479 18.1832
2010.8507 19.1655
2010.8534 22.2879
2010.8562 24.0305
2010.8589 23.8332
2010.8616 24.5759
2010.8644 23.8887
2010.8671 28.8916
2010.8699 26.7345
2010.8726 23.4074
2010.8753 23.5803
2010.8781 24.6532
2010.8808 24.5661
2010.8836 26.3089
2010.8863 24.6817
2010.8890 26.7844
2010.8918 27.3170
2010.8945 27.7495
2010.8973 24.0818
2010.9000 25.1241
2010.9027 22.7861
2010.9055 26.3680
2010.9082 18.3397
2010.9110 18.3512
2010.9137 16.9225
2010.9164 18.4834
2010.9192 16.9532
2010.9219 15.4818
2010.9247 12.5192
2010.9274 16.0354
2010.9301 12.2206
2010.9329 12.4747
2010.9356 13.1277
2010.9384 14.3998
2010.9411 12.4510
2010.9438 12.3913
2010.9466 16.1608
2010.9493 13.4594
2010.9521 14.0673
2010.9548 12.1745
2010.9575 11.0210
2010.9603 12.6669
2010.9630 9.9922
2010.9658 10.3770
2010.9685 8.9112
2010.9712 10.9850
2010.9740 11.0284
2010.9767 11.1614
2010.9795 10.8941
2010.9822 13.2565
2010.9849 13.7986
2010.9877 13.6105
2010.9904 12.0823
2010.9931 16.5339
2010.9959 13.7055
2010.9986 15.0270
2011.0014 12.8483
2011.0041 15.9177
2011.0068 19.7251
2011.0096 15.6106
2011.0123 15.7344
2011.0151 20.1967
2011.0178 15.0075
2011.0205 17.5871
2011.0233 17.7456
2011.0260 16.0632
2011.0288 16.8599
2011.0315 16.4760
2011.0342 14.0516
2011.0370 19.1469
2011.0397 18.2220
2011.0425 22.7070
2011.0452 16.2422
2011.0479 18.2276
2011.0507 18.6834
2011.0534 19.4498
2011.0562 18.1169
2011.0589 21.5149
2011.0616 21.3739
2011.0644 19.9240
2011.0671 20.8555
2011.0699 17.1485
2011.0726 18.2431
2011.0753 21.8795
2011.0781 20.0278
2011.0808 17.9581
2011.0836 18.0812
2011.0863 19.2672
2011.0890 18.9061
2011.0918 19.1774
2011.0945 19.3710
2011.0973 19.1168
2011.1000 18.4443
2011.1027 21.4735
2011.1055 18.4940
2011.1082 20.5157
2011.1110 18.5883
2011.1137 22.2216
2011.1164 20.2953
2011.1192 21.6893
2011.1219 19.8432
2011.1247 23.0670
2011.1274 18.8302
2011.1301 22.2427
2011.1329 21.9643
2011.1356 21.4148
2011.1384 23.6638
2011.1411 22.8612
2011.1438 26.0068
2011.1466 24.9302
2011.1493 23.3414
2011.1521 25.4600
2011.1548 21.0958
2011.1575 26.0886
2011.1603 23.2281
2011.1630 22.7946
2011.1658 23.5802
2011.1685 21.7453
2011.1712 21.2800
2011.1740 23.4843
2011.1767 18.9582
2011.1795 21.2518
2011.1822 19.6850
2011.1849 21.4080
2011.1877 20.5407
2011.1904 19.5231
2011.1931 22.5055
2011.1959 15.4676
2011.1986 17.2496
2011.2014 21.6316
2011.2041 20.9335
2011.2068 19.4354
2011.2096 18.4573
2011.2123 21.3192
2011.2151 21.9612
2011.2178 18.3734
2011.2205 21.6657
2011.2233 17.6881
2011.2260 17.4208
2011.2288 20.8137
2011.2315 19.3169
2011.2342 17.1404
2011.2370 19.9643
2011.2397 18.4785
2011.2425 19.5531
2011.2452 18.0682
2011.2479 24.9034
2011.2507 26.1683
2011.2534 26.8130
2011.2562 28.9076
2011.2589 30.6321
2011.2616 29.2065
2011.2644 28.7508
2011.2671 31.7551
2011.2699 20.6395
2011.2726 18.4139
2011.2753 19.3784
2011.2781 10.9331
2011.2808 14.5079
2011.2836 13.5530
2011.2863 22.1683
2011.2890 20.2239
2011.2918 19.5398
2011.2945 20.2662
2011.2973 19.7829
2011.3000 16.6700
2011.3027 18.6477
2011.3055 18.6558
2011.3082 17.7445
2011.3110 15.7539
2011.3137 17.9838
2011.3164 20.2644
2011.3192 20.5657
2011.3219 19.6178
2011.3247 19.2306
2011.3274 16.0643
2011.3301 15.5389
2011.3329 20.4745
2011.3356 20.2012
2011.3384 16.3890
2011.3411 17.2977
2011.3438 18.6974
2011.3466 19.2379
2011.3493 17.8993
2011.3521 17.0115
2011.3548 20.8244
2011.3575 17.1580
2011.3603 19.7723
2011.3630 17.8872
2011.3658 17.3327
2011.3685 20.4986
2011.3712 13.7951
2011.3740 16.3219
2011.3767 17.3691
2011.3794 14.6167
2011.3822 14.9345
2011.3849 15.0526
2011.3877 15.5708
2011.3904 18.6992
2011.3931 16.7677
2011.3959 15.0662
2011.3986 15.5747
2011.4014 16.8732
2011.4041 22.3916
2011.4068 21.2898
2011.4096 23.7479
2011.4123 23.5057
2011.4151 24.6537
2011.4178 27.2722
2011.4205 29.1412
2011.4233 23.6707
2011.4260 24.4707
2011.4288 21.0210
2011.4315 23.3316
2011.4342 24.0726
2011.4370 18.9537
2011.4397 20.4051
2011.4425 22.9566
2011.4452 19.0483
2011.4479 16.0300
2011.4507 16.9217
2011.4534 17.5634
2011.4562 18.9750
2011.4589 19.9865
2011.4616 17.1078
2011.4644 19.4790
2011.4671 21.1898
2011.4699 18.9104
2011.4726 18.8207
2011.4753 21.2706
2011.4781 21.7400
2011.4808 22.6690
2011.4836 16.6274
2011.4863 15.6653
2011.4890 13.9926
2011.4918 17.8092
2011.4945 11.8052
2011.4973 11.8703
2011.5000 21.0242
2011.5027 15.9868
2011.5055 19.0083
2011.5082 18.7187
2011.5110 15.6781
2011.5137 16.2266
2011.5164 18.3142
2011.5192 15.9210
2011.5219 14.3671
2011.5247 12.6426
2011.5274 14.2776
2011.5301 17.0421
2011.5329 13.6862
2011.5356 18.1799
2011.5384 18.5535
2011.5411 19.4368
2011.5438 15.2401
2011.5466 12.3834
2011.5493 18.0468
2011.5521 18.1903
2011.5548 14.5240
2011.5575 14.7280
2011.5603 16.9024
2011.5630 19.6772
2011.5658 15.1726
2011.5685 21.5986
2011.5712 18.5953
2011.5740 16.1827
2011.5767 12.9810
2011.5794 21.8601
2011.5822 17.5204
2011.5849 16.2818
2011.5877 12.0645
2011.5904 14.9682
2011.5931 14.6230
2011.5959 15.5986
2011.5986 19.0751
2011.6014 16.5924
2011.6041 18.0402
2011.6068 18.0486
2011.6096 18.4774
2011.6123 17.9766
2011.6151 16.0061
2011.6178 15.1257
2011.6205 10.3654
2011.6233 14.6951
2011.6260 13.2647
2011.6288 15.2640
2011.6315 18.7031
2011.6342 17.7418
2011.6370 19.4800
2011.6397 21.0176
2011.6425 21.3145
2011.6452 21.0207
2011.6479 21.8360
2011.6507 20.4803
2011.6534 21.5637
2011.6562 19.6258
2011.6589 18.1768
2011.6616 17.5364
2011.6644 17.6546
2011.6671 14.2909
2011.6699 14.3450
2011.6726 16.9470
2011.6753 14.7270
2011.6781 16.8953
2011.6808 19.0519
2011.6836 12.4271
2011.6863 16.9409
2011.6890 8.9336
2011.6918 13.7052
2011.6945 13.8259
2011.6973 11.4659
2011.7000 10.2653
2011.7027 9.9943
2011.7055 10.5931
2011.7082 11.2517
2011.7110 10.8203
2011.7137 13.2591
2011.7164 9.4382
2011.7192 10.2178
2011.7219 9.4480
2011.7247 10.5990
2011.7274 15.4209
2011.7301 14.0639
2011.7329 9.7282
2011.7356 8.8538
2011.7384 13.5209
2011.7411 13.4897
2011.7438 9.9704
2011.7466 9.4930
2011.7493 9.5275
2011.7521 10.6925
2011.7548 7.6178
2011.7575 11.9133
2011.7603 16.1892
2011.7630 17.8753
2011.7658 18.3716
2011.7685 19.6983
2011.7712 20.9552
2011.7740 16.2324
2011.7767 19.1999
2011.7794 16.7376
2011.7822 17.3356
2011.7849 18.1839
2011.7877 16.0325
2011.7904 15.5513
2011.7931 21.1304
2011.7959 19.8297
2011.7986 22.7294
2011.8014 21.9293
2011.8041 21.3694
2011.8068 21.7899
2011.8096 19.5406
2011.8123 22.2115
2011.8151 25.6928
2011.8178 23.6643
2011.8205 21.5560
2011.8233 18.1080
2011.8260 20.0803
2011.8288 23.1229
2011.8315 26.2357
2011.8342 23.4391
2011.8370 17.6534
2011.8397 19.2386
2011.8425 20.3445
2011.8452 20.9111
2011.8479 18.8583
2011.8507 20.8761
2011.8534 23.6745
2011.8562 24.5232
2011.8589 23.9124
2011.8616 27.5518
2011.8644 23.5915
2011.8671 22.0214
2011.8699 25.0215
2011.8726 24.3115
2011.8753 18.8616
2011.8781 19.6816
2011.8808 21.6615
2011.9110 25.5427
2011.9137 26.1259
2011.9164 32.4682
2011.9192 26.2596
2011.9219 24.1601
2011.9247 24.4197
2011.9274 24.2685
2011.9301 24.4565
2011.9329 26.3237
2011.9356 28.6501
2011.9384 27.2758
2011.9411 21.8207
2011.9438 25.5649
2011.9466 25.3083
2011.9493 28.5911
2011.9521 28.8932
2011.9548 26.8046
2011.9575 31.9554
2011.9603 26.7555
2011.9630 26.1051
2011.9658 24.7740
2011.9685 28.4824
2011.9712 29.9003
2011.9740 28.0576
2011.9767 27.3243
2011.9795 31.4606
2011.9822 29.1864
2011.9849 28.2917
2011.9877 29.2866
2011.9904 28.2510
2011.9931 30.0250
2011.9959 27.9987
2011.9986 26.9419
2012.0014 26.2246
2012.0041 27.8355
2012.0068 24.8045
2012.0096 25.2018
2012.0123 26.8275
2012.0150 29.8217
2012.0178 27.5147
2012.0205 25.2765
2012.0232 27.6072
2012.0260 26.4671
2012.0287 30.9563
2012.0314 24.3850
2012.0342 25.9132
2012.0369 27.2211
2012.0396 29.4889
2012.0423 26.8367
2012.0451 28.2647
2012.0478 29.8730
2012.0505 25.9817
2012.0533 27.6211
2012.0560 24.8512
2012.0587 28.5622
2012.0615 26.9542
2012.0642 25.8474
2012.0669 29.8520
2012.0697 27.6580
2012.0724 27.2857
2012.0751 27.8251
2012.0779 25.8865
2012.0806 24.9299
2012.0833 25.4148
2012.0861 25.2501
2012.0888 27.9559
2012.0915 26.1921
2012.0943 31.0988
2012.0970 25.8859
2012.0997 27.7436
2012.1025 27.2118
2012.1052 33.3604
2012.1079 30.4796
2012.1107 31.0794
2012.1134 28.1897
2012.1161 32.1905
2012.1189 28.9119
2012.1216 28.2439
2012.1243 26.5664
2012.1270 28.6696
2012.1298 22.4534
2012.1325 28.8878
2012.1352 29.4728
2012.1380 28.4584
2012.1407 33.3947
2012.1434 31.2817
2012.1462 29.7493
2012.1489 30.2476
2012.1516 27.7366
2012.1544 26.9163
2012.1571 31.2867
2012.1598 31.7679
2012.1626 25.9597
2012.1653 29.9617
2012.1680 30.5939
2012.1708 30.1561
2012.1735 32.1984
2012.1762 28.4608
2012.1790 31.0634
2012.1817 29.5161
2012.1844 34.7490
2012.1872 25.8720
2012.1899 29.7452
2012.1926 26.0287
2012.1954 24.1223
2012.1981 28.0061
2012.2008 30.7202
2012.2035 27.0145
2012.2063 27.2991
2012.2090 29.6339
2012.2117 27.2890
2012.2145 28.0044
2012.2172 24.6101
2012.2199 25.1361
2012.2227 26.7125
2012.2254 27.1092
2012.2281 24.3462
2012.2309 23.6136
2012.2336 31.6614
2012.2363 30.5096
2012.2391 31.1682
2012.2418 27.7472
2012.2445 25.2666
2012.2473 25.2864
2012.2500 27.8965
2012.2527 26.9768
2012.2555 26.3473
2012.2582 28.4780
2012.2609 23.5388
2012.2637 24.7098
2012.2664 28.0710
2012.2691 30.4623
2012.2719 27.1537
2012.2746 27.2151
2012.2773 30.7566
2012.2801 31.5482
2012.2828 30.6599
2012.2855 27.6815
2012.2882 27.4531
2012.2910 28.8347
2012.2937 28.1663
2012.2964 30.3478
2012.2992 25.1593
2012.3019 31.7407
2012.3046 33.1819
2012.3074 31.4431
2012.3101 33.2941
2012.3128 33.0949
2012.3156 31.8756
2012.3183 30.5861
2012.3210 28.8363
2012.3238 22.8764
2012.3265 22.1362
2012.3292 23.2557
2012.3320 23.9351
2012.3347 25.7544
2012.3374 26.2937
2012.3402 27.2129
2012.3429 28.4620
2012.3456 22.1010
2012.3484 24.4800
2012.3511 27.4089
2012.3538 27.5976
2012.3566 29.1663
2012.3593 30.3349
2012.3620 29.0734
2012.3648 31.4417
2012.3675 30.0300
2012.3702 26.4081
2012.3729 30.0461
2012.3757 26.8540
2012.3784 28.6018
2012.3811 29.8194
2012.3839 28.0969
2012.3866 26.6742
2012.3893 27.4514
2012.3921 28.6885
2012.3948 26.8854
2012.3975 27.7221
2012.4003 28.3987
2012.4030 29.9951
2012.4057 22.2013
2012.4085 24.0674
2012.4112 28.6333
2012.4139 24.3789
2012.4167 27.9838
2012.4194 31.2180
2012.4221 29.9816
2012.4249 31.7146
2012.4276 31.3171
2012.4303 35.6291
2012.4331 34.3706
2012.4358 32.6618
2012.4385 29.6226
2012.4413 29.7231
2012.4440 26.3534
2012.4467 33.5835
2012.4495 33.7634
2012.4522 31.2933
2012.4549 33.6131
2012.4576 34.1730
2012.4604 30.8828
2012.4631 31.3328
2012.4658 29.4430
2012.4686 30.5334
2012.4713 30.3340
2012.4740 30.2249
2012.4768 30.4562
2012.4795 32.3979
2012.4822 26.9601
2012.9467 31.6206
2012.9495 32.7579
2012.9522 31.5249
2012.9549 36.1517
2012.9576 35.1882
2012.9604 35.5345
2012.9631 34.3206
2012.9658 35.4367
2012.9686 31.7628
2012.9713 29.9688
2012.9740 33.9450
2012.9768 35.0613
2012.9795 37.6878
2012.9822 33.5045
2012.9850 33.8515
2012.9877 36.1588
2012.9904 35.9266
2012.9932 35.6948
2012.9959 36.5435
2012.9986 35.4728
2013.0014 39.5225
2013.0041 35.6523
2013.0068 32.9920
2013.0096 34.9518
2013.0123 35.1515
2013.0151 34.0014
2013.0178 33.5612
2013.0205 34.5412
2013.0233 32.5413
2013.0260 36.6815
2013.0288 33.6418
2013.0315 34.6323
2013.0342 33.4530
2013.0370 31.6839
2013.0397 34.1150
2013.0425 33.6164
2013.0452 32.9580
2013.0479 33.0100
2013.0507 32.7322
2013.0534 30.6448
2013.0562 32.0577
2013.0589 35.8510
2013.0616 32.7346
2013.0644 31.7687
2013.0671 35.6232
2013.0699 33.4382
2013.0726 33.8436
2013.0753 34.7595
2013.0781 39.5060
2013.0808 31.4929
2013.0836 33.4910
2013.0863 31.2507
2013.0890 32.2220
2013.0918 31.0547
2013.0945 33.4489
2013.0973 34.0145
2013.1000 32.9015
2013.1027 33.0197
2013.1055 32.9891
2013.1082 34.2297
2013.1110 31.9414
2013.1137 34.2142
2013.1164 32.6879
2013.1192 29.8226
2013.1219 34.2081
2013.1247 30.7845
2013.1274 29.9816
2013.1301 31.1894
2013.1329 29.5179
2013.1356 33.2969
2013.1384 32.1065
2013.1411 29.3266
2013.1438 27.5571
2013.1466 25.8379
2013.1493 31.5490
2013.1521 29.0004
2013.1548 35.6620
2013.1575 33.7337
2013.1603 31.7554
2013.1630 31.3973
2013.1658 31.7593
2013.1685 32.3916
2013.1712 34.8742
2013.1740 32.8271
2013.1767 29.4002
2013.1795 31.1635
2013.1822 27.9071
2013.1849 28.5609
2013.1877 28.6650
2013.1904 31.9192
2013.1931 31.8037
2013.1959 32.3583
2013.1986 35.5932
2013.2014 29.5683
2013.2041 34.6035
2013.2068 32.5589
2013.2096 36.2345
2013.2123 34.7003
2013.2151 32.7962
2013.2178 34.7922
2013.2205 31.4484
2013.2233 32.1248
2013.2260 32.6713
2013.2288 34.5179
2013.2315 34.5046
2013.2342 34.5815
2013.2370 35.6784
2013.2397 34.1254
2013.2425 35.4626
2013.2452 39.5998
2013.2479 38.9077
2013.2507 37.4469
2013.2534 36.4772
2013.2562 32.7286
2013.2589 34.2709
2013.2616 33.1042
2013.2644 36.5482
2013.2671 34.5129
2013.2699 29.5483
2013.2726 36.2641
2013.2753 32.9604
2013.2781 32.2471
2013.2808 30.4140
2013.2836 29.5911
2013.2863 31.9182
2013.2890 32.2254
2013.2918 31.8124
2013.2945 30.7193
2013.2973 30.4959
2013.3000 26.9321
2013.3027 27.4278
2013.3055 28.2730
2013.3082 31.9276
2013.3110 27.6614
2013.3137 30.1044
2013.3164 27.8265
2013.3192 29.4476
2013.3219 31.2477
2013.3247 32.1265
2013.3274 28.5241
2013.3301 28.3399
2013.3329 30.0913
2013.3356 27.1181
2013.3384 26.7307
2013.3411 24.4393
2013.3438 25.1844
2013.3466 26.3563
2013.3493 30.5952
2013.3521 28.3016
2013.3548 27.9058
2013.3575 31.0481
2013.3603 26.2589
2013.3630 25.7085
2013.3658 30.0472
2013.3685 30.7453
2013.3712 29.7033
2013.3740 23.5614
2013.3767 24.0101
2013.3794 28.3095
2013.3822 31.4401
2013.3849 28.9922
2013.3877 29.9662
2013.3904 28.6423
2013.3931 25.2009
2013.3959 28.2424
2013.3986 24.6771
2013.4014 25.3853
2013.4041 22.6973
2013.4068 24.0036
2013.4096 25.1244
2013.4123 25.6001
2013.4151 26.4485
2013.4178 21.8972
2013.4205 28.0663
2013.4233 25.3457
2013.4260 26.3054
2013.4288 28.0354
2013.4315 31.1556
2013.4342 30.0760
2013.4370 27.0966
2013.4397 25.3174
2013.4425 25.7683
2013.4452 22.9894
2013.4479 20.7305
2013.4507 22.9217
2013.4534 23.3729
2013.4562 20.5641
2013.4589 21.2454
2013.4616 26.7165
2013.4644 29.4677
2013.4671 29.7587
2013.4699 32.4496
2013.4726 29.7404
2013.4753 29.8310
2013.4781 26.0515
2013.4808 23.1117
2013.4836 23.4316
2013.4863 21.5813
2013.4890 28.4108
2013.4918 25.1299
2013.4945 26.8786
2013.4973 30.4470
2013.5000 33.8452
2013.5027 31.8331
2013.5055 34.2608
2013.5082 33.5883
2013.5110 32.2557
2013.5137 36.0729
2013.5164 33.5800
2013.5192 32.4970
2013.5219 35.2139
2013.5247 40.1008
2013.5274 31.6176
2013.5301 31.6344
2013.5329 27.7012
2013.5356 30.6480
2013.5384 31.4349
2013.5411 31.9219
2013.5438 33.2189
2013.5466 30.6961
2013.5493 38.2334
2013.5521 37.2208
2013.5548 38.3484
2013.5575 40.9462
2013.5603 34.4043
2013.5630 33.5726
2013.5658 32.7611
2013.5685 33.1499
2013.5712 32.9090
2013.5740 31.2185
2013.5767 34.4283
2013.5794 34.6985
2013.5822 41.9591
2013.5849 38.2806
2013.5877 40.1032
2013.5904 40.7566
2013.5931 40.4508
2013.5959 36.2859
2013.5986 31.5117
2013.6014 27.1581
2013.6041 30.5551
2013.6068 25.3127
2013.6096 22.2108
2013.6123 23.3194
2013.6151 20.0383
2013.6178 25.1875
2013.6205 25.6570
2013.6233 28.4367
2013.6260 26.2666
2013.6288 25.6165
2013.6315 27.7165
2013.6342 24.9365
2013.6370 26.8363
2013.6397 30.7061
2013.6425 22.8856
2013.6452 29.5849
2013.6479 24.3239
2013.6507 29.2725
2013.6534 30.2907
2013.6562 29.5284
2013.6589 26.7355
2013.6616 27.3721
2013.6644 27.9780
2013.6671 26.9835
2013.6699 28.6287
2013.6726 28.5738
2013.6753 26.6087
2013.6781 26.3734
2013.6808 29.3578
2013.6836 30.6920
2013.6863 30.0360
2013.6890 26.6797
2013.6918 29.6531
2013.6945 28.6863
2013.6973 30.9192
2013.7000 33.1118
2013.7027 31.3740
2013.7055 33.0560
2013.7082 31.2976
2013.7110 30.2888
2013.7137 32.6897
2013.7164 36.2903
2013.7192 32.9005
2013.7219 32.6602
2013.7247 34.7496
2013.7274 32.9486
2013.7301 32.3072
2013.7329 30.4553
2013.7356 29.9230
2013.7384 32.4302
2013.7411 34.1570
2013.7438 39.8933
2013.7466 36.3492
2013.7493 39.4442
2013.7521 36.9772
2013.7548 36.6580
2013.7575 34.9967
2013.7603 38.4635
2013.7630 34.3985
2013.7658 33.4818
2013.7685 39.7037
2013.7712 36.0642
2013.7740 37.9434
2013.7767 39.7916
2013.7794 42.7788
2013.7822 39.1853
2013.7849 37.9010
2013.7877 39.2362
2013.7904 37.5111
2013.7931 42.2656
2013.7959 39.7901
2013.7986 41.2246
2013.8014 42.7092
2013.8041 41.9942
2013.8068 43.1696
2013.8096 43.9656
2013.8123 45.3723
2013.8151 44.7298
2013.8178 48.0284
2013.8205 44.4181
2013.8233 49.0091
2013.8260 47.2815
2013.8288 44.6354
2013.8315 45.4411
2013.8342 45.4587
2013.8370 45.7683
2013.8397 49.0097
2013.8425 49.7329
2013.8452 49.9976
2013.8479 48.2937
2013.8507 45.4210
2013.8534 48.2394
2013.8562 46.6588
2013.8589 50.4690
2013.8616 44.8199
2013.8644 43.4413
2013.8671 46.6530
2013.8699 43.2149
2013.8726 40.2169
2013.8753 44.8887
2013.8781 43.6504
2013.8808 43.8516
2013.8836 45.5523
2013.8863 44.4323
2013.8890 48.9714
2013.8918 47.1196
2013.8945 43.8366
2013.8973 46.7123
2013.9000 44.4966
2013.9027 46.6393
2013.9055 41.1302
2013.9082 45.2093
2013.9110 42.7463
2013.9137 40.8511
2013.9164 41.0035
2013.9192 42.9127
2013.9219 41.2888
2013.9247 42.4120
2013.9274 41.3425
2013.9301 40.9406
2013.9329 43.9864
2013.9356 45.7503
2013.9384 44.4424
2013.9411 42.2829
2013.9438 43.4520
2013.9466 43.2100
2013.9493 42.6372
2013.9521 38.2336
2013.9548 39.4096
2013.9575 36.0853
2013.9603 36.7310
2013.9630 33.9269
2013.9658 33.7932
2013.9685 38.2601
2013.9712 36.1179
2013.9740 32.8068
2013.9767 33.2370
2013.9795 35.8686
2013.9822 37.2620
2013.9849 33.8274
2013.9877 41.0450
2013.9904 35.4949
2013.9931 36.1874
2013.9959 34.7928
2013.9986 38.4213
2014.0014 36.4426
2014.0041 35.7344
2014.0068 34.7964
2014.0096 35.2386
2014.0123 37.2510
2014.0151 37.8035
2014.0178 33.7263
2014.0205 33.2593
2014.0233 37.3025
2014.0260 38.0259
2014.0288 36.2496
2014.0315 38.9436
2014.0342 43.5478
2014.0370 38.0524
2014.0397 38.8872
2014.0425 38.4924
2014.0452 36.5478
2014.0479 39.6137
2014.0507 40.0798
2014.0534 38.8064
2014.0562 40.9433
2014.0589 35.7306
2014.0616 36.9583
2014.0644 40.8264
2014.0671 43.5050
2014.0699 37.8540
2014.0726 37.0434
2014.0753 39.7133
2014.0781 42.0537
2014.0808 40.9345
2014.0836 41.0257
2014.0863 42.8469
2014.0890 39.4483
2014.0918 43.8898
2014.0945 41.6314
2014.0973 42.8931
2014.1000 37.7149
2014.1027 38.7268
2014.1055 42.4088
2014.1082 43.2610
2014.1110 43.1732
2014.1137 43.9354
2014.1164 41.8978
2014.1192 45.0803
2014.1219 46.9929
2014.1247 44.2155
2014.1274 45.1582
2014.1301 43.6010
2014.1329 39.0039
2014.1356 38.8469
2014.1384 35.2899
2014.1411 39.2630
2014.1438 42.6662
2014.1466 42.3695
2014.1493 46.6928
2014.1521 44.6562
2014.1548 46.2396
2014.1575 45.7431
2014.1603 45.6467
2014.1630 43.1803
2014.1658 47.4941
2014.1685 44.0582
2014.1712 47.8024
2014.1740 42.8069
2014.1767 47.1216
2014.1795 46.0166
2014.1822 42.6218
2014.1849 42.2673
2014.1877 42.7530
2014.1904 45.3391
2014.1931 39.8953
2014.1959 37.2419
2014.1986 40.7788
2014.2014 37.7259
2014.2041 39.7134
2014.2068 36.3112
2014.2096 37.1993
2014.2123 42.0477
2014.2151 39.6365
2014.2178 39.2856
2014.2205 35.6550
2014.2233 39.8948
2014.2260 39.5149
2014.2288 39.6054
2014.2315 38.2063
2014.2342 41.9176
2014.2370 38.3793
2014.2397 41.1713
2014.2425 36.3938
2014.2452 35.1466
2014.2479 33.3517
2014.2507 39.0506
2014.2534 34.0232
2014.2562 36.7590
2014.2589 43.1179
2014.2616 39.4396
2014.2644 40.7638
2014.2671 38.6203
2014.2699 37.2487
2014.2726 37.9388
2014.2753 37.7604
2014.2781 41.3431
2014.2808 44.5067
2014.2836 43.3810
2014.2863 41.9656
2014.2890 43.5003
2014.2918 46.1648
2014.2945 45.3489
2014.2973 50.2623
2014.3000 44.8647
2014.3027 45.6458
2014.3055 40.5555
2014.3082 34.4833
2014.3110 40.4191
2014.3137 39.1425
2014.3164 42.4533
2014.3192 38.9013
2014.3219 33.0962
2014.3247 36.5976
2014.3274 38.5754
2014.3301 36.5197
2014.3329 35.0734
2014.3356 36.2971
2014.3384 37.4607
2014.3411 36.8342
2014.3438 36.9477
2014.3466 33.8711
2014.3493 38.8144
2014.3521 35.2677
2014.3548 35.1709
2014.3575 36.1941
2014.3603 35.2072
2014.3630 38.2503
2014.3658 39.6932
2014.3685 40.6162
2014.3712 43.4690
2014.3740 40.9119
2014.3767 36.4246
2014.3794 41.4073
2014.3822 41.9000
2014.3849 38.8326
2014.3877 37.8751
2014.3904 38.9876
2014.3931 38.3001
2014.3959 35.8825
2014.3986 33.7848
2014.4014 35.7571
2014.4041 36.4394
2014.4068 38.1916
2014.4096 34.1537
2014.4123 36.5558
2014.4151 33.4279
2014.4178 35.6900
2014.4205 32.5220
2014.4233 35.8041
2014.4260 34.7161
2014.4288 33.7482
2014.4315 33.1902
2014.4342 32.0022
2014.4370 32.2941
2014.4397 31.5361
2014.4425 32.6080
2014.4452 38.5199
2014.4479 38.9018
2014.4507 38.7736
2014.4534 39.5854
2014.4562 40.5572
2014.4589 37.9389
2014.4616 34.3106
2014.4644 33.1923
2014.4671 34.1839
2014.4699 33.3655
2014.4726 34.7970
2014.4753 37.1885
2014.4781 37.5600
2014.4808 41.4613
2014.4836 41.8927
2014.4863 45.8240
2014.4890 44.2452
2014.4918 41.7464
2014.4945 42.2875
2014.4973 38.5485
2014.5000 39.7786
2014.5027 39.5180
2014.5055 38.2064
2014.5082 40.0341
2014.5110 48.4210
2014.5137 42.5872
2014.5164 46.5226
2014.5192 50.2374
2014.5219 47.5515
2014.5247 45.9449
2014.5274 44.5978
2014.5301 37.2801
2014.5329 42.5718
2014.5356 39.3830
2014.5384 39.3838
2014.5411 36.7840
2014.5438 39.8139
2014.5466 36.5333
2014.5493 38.6824
2014.5521 40.0111
2014.5548 40.0895
2014.5575 37.2076
2014.5603 40.4555
2014.5630 50.2931
2014.5658 42.6205
2014.5685 47.5778
2014.5712 34.7349
2014.5740 37.3419
2014.5767 38.0088
2014.5794 37.8157
2014.5822 32.6922
2014.5849 36.0165
2014.5877 40.0185
2014.5904 33.1785
2014.5931 38.0664
2014.5959 38.1426
2014.5986 35.3972
2014.6014 40.2904
2014.6041 38.5323
2014.6068 38.6731
2014.6096 39.4631
2014.6123 36.5322
2014.6151 36.7009
2014.6178 34.7891
2014.6205 37.0072
2014.6233 39.9251
2014.6260 39.7933
2014.6288 39.4017
2014.9356 51.4581
2014.9384 48.9010
2014.9411 51.2139
2014.9438 46.8568
2014.9466 47.9497
2014.9493 44.5626
2014.9521 49.4756
2014.9548 49.7486
2014.9575 47.8316
2014.9603 40.2546
2014.9630 48.3677
2014.9658 43.8408
2014.9685 45.2340
2014.9712 40.5172
2014.9740 44.6805
2014.9767 43.3439
2014.9795 44.2273
2014.9822 44.5907
2014.9849 41.9842
2014.9877 44.3479
2014.9904 41.3215
2014.9931 40.7053
2014.9959 43.7992
2014.9986 39.2031
2015.0014 40.6574
2015.0041 44.4832
2015.0068 45.1009
2015.0096 46.6801
2015.0123 43.2608
2015.0151 43.8530
2015.0178 44.3164
2015.0205 45.3211
2015.0233 44.0268
2015.0260 43.2534
2015.0288 42.2010
2015.0315 46.1792
2015.0342 45.5881
2015.0370 40.6575
2015.0397 41.2173
2015.0425 43.4975
2015.0452 39.0978
2015.0479 40.3882
2015.0507 46.2485
2015.0534 47.2787
2015.0562 45.2987
2015.0589 42.1883
2015.0616 43.6874
2015.0644 42.7559
2015.0671 45.3838
2015.0699 47.5408
2015.0726 43.1370
2015.0753 44.4421
2015.0781 47.0360
2015.0808 44.9787
2015.0836 46.1495
2015.0863 46.0479
2015.0890 42.1840
2015.0918 46.7482
2015.0945 47.2406
2015.0973 48.4914
2015.1000 45.2509
2015.1027 44.5192
2015.1055 45.9866
2015.1082 45.0934
2015.1110 42.1596
2015.1137 43.2555
2015.1164 45.5513
2015.1192 45.5673
2015.1219 47.9936
2015.1247 51.4405
2015.1274 50.1082
2015.1301 48.0368
2015.1329 47.7767
2015.1356 45.9980
2015.1384 47.9409
2015.1411 46.7856
2015.1438 48.3224
2015.1466 48.4414
2015.1493 44.5130
2015.1521 42.6372
2015.1548 47.1443
2015.1575 46.0445
2015.1603 46.7481
2015.1630 48.3348
2015.1658 45.7621
2015.1685 45.7696
2015.1712 49.2274
2015.1740 47.9255
2015.1767 51.4437
2015.1795 45.3122
2015.1822 48.2009
2015.1849 48.1397
2015.1877 44.7688
2015.1904 46.2581
2015.1931 47.1475
2015.1959 48.2971
2015.1986 49.5568
2015.2014 47.0067
2015.2041 46.8467
2015.2068 47.3668
2015.2096 44.7171
2015.2123 44.7375
2015.2151 45.0880
2015.2178 44.5985
2015.2205 42.2292
2015.2233 49.2999
2015.2260 45.7707
2015.2288 44.5415
2015.2315 44.2424
2015.2342 38.6933
2015.2370 39.3843
2015.2397 42.1952
2015.2425 40.4562
2015.2452 43.7372
2015.2479 41.7582
2015.2507 39.8092
2015.2534 45.4202
2015.2562 44.2412
2015.2589 42.9622
2015.2616 42.3532
2015.2644 36.7243
2015.2671 38.6453
2015.2699 41.5063
2015.2726 38.3674
2015.2753 36.7684
2015.2781 34.1795
2015.2808 34.3506
2015.2836 37.1216
2015.2863 40.0227
2015.2890 38.1838
2015.2918 37.7549
2015.2945 39.4960
2015.2973 41.9871
2015.3000 39.3582
2015.3027 45.8294
2015.3055 40.0605
2015.3082 40.8416
2015.3110 42.7528
2015.3137 39.6639
2015.3164 39.2851
2015.3192 42.8263
2015.3219 43.1175
2015.3247 39.8887
2015.3274 42.4099
2015.3301 42.9911
2015.3329 39.7928
2015.3356 38.2450
2015.3384 45.2276
2015.3411 45.1307
2015.3438 42.6940
2015.3466 37.8577
2015.3493 37.3117
2015.3521 33.7559
2015.3548 41.2303
2015.3575 41.9748
2015.3603 40.7495
2015.3630 34.7142
2015.3658 37.3790
2015.3685 36.9338
2015.3712 37.1485
2015.3740 36.5632
2015.3767 37.9577
2015.3794 36.8621
2015.3822 38.5963
2015.3849 42.7602
2015.3877 48.1738
2015.3904 45.0372
2015.3931 37.8602
2015.3959 30.4527
2015.3986 35.7949
2015.4014 35.2065
2015.4041 37.8377
2015.4068 36.8783
2015.4096 35.9182
2015.4123 34.6676
2015.4151 32.4851
2015.4178 36.5097
2015.4205 31.4416
2015.4233 33.2310
2015.4260 31.7980
2015.4288 35.1128
2015.4315 32.4557
2015.4342 33.6367
2015.4370 31.0260
2015.4397 28.2239
2015.4425 34.7805
2015.4452 29.1159
2015.4479 28.5104
2015.4507 29.4642
2015.4534 31.5373
2015.4562 31.2000
2015.4589 37.5825
2015.4616 37.7849
2015.4644 28.0974
2015.4671 33.9801
2015.4699 34.3434
2015.4726 30.7872
2015.4753 34.2819
2015.4781 34.3976
2015.4808 35.1544
2015.4836 39.1825
2015.4863 35.3722
2015.4890 38.1835
2015.4918 41.6167
2015.4945 35.7920
2015.4973 34.3092
2015.5000 31.1971
2015.5027 30.7054
2015.5055 30.2940
2015.5110 26.7823
2015.5137 29.8219
2015.5164 27.6318
2015.5192 32.5618
2015.5219 33.7920
2015.5247 31.3824
2015.5274 33.1029
2015.5301 33.3035
2015.5329 33.8441
2015.5356 32.4248
2015.5384 34.4754
2015.5411 34.7360
2015.5438 32.7966
2015.5466 32.1070
2015.5493 34.8173
2015.5521 32.3975
2015.5548 34.0575
2015.5575 32.7672
2015.5603 32.7967
2015.5630 37.2659
2015.5658 38.8747
2015.5685 39.8232
2015.5712 32.7714
2015.5740 29.3391
2015.5767 33.6664
2015.5794 32.9932
2015.5822 32.6795
2015.5849 32.5952
2015.5877 36.5605
2015.5904 36.7553
2015.5931 35.2497
2015.5959 40.2738
2015.5986 36.3875
2015.6014 39.2808
2015.6041 40.2039
2015.6068 38.8368
2015.6096 40.0695
2015.6123 37.4020
2015.6151 38.3244
2015.6178 35.6666
2015.6205 35.0289
2015.6233 40.2811
2015.6260 38.7933
2015.6288 41.1756
2015.6315 40.8179
2015.6342 39.8304
2015.6370 37.5131
2015.6397 38.9759
2015.6425 33.9690
2015.6452 37.3223
2015.6479 36.2059
2015.6507 41.9899
2015.6534 42.0043
2015.6562 40.6790
2015.6589 40.7942
2015.6616 38.7399
2015.6644 38.4861
2015.6671 39.9228
2015.6699 39.1900
2015.6726 36.0476
2015.6753 41.4856
2015.6781 40.4341
2015.6808 37.2630
2015.6836 36.8623
2015.6863 42.0120
2015.6890 45.1020
2015.6918 42.0625
2015.6945 40.0733
2015.6973 38.1145
2015.7000 42.4060
2015.7027 44.7279
2015.7055 47.2101
2015.7082 45.4227
2015.7110 45.9856
2015.7137 46.4987
2015.7164 43.9722
2015.7192 49.6460
2015.7219 53.4500
2015.7247 42.5144
2015.7274 39.3389
2015.7301 43.3738
2015.7329 43.4989
2015.7356 45.1942
2015.7384 43.9698
2015.7411 44.9656
2015.7438 48.7115
2015.7466 43.0877
2015.7493 41.4443
2015.7521 42.4323
2015.7548 43.4217
2015.7575 43.9225
2015.7603 45.1146
2015.7630 46.0177
2015.7658 44.8619
2015.7685 42.8069
2015.7712 42.0027
2015.7740 41.4292
2015.7767 46.6062
2015.7794 39.4236
2015.7822 42.1814
2015.7849 39.0693
2015.7877 44.4573
2015.7904 44.7952
2015.7931 47.6630
2015.7959 45.7605
2015.7986 54.3577
2015.8014 49.1643
2015.8041 50.0703
2015.8068 50.8656
2015.8096 50.6300
2015.8123 51.1934
2015.8151 48.5958
2015.8178 49.0470
2015.8205 49.7068
2015.8233 53.9552
2015.8260 52.9521
2015.8288 51.4473
2015.8315 52.4807
2015.8342 49.2230
2015.8370 54.0447
2015.8397 52.6061
2015.8425 54.4270
2015.8452 52.2876
2015.8479 51.8377
2015.8507 50.7776
2015.8534 51.8372
2015.8562 62.7465
2015.8589 53.0255
2015.8616 56.2244
2015.8644 53.1431
2015.8671 53.4716
2015.8699 51.9699
2015.8726 50.7782
2015.8753 48.3764
2015.8781 50.7046
2015.8808 52.5928
2015.8836 57.3309
2015.8863 54.4291
2015.8890 56.7874
2015.8918 55.1258
2015.8945 56.8143
2015.8973 55.7930
2015.9000 53.0318
2015.9027 55.6709
2015.9055 51.2102
2015.9082 52.0498
2015.9110 56.0297
2015.9274 56.3363
2015.9301 57.4685
2015.9329 57.6610
2015.9356 57.8038
2015.9384 52.9067
2015.9411 58.5998
2015.9438 60.3131
2015.9466 54.0265
2015.9493 50.6100
2015.9521 58.1836
2015.9548 50.5572
2015.9575 47.0309
2015.9603 43.7545
2015.9630 54.4082
2015.9658 44.7517
2015.9685 42.8552
2015.9712 39.8586
2015.9740 42.7918
2015.9767 45.0949
2015.9795 43.0877
2015.9822 42.1904
2015.9849 47.1928
2015.9877 46.7250
2015.9904 47.4969
2015.9931 48.1184
2015.9959 46.7896
2015.9986 48.1404
2016.0014 46.0603
2016.0041 45.1163
2016.0068 46.6081
2016.0096 47.3261
2016.0123 46.1306
2016.0150 45.8920
2016.0178 41.2604
2016.0205 41.1864
2016.0232 43.6602
2016.0260 43.2521
2016.0287 39.5624
2016.0314 42.1816
2016.0342 43.6199
2016.0369 38.6276
2016.0396 45.5451
2016.0423 44.1026
2016.0451 45.9506
2016.0478 45.3293
2016.0505 46.0691
2016.0533 45.0504
2016.0560 46.2133
2016.0587 45.4783
2016.0615 45.9956
2016.0642 43.9957
2016.0669 49.5488
2016.0697 43.1852
2016.0724 45.4553
2016.0751 45.7395
2016.0779 48.1779
2016.0806 46.2511
2016.0833 48.2874
2016.0861 48.5346
2016.0888 51.4826
2016.0915 49.6113
2016.0943 49.8907
2016.0970 49.0308
2016.0997 49.3714
2016.1025 51.2025
2016.1052 48.4541
2016.1079 49.9561
2016.1107 52.1185
2016.1134 49.5912
2016.1161 50.3840
2016.1189 48.6671
2016.1216 46.1203
2016.1243 49.6235
2016.1270 51.4067
2016.1298 48.5499
2016.1325 48.9130
2016.1352 50.2959
2016.1380 50.9186
2016.1407 55.3510
2016.1434 53.0031
2016.1462 49.2448
2016.1489 53.4660
2016.1516 48.7867
2016.1544 50.8169
2016.1571 49.7964
2016.1598 51.8253
2016.1626 47.7334
2016.1653 50.3314
2016.1680 49.2693
2016.1708 47.3071
2016.1735 48.7849
2016.1762 49.2026
2016.1790 49.6502
2016.1817 51.0377
2016.1844 46.9152
2016.1872 50.3425
2016.1899 51.9598
2016.1926 51.9270
2016.1954 51.5041
2016.1981 52.6911
2016.2008 51.7679
2016.2035 49.1247
2016.2063 48.0014
2016.2090 49.7379
2016.2117 41.6844
2016.2145 50.1607
2016.2172 47.0869
2016.2199 47.8429
2016.2227 48.1689
2016.2254 50.7747
2016.2281 50.6403
2016.2309 49.0959
2016.2336 48.9213
2016.2363 53.1965
2016.2391 51.8316
2016.2418 46.8465
2016.2445 45.7613
2016.2473 48.8652
2016.2500 48.3767
2016.2527 49.1160
2016.2555 49.3631
2016.2582 50.3283
2016.2609 54.5117
2016.2637 52.1735
2016.2664 52.7439
2016.2691 54.4731
2016.2719 54.2212
2016.2746 53.2884
2016.2773 50.8649
2016.2801 51.6809
2016.2828 52.1465
2016.2855 50.7419
2016.2882 50.1273
2016.2910 51.2629
2016.2937 50.8988
2016.2964 56.9952
2016.2992 49.8623
2016.3019 48.7302
2016.3046 51.6992
2016.3074 51.7594
2016.3101 49.7710
2016.3128 50.2342
2016.3156 55.7491
2016.3183 55.8059
2016.3210 50.0548
2016.3238 48.6860
2016.3265 49.8296
2016.3292 50.1758
2016.3320 51.1646
2016.3347 53.8360
2016.3374 52.7297
2016.3402 51.4156
2016.3429 45.7134
2016.3456 36.5830
2016.3484 49.7043
2016.3511 42.8570
2016.3538 47.3709
2016.3566 45.3260
2016.3593 46.1520
2016.3620 48.5088
2016.3648 49.9261
2016.3675 50.8538
2016.3702 46.6818
2016.3729 49.7697
2016.3757 46.9776
2016.3784 47.9852
2016.3811 50.7123
2016.3839 52.6687
2016.3866 55.7043
2016.3893 56.2189
2016.3921 54.3923
2016.3948 51.9844
2016.3975 53.8749
2016.4003 48.2538
2016.4030 43.0007
2016.4057 43.5556
2016.4085 45.1483
2016.4112 46.9586
2016.4139 47.3767
2016.4167 48.9446
2016.4194 48.9725
2016.4221 44.2303
2016.4249 47.8780
2016.4276 39.6458
2016.4303 43.6834
2016.4331 40.7911
2016.4358 45.4687
2016.4385 46.7463
2016.4413 45.2938
2016.4440 44.4014
2016.4467 42.5389
2016.4495 46.4564
2016.4522 49.1640
2016.4549 46.4115
2016.4576 43.1990
2016.4604 46.6265
2016.4631 45.6640
2016.4658 49.4815
2016.4686 44.8991
2016.4713 46.5666
2016.4740 42.6642
2016.4768 44.2719
2016.4795 41.5995
2016.4822 40.0972
2016.4850 37.5849
2016.4877 38.3826
2016.4904 37.3504
2016.4932 38.2883
2016.4959 39.5262
2016.4986 42.8142
2016.5014 42.0422
2016.5041 38.1203
2016.5068 39.2084
2016.5096 37.3966
2016.5123 33.9848
2016.5150 36.2531
2016.5178 39.6415
2016.5232 33.1882
2016.5260 35.5766
2016.5287 36.7850
2016.5314 37.8135
2016.5342 38.2720
2016.5369 38.2605
2016.5396 41.6289
2016.5423 39.2974
2016.5451 41.0759
2016.5478 39.9644
2016.5505 40.9429
2016.5533 38.1913
2016.5560 33.7998
2016.5587 35.6482
2016.5615 32.7166
2016.5642 33.7550
2016.5669 37.4833
2016.5697 38.4816
2016.5724 38.7398
2016.5751 41.4081
2016.5779 37.3662
2016.5806 39.9343
2016.5833 36.7106
2016.5861 36.5429
2016.5888 37.7116
2016.5915 37.0568
2016.5943 34.3690
2016.5970 38.0684
2016.5997 39.7352
2016.6025 37.0299
2016.6052 38.2026
2016.6079 39.3537
2016.6107 35.9635
2016.6134 38.9722
2016.6161 38.0302
2016.6189 36.0577
2016.6216 34.7851
2016.6243 35.2326
2016.6270 40.6605
2016.6298 36.8392
2016.6325 39.5788
2016.6352 41.5898
2016.6380 38.7424
2016.6407 39.2969
2016.6434 40.8535
2016.6462 41.8426
2016.6489 42.8245
2016.6516 40.0895
2016.6544 41.1179
2016.6571 41.3598
2016.6598 40.2158
2016.6626 39.4559
2016.6653 39.6506
2016.6680 36.8493
2016.6708 39.0117
2016.6735 41.2875
2016.6762 41.5864
2016.6790 41.7283
2016.6817 39.2629
2016.6844 41.2600
2016.6872 38.7793
2016.6899 39.9805
2016.6926 37.3835
2016.6954 40.9880
2016.6981 46.2338
2016.7008 43.1506
2016.7035 43.5682
2016.7063 39.1663
2016.7090 39.2847
2016.7117 41.5532
2016.7145 40.5816
2016.7172 36.4195
2016.7199 37.1067
2016.7227 41.5631
2016.7254 40.5284
2016.7281 39.6422
2016.7309 41.7945
2016.7336 36.4249
2016.7363 38.6132
2016.7391 42.2292
2016.7418 36.3527
2016.7445 41.3533
2016.7473 39.9709
2016.7500 40.1061
2016.7527 38.5411
2016.7555 40.2260
2016.7582 40.9608
2016.7609 40.5953
2016.7637 43.4297
2016.7664 42.8339
2016.7691 43.2279
2016.7719 43.0417
2016.7746 38.3253
2016.7773 41.8687
2016.7801 40.1719
2016.7828 40.4748
2016.7855 43.8875
2016.7882 43.2699
2016.7910 44.1321
2016.7937 36.8040
2016.7964 46.3156
2016.7992 43.7670
2016.8019 49.7680
2016.8046 49.6788
2016.8074 49.9092
2016.8101 51.1094
2016.8128 49.6492
2016.8156 50.5586
2016.8183 50.8277
2016.8210 50.1565
2016.8238 48.1249
2016.8265 51.8129
2016.8292 51.2406
2016.8320 52.2278
2016.8347 46.6550
2016.8374 49.0420
2016.8402 50.6590
2016.8429 48.0159
2016.8456 50.7726
2016.8484 48.6790
2016.8511 50.2651
2016.8538 46.7909
2016.8566 43.4964
2016.8593 47.0813
2016.8620 48.8058
2016.8648 49.8097
2016.8675 50.1831
2016.8702 48.0558
2016.8729 50.8878
2016.8757 50.3390
2016.8784 50.7395
2016.8811 57.4291
2016.8839 59.4178
2016.8866 57.5856
2016.8893 63.7524
2016.8921 62.4982
2016.8948 61.6228
2016.8975 58.4363
2016.9003 59.8386
2016.9030 59.1597
2016.9331 52.7934
2016.9358 47.8967
2016.9385 50.2389
2016.9413 50.1801
2016.9440 50.9505
2016.9467 52.9701
2016.9495 50.6090
2016.9522 50.2674
2016.9549 47.9354
2016.9576 48.3931
2016.9604 50.1206
2016.9631 47.1480
2016.9658 45.4754
2016.9686 51.1730
2016.9713 50.9608
2016.9740 48.2889
2016.9768 47.4076
2016.9795 46.6668
2016.9822 48.1067
2016.9850 49.5374
2016.9877 46.9990
2016.9904 47.1416
2016.9932 48.0554
2016.9959 47.6504
2016.9986 48.7868
2017.0014 48.7245
2017.0041 47.0431
2017.0068 48.2123
2017.0096 49.7022
2017.0123 45.9127
2017.0151 46.1337
2017.0178 45.0752
2017.0205 46.3271
2017.0233 52.6694
2017.0260 49.0621
2017.0288 52.1350
2017.0315 53.2282
2017.0342 50.4915
2017.0370 50.2950
2017.0397 50.1085
2017.0425 45.2121
2017.0452 47.4956
2017.0479 47.6990
2017.0507 48.1623
2017.0534 52.1255
2017.0562 50.5384
2017.0589 48.6110
2017.0616 52.4632
2017.0644 51.7051
2017.0671 53.8865
2017.0699 53.2275
2017.0726 54.2378
2017.0753 53.4376
2017.0781 52.8268
2017.0808 53.9552
2017.0836 56.0718
2017.0863 52.4057
2017.0890 54.2571
2017.0918 52.6861
2017.0945 50.2129
2017.0973 49.3879
2017.1000 48.3210
2017.1027 47.4326
2017.1055 50.5029
2017.1082 53.0319
2017.1110 52.6600
2017.1137 52.1874
2017.1164 55.9841
2017.1192 51.2205
2017.1219 51.8867
2017.1247 53.0129
2017.1274 52.0893
2017.1301 50.5361
2017.1329 51.9435
2017.1356 50.2417
2017.1384 49.5009
2017.1411 52.0612
2017.1438 51.2030
2017.1466 52.7063
2017.1493 50.3615
2017.1521 48.5185
2017.1548 49.3078
2017.1575 49.6594
2017.1603 52.2736
2017.1630 53.0907
2017.1658 45.2222
2017.1685 47.6277
2017.1712 51.8972
2017.1740 52.1503
2017.1767 47.6767
2017.1795 48.7262
2017.1822 54.9984
2017.1849 50.7631
2017.1877 53.6700
2017.1904 53.5588
2017.1931 53.1892
2017.1959 55.7409
2017.1986 53.2236
2017.2014 52.1672
2017.2041 54.4711
2017.2068 58.3853
2017.2096 56.4394
2017.2123 57.1931
2017.2151 57.5261
2017.2178 59.7682
2017.2205 60.3991
2017.2233 56.5784
2017.2260 53.0159
2017.2288 56.0413
2017.2315 54.8144
2017.2342 55.6047
2017.2370 54.2522
2017.2397 57.9564
2017.2425 53.0870
2017.2452 56.3439
2017.2479 53.9968
2017.2507 55.6359
2017.2534 49.7716
2017.2562 55.5940
2017.2589 47.1336
2017.2616 54.4205
2017.2644 56.7052
2017.2671 57.4878
2017.2699 57.0886
2017.2726 58.8380
2017.2753 56.4362
2017.2781 56.7335
2017.2808 57.2102
2017.2836 56.1165
2017.2863 54.3729
2017.2890 56.8195
2017.2918 54.1167
2017.2945 56.4047
2017.2973 56.3238
2017.3000 58.3143
2017.3027 54.5966
2017.3055 55.9008
2017.3082 51.9073
2017.3110 59.9963
2017.3137 57.3082
2017.3164 56.9732
2017.3192 53.0416
2017.3219 52.5438
2017.3247 52.2799
2017.3274 53.2303
2017.3301 52.4750
2017.3329 57.1121
2017.3356 57.2410
2017.3384 61.2618
2017.3411 60.6041
2017.3438 63.4280
2017.3466 63.8832
2017.3493 58.8096
2017.3521 59.8871
2017.3548 58.7754
2017.3575 59.5046
2017.3603 57.0944
2017.3630 57.0546
2017.3658 60.0853
2017.3685 64.8361
2017.3712 55.4770
2017.3740 56.6778
2017.3767 55.7684
2017.3794 53.4986
2017.3822 55.7883
2017.3849 56.0174
2017.3877 53.7056
2017.3904 53.0630
2017.3931 53.2693
2017.3959 49.3343
2017.3986 50.3680
2017.4014 48.1602
2017.4041 50.6407
2017.4068 51.0895
2017.4096 54.5863
2017.4123 50.6910
2017.4151 53.1745
2017.4178 52.6974
2017.4205 52.8998
2017.4233 54.7919
2017.4260 54.7735
2017.4288 56.3948
2017.4315 55.4459
2017.4342 55.8567
2017.4370 57.5673
2017.4397 54.2077
2017.4425 52.9080
2017.4452 51.3183
2017.4479 52.4885
2017.4507 52.9987
2017.4534 63.9990
2017.4562 58.8694
2017.4589 48.1899
2017.4616 51.0306
2017.4644 51.3816
2017.4671 53.7628
2017.4699 54.4143
2017.4726 53.0862
2017.4753 51.6585
2017.4781 57.6612
2017.4808 55.6144
2017.4836 48.7382
2017.4863 49.7325
2017.4890 51.1874
2017.4918 49.9930
2017.4945 51.8393
2017.4973 48.8863
2017.5000 52.0033
2017.5027 54.0204
2017.5055 53.4074
2017.5082 55.2944
2017.5110 54.8114
2017.5137 56.8785
2017.5164 56.2255
2017.5192 59.1326
2017.5219 56.5496
2017.5247 55.5867
2017.5274 53.4239
2017.5301 51.6710
2017.5329 56.0982
2017.5356 55.8754
2017.5384 55.1726
2017.5411 54.3599
2017.5438 55.2872
2017.5466 50.7846
2017.5493 54.8820
2017.5521 54.2695
2017.5548 57.6770
2017.5575 57.1646
2017.5603 54.0822
2017.5630 53.7700
2017.5658 54.8378
2017.5685 55.2656
2017.5712 57.1035
2017.5740 55.5316
2017.5767 60.8797
2017.5794 60.5678
2017.5822 57.5361
2017.5849 54.8244
2017.5877 58.3727
2017.5904 56.9209
2017.5931 53.3692
2017.5959 55.3675
2017.5986 58.0758
2017.6014 57.3941
2017.6041 51.9524
2017.6068 58.8607
2017.6096 53.3490
2017.6123 56.3873
2017.6151 57.9256
2017.6178 55.0040
2017.6205 57.0423
2017.6233 54.2906
2017.6260 54.5489
2017.6288 53.9972
2017.6315 52.4756
2017.6342 53.9739
2017.6370 56.4622
2017.6397 57.4305
2017.6425 58.4389
2017.6452 58.7672
2017.6479 57.3555
2017.6507 60.5439
2017.6534 58.6722
2017.6562 57.0205
2017.6589 57.3489
2017.6616 54.8672
2017.6644 58.4055
2017.6671 54.2539
2017.6699 54.6523
2017.6726 57.8107
2017.6753 57.0692
2017.6781 56.5277
2017.6808 56.0762
2017.6836 55.4048
2017.6863 45.4534
2017.6890 58.9020
2017.6918 59.2106
2017.6945 55.3092
2017.6973 53.4779
2017.7000 54.5466
2017.7027 58.5052
2017.7055 56.8139
2017.7082 63.2926
2017.7110 56.6613
2017.7137 57.3600
2017.7164 57.1186
2017.7192 56.5073
2017.7219 57.0460
2017.7247 57.8846
2017.7274 57.6132
2017.7301 60.2918
2017.7329 57.2204
2017.7356 58.6890
2017.7384 56.7075
2017.7411 56.8160
2017.7438 58.0845
2017.7466 59.3529
2017.7493 54.5811
2017.7521 54.9278
2017.7548 55.3030
2017.7575 56.2467
2017.7603 55.7991
2017.7630 55.6801
2017.7658 55.6001
2017.7685 56.1089
2017.7712 52.6068
2017.7740 54.6938
2017.7767 57.5200
2017.7794 55.4856
2017.7822 53.6706
2017.7849 50.4250
2017.7877 52.7391
2017.7904 50.2429
2017.7931 51.5765
2017.7959 52.6801
2017.7986 50.3436
2017.8014 54.8072
2017.8041 53.1710
2017.8068 56.6651
2017.8096 54.1696
2017.8123 54.0645
2017.8151 53.5701
2017.8178 53.0964
2017.8205 55.9234
2017.8233 52.2213
2017.8260 53.1101
2017.8288 54.4201
2017.8315 52.4012
2017.8342 53.5246
2017.8370 52.3913
2017.8397 52.4809
2017.8425 53.7832
2017.8452 54.3979
2017.8479 51.7147
2017.8507 57.0135
2017.8534 58.1338
2017.8562 59.6255
2017.8589 55.6484
2017.8616 58.3920
2017.8644 55.1062
2017.8671 57.5607
2017.8699 57.5352
2017.8726 56.8994
2017.8753 58.6832
2017.8781 57.8062
2017.8808 58.1481
2017.8836 55.1888
2017.8863 56.4879
2017.8890 55.5951
2017.8918 55.8802
2017.8945 59.6630
2017.8973 55.6631
2017.9000 56.2304
2017.9027 53.3544
2017.9055 56.2351
2017.9082 55.6120
2017.9110 55.4150
2017.9137 55.7437
2017.9164 62.2385
2017.9192 58.1124
2017.9219 56.2060
2017.9247 59.7494
2017.9274 56.5526
2017.9301 56.6656
2017.9329 55.5883
2017.9356 58.4609
2017.9384 57.5633
2017.9411 57.0556
2017.9438 52.7877
2017.9466 54.6698
2017.9493 53.0117
2017.9521 53.2936
2017.9548 56.2354
2017.9575 54.3971
2017.9603 55.8788
2017.9630 55.1905
2017.9658 55.3022
2017.9685 56.5640
2017.9712 55.7257
2017.9740 55.6375
2017.9767 57.0294
2017.9795 54.8214
2017.9822 51.3735
2017.9849 50.9557
2017.9877 52.1481
2017.9904 52.4606
2017.9931 54.3633
2017.9959 54.4761
2017.9986 52.6092
2018.0014 54.6125
2018.0041 53.8858
2018.0068 55.5291
2018.0096 53.4424
2018.0123 53.8458
2018.0151 53.8392
2018.0178 54.6025
2018.0205 55.2259
2018.0233 57.0693
2018.0260 56.3627
2018.0288 57.8561
2018.0315 55.9695
2018.0342 57.6429
2018.0370 60.9963
2018.0397 56.1198
2018.0425 55.3132
2018.0452 58.3666
2018.0479 57.3900
2018.0507 61.5734
2018.0534 61.7068
2018.0562 59.9403
2018.0589 57.8737
2018.0616 60.7871
2018.0644 59.0504
2018.0671 57.2538
2018.0699 58.7972
2018.0726 63.0006
2018.0753 61.5639
2018.0781 60.3673
2018.0808 60.5106
2018.0836 62.4335
2018.0863 61.1457
2018.0890 60.8273
2018.0918 56.9882
2018.0945 58.8586
2018.0973 53.7685
2018.1000 56.0880
2018.1027 59.4071
2018.1055 59.1959
2018.1082 56.8045
2018.1110 58.5929
2018.1137 60.0311
2018.1164 59.6493
2018.1192 60.9175
2018.1219 58.3257
2018.1247 58.2340
2018.1274 55.2625
2018.1301 55.1712
2018.1329 58.5502
2018.1356 55.1196
2018.1384 57.5394
2018.1411 58.7696
2018.1438 56.9203
2018.1466 57.9417
2018.1493 58.0136
2018.1521 56.7063
2018.1548 56.5798
2018.1575 57.2740
2018.1603 58.0092
2018.1630 59.4660
2018.1658 59.3283
2018.1685 62.3465
2018.1712 60.2101
2018.1740 59.6188
2018.1767 60.3522
2018.1795 63.3199
2018.1822 57.5816
2018.1849 60.6468
2018.1877 56.3752
2018.1904 63.9964
2018.1931 59.6601
2018.1959 60.0858
2018.1986 59.6532
2018.2014 61.3019
2018.2041 59.8015
2018.2068 59.4017
2018.2096 62.1220
2018.2123 61.2322
2018.2151 62.8618
2018.2178 64.2304
2018.2205 63.7077
2018.2233 56.6533
2018.2260 62.1268
2018.2288 65.6978
2018.2315 59.1660
2018.2342 66.1710
2018.2370 69.2724
2018.2397 62.1098
2018.2425 63.6229
2018.2452 64.2312
2018.2479 68.8369
2018.2507 72.1223
2018.2534 71.1974
2018.2562 65.6623
2018.2589 69.0969
2018.2616 66.2913
2018.2644 69.0356
2018.2671 66.5696
2018.2699 67.4735
2018.2726 68.1874
2018.2753 70.6511
2018.2781 70.2047
2018.2808 72.1283
2018.2836 70.3119
2018.2863 71.2755
2018.2890 72.2292
2018.2918 71.3829
2018.2945 70.8666
2018.2973 70.5505
2018.3000 70.4045
2018.3027 68.1387
2018.3055 72.0130
2018.3082 74.7575
2018.3110 74.1423
2018.3137 68.6873
2018.3164 69.6726
2018.3192 67.1682
2018.3219 71.3841
2018.3247 65.7603
2018.3274 67.6770
2018.3301 68.2839
2018.3329 68.8309
2018.3356 69.5579
2018.3384 65.3349
2018.3411 68.0120
2018.3438 68.2790
2018.3466 68.6260
2018.3493 69.7631
2018.3521 69.4802
2018.3548 71.8673
2018.3575 71.3744
2018.3603 70.1616
2018.3630 68.6189
2018.3658 69.9062
2018.3685 69.1735
2018.3712 68.3709
2018.3740 79.6983
2018.3767 74.5659
2018.3794 70.2835
2018.3822 69.6212
2018.3849 67.9989
2018.3877 68.3468
2018.3904 67.0347
2018.3931 65.2027
2018.3959 66.9609
2018.3986 65.8291
2018.4014 68.5175
2018.4041 67.5659
2018.4068 65.5245
2018.4096 68.1332
2018.4123 59.8921
2018.4151 59.7413
2018.4178 64.9312
2018.4205 61.9317
2018.4233 62.6427
2018.4260 63.4442
2018.4288 62.5461
2018.4315 61.1585
2018.4342 64.1613
2018.4370 62.6243
2018.4397 65.0577
2018.4425 63.3012
2018.4452 64.1350
2018.4479 59.9490
2018.4507 59.0330
2018.4534 60.1671
2018.4562 62.0612
2018.4589 57.5553
2018.4616 58.1994
2018.4644 56.9133
2018.4671 53.9171
2018.4699 58.2307
2018.4726 57.8940
2018.4753 57.7871
2018.4781 59.3498
2018.4808 60.3922
2018.4836 60.2341
2018.4863 58.1156
2018.4890 57.7066
2018.4918 58.7871
2018.4945 59.4270
2018.4973 59.4562
2018.5000 58.7346
2018.5027 60.6323
2018.5055 53.1693
2018.5082 59.3156
2018.5110 61.9313
2018.5137 56.5164
2018.5164 59.9511
2018.5192 64.2253
2018.5219 62.0790
2018.5247 61.5224
2018.5274 62.3455
2018.5301 56.7684
2018.5329 57.1210
2018.5356 62.4935
2018.5384 59.5458
2018.5411 63.1181
2018.5438 62.3104
2018.5466 60.5227
2018.5493 69.1751
2018.5521 66.5577
2018.5548 65.2704
2018.5575 65.4734
2018.5603 65.9266
2018.5630 65.3402
2018.5658 64.3942
2018.5685 60.0286
2018.5712 56.8935
2018.5740 57.9089
2018.5767 55.6849
2018.5794 58.6916
2018.5822 57.2889
2018.5849 58.2371
2018.5877 60.4961
2018.5904 62.6658
2018.5931 58.5961
2018.5959 61.2071
2018.5986 61.8086
2018.6014 61.2107
2018.6041 65.7331
2018.6068 66.7260
2018.6096 61.2492
2018.6123 62.0627
2018.6151 63.9564
2018.6178 65.9002
2018.6205 63.7041
2018.6233 62.4181
2018.6260 59.2121
2018.6288 60.5060
2018.6315 60.6298
2018.6342 59.0034
2018.6370 60.2867
2018.6397 60.9298
2018.6425 59.3925
2018.6452 60.8847
2018.6479 59.4165
2018.6507 57.4178
2018.6534 57.8685
2018.6562 61.7485
2018.6589 63.0979
2018.6616 64.4965
2018.6644 64.5843
2018.6671 64.5109
2018.6699 63.5564
2018.6726 64.7906
2018.6753 65.2637
2018.6781 66.0858
2018.6808 67.5670
2018.6836 58.0773
2018.6863 57.1869
2018.6890 58.4557
2018.6918 56.9640
2018.6945 61.0918
2018.6973 58.2692
2018.7000 57.3162
2018.7027 59.2629
2018.7055 58.9595
2018.7082 55.4060
2018.7110 54.7825
2018.7137 56.2391
2018.7164 56.8058
2018.7192 58.5129
2018.7219 59.5302
2018.7247 56.1180
2018.7274 53.7862
2018.7301 55.1351
2018.7329 56.1747
2018.7356 55.4050
2018.7384 54.9361
2018.7411 57.2082
2018.7466 59.9355
2018.7493 61.1310
2018.7521 58.4277
2018.7548 60.8657
2018.7575 57.6348
2018.7603 55.9151
2018.7630 58.4563
2018.7658 57.8084
2018.7685 63.1713
2018.7712 57.3549
2018.7740 58.3691
2018.7767 58.8639
2018.7794 58.1991
2018.7822 58.9646
2018.7849 63.1704
2018.7877 58.3764
2018.7904 55.5224
2018.7931 55.8185
2018.7959 59.1544
2018.7986 59.9501
2018.8014 58.5555
2018.8041 57.4706
2018.8068 61.1151
2018.8096 61.4891
2018.8123 60.8925
2018.8151 60.5051
2018.8178 61.8169
2018.8205 62.9678
2018.8233 73.1276
2018.8260 65.8263
2018.8288 66.5939
2018.8315 69.6801
2018.8342 66.7850
2018.8370 66.6285
2018.8397 67.8909
2018.8425 69.6020
2018.8452 66.4321
2018.8479 67.5812
2018.8507 64.0194
2018.8534 61.9668
2018.8562 63.3835
2018.8589 60.4195
2018.8616 64.0849
2018.8644 62.4199
2018.8671 62.3044
2018.8699 63.0087
2018.8726 63.4027
2018.8753 60.5166
2018.8781 62.9304
2018.8808 62.3043
2018.8836 59.2282
2018.8863 60.1524
2018.8890 61.7668
2018.8918 62.4416
2018.8945 61.2368
2018.8973 59.2026
2018.9000 58.9090
2018.9027 58.4961
2018.9055 58.6939
2018.9082 57.4627
2018.9110 58.5124
2018.9137 55.8431
2018.9164 61.0451
2018.9192 57.3994
2018.9219 56.6061
2018.9247 56.8449
2018.9274 56.8256
2018.9301 58.4481
2018.9329 58.9622
2018.9356 58.1377
2018.9384 57.4244
2018.9411 58.7922
2018.9438 56.3607
2018.9466 59.4800
2018.9493 59.3297
2018.9521 60.9597
2018.9548 58.7498
2018.9575 57.7499
2018.9603 56.6497
2018.9630 56.6590
2018.9658 59.2177
2018.9685 58.9656
2018.9712 60.3925
2018.9740 58.6382
2018.9767 61.5625
2018.9795 59.0453
2018.9822 62.2464
2018.9849 65.9055
2018.9877 63.8925
2018.9904 60.7273
2018.9931 61.1795
2018.9959 63.4691
2018.9986 62.1959
2019.0014 63.0496
2019.0041 64.6505
2019.0068 60.0987
2019.0096 65.2044
2019.0123 67.3378
2019.0151 69.4592
2019.0178 66.7186
2019.0205 63.6163
2019.0233 64.9124
2019.0260 61.3272
2019.0288 61.9909
2019.0315 62.0535
2019.0342 64.6754
2019.0370 63.5567
2019.0397 63.9076
2019.0425 63.4583
2019.0452 63.3589
2019.0479 65.2397
2019.0507 66.8909
2019.0534 62.9126
2019.0562 63.6950
2019.0589 62.4683
2019.0616 62.9727
2019.0644 65.1985
2019.0671 65.3757
2019.0699 62.4045
2019.0726 66.2253
2019.0753 64.2781
2019.0781 61.7331
2019.0808 64.3005
2019.0836 60.0993
2019.0863 56.2681
2019.0890 61.3971
2019.0918 62.8261
2019.0945 63.2753
2019.0973 64.7446
2019.1000 66.3640
2019.1027 63.3035
2019.1055 64.6332
2019.1082 61.8130
2019.1110 60.9729
2019.1137 61.7130
2019.1164 59.1932
2019.1192 62.7236
2019.1219 62.9442
2019.1247 63.4349
2019.1274 64.1058
2019.1301 60.8468
2019.1329 61.7280
2019.1356 59.0695
2019.1384 61.9811
2019.1411 60.0329
2019.1438 61.4549
2019.1466 62.3771
2019.1493 63.8795
2019.1521 60.1821
2019.1548 63.1449
2019.1575 64.6280
2019.1603 60.9913
2019.1630 59.2447
2019.1658 63.5378
2019.1685 62.6706
2019.1712 64.0332
2019.1740 62.6156
2019.1767 62.2378
2019.1795 59.2300
2019.1822 63.9022
2019.1849 62.7845
2019.1877 63.0569
2019.1904 63.1795
2019.1931 63.2624
2019.1959 61.7356
2019.1986 63.5492
2019.2014 64.6633
2019.2041 64.6779
2019.2068 62.7031
2019.2096 58.8989
2019.2123 64.0955
2019.2151 61.4628
2019.2178 63.2210
2019.2205 64.9501
2019.2233 64.7502
2019.2260 65.4413
2019.2288 64.4635
2019.2315 66.8469
2019.2342 66.1815
2019.2370 64.8175
2019.2397 64.3748
2019.2425 66.9135
2019.2452 64.1037
2019.2479 63.6050
2019.2507 64.0269
2019.2534 66.4093
2019.2562 67.1823
2019.2589 65.8257
2019.2616 67.1496
2019.2644 63.6239
2019.2671 66.1486
2019.2699 65.1937
2019.2726 65.7790
2019.2753 65.8846
2019.2781 58.9205
2019.2808 64.4966
2019.2836 61.5529
2019.2863 60.8293
2019.2890 63.9158
2019.2918 64.2623
2019.2945 64.2890
2019.2973 64.9856
2019.3000 64.8021
2019.3027 62.6187
2019.3055 63.7851
2019.3082 66.4314
2019.3110 60.9575
2019.3137 63.2734
2019.3164 64.5890
2019.3192 63.8044
2019.3219 64.9795
2019.3247 64.6842
2019.3274 65.7886
2019.3301 63.4426
2019.3329 63.5867
2019.3356 63.2710
2019.3384 69.1054
2019.3411 67.6900
2019.3438 67.9646
2019.3466 67.2992
2019.3493 64.9339
2019.3521 63.6987
2019.3548 65.9434
2019.3575 67.8780
2019.3603 61.9327
2019.3630 62.9972
2019.3658 63.6516
2019.3685 60.0459
2019.3712 61.0601
2019.3740 61.7541
2019.3767 61.5278
2019.3794 60.3514
2019.3822 60.4647
2019.3849 62.6477
2019.3877 60.7404
2019.3904 58.9529
2019.3931 55.9249
2019.3959 59.6066
2019.3986 60.9279
2019.4014 60.1888
2019.4041 60.2693
2019.4068 61.3493
2019.4096 60.3888
2019.4123 52.2478
2019.4151 58.8062
2019.4178 61.9238
2019.4205 61.3509
2019.4233 62.9172
2019.4260 62.8130
2019.4288 59.4382
2019.4315 61.6628
2019.4342 58.7769
2019.4370 59.8304
2019.4397 60.7735
2019.4425 66.4962
2019.4452 63.0284
2019.4479 57.4502
2019.4507 62.1117
2019.4534 62.6427
2019.4562 64.6735
2019.4589 61.5240
2019.4616 61.2542
2019.4644 63.8242
2019.4671 60.3139
2019.4699 66.2435
2019.4726 67.7629
2019.4753 64.1722
2019.4781 66.9013
2019.4808 67.7404
2019.4836 69.1794
2019.4863 69.6284
2019.4890 68.0274
2019.4918 68.5865
2019.4945 64.8055
2019.4973 67.3747
2019.5000 66.0537
2019.5027 65.9128
2019.5055 61.8017
2019.5082 64.7206
2019.5110 64.0694
2019.5137 62.3282
2019.5164 63.2469
2019.5192 59.2256
2019.5219 65.0443
2019.5247 65.8130
2019.5274 66.9816
2019.5301 66.3702
2019.5329 68.5888
2019.5356 68.7575
2019.5384 66.7261
2019.5411 63.9047
2019.5438 65.8534
2019.5466 64.3621
2019.5493 64.0008
2019.5521 64.3295
2019.5548 63.3483
2019.5575 66.6271
2019.5603 69.1860
2019.5630 69.1449
2019.5658 73.2840
2019.5685 71.7430
2019.5712 72.4822
2019.5740 70.7814
2019.5767 67.9707
2019.5794 67.2502
2019.5822 69.6497
2019.5849 67.7293
2019.5877 70.1889
2019.5904 69.6887
2019.5931 69.3385
2019.5959 68.2184
2019.5986 66.9983
2019.6014 64.6383
2019.6041 65.1783
2019.6068 65.5784
2019.6096 66.4985
2019.6123 69.5287
2019.6151 66.6388
2019.6178 68.1690
2019.6205 59.3993
2019.6233 59.4295
2019.6260 54.5298
2019.6288 69.0200
2019.6315 58.1503
2019.6342 66.1305
2019.6370 66.3908
2019.6397 69.2710
2019.6425 65.6512
2019.6452 67.5414
2019.6479 68.2515
2019.6507 65.6416
2019.6534 66.6717
2019.6562 65.6118
2019.6589 62.3518
2019.6616 60.8817
2019.6644 61.7316
2019.6671 68.1310
2019.6699 65.9396
2019.6726 64.7374
2019.6753 66.5746
2019.6781 64.5911
2019.6808 65.6671
2019.6836 64.5027
2019.6863 63.9278
2019.6890 61.6626
2019.6918 65.7672
2019.6945 61.9317
2019.6973 56.7460
2019.7000 59.7904
2019.7027 58.3048
2019.7055 58.2893
2019.7082 65.8140
2019.7110 65.2590
2019.7137 63.4944
2019.7164 63.1602
2019.7192 64.2365
2019.7219 65.1834
2019.7247 66.2709
2019.7274 63.4192
2019.7301 63.2183
2019.7329 63.3182
2019.7356 59.2591
2019.7384 61.0310
2019.7411 61.6041
2019.7438 59.9782
2019.7466 65.7837
2019.7493 69.2704
2019.7521 70.7877
2019.7548 65.4155
2019.7575 65.0239
2019.7603 64.7827
2019.7630 64.0220
2019.7658 63.0017
2019.7685 65.0818
2019.7712 67.1823
2019.7740 65.2132
2019.7767 65.5443
2019.7794 62.2158
2019.7822 62.9475
2019.7849 64.0194
2019.7877 64.8615
2019.7904 65.5239
2019.7931 67.8464
2019.7959 70.2090
2019.7986 67.3017
2019.8014 63.6244
2019.8041 66.4573
2019.8068 62.4801
2019.8096 61.8429
2019.8123 64.2757
2019.8151 64.9284
2019.8178 62.3110
2019.8205 67.3135
2019.8233 65.4759
2019.8260 66.6781
2019.8288 67.2101
2019.8315 68.8418
2019.8342 69.2136
2019.8370 69.4355
2019.8397 68.8376
2019.8425 66.1099
2019.8452 67.4624
2019.8479 65.9850
2019.8507 65.1777
2019.8534 68.1705
2019.8562 65.3334
2019.8589 65.3164
2019.8616 65.1995
2019.8644 68.1126
2019.8671 64.8057
2019.8699 66.3789
2019.8726 67.4420
2019.8753 65.2552
2019.8781 65.1983
2019.8808 64.0214
2019.8836 64.1544
2019.8863 61.4573
2019.8890 62.8702
2019.8918 59.3729
2019.8945 61.1955
2019.8973 63.9080
2019.9000 63.4003
2019.9027 63.3925
2019.9055 61.0044
2019.9082 65.1162
2019.9110 62.1678
2019.9137 64.9391
2019.9164 64.4695
2019.9192 65.0545
2019.9219 66.9139
2019.9247 64.0879
2019.9274 62.4869
2019.9301 63.1913
2019.9329 72.4414
2019.9356 73.6377
2019.9384 72.5105
2019.9411 72.7401
2019.9438 75.5870
2019.9466 76.1315
2019.9493 74.6539
2019.9521 73.3247
2019.9548 71.5943
2019.9575 73.5529
2019.9603 69.3910
2019.9630 71.1689
2019.9658 72.9570
2019.9685 73.4657
2019.9712 77.2953
2019.9740 73.0562
2019.9767 77.3788
2019.9795 78.6235
2019.9822 76.4106
2019.9849 75.6804
2019.9877 76.9635
2019.9904 78.8700
2019.9931 78.1705
2019.9959 80.2453
2019.9986 73.4247
2020.0014 75.3387
2020.0041 75.5451
2020.0068 77.6235
2020.0096 75.7637
2020.0123 78.3956
2020.0150 72.5789
2020.0178 76.8336
2020.0205 74.6595
2020.0232 76.8164
2020.0260 75.4843
2020.0287 73.7930
2020.0314 71.6623
2020.0342 72.1421
2020.0369 75.3922
2020.0396 75.2725
2020.0423 74.1329
2020.0451 75.2833
2020.0478 71.1634
2020.0505 72.1731
2020.0533 73.2123
2020.0560 74.7409
2020.0587 73.3387
2020.0615 72.7655
2020.0642 75.8012
2020.0669 76.7458
2020.0697 72.3689
2020.0724 80.3805
2020.0751 86.9205
2020.0779 83.8086
2020.0806 86.0949
2020.0833 80.5089
2020.0861 82.3306
2020.0888 76.2001
2020.0915 76.4578
2020.0943 78.2737
2020.0970 76.5280
2020.0997 75.6609
2020.1025 75.4727
2020.1052 73.6134
2020.1079 68.0733
2020.1107 76.2125
2020.1134 74.8213
2020.1161 74.9598
2020.1189 76.7381
2020.1216 76.0966
2020.1243 75.9653
2020.1270 78.3645
2020.1298 72.8543
2020.1325 74.0149
2020.1352 72.8866
2020.1380 74.6794
2020.1407 73.8036
2020.1434 77.4893
2020.1462 76.1568
2020.1489 74.4462
2020.1516 76.2277
2020.1544 76.6715
2020.1571 75.7078
2020.1598 72.2867
2020.1626 77.2384
2020.1653 75.9228
2020.1680 73.6397
2020.1708 73.8087
2020.1735 73.1699
2020.1762 74.9530
2020.1790 74.3079
2020.1817 78.3743
2020.1844 74.0721
2020.1872 72.3012
2020.1899 76.5413
2020.1926 79.0623
2020.1954 75.6941
2020.1981 78.3263
2020.2008 77.3790
2020.2035 80.3618
2020.2063 79.3047
2020.2090 76.2074
2020.2117 76.6899
2020.2145 78.8018
2020.2172 83.8431
2020.2199 82.7436
2020.2227 81.2930
2020.2254 83.1513
2020.2281 83.3782
2020.2309 78.6436
2020.2336 78.1774
2020.2363 78.9393
2020.2391 79.2891
2020.2418 77.0767
2020.2445 77.6020
2020.2473 71.3952
2020.2500 74.4375
2020.2527 74.5789
2020.2555 76.4795
2020.2582 72.4995
2020.2609 76.8989
2020.2637 78.5177
2020.2664 76.2760
2020.2691 80.9239
2020.2719 74.9115
2020.2746 74.6488
2020.2773 81.0759
2020.2801 75.2929
2020.2828 76.1398
2020.2855 75.7567
2020.2882 70.2737
2020.2910 70.4108
2020.2937 77.5681
2020.2964 77.7958
2020.2992 75.6938
2020.3019 76.5722
2020.3046 75.2611
2020.3074 72.5005
2020.3101 74.4706
2020.3128 73.6414
2020.3156 74.9030
2020.3183 76.7554
2020.3210 77.1487
2020.3238 74.5230
2020.3265 72.2883
2020.3292 69.6648
2020.3320 65.2017
2020.3347 67.7688
2020.3374 71.3659
2020.3402 71.6031
2020.3429 71.0505
2020.3456 70.5880
2020.3484 68.5956
2020.3511 68.7132
2020.3538 71.6111
2020.3566 69.6790
2020.3593 74.4270
2020.3620 72.5052
2020.3648 72.1734
2020.3675 73.1718
2020.3702 74.9704
2020.3729 74.5790
2020.3757 73.2577
2020.3784 72.4666
2020.3811 73.7856
2020.3839 73.5448
2020.3866 72.7040
2020.3893 71.3734
2020.3921 71.5329
2020.3948 70.4925
2020.3975 71.5923
2020.4003 71.7722
2020.4030 70.8823
2020.4057 71.8124
2020.4085 73.3027
2020.4112 76.0832
2020.4139 79.6738
2020.4167 80.1147
2020.4194 82.0361
2020.4221 79.8477
2020.4249 81.1296
2020.4276 76.2918
2020.4303 79.3843
2020.4331 79.7969
2020.4358 83.7498
2020.4385 82.1429
2020.4413 78.7361
2020.4440 81.0094
2020.4467 77.1729
2020.4495 77.7464
2020.4522 75.8200
2020.4549 81.1536
2020.4576 79.5773
2020.4604 80.0809
2020.4631 78.2145
2020.4658 76.8880
2020.4686 76.3215
2020.4713 73.7848
2020.4740 74.3580
2020.4768 76.3611
2020.4795 72.1640
2020.4822 71.8667
2020.4850 70.0791
2020.4877 69.4113
2020.4904 72.3733
2020.4932 71.8649
2020.4959 73.6262
2020.4986 72.5071
2020.5014 72.6574
2020.5041 73.0772
2020.5068 70.7264
2020.5096 71.6951
2020.5123 74.6333
2020.5150 71.3109
2020.5178 72.3480
2020.5205 72.1445
2020.5232 73.2905
2020.5260 76.6959
2020.5287 74.6909
2020.5314 78.5953
2020.5342 82.0091
2020.5369 78.8224
2020.5396 77.0152
2020.5423 73.2675
2020.5451 73.0592
2020.5478 75.2404
2020.5505 72.1811
2020.5533 71.6812
2020.5560 73.8108
2020.5587 74.7699
2020.5615 76.5384
2020.5642 79.8265
2020.5669 80.1440
2020.5697 80.3510
2020.5724 77.3874
2020.5751 79.1434
2020.5779 75.5388
2020.5806 78.2937
2020.5833 77.7772
2020.5861 78.7984
2020.5888 79.0373
2020.5915 80.2942
2020.5943 78.3392
2020.5970 77.1524
2020.5997 74.4141
2020.6025 75.8743
2020.6052 74.6533
2020.6079 72.0012
2020.6107 72.2882
2020.6134 74.1544
2020.6161 75.6900
2020.6189 71.5051
2020.6216 69.9600
2020.6243 69.9147
2020.6270 70.9595
2020.6298 65.4644
2020.6325 68.9098
2020.6352 68.5556
2020.6380 70.2821
2020.6407 68.1695
2020.6434 70.9579
2020.6462 79.0374
2020.6489 79.2483
2020.6516 74.8907
2020.6544 70.5547
2020.6571 66.4305
2020.6598 73.5283
2020.6626 70.9283
2020.6653 70.0304
2020.6680 73.3633
2020.6708 78.4966
2020.6735 74.8803
2020.6762 75.3043
2020.6790 77.7386
2020.6817 74.7233
2020.6844 72.4983
2020.6872 72.8237
2020.6899 73.9694
2020.6926 74.6654
2020.6954 75.5717
2020.6981 77.7583
2020.7008 76.5852
2020.7035 71.1924
2020.7063 68.9899
2020.7090 69.8877
2020.7117 68.5757
2020.7145 68.7641
2020.7172 72.3627
2020.7199 73.9216
2020.7227 70.6307
2020.7254 69.1901
2020.7281 71.3998
2020.7309 70.8597
2020.7336 69.1198
2020.7363 70.1602
2020.7391 72.0908
2020.7418 71.3616
2020.7445 69.8126
2020.7473 73.8839
2020.7500 77.0853
2020.7527 80.8467
2020.7555 80.4082
2020.7582 76.8197
2020.7609 78.3513
2020.7637 80.6131
2020.7664 77.1551
2020.7691 78.0673
2020.7719 77.8897
2020.7746 78.3224
2020.7773 74.8054
2020.7801 76.2288
2020.7828 75.6625
2020.7855 79.4167
2020.7882 79.1213
2020.7910 79.4664
2020.7937 74.8420
2020.7964 77.3781
2020.7992 76.4848
2020.8019 75.9522
2020.8046 78.0502
2020.8074 79.2488
2020.8101 75.6282
2020.8128 77.4184
2020.8156 76.6793
2020.8183 73.3210
2020.8210 76.2136
2020.8238 73.6371
2020.8265 74.2215
2020.8292 75.0768
2020.8320 74.5132
2020.8347 76.3509
2020.8374 75.2301
2020.8402 74.8808
2020.8429 73.2828
2020.8456 73.0460
2020.8484 69.2804
2020.8511 69.3159
2020.8538 70.8023
2020.8566 64.9995
2020.8593 74.9575
2020.8620 72.4162
2020.8648 77.3755
2020.8675 75.8853
2020.8702 75.6855
2020.8729 71.5060
2020.8757 73.7067
2020.8784 71.4475
2020.8811 69.1583
2020.8839 68.9891
2020.8866 66.7097
2020.8893 64.2101
2020.8921 71.8601
2020.8948 72.4796
2020.8975 72.1787
2020.9003 71.7871
2020.9030 73.2847
2020.9057 72.1716
2020.9085 70.9576
2020.9112 74.8625
2020.9139 80.1864
2020.9167 73.8992
2020.9194 76.2119
2020.9221 71.1043
2020.9249 71.4867
2020.9276 76.9389
2020.9303 77.3708
2020.9331 73.1426
2020.9358 74.4241
2020.9385 75.5053
2020.9413 76.2963
2020.9440 84.4070
2020.9467 88.3274
2020.9495 77.3174
2020.9522 79.3471
2020.9549 81.3764
2020.9576 81.0054
2020.9604 78.1039
2020.9631 76.0119
2020.9658 75.9696
2020.9686 76.5067
2020.9713 80.5234
2020.9740 77.5195
2020.9768 77.0751
2020.9795 78.6702
2020.9822 76.7347
2020.9850 82.2786
2020.9877 78.5419
2020.9904 77.2946
2020.9932 81.1366
2020.9959 78.0380
2020.9986 76.8786
2021.0014 79.1083
2021.0041 81.4657
2021.0068 81.0505
2021.0096 82.6030
2021.0123 80.2534
2021.0151 80.0018
2021.0178 81.3085
2021.0205 81.0835
2021.0233 80.0770
2021.0260 78.6593
2021.0288 81.1804
2021.0315 75.9606
2021.0342 75.5201
2021.0370 76.8289
2021.0397 77.3174
2021.0425 74.5356
2021.0452 76.0637
2021.0479 76.1319
2021.0507 76.4004
2021.0534 75.6594
2021.0562 77.3689
2021.0589 76.4593
2021.0616 78.4906
2021.0644 82.8031
2021.0671 80.1868
2021.0699 81.4621
2021.0726 77.9690
2021.0753 75.0277
2021.0781 75.1284
2021.0808 76.3713
2021.0836 84.6857
2021.0863 80.1607
2021.0890 80.8263
2021.0918 82.9625
2021.0945 80.1994
2021.0973 84.0568
2021.1000 78.5248
2021.1027 77.5634
2021.1055 77.8326
2021.1082 80.9423
2021.1110 78.6625
2021.1137 78.8233
2021.1164 78.7646
2021.1192 80.5865
2021.1219 79.0488
2021.1247 77.7016
2021.1274 78.2349
2021.1301 78.0886
2021.1329 75.1028
2021.1356 76.2475
2021.1384 71.9026
2021.1411 78.2681
2021.1438 80.0140
2021.1466 82.1804
2021.1493 79.9471
2021.1521 79.4142
2021.1548 81.6217
2021.1575 80.1996
2021.1603 80.3178
2021.1630 80.6666
2021.1658 77.9880
2021.1685 76.8820
2021.1712 78.5084
2021.1740 80.9570
2021.1767 77.7876
2021.1795 76.6900
2021.1822 80.1141
2021.1849 83.0295
2021.1877 75.0761
2021.1904 78.1338
2021.1931 77.6022
2021.1959 76.8413
2021.1986 78.6607
2021.2014 78.0404
2021.2041 80.8000
2021.2068 80.9295
2021.2096 81.5386
2021.2123 80.6370
2021.2151 80.5747
2021.2178 82.5113
2021.2205 86.1868
2021.2233 79.3608
2021.2726 82.5704
2021.2753 79.8115
2021.2781 81.6015
2021.2808 82.6507
2021.2836 81.7593
2021.2863 83.7175
2021.2890 89.5854
2021.2918 86.9733
2021.2945 80.9114
2021.2973 79.2998
2021.3000 81.8789
2021.3027 82.4987
2021.3055 78.6395
2021.3082 84.1314
2021.3110 78.1148
2021.3137 77.5797
2021.3164 77.7465
2021.3192 78.3352
2021.3219 77.6461
2021.3247 76.2294
2021.3274 79.9953
2021.3301 80.4738
2021.3329 76.9441
2021.3356 76.2859
2021.3384 77.9791
2021.3411 78.5235
2021.3438 78.1290
2021.3466 77.7556
2021.3493 79.2331
2021.3521 80.1314
2021.3548 80.0904
2021.3575 81.8699
2021.3603 80.3099
2021.3630 81.6402
2021.3658 80.3407
2021.3685 75.3513
2021.3712 80.6719
2021.3740 80.8424
2021.3767 87.8126
2021.3794 97.7125
2021.3822 93.6318
2021.3849 90.3006
2021.3877 91.0087
2021.3904 84.2359
2021.3931 86.4122
2021.3959 83.4874
2021.3986 84.1415
2021.4014 80.5442
2021.4041 86.0156
2021.4068 82.4054
2021.4096 83.1136
2021.4123 86.2701
2021.4151 78.8645
2021.4178 84.0068
2021.4205 79.3672
2021.4233 79.4357
2021.4260 86.7027
2021.4288 81.9082
2021.4315 83.9324
2021.4342 84.9954
2021.4370 84.4174
2021.4397 90.7886
2021.4425 89.4091
2021.4452 84.8491
2021.4479 84.9288
2021.4507 82.2782
2021.4534 84.8475
2021.4562 85.9670
2021.4589 85.1167
2021.4616 86.3469
2021.4644 85.8376
2021.4671 86.0791
2021.4699 89.3014
2021.4726 84.8648
2021.4753 90.0194
2021.4781 84.6054
2021.4808 87.4929
2021.4836 86.3821
2021.4863 84.0731
2021.4890 85.6761
2021.4918 80.7313
2021.4945 81.0688
2021.4973 87.6086
2021.5000 84.9995
2021.5027 84.9313
2021.5055 84.1140
2021.5082 83.5874
2021.5110 88.2516
2021.5137 81.1664
2021.5164 85.3617
2021.5192 83.5576
2021.5219 83.3739
2021.5247 85.3705
2021.5274 81.9675
2021.5301 82.3247
2021.5329 79.8221
2021.5356 75.0596
2021.5384 82.7271
2021.5411 79.0845
2021.5438 80.1119
2021.5466 77.9291
2021.5493 78.4461
2021.5521 80.4327
2021.5548 80.3390
2021.5575 79.8749
2021.5603 81.7502
2021.5630 79.9750
2021.5658 79.4491
2021.5685 78.2926
2021.5712 81.4652
2021.5740 82.4070
2021.5767 80.0980
2021.5794 83.3679
2021.5822 84.8869
2021.5849 86.1455
2021.5877 84.5740
2021.5904 85.9722
2021.5931 86.8402
2021.5959 83.9281
2021.5986 85.5958
2021.6014 82.5634
2021.6041 79.1109
2021.6068 77.4082
2021.6096 78.2855
2021.6123 79.5928
2021.6151 82.9299
2021.6178 78.1471
2021.6205 83.4343
2021.6233 78.1114
2021.6260 76.8886
2021.6288 74.6159
2021.6315 75.6232
2021.6342 79.6806
2021.6370 77.5581
2021.6397 79.6058
2021.6425 83.0635
2021.6452 78.8215
2021.6479 81.7296
2021.6507 78.0379
2021.6534 78.5764
2021.6562 77.7952
2021.6589 80.0342
2021.6616 81.6035
2021.6644 80.4930
2021.6671 77.9628
2021.6699 76.6227
2021.6726 78.7126
2021.6753 76.6627
2021.6781 79.5028
2021.6808 80.1431
2021.6836 77.1434
2021.6863 80.5738
2021.6890 76.9944
2021.6918 81.2550
2021.6945 84.5457
2021.6973 86.9966
2021.7000 85.6875
2021.7027 86.4585
2021.7055 82.1196
2021.7082 80.5008
2021.7110 80.3022
2021.7137 78.3436
2021.7164 79.0151
2021.7192 81.4067
2021.7219 80.3084
2021.7247 84.6002
2021.7274 83.0821
2021.7301 86.2441
2021.7329 83.9162
2021.7356 83.4584
2021.7384 84.9707
2021.7411 85.0631
2021.7438 81.1156
2021.7466 82.3482
2021.7493 83.6409
2021.7521 81.5443
2021.7548 84.0182
2021.7575 84.9127
2021.7603 88.1077
2021.7630 88.6832
2021.7658 86.1091
2021.7685 86.9455
2021.7712 83.5022
2021.7740 81.2892
2021.7767 82.7966
2021.7794 82.7342
2021.7822 80.6620
2021.7849 83.0300
2021.7877 81.2881
2021.7904 79.7263
2021.7931 83.8146
2021.7959 82.9130
2021.7986 80.2313
2021.8014 79.0896
2021.8041 79.8478
2021.8068 84.9158
2021.8096 86.2138
2021.8123 81.6115
2021.8151 79.6790
2021.8178 81.4361
2021.8205 74.5530
2021.8233 78.0396
2021.8260 77.4357
2021.8288 74.7315
2021.8315 78.7667
2021.8342 75.7211
2021.8370 76.8341
2021.8397 74.2360
2021.8425 75.4467
2021.8452 80.0264
2021.8479 78.8052
2021.8507 79.2231
2021.8534 77.8802
2021.8562 77.8967
2021.8589 81.7826
2021.8616 79.2880
2021.8644 78.2730
2021.8671 78.1577
2021.8699 80.3022
2021.8726 81.1365
2021.8753 80.4208
2021.8781 78.1351
2021.8808 79.8496
2021.8836 80.3342
2021.8863 82.5392
2021.8918 83.3204
2021.8945 85.8769
2021.8973 84.0740
2021.9000 81.8818
2021.9027 81.5105
2021.9055 86.8101
2021.9082 85.4908
2021.9110 85.0225
2021.9137 90.2555
2021.9164 85.4899
2021.9192 88.8870
2021.9219 86.7369
2021.9247 82.0694
2021.9274 84.3642
2021.9301 86.5411
2021.9329 81.3001
2021.9356 78.3509
2021.9384 83.4132
2021.9411 85.6870
2021.9438 87.0721
2021.9466 85.5781
2021.9493 83.9250
2021.9521 84.4825
2021.9548 83.3806
2021.9575 83.5889
2021.9603 87.3873
2021.9630 90.7755
2021.9658 88.2335
2021.9685 87.2210
2021.9712 81.7679
2021.9740 79.1638
2021.9767 86.1588
2021.9795 83.6924
2021.9822 85.2547
2021.9849 87.7553
2021.9877 89.2741
2021.9904 83.3109
2021.9931 85.9156
2021.9959 84.7278
2021.9986 83.1575
2022.0014 87.3545
2022.0041 84.1098
2022.0068 85.5135
2022.0096 83.6157
2022.0123 80.1166
2022.0151 81.0763
2022.0178 83.3049
2022.0205 88.3425
2022.0233 85.1593
2022.0260 86.3552
2022.0288 89.1705
2022.0315 84.2852
2022.0342 86.1496
2022.0370 83.0036
2022.0397 81.6874
2022.0425 84.6311
2022.0452 85.3048
2022.0479 85.6486
2022.0507 85.7727
2022.0534 87.0572
2022.0562 86.4421
2022.0589 84.0376
2022.0616 82.2538
2022.0644 82.0208
2022.0671 86.0287
2022.0699 89.3977
2022.0726 88.3978
2022.0753 83.6292
2022.0781 91.0419
2022.0808 91.6761
2022.0836 92.1522
2022.0863 85.3904
2022.0890 86.8504
2022.0918 87.0022
2022.0945 86.7255
2022.0973 87.1502
2022.1000 83.9661
2022.1027 83.4831
2022.1055 82.4309
2022.1082 82.6493
2022.1110 80.5783
2022.1137 83.4077
2022.1164 82.8172
2022.1192 87.2366
2022.1219 87.0259
2022.1247 83.8849
2022.1274 81.1733
2022.1301 83.1010
2022.1329 83.6779
2022.1356 84.2137
2022.1384 82.2982
2022.1411 89.6714
2022.1438 82.8930
2022.1466 86.3629
2022.1493 83.6308
2022.1521 81.3867
2022.1548 84.4403
2022.1575 85.2815
2022.1603 84.3400
2022.1630 83.6361
2022.1658 84.5011
2022.1685 87.1452
2022.1712 83.7586
2022.1740 82.8812
2022.1767 85.6530
2022.1795 88.7242
2022.1822 87.4747
2022.1849 90.2346
2022.1877 93.3839
2022.1904 90.9426
2022.1931 90.1308
2022.1959 91.1384
2022.1986 91.2556
2022.2014 89.7524
2022.2041 88.5687
2022.2068 91.6847
2022.2096 90.5603
2022.2123 93.6355
2022.2151 95.0905
2022.2178 93.3553
2022.2205 86.6498
2022.2233 93.5041
2022.2260 93.0083
2022.2288 91.6224
2022.2315 91.2763
2022.2342 90.2802
2022.2370 89.5040
2022.2397 88.8579
2022.3548 91.3210
2022.3575 89.9269
2022.3603 89.0640
2022.3630 87.7923
2022.3658 88.2816
2022.3685 94.0719
2022.3712 97.8932
2022.3740 97.4652
2022.3767 96.4181
2022.3794 97.2417
2022.3822 91.8060
2022.3849 86.3409
2022.3877 89.0963
2022.3904 92.5421
2022.3931 86.4083
2022.3959 83.4049
2022.3986 84.7917
2022.4014 79.4887
2022.4041 87.5259
2022.4068 87.4731
2022.4096 83.5902
2022.4123 88.2474
2022.4151 86.3850
2022.4178 85.2535
2022.4205 82.7730
2022.4233 84.5134
2022.4260 82.6045
2022.4288 84.2763
2022.4315 80.2188
2022.4342 84.5118
2022.4370 83.4453
2022.4397 84.0692
2022.4425 87.4735
2022.4452 86.9580
2022.4479 85.0428
2022.4507 83.0376
2022.4534 85.3626
2022.4562 86.4675
2022.4589 87.1023
2022.4616 83.7970
2022.4644 87.8014
2022.4671 88.0756
2022.4699 85.0493
2022.4726 85.8027
2022.4753 86.1955
2022.4781 83.9977
2022.4808 87.9893
2022.4836 89.7501
2022.4863 89.1001
2022.4890 87.9593
2022.4918 88.1075
2022.4945 85.9947
2022.4973 83.8607
2022.5000 84.4345
2022.5027 81.3463
2022.5055 81.8061
2022.5082 84.6740
2022.5110 85.0904
2022.5137 86.2652
2022.5164 87.1587
2022.5192 88.7910
2022.5219 91.5922
2022.5247 88.1225
2022.5274 82.3921
2022.5301 82.8211
2022.5329 85.9797
2022.5356 94.5680
2022.5384 92.4161
2022.5411 95.3243
2022.5438 96.4426
2022.5466 100.2812
2022.5493 100.5104
2022.5521 100.5001
2022.5548 101.9606
2022.5575 101.6820
2022.5603 92.0345
2022.5630 92.5083
2022.5658 92.6034
2022.5685 86.6700
2022.5712 86.5684
2022.5740 86.8385
2022.5767 88.1807
2022.5794 86.4250
2022.5822 86.2516
2022.5849 86.7109
2022.5877 93.0427
2022.5904 95.7968
2022.5931 93.4731
2022.5959 91.1213
2022.5986 89.5113
2022.6014 91.8329
2022.6041 90.4358
2022.6068 88.9100
2022.6096 88.6652
2022.6123 88.0813
2022.6151 87.9680
2022.6178 102.5051
2022.6205 108.6426
2022.6233 104.7301
2022.6260 103.3776
2022.6288 103.4247
2022.6315 102.6315
2022.6342 89.1975
2022.6370 92.5727
2022.6397 92.3269
2022.6425 92.4199
2022.6452 89.0415
2022.6479 90.7915
2022.6507 90.2598
2022.6534 94.0061
2022.6562 90.9502
2022.6589 94.4921
2022.6616 92.6114
2022.6644 91.6880
2022.6671 91.6830
2022.6699 95.3077
2022.6726 92.4120
2022.6753 90.6360
2022.6781 89.6697
2022.6808 93.5130
2022.6836 97.1060
2022.6863 97.6786
2022.6890 93.5809
2022.6918 92.5429
2022.6945 95.0946
2022.6973 94.5660
2022.7000 94.3570
2022.7027 93.3078
2022.7055 94.9282
2022.7082 93.4984
2022.7110 92.3582
2022.7137 93.8878
2022.7164 90.2970
2022.7192 90.2360
2022.7219 91.2747
2022.7247 93.3831
2022.7274 91.0312
2022.7301 90.3991
2022.7329 94.2666
2022.7356 92.6040
2022.7384 95.3610
2022.7411 98.2478
2022.7438 94.5143
2022.7466 91.8706
2022.7493 90.0267
2022.7521 88.9026
2022.7548 87.4385
2022.7575 89.3142
2022.7603 89.7298
2022.7630 87.0153
2022.7658 91.8505
2022.7685 89.5756
2022.7712 91.9105
2022.7767 91.7895
2022.7794 91.6336
2022.7822 89.6874
2022.7849 87.4609
2022.7877 92.9741
2022.7904 92.9269
2022.7931 93.9194
2022.7959 87.6515
2022.7986 91.3631
2022.8014 88.8044
2022.8041 87.5651
2022.8068 86.2755
2022.8096 85.9253
2022.8123 85.9546
2022.8151 87.4434
2022.8178 89.2817
2022.8205 86.0294
2022.8233 88.6465
2022.8260 91.6830
2022.8288 90.8889
2022.8315 93.8341
2022.8342 88.1785
2022.8370 87.8320
2022.8397 89.0444
2022.8425 89.6860
2022.8452 89.9566
2022.8479 88.0863
2022.8507 85.5152
2022.8534 92.8032
2022.8562 90.1404
2022.8589 87.3768
2022.8616 84.9625
2022.8644 91.4474
2022.8671 88.2416
2022.8699 92.3050
2022.8726 91.6879
2022.8753 91.3300
2022.8781 86.6516
2022.8808 95.8525
2022.8836 87.6629
2022.8863 91.3127
2022.8890 89.3819
2022.8918 90.2907
2022.8945 94.7690
2022.8973 91.9268
2022.9000 90.1342
2022.9027 87.8012
2022.9055 84.2878
2022.9082 85.8541
2022.9110 92.3700
2022.9137 86.1456
2022.9164 91.4209
2022.9192 88.0659
2022.9219 88.8806
2022.9247 89.2249
2022.9274 86.7989
2022.9301 89.2026
2022.9329 88.7659
2022.9356 90.2089
2022.9384 89.1415
2022.9411 91.7837
2022.9438 88.7656
2022.9466 88.8871
2022.9493 90.8282
2022.9521 89.5689
2022.9548 85.8592
2022.9575 88.8392
2022.9603 85.7687
2022.9630 86.6377
2022.9658 83.1864
2022.9685 87.6946
2022.9712 85.7224
2022.9740 86.0298
2022.9767 84.6967
2022.9795 88.7531
2022.9822 88.9191
2022.9849 87.5946
2022.9877 86.8296
2022.9904 88.4441
2022.9931 89.9082
2022.9959 89.1717
2022.9986 87.5848
