2008.0260 -0.4647
2008.0287 -4.2545
2008.0314 -6.9354
2008.0342 -10.9272
2008.0369 -8.2996
2008.0396 -13.6124
2008.0423 -6.4552
2008.0451 -8.0078
2008.0478 -9.9500
2008.0505 -8.1415
2008.0533 -9.9520
2008.0560 -10.9613
2008.0587 -12.1591
2008.0615 -9.2651
2008.0642 -10.8791
2008.0669 -9.5309
2008.0697 -11.2101
2008.0724 -11.1564
2008.0751 -7.7497
2008.0779 -7.8997
2008.0806 -7.4361
2008.0833 -13.9589
2008.0861 -13.5885
2008.0888 -9.9752
2008.0915 -8.6593
2008.0943 -13.1809
2008.0970 -9.2003
2008.0997 -9.0777
2008.1025 -7.0034
2008.1052 -6.8177
2008.1079 -8.3707
2008.1107 -9.7127
2008.1134 -6.4440
2008.1161 -6.4247
2008.1189 -6.5552
2008.1216 -14.6556
2008.1243 -8.7963
2008.1270 -9.7874
2008.1298 -10.1291
2008.1325 -6.5518
2008.1352 -8.4457
2008.1380 -8.0610
2008.1407 -8.5079
2008.1434 -4.1867
2008.1462 -6.7877
2008.1489 -8.5910
2008.1516 -7.4469
2008.1544 -13.5157
2008.1571 -14.2476
2008.1598 -12.3228
2008.1626 -13.0615
2008.1653 -14.5436
2008.1680 -8.8487
2008.1708 -6.0467
2008.1735 -9.5072
2008.1762 -10.6201
2008.1790 -15.1252
2008.1817 -14.4721
2008.1844 -11.9207
2008.1872 -11.4307
2008.1899 -13.5919
2008.1926 -15.7740
2008.1954 -10.4269
2008.1981 -13.1203
2008.2008 -13.8839
2008.2035 -17.0175
2008.2063 -15.1010
2008.2090 -9.3240
2008.2117 -15.0763
2008.2145 -18.4777
2008.2172 -21.6080
2008.2199 -18.7969
2008.2227 -16.6342
2008.2254 -21.1996
2008.2281 -18.9130
2008.2309 -15.7341
2008.2336 -16.1526
2008.2363 -14.8284
2008.2391 -13.1111
2008.2418 -17.3006
2008.2445 -14.1567
2008.2473 -11.5400
2008.2500 -11.5931
2008.2527 -10.9358
2008.2555 -12.1183
2008.2582 -13.3406
2008.2609 -7.5626
2008.2637 -16.9743
2008.2664 -14.2058
2008.2691 -10.2169
2008.2719 -12.9978
2008.2746 -15.6884
2008.2773 -13.0586
2008.2801 -14.3986
2008.2828 -16.5382
2008.2855 -14.5276
2008.2882 -14.1565
2008.2910 -10.5752
2008.2937 -10.6135
2008.2964 -14.9215
2008.2992 -10.5191
2008.3019 -11.3263
2008.3046 -11.6732
2008.3074 -16.3897
2008.3101 -15.1558
2008.3128 -17.6215
2008.3156 -16.4769
2008.3183 -17.9718
2008.3210 -18.1263
2008.3238 -16.8704
2008.3265 -10.1741
2008.3292 -11.4074
2008.3320 -12.3802
2008.3347 -9.5427
2008.3374 -11.9047
2008.3402 -15.0864
2008.3429 -14.5177
2008.3456 -11.9488
2008.3484 -15.9696
2008.3511 -12.6401
2008.3538 -14.5705
2008.3566 -19.0207
2008.3593 -16.8408
2008.3620 -5.6908
2008.3648 -17.5407
2008.3675 -16.4205
2008.3702 -14.7404
2008.3729 -18.4202
2008.3757 -14.2702
2008.3784 -13.6202
2008.3811 -9.2303
2008.3839 -16.5905
2008.3866 -12.6210
2008.3893 -10.5216
2008.3921 -4.3725
2008.3948 -8.2737
2008.3975 -3.6551
2008.4003 -6.8669
2008.4030 -5.4391
2008.4057 -3.9017
2008.4085 -3.8047
2008.4112 -6.7581
2008.4139 -13.4023
2008.4167 -7.3381
2008.4194 -7.7455
2008.4221 -8.5044
2008.4249 -2.5946
2008.4276 -2.1661
2008.4303 -4.7486
2008.4331 -4.3320
2008.4358 -3.1362
2008.4385 -6.5911
2008.4413 -4.5965
2008.4440 -7.9022
2008.4467 -8.0582
2008.4495 -7.4744
2008.4522 -10.9304
2008.4549 -14.0364
2008.4576 -13.4120
2008.4604 -11.3871
2008.4631 -7.1017
2008.4658 -10.7056
2008.4686 -10.3386
2008.4713 -11.4606
2008.4740 -8.1715
2008.4768 -10.9511
2008.4795 -9.1693
2008.4822 -9.0360
2008.4850 -8.9409
2008.4877 -13.1841
2008.4904 -13.0154
2008.4932 -14.3245
2008.4959 -14.7414
2008.4986 -15.9569
2008.5014 -8.6720
2008.5041 -7.8567
2008.5068 -15.5010
2008.5096 -14.0649
2008.5123 -11.7585
2008.5150 -10.5418
2008.5178 -10.4847
2008.5205 -6.6674
2008.5232 -11.1299
2008.5260 -10.9222
2008.5287 -12.6242
2008.5314 -9.3261
2008.5342 -15.9078
2008.5369 -14.9495
2008.5396 -13.7810
2008.5423 -9.1624
2008.5451 -10.0138
2008.5478 -10.0452
2008.5505 -14.0166
2008.5533 -13.5880
2008.5560 -10.8294
2008.5587 -14.2510
2008.5615 -8.2026
2008.5642 -2.4143
2008.5669 -7.4162
2008.5697 -5.3682
2008.5724 -9.4405
2008.5751 -11.2530
2008.5779 -8.7157
2008.5806 -10.9186
2008.5833 -13.8219
2008.5861 -13.7154
2008.5888 -15.2891
2008.5915 -11.6831
2008.5943 -18.9873
2008.5970 -16.7716
2008.5997 -15.6961
2008.6025 -17.0608
2008.6052 -13.1456
2008.6079 -17.4405
2008.6107 -15.7156
2008.6134 -14.7807
2008.6161 -13.0258
2008.6189 -13.4610
2008.6216 -17.8263
2008.6243 -18.8715
2008.6270 -23.6968
2008.6298 -23.9720
2008.6325 -21.1672
2008.6352 -20.6923
2008.6380 -28.8374
2008.6407 -19.9223
2008.6434 -23.0472
2008.6462 -20.1319
2008.6489 -29.6865
2008.6516 -23.9109
2008.6544 -20.9852
2008.6571 -26.7292
2008.6598 -24.7830
2008.6626 -20.9066
2008.6653 -20.1096
2008.6680 -18.4065
2008.6708 -15.0561
2008.6735 -9.7490
2008.6762 -18.4756
2008.6790 -14.3166
2008.6817 -18.8325
2008.6844 -20.0837
2008.6872 -19.4408
2008.6899 -20.5544
2008.6926 -19.1850
2008.6954 -21.1632
2008.6981 -24.8893
2008.7008 -25.1641
2008.7035 -25.8379
2008.7063 -19.8015
2008.7090 -19.1652
2008.7117 -25.0896
2008.7145 -15.0953
2008.7172 -21.1428
2008.7199 -18.8525
2008.7227 -19.6152
2008.7254 -16.6412
2008.7281 -23.8911
2008.7309 -19.0555
2008.7336 -17.5849
2008.7363 -19.7598
2008.7391 -19.9207
2008.7418 -21.1382
2008.7445 -23.3129
2008.7473 -23.8152
2008.7500 -22.6636
2008.7527 -26.3039
2008.7555 -23.1259
2008.7582 -16.1694
2008.7609 -20.5244
2008.7637 -23.2210
2008.7664 -20.2991
2008.7691 -19.1086
2008.7719 -19.3495
2008.7746 -14.6618
2008.7773 -17.4654
2008.7801 -16.2304
2008.7828 -13.3466
2008.7855 -15.7441
2008.7882 -15.5028
2008.7910 -13.5726
2008.7937 -20.1336
2008.7964 -18.2857
2008.7992 -14.2489
2008.8019 -18.5431
2008.8046 -19.3383
2008.8074 -18.9745
2008.8101 -15.1716
2008.8128 -21.4297
2008.8156 -15.9985
2008.8183 -13.5283
2008.8210 -16.5888
2008.8238 -13.4401
2008.8265 -15.9221
2008.8292 -19.2448
2008.8320 -13.2481
2008.8347 -9.2127
2008.8374 -15.9185
2008.8402 -12.1555
2008.8429 -16.0936
2008.8456 -17.0827
2008.8484 -19.2726
2008.8511 -17.9332
2008.8538 -14.6544
2008.8566 -14.5661
2008.8593 -16.8581
2008.8620 -12.3304
2008.8648 -12.4029
2008.8675 -15.5353
2008.8702 -18.8976
2008.8729 -18.7297
2008.8757 -21.1014
2008.8784 -17.2127
2008.8811 -14.0233
2008.8839 -13.2933
2008.8866 -19.0824
2008.8893 -14.7606
2008.8921 -13.2977
2008.8948 -11.5137
2008.8975 -17.7483
2008.9003 -16.6715
2008.9030 -16.3032
2008.9057 -16.9432
2008.9085 -12.6014
2008.9112 -14.7577
2008.9139 -13.1920
2008.9167 -11.9746
2008.9194 -8.9368
2008.9221 -9.2490
2008.9249 -10.2511
2008.9276 -10.6332
2008.9303 -11.8352
2008.9331 -11.2971
2008.9358 -4.9990
2008.9385 -4.2909
2008.9413 -8.0926
2008.9440 -5.6243
2008.9467 -3.9560
2008.9495 -6.6276
2008.9522 -5.2992
2008.9549 -4.1908
2008.9576 -3.8322
2008.9604 -2.8437
2008.9631 0.3649
2008.9658 -4.3665
2008.9686 -4.7078
2008.9713 -2.0391
2008.9740 -7.1004
2008.9768 0.4384
2008.9795 -4.7328
2008.9822 -5.2240
2008.9850 -2.1852
2008.9877 -4.4263
2008.9904 -2.3874
2008.9932 -3.6985
2008.9959 0.4604
2008.9986 -1.0107
2009.0014 -0.0117
2009.0041 1.7973
2009.0068 -0.7836
2009.0096 -1.2443
2009.0123 -4.6950
2009.0151 -5.7256
2009.0178 -6.0762
2009.0205 -8.4767
2009.0233 -7.5371
2009.0260 -8.2875
2009.0288 -6.5778
2009.0315 -9.0282
2009.0342 -7.4285
2009.0370 -4.0388
2009.0397 -2.7390
2009.0425 -5.0293
2009.0452 -5.1396
2009.0479 -6.4100
2009.0507 -9.9903
2009.0534 -6.7907
2009.0562 -8.1911
2009.0589 -7.7616
2009.0616 -6.8622
2009.0644 -3.0428
2009.0671 -7.6235
2009.0699 -10.3142
2009.0726 -7.7051
2009.0753 -3.5961
2009.0781 -7.0772
2009.0808 -6.9384
2009.0836 -1.9812
2009.0863 -3.7169
2009.0890 -6.3454
2009.0918 -8.4664
2009.0945 -8.3396
2009.0973 -8.1849
2009.1000 -4.0721
2009.1027 -1.8309
2009.1055 -3.1911
2009.1082 -3.2426
2009.1110 -5.9350
2009.1137 -0.3083
2009.1164 -4.3721
2009.1192 -4.2362
2009.1219 -1.4605
2009.1247 -8.5748
2009.1274 -4.1487
2009.1301 -11.0221
2009.1329 -7.1949
2009.1356 -6.0667
2009.1384 -6.2673
2009.1411 -5.4966
2009.1438 -5.1844
2009.1466 -4.9703
2009.1493 -6.5143
2009.1521 -5.9960
2009.1548 -8.1953
2009.1575 -9.4020
2009.1603 -10.8458
2009.1630 -11.0068
2009.1658 -7.5865
2009.1685 -9.9452
2009.1712 -5.1629
2009.1740 -3.7698
2009.1767 -4.0758
2009.1795 -6.4211
2009.1822 -8.6957
2009.1849 -4.3698
2009.1877 -5.6632
2009.1904 -3.4362
2009.1931 -9.6688
2009.1959 -4.5911
2009.1986 -6.3831
2009.2014 -7.3549
2009.2041 -2.5265
2009.2068 -4.4381
2009.2096 -5.0697
2009.2123 -5.0314
2009.2151 -8.0732
2009.2178 -9.9052
2009.2205 -3.8975
2009.2233 -5.0601
2009.2260 -6.6931
2009.2288 -3.0067
2009.2315 -1.0707
2009.2342 -4.1354
2009.2370 -7.7808
2009.2397 -14.4469
2009.2425 -13.9539
2009.2452 -11.2217
2009.2479 -15.2403
2009.2507 -16.8793
2009.2534 -15.4688
2009.2562 -15.4088
2009.2589 -14.2091
2009.2616 -15.0698
2009.2644 -14.5008
2009.2671 -5.9320
2009.2699 -7.9635
2009.2726 -7.2253
2009.2753 -9.2172
2009.2781 -14.0992
2009.2808 -3.8814
2009.2836 -3.1236
2009.2863 -4.5459
2009.2890 -10.1881
2009.2918 -8.8403
2009.2945 -11.1125
2009.2973 -12.7945
2009.3000 -10.5364
2009.3027 -8.5582
2009.3055 -8.1197
2009.3082 -7.3609
2009.3110 -10.6919
2009.3137 -4.8126
2009.3164 -10.6229
2009.3192 -10.7328
2009.3219 -11.4523
2009.3247 -9.3613
2009.3274 -11.9498
2009.3301 -13.0376
2009.3329 -7.0832
2009.3356 -7.0366
2009.3384 -4.7778
2009.3411 -13.7972
2009.3438 -20.3549
2009.3466 -11.6609
2009.3493 -15.6956
2009.3521 -16.2191
2009.3548 -17.7516
2009.3575 -16.1331
2009.3603 -11.5940
2009.3630 -15.2244
2009.3658 -12.2244
2009.3685 -11.6642
2009.3712 -13.8841
2009.3740 -13.9441
2009.3767 -18.0444
2009.3794 -14.2553
2009.3822 -19.1469
2009.3849 -17.0993
2009.3877 -16.7428
2009.3904 -19.8674
2009.3931 -11.4135
2009.3959 -12.1911
2009.3986 -12.6705
2009.4014 -10.5517
2009.4041 -10.3750
2009.4068 -7.9006
2009.4096 -12.9286
2009.4123 -13.2092
2009.4151 -14.1920
2009.4178 -11.4965
2009.4205 -13.4226
2009.4233 -13.7001
2009.4260 -16.8589
2009.4288 -13.7190
2009.4315 -14.0103
2009.4342 -16.3126
2009.4370 -17.0958
2009.4397 -9.2399
2009.4425 -12.4346
2009.4452 -16.1200
2009.4479 -16.3959
2009.4507 -17.0223
2009.4534 -19.6389
2009.4562 -21.4157
2009.4589 -19.0627
2009.4616 -18.0196
2009.4644 -15.3264
2009.4671 -12.5030
2009.4699 -11.1792
2009.4726 -14.5051
2009.4753 -15.1604
2009.4781 -17.2250
2009.4808 -20.5089
2009.4836 -17.5720
2009.4863 -17.3741
2009.4890 -13.1452
2009.4918 -15.6451
2009.4945 -18.5537
2009.4973 -22.3112
2009.5000 -19.4692
2009.5027 -17.7077
2009.5055 -11.3667
2009.5082 -10.0160
2009.5110 -8.4957
2009.5137 -13.3555
2009.5164 -12.8755
2009.5192 -11.2154
2009.5219 -11.5552
2009.5247 -5.1948
2009.5274 -14.1440
2009.5301 -17.8429
2009.5329 -18.0212
2009.5356 -18.0489
2009.5384 -15.1360
2009.5411 -10.6822
2009.5438 -15.3675
2009.5466 -14.5918
2009.5493 -11.4249
2009.5521 -14.2469
2009.5548 -14.7476
2009.5575 -10.7668
2009.5603 -11.2046
2009.5630 -13.1908
2009.5658 -10.0952
2009.5685 -16.7278
2009.5712 -12.4486
2009.5740 -15.0773
2009.5767 -10.7940
2009.5794 -7.2084
2009.5822 -6.9008
2009.5849 -6.3727
2009.5877 -8.5544
2009.5904 -4.7560
2009.5931 -9.1873
2009.5959 -6.7885
2009.5986 -6.4095
2009.6014 -6.5804
2009.6041 -6.7011
2009.6068 -10.4717
2009.6096 -9.1322
2009.6123 -11.8127
2009.6151 -23.6230
2009.6178 -21.8533
2009.6205 -18.5835
2009.6233 -19.2436
2009.6260 -16.4938
2009.6288 -13.0639
2009.6315 -14.1040
2009.6342 -4.7041
2009.6370 -9.2743
2009.6397 -7.9045
2009.6425 -10.3347
2009.6452 -11.0850
2009.6479 -7.7253
2009.6507 -8.7858
2009.6534 -11.2563
2009.6562 -7.9969
2009.6589 -6.3577
2009.6616 -10.7686
2009.6644 -9.2197
2009.6671 -14.8808
2009.6699 -15.1619
2009.6726 -15.2630
2009.6753 -10.9741
2010.0397 -5.4975
2010.0425 -4.0148
2010.0452 -4.8721
2010.0479 -2.2694
2010.0507 -4.2368
2010.0534 -2.0144
2010.0562 -2.2023
2010.0589 -1.9806
2010.0616 -8.3793
2010.0644 -13.7385
2010.0671 -3.6882
2010.0699 -6.1087
2010.0726 -4.9799
2010.0753 -5.1920
2010.0781 -5.4249
2010.0808 -7.3688
2010.0836 -5.4633
2010.0863 -10.5177
2010.0890 -5.3621
2010.0918 -5.2366
2010.0945 -5.2910
2010.0973 -8.5855
2010.1000 -8.0499
2010.1027 -7.8644
2010.1055 -9.1590
2010.1082 -6.1035
2010.1110 -8.5081
2010.1137 -8.9028
2010.1164 -10.4375
2010.1192 -7.7622
2010.1219 -9.4270
2010.1247 -11.4119
2010.1274 -9.7168
2010.1301 -7.9319
2010.1329 -8.1170
2010.1356 -12.1622
2010.1384 -10.8574
2010.1411 -11.9628
2010.1438 -11.2083
2010.1466 -8.3439
2010.1493 -6.8896
2010.1521 -6.9654
2010.1548 -7.5514
2010.1575 -6.7174
2010.1603 -9.6736
2010.1630 -9.5300
2010.1658 -9.3066
2010.1685 -5.7934
2010.1712 -3.4704
2010.1740 -4.8376
2010.1767 -6.5150
2010.1795 -5.4426
2010.1822 -4.7704
2010.1849 -4.5183
2010.1877 -4.3864
2010.1904 -7.1447
2010.1931 -9.4332
2010.1959 -8.2118
2010.1986 -7.7005
2010.2014 -4.8094
2010.2041 -5.8184
2010.2068 -7.2275
2010.2096 -9.4767
2010.2123 -5.9360
2010.2151 -7.3355
2010.2178 -3.0650
2010.2205 -6.7946
2010.2233 -4.7043
2010.2260 -5.8441
2010.2288 -7.1039
2010.2315 -4.4338
2010.2342 -4.1437
2010.2370 -4.0537
2010.2397 -3.1537
2010.2425 -3.2737
2010.2452 -6.0638
2010.2479 -4.4246
2010.2507 -3.0466
2010.2534 -6.3598
2010.2562 0.0959
2010.2589 -4.5695
2010.2616 -3.5958
2010.2644 -9.1129
2010.2671 -6.3908
2010.2699 -8.0493
2010.2726 -4.1185
2010.2753 -2.8982
2010.2781 -3.9282
2010.2808 -5.6986
2010.2836 -3.6993
2010.2863 -6.9901
2010.2890 -6.8409
2010.2918 -6.4518
2010.2945 -8.3625
2010.2973 -11.1931
2010.3000 -8.3733
2010.3027 -2.3032
2010.3055 -3.8427
2010.3082 -5.9116
2010.3110 -6.8799
2010.3137 -3.3875
2010.3164 -5.6442
2010.3192 -5.8601
2010.3219 -7.1751
2010.3247 -7.6489
2010.3274 -9.5516
2010.3301 -9.6432
2010.3329 -10.7938
2010.3356 -7.8235
2010.3384 -12.3722
2010.3411 -10.5900
2010.3438 -12.0769
2010.3466 -13.8829
2010.3493 -10.5879
2010.3521 -11.7619
2010.3548 -9.6950
2010.3575 -10.7970
2010.3603 -10.9681
2010.3630 -13.0682
2010.3658 -13.3073
2010.3685 -6.3454
2010.3712 -7.3625
2010.3740 -6.6485
2010.3767 -6.5935
2010.3794 -7.4574
2010.3822 -6.3603
2010.3849 -3.9221
2010.3877 -10.6828
2010.3904 -5.9725
2010.3931 -6.2111
2010.3959 -8.0185
2010.3986 -5.6649
2010.4014 -0.1202
2010.4041 -0.7343
2010.4068 -2.0173
2010.4096 -8.7191
2010.4123 -4.9398
2010.4151 1.2702
2010.4178 -3.6394
2010.4205 -0.4486
2010.4233 -4.7375
2010.4260 -4.1560
2010.4288 -5.4042
2010.4315 -3.8620
2010.4342 -4.5895
2010.4370 -7.9466
2010.4397 -7.1333
2010.4425 -8.1797
2010.4452 -4.1158
2010.4479 -5.6614
2010.4507 -9.6167
2010.4534 -9.6117
2010.4562 -7.9863
2010.4589 -8.9205
2010.4616 -6.0244
2010.4644 -3.5279
2010.4671 -7.5210
2010.4699 -9.3938
2010.4726 -8.8962
2010.4753 -11.0583
2010.4781 -10.1700
2010.4808 -9.2913
2010.4836 -11.1022
2010.4863 -5.9728
2010.4890 -5.8530
2010.4918 -6.1329
2010.4945 -8.2623
2010.4973 -7.8914
2010.5000 -7.2602
2010.5027 -8.4687
2010.5055 -8.4169
2010.5082 -5.0048
2010.5110 -5.4925
2010.5137 -0.9400
2010.5164 -0.9474
2010.5192 1.4655
2010.5219 -7.5115
2010.5247 -6.3584
2010.5274 -7.4152
2010.5301 -15.7319
2010.5329 -5.6686
2010.5356 -7.1053
2010.5384 -7.9720
2010.5411 -10.6387
2010.5438 -7.2854
2010.5466 -8.8723
2010.5493 -2.9492
2010.5521 -6.3862
2010.5548 -8.5334
2010.5575 -9.0507
2010.5603 -6.1583
2010.5630 0.5240
2010.5658 -2.8840
2010.5685 -5.9023
2010.5712 -8.1708
2010.5740 -9.1097
2010.5767 -8.4888
2010.5794 -5.9084
2010.5822 -5.5282
2010.5849 -5.8383
2010.5877 -7.6085
2010.5904 -10.2388
2010.5931 -2.0793
2010.5959 -6.8499
2010.5986 -8.0008
2010.6014 -8.2718
2010.6041 -5.7231
2010.6068 -3.9345
2010.6096 -4.9262
2010.6123 -1.6781
2010.6151 2.9598
2010.6178 -0.3427
2010.6205 -5.8253
2010.6233 -8.5983
2010.6260 -14.1615
2010.6288 -9.3651
2010.6315 -9.0389
2010.6342 -8.3531
2010.6370 -7.2976
2010.6397 -5.0624
2010.6425 -8.8976
2010.6452 -7.4531
2010.6479 -8.6490
2010.6507 -9.0853
2010.6534 -10.1120
2010.6562 -8.5391
2010.6589 -8.1866
2010.6616 -11.3146
2010.6644 -8.1229
2010.6671 -9.2718
2010.6699 1.3789
2010.6726 -8.6309
2010.6753 -7.8112
2010.6781 -12.0520
2010.6808 -10.5331
2010.6836 -6.4148
2010.6863 -5.5968
2010.6890 -5.2592
2010.6918 -5.7620
2010.6945 -7.1952
2010.6973 -7.5888
2010.7000 -9.1227
2010.7027 -11.2869
2010.7055 -13.4115
2010.7082 -10.1963
2010.7110 -5.1415
2010.7137 -6.1770
2010.7164 -3.4327
2010.7192 -7.5787
2010.7219 -9.9649
2010.7247 -9.7113
2010.7274 -12.7280
2010.7301 -10.0049
2010.7329 -11.5519
2010.7356 -12.2992
2010.7384 -13.0566
2010.7411 -9.8341
2010.7438 -13.0418
2010.7466 -10.7097
2010.7493 -12.5776
2010.7521 -10.5561
2010.7548 -15.4750
2010.7575 -15.4144
2010.7603 -12.2741
2010.7630 -14.5043
2010.7658 -7.6948
2010.7685 -10.8355
2010.7712 -10.2866
2010.7740 -17.0579
2010.7767 -17.6294
2010.7794 -13.2911
2010.7822 -12.4029
2010.7849 -9.7148
2010.7877 -11.3567
2010.7904 -12.2987
2010.7931 -11.3107
2010.7959 -7.6827
2010.7986 -10.1946
2010.8014 -13.3864
2010.8041 -14.8880
2010.8068 -9.6495
2010.8096 -11.7008
2010.8123 -7.2718
2010.8151 -4.9326
2010.8178 -3.4031
2010.8205 -3.7232
2010.8233 -9.5229
2010.8260 -4.0623
2010.8288 -5.7712
2010.8315 -6.0896
2010.8342 -5.1972
2010.8370 0.4560
2010.8397 -8.9698
2010.8425 -13.6548
2010.8452 -12.3590
2010.8479 -10.6525
2010.8507 -11.4654
2010.8534 -10.2077
2010.8562 -9.5495
2010.8589 -7.7809
2010.8616 -9.4718
2010.8644 -10.2125
2010.8671 -5.7729
2010.8699 -8.5731
2010.8726 -13.1231
2010.8753 -12.3832
2010.8781 -10.7132
2010.8808 -10.1532
2010.8836 -7.5234
2010.8863 -9.7738
2010.8890 -9.7844
2010.8918 -8.5654
2010.8945 -6.2867
2010.8973 -9.6985
2010.9000 -8.3208
2010.9027 -11.8536
2010.9055 -8.0071
2010.9082 -7.3313
2010.9110 -7.8863
2010.9137 -7.3020
2010.9164 -7.6287
2010.9192 -10.5060
2010.9219 -10.1541
2010.9247 -15.7028
2010.9274 -11.9122
2010.9301 -16.3022
2010.9329 -11.6129
2010.9356 -10.9943
2010.9384 -9.3864
2010.9411 -7.8792
2010.9438 -2.6626
2010.9466 5.7334
2010.9493 -1.8614
2010.9521 -2.6467
2010.9548 -4.6028
2010.9575 -5.1195
2010.9603 -2.2968
2010.9630 -5.3848
2010.9658 -7.4634
2010.9685 -5.2427
2010.9712 -5.6727
2010.9740 -4.0832
2010.9767 -5.7044
2010.9795 0.2837
2010.9822 -1.0588
2010.9849 -0.4519
2010.9877 0.1244
2010.9904 -3.7400
2010.9931 -0.1450
2010.9959 -0.8506
2010.9986 -0.0868
2011.0014 -1.6939
2011.0041 -1.4025
2011.0068 4.2671
2011.0096 -2.7849
2011.0123 0.9516
2011.0151 2.6069
2011.0178 -1.8591
2011.0205 0.1738
2011.0233 0.0557
2011.0260 -0.7532
2011.0288 -1.3129
2011.0315 -3.3731
2011.0342 -4.5939
2011.0370 -0.2150
2011.0397 -0.0264
2011.0425 -1.6378
2011.0452 -1.0593
2011.0479 0.3594
2011.0507 -0.8917
2011.0534 0.1675
2011.0562 -0.7327
2011.0589 3.0377
2011.0616 3.5188
2011.0644 1.6608
2011.0671 3.5337
2011.0699 -0.0522
2011.0726 0.1730
2011.0753 3.1297
2011.0781 1.5978
2011.0808 -0.0926
2011.0836 1.0989
2011.0863 2.0723
2011.0890 0.7973
2011.0918 -0.8161
2011.0945 2.9318
2011.0973 0.3610
2011.1000 -0.0187
2011.1027 2.0424
2011.1055 -0.3056
2011.1082 0.2870
2011.1110 -1.2100
2011.1137 2.2734
2011.1164 -0.4431
2011.1192 1.7704
2011.1219 0.8838
2011.1247 7.2069
2011.1274 -1.8205
2011.1301 3.3215
2011.1329 4.9528
2011.1356 2.1132
2011.1384 4.8224
2011.1411 3.9305
2011.1438 7.1572
2011.1466 6.9224
2011.1493 7.1159
2011.1521 5.4175
2011.1548 2.4772
2011.1575 8.0248
2011.1603 -0.6000
2011.1630 3.2631
2011.1658 5.1252
2011.1685 2.7767
2011.1712 1.4376
2011.1740 6.2380
2011.1767 0.1578
2011.1795 3.5171
2011.1822 2.0760
2011.1849 3.7044
2011.1877 1.8225
2011.1904 3.6903
2011.1931 -1.2022
2011.1959 2.3351
2011.1986 -0.5278
2011.2014 2.1291
2011.2041 -1.0041
2011.2068 0.3327
2011.2096 -1.6106
2011.2123 3.4161
2011.2151 2.4228
2011.2178 -0.1103
2011.2205 1.8367
2011.2233 -1.5761
2011.2260 -1.6888
2011.2288 0.2589
2011.2315 -0.7732
2011.2342 -2.2849
2011.2370 0.0037
2011.2397 0.1128
2011.2425 -0.4077
2011.2452 -0.0976
2011.2479 -2.5279
2011.2507 -1.5493
2011.2534 -1.9517
2011.2562 -0.2648
2011.2589 2.1913
2011.2616 1.5469
2011.2644 2.1921
2011.2671 5.2270
2011.2699 -0.2382
2011.2726 -7.1534
2011.2753 -1.8285
2011.2781 -8.0133
2011.2808 3.2424
2011.2836 0.9485
2011.2863 4.8954
2011.2890 2.4331
2011.2918 2.7318
2011.2945 1.7315
2011.2973 3.4726
2011.3000 0.1750
2011.3027 3.1089
2011.3055 1.2744
2011.3082 0.5018
2011.3110 -1.8689
2011.3137 1.8525
2011.3164 1.7560
2011.3192 2.8620
2011.3219 3.6904
2011.3247 4.4914
2011.3274 0.8951
2011.3301 1.1115
2011.3329 4.0984
2011.3356 2.8754
2011.3384 0.0526
2011.3411 -0.8200
2011.3438 1.0475
2011.3466 0.2852
2011.3493 0.1130
2011.3521 5.2909
2011.3548 4.5589
2011.3575 1.8070
2011.3603 2.7052
2011.3630 -1.1365
2011.3658 -2.1081
2011.3685 4.1204
2011.3712 -0.5511
2011.3740 1.2875
2011.3767 1.1061
2011.3794 -1.5452
2011.3822 -0.5465
2011.3849 0.2822
2011.3877 1.4510
2011.3904 7.2197
2011.3931 0.1484
2011.3959 -1.1929
2011.3986 0.0459
2011.4014 0.2045
2011.4041 1.6532
2011.4068 -3.2682
2011.4096 -1.3997
2011.4123 0.5688
2011.4151 0.2172
2011.4178 3.9557
2011.4205 4.6142
2011.4233 -2.5873
2011.4260 -3.1788
2011.4288 -4.1003
2011.4315 -2.6717
2011.4342 -1.3832
2011.4370 1.1753
2011.4397 0.5139
2011.4425 4.1725
2011.4452 -2.2990
2011.4479 -3.8504
2011.4507 -5.0619
2011.4534 -3.1833
2011.4562 -0.6048
2011.4589 -2.4062
2011.4616 -2.7477
2011.4644 -1.0091
2011.4671 -1.4706
2011.4699 -2.2521
2011.4726 -3.1536
2011.4753 -1.6951
2011.4781 -1.3066
2011.4808 9.2618
2011.4836 12.4703
2011.4863 11.7787
2011.4890 -0.0129
2011.4918 1.3955
2011.4945 -1.0061
2011.4973 -3.9379
2011.5000 1.8896
2011.5027 -3.0936
2011.5055 0.6623
2011.5082 1.4876
2011.5110 -3.8278
2011.5137 -0.9438
2011.5164 1.4897
2011.5192 -0.2774
2011.5219 -2.1449
2011.5247 -5.1329
2011.5274 -4.8512
2011.5301 -2.6698
2011.5329 -5.5388
2011.5356 -4.5479
2011.5384 -0.7773
2011.5411 0.5533
2011.5438 0.0037
2011.5466 -1.7259
2011.5493 0.9445
2011.5521 1.1549
2011.5548 0.2155
2011.5575 -1.1338
2011.5603 -3.1230
2011.5630 -2.9618
2011.5658 -0.1704
2011.5685 7.8313
2011.5712 0.2934
2011.5740 0.9659
2011.5767 -1.3811
2011.5794 1.3825
2011.5822 -0.5132
2011.5849 -1.5070
2011.5877 -3.8188
2011.5904 -1.8187
2011.5931 2.1130
2011.5959 -0.8637
2011.5986 0.9308
2011.6014 -4.2334
2011.6041 1.1333
2011.6068 -0.7391
2011.6096 -3.6108
2011.6123 0.1281
2011.6151 -3.9027
2011.6178 -3.2433
2011.6205 -9.7439
2011.6233 -5.2946
2011.6260 -3.4255
2011.6288 0.1631
2011.6315 2.2210
2011.6342 1.9082
2011.6370 2.0045
2011.6397 2.9997
2011.6425 -2.8264
2011.6452 -1.0139
2011.6479 -0.4530
2011.6507 1.3662
2011.6534 0.1235
2011.6562 -0.0513
2011.6589 -1.1384
2011.6616 -1.8478
2011.6644 -3.6998
2011.6671 -6.0844
2011.6699 -6.5416
2011.6726 -3.1611
2011.6753 -2.8829
2011.6781 -3.7867
2011.6808 -0.6224
2011.6836 -6.8599
2011.6863 -3.8890
2011.6890 -1.4595
2011.6918 -2.5313
2011.6945 -2.2442
2011.6973 -3.9181
2011.7000 -6.7028
2011.7027 -7.9082
2011.7055 -6.1440
2011.7082 -7.8102
2011.7110 -7.9466
2011.7137 -5.6030
2011.7164 -7.4593
2011.7192 -5.7754
2011.7219 -8.4909
2011.7247 -8.0059
2011.7274 -5.0002
2011.7301 -9.2635
2011.7329 -6.7358
2011.7356 -7.2769
2011.7384 -7.1366
2011.7411 -7.3647
2011.7438 -10.9712
2011.7466 -8.8458
2011.7493 -7.3087
2011.7521 -8.6113
2011.7548 -5.5838
2011.7575 -11.7862
2011.7603 -2.9785
2011.7630 -3.1606
2011.7658 -3.6125
2011.7685 -3.7743
2011.7712 -2.1959
2011.7740 -6.3473
2011.7767 -5.1185
2011.7794 -5.6895
2011.7822 -4.6103
2011.7849 -5.4607
2011.7877 -5.3509
2011.7904 -5.1309
2011.7931 1.7195
2011.7959 -2.4998
2011.7986 2.5112
2011.8014 6.4826
2011.8041 -2.4157
2011.8068 -3.4936
2011.8096 -2.9112
2011.8123 2.0717
2011.8151 3.2250
2011.8178 0.8487
2011.8205 0.6128
2011.8233 -6.3826
2011.8260 -9.1375
2011.8288 -2.0520
2011.8315 -0.8159
2011.8342 0.1213
2011.8370 -4.7498
2011.8397 5.7806
2011.8425 0.9225
2011.8452 -0.5643
2011.8479 -2.9298
2011.8507 -2.0843
2011.8534 -4.5677
2011.8562 -0.4903
2011.8589 -0.0021
2011.8616 0.2767
2011.8644 0.2860
2011.8671 -2.1742
2011.8699 1.6258
2011.8726 0.9760
2011.8753 -7.0437
2011.8781 -7.5035
2011.8808 -4.3435
2011.8836 -6.0938
2011.8863 1.1256
2011.8890 -1.0756
2011.8918 -0.1174
2011.8945 -1.9000
2011.8973 -0.8335
2011.9000 -3.3779
2011.9027 -0.4934
2011.9055 1.0698
2011.9082 3.3417
2011.9110 1.1122
2011.9137 4.9811
2011.9164 6.8984
2011.9192 3.5949
2011.9219 1.0907
2011.9247 1.2258
2011.9274 -3.8799
2011.9301 -3.0962
2011.9329 2.8168
2011.9356 4.9991
2011.9384 4.2208
2011.9411 -1.6481
2011.9438 2.1523
2011.9466 0.5221
2011.9493 2.6013
2011.9521 4.4699
2011.9548 3.7079
2011.9575 8.3553
2011.9603 3.5322
2011.9630 2.8285
2011.9658 2.6742
2011.9685 6.0294
2011.9712 3.3341
2011.9740 5.1283
2011.9767 4.1120
2011.9795 7.9252
2011.9822 5.4079
2011.9849 6.7702
2011.9877 7.8720
2011.9904 4.5933
2011.9931 7.9742
2011.9959 5.6547
2011.9986 5.0847
2012.0014 2.0942
2012.0041 5.2520
2012.0068 2.6979
2012.0096 2.8421
2012.0123 2.7848
2012.0150 6.0761
2012.0178 4.4062
2012.0205 1.6951
2012.0232 4.6931
2012.0260 2.6203
2012.0287 8.0268
2012.0314 2.3029
2012.0342 4.2485
2012.0369 1.8039
2012.0396 7.1693
2012.0423 0.9647
2012.0451 3.9803
2012.0478 5.2363
2012.0505 1.8828
2012.0533 1.9000
2012.0560 1.0979
2012.0587 4.3068
2012.0615 2.5768
2012.0642 1.2980
2012.0669 4.7406
2012.0697 2.6747
2012.0724 3.0406
2012.0751 4.4982
2012.0779 1.8578
2012.0806 1.2295
2012.0833 1.6027
2012.0861 2.4667
2012.0888 4.6113
2012.0915 2.3366
2012.0943 6.3725
2012.0970 4.0891
2012.0997 4.9663
2012.1025 2.9341
2012.1052 6.8225
2012.1079 -1.7585
2012.1107 8.3911
2012.1134 4.8912
2012.1161 4.9318
2012.1189 3.7930
2012.1216 4.2847
2012.1243 3.4070
2012.1270 4.6497
2012.1298 2.3029
2012.1325 3.4365
2012.1352 4.5006
2012.1380 4.3352
2012.1407 8.0001
2012.1434 6.2855
2012.1462 4.7013
2012.1489 2.2175
2012.1516 4.3740
2012.1544 3.5809
2012.1571 8.3082
2012.1598 6.5658
2012.1626 6.2437
2012.1653 7.1217
2012.1680 6.6898
2012.1708 3.9479
2012.1735 6.6762
2012.1762 3.3847
2012.1790 2.9833
2012.1817 2.9022
2012.1844 8.5113
2012.1872 2.1007
2012.1899 4.9204
2012.1926 4.0605
2012.1954 1.7909
2012.1981 4.4717
2012.2008 5.3529
2012.2035 2.7446
2012.2063 -0.0632
2012.2090 3.1595
2012.2117 3.2827
2012.2145 3.9865
2012.2172 2.0809
2012.2199 1.4760
2012.2227 1.4817
2012.2254 1.8781
2012.2281 1.9952
2012.2309 -3.0269
2012.2336 4.3717
2012.2363 6.0612
2012.2391 3.2415
2012.2418 0.4426
2012.2445 0.3547
2012.2473 0.6978
2012.2500 1.7819
2012.2527 2.9571
2012.2555 1.2633
2012.2582 5.4903
2012.2609 -0.6318
2012.2637 3.4968
2012.2664 3.8061
2012.2691 7.0160
2012.2719 5.4664
2012.2746 2.7572
2012.2773 6.2385
2012.2801 6.4000
2012.2828 7.0218
2012.2855 3.6637
2012.2882 5.4157
2012.2910 5.3477
2012.2937 4.6397
2012.2964 4.5315
2012.2992 0.2931
2012.3019 6.1345
2012.3046 7.8655
2012.3074 6.9660
2012.3101 8.2361
2012.3128 13.2256
2012.3156 7.6144
2012.3183 6.1825
2012.3210 2.8798
2012.3238 -3.9037
2012.3265 0.2218
2012.3292 0.2963
2012.3320 -1.9396
2012.3347 1.2844
2012.3374 -0.5717
2012.3402 0.4720
2012.3429 -1.5943
2012.3456 0.2592
2012.3484 -1.2175
2012.3511 -1.7843
2012.3538 6.1087
2012.3566 3.5716
2012.3593 -0.0557
2012.3620 -0.5132
2012.3648 3.0192
2012.3675 -0.5587
2012.3702 -2.0768
2012.3729 -0.9751
2012.3757 -1.1036
2012.3784 -1.9423
2012.3811 -0.4013
2012.3839 -3.3405
2012.3866 1.2800
2012.3893 -1.8297
2012.3921 1.2303
2012.3948 -0.4600
2012.3975 -1.0206
2012.4003 -3.8614
2012.4030 0.8874
2012.4057 -5.2240
2012.4085 -3.4358
2012.4112 -1.3379
2012.4139 -8.5304
2012.4167 -0.9837
2012.4194 3.1823
2012.4221 0.9476
2012.4249 2.9922
2012.4276 3.4162
2012.4303 7.2297
2012.4331 5.5027
2012.4358 5.5253
2012.4385 1.7574
2012.4413 1.7693
2012.4440 -2.3792
2012.4467 5.2921
2012.4495 6.0633
2012.4522 7.4443
2012.4549 6.8452
2012.4576 4.0561
2012.4604 5.7970
2012.4631 4.1080
2012.4658 4.4692
2012.4686 4.0005
2012.4713 2.6620
2012.4740 -2.0461
2012.4768 5.2160
2012.4795 4.0686
2012.4822 -2.5184
2012.4850 0.3950
2012.4877 -1.4009
2012.4904 2.4937
2012.4932 2.0589
2012.4959 1.6649
2012.4986 5.5518
2012.5014 3.3496
2012.5041 2.0285
2012.5068 1.0282
2012.5096 3.0788
2012.5123 6.7501
2012.5150 1.1620
2012.5178 -2.0454
2012.5205 -2.7123
2012.5232 -4.6487
2012.5260 -2.8547
2012.5287 -7.0104
2012.5314 -2.5758
2012.5342 -4.3010
2012.5369 1.3039
2012.5396 -0.6412
2012.5423 2.8538
2012.5451 5.5586
2012.5478 3.5633
2012.5505 0.8178
2012.5533 3.5420
2012.5560 0.5858
2012.5587 3.9492
2012.5615 -3.0780
2012.5642 -2.4457
2012.5669 -3.2540
2012.5697 4.9470
2012.5724 0.6471
2012.5751 -0.2835
2012.5779 -0.9851
2012.5806 -3.4377
2012.5833 -0.1515
2012.5861 0.7732
2012.5888 1.8066
2012.5915 -3.0412
2012.5943 -0.8402
2012.5970 -4.7803
2012.5997 -5.3014
2012.6025 -0.0034
2012.6052 -5.0462
2012.6079 -3.0597
2012.6107 -1.7839
2012.6134 0.2914
2012.6161 1.3662
2012.6189 1.4406
2012.6216 0.7248
2012.6243 8.2888
2012.6270 -3.7373
2012.6298 -0.6735
2012.6325 1.7104
2012.6352 0.8345
2012.6380 1.7788
2012.6407 -5.6765
2012.6434 -4.4114
2012.6462 -3.9758
2012.6489 -0.1696
2012.6516 -2.3226
2012.6544 -3.7950
2012.6571 -5.1564
2012.6598 -3.2969
2012.6626 -4.8363
2012.6653 -1.3045
2012.6680 -8.7097
2012.6708 -5.5417
2012.6735 -9.6208
2012.6762 -1.9272
2012.6790 -8.3712
2012.6817 -1.8330
2012.6844 -6.9131
2012.6872 -7.6216
2012.6899 -9.1688
2012.6926 -3.7749
2012.6954 -1.8904
2012.6981 -4.3054
2012.7008 -8.1002
2012.7035 -7.2052
2012.7063 -6.9705
2012.7090 -6.3264
2012.7117 -3.6933
2012.7145 -4.9414
2012.7172 -8.9410
2012.7199 -8.5723
2012.7227 -6.0457
2012.7254 -13.1414
2012.7281 -7.8797
2012.7309 -7.1208
2012.7336 -3.4851
2012.7363 -5.4929
2012.7391 -5.2543
2012.7418 -2.5797
2012.7445 -6.9193
2012.7473 -7.3535
2012.7500 -7.7814
2012.7527 -6.1105
2012.7555 -5.7207
2012.7582 -5.7719
2012.7609 -5.7140
2012.7637 -6.7969
2012.7664 -6.5307
2012.7691 -5.3052
2012.7719 -0.9903
2012.7746 -7.6160
2012.7773 -2.9223
2012.7801 -6.3490
2012.7828 -2.5460
2012.7855 -6.3535
2012.7882 -5.7911
2012.7910 -5.5090
2012.7937 -4.9069
2012.7964 -5.0449
2012.7992 -9.6729
2012.8019 -6.9808
2012.8046 -4.6385
2012.8074 1.3540
2012.8101 3.2267
2012.8128 0.1599
2012.8156 -1.6566
2012.8183 0.9575
2012.8210 -0.2979
2012.8238 -0.9027
2012.8265 2.2833
2012.8292 0.8300
2012.8320 -1.4325
2012.8347 2.5959
2012.8374 0.9649
2012.8402 -0.1255
2012.8429 -1.6853
2012.8456 0.0454
2012.8484 1.9465
2012.8511 0.6679
2012.8538 3.5496
2012.8566 -1.1885
2012.8593 -4.4864
2012.8620 -0.6844
2012.8648 4.4077
2012.8675 2.4497
2012.8702 3.8516
2012.8729 -0.9268
2012.8757 0.5445
2012.8784 2.4755
2012.8811 -0.0240
2012.8839 2.3160
2012.8866 3.8355
2012.8893 6.7543
2012.8921 3.4423
2012.8948 3.0996
2012.8975 1.9461
2012.9003 3.3216
2012.9030 1.0661
2012.9057 4.4996
2012.9085 6.0919
2012.9112 6.4030
2012.9139 5.9928
2012.9167 7.1915
2012.9194 7.7599
2012.9221 5.4183
2012.9249 6.6165
2012.9276 9.0646
2012.9303 3.0926
2012.9331 7.2606
2012.9358 5.9384
2012.9385 8.7662
2012.9413 6.1439
2012.9440 7.9915
2012.9467 5.3491
2012.9495 2.3466
2012.9522 4.7141
2012.9549 7.6015
2012.9576 7.3388
2012.9604 6.8262
2012.9631 7.9735
2012.9658 7.5407
2012.9686 3.2780
2012.9713 1.0252
2012.9740 5.2125
2012.9768 6.2497
2012.9795 7.9369
2012.9822 5.0842
2012.9850 6.0414
2012.9877 8.8887
2012.9904 8.5660
2012.9932 10.8433
2012.9959 10.4507
2012.9986 7.7781
2013.0014 10.2555
2013.0041 8.7928
2013.0068 5.7700
2013.0096 8.2971
2013.0123 7.7842
2013.0151 6.2012
2013.0178 6.4381
2013.0205 7.2150
2013.0233 5.1719
2013.0260 9.7688
2013.0288 5.3156
2013.0315 9.4624
2013.0342 7.4492
2013.0370 8.1360
2013.0397 8.2628
2013.0425 8.0297
2013.0452 4.8365
2013.0479 5.5134
2013.0507 4.5403
2013.0534 2.7073
2013.0562 3.8943
2013.0589 7.6414
2013.0616 4.3186
2013.0644 4.0358
2013.0671 7.6131
2013.0699 7.7605
2013.0726 7.5880
2013.0753 4.1855
2013.0781 7.5433
2013.0808 6.5411
2013.0836 7.6602
2013.0863 5.8419
2013.0890 5.8160
2013.0918 5.1824
2013.0945 7.4011
2013.0973 8.6819
2013.1000 7.2947
2013.1027 7.5195
2013.1055 8.5062
2013.1082 7.8347
2013.1110 9.0348
2013.1137 8.3565
2013.1164 7.9697
2013.1192 5.0444
2013.1219 8.1103
2013.1247 4.0475
2013.1274 2.7758
2013.1301 5.1652
2013.1329 4.6555
2013.1356 7.2367
2013.1384 4.8586
2013.1411 7.5913
2013.1438 4.3645
2013.1466 -0.4818
2013.1493 1.5323
2013.1521 5.4068
2013.1548 8.3514
2013.1575 3.2362
2013.1603 3.3411
2013.1630 3.6059
2013.1658 3.9707
2013.1685 5.5056
2013.1712 7.5306
2013.1740 5.8955
2013.1767 4.4106
2013.1795 6.3257
2013.1822 3.9908
2013.1849 3.1659
2013.1877 6.9111
2013.1904 4.7164
2013.1931 4.3316
2013.1959 4.1169
2013.1986 6.3823
2013.2014 4.7177
2013.2041 5.9831
2013.2068 5.7085
2013.2096 8.5440
2013.2123 7.1195
2013.2151 5.8351
2013.2178 4.2206
2013.2205 3.0562
2013.2233 3.0918
2013.2260 2.2075
2013.2288 3.9831
2013.2315 9.7788
2013.2342 6.2245
2013.2370 7.8402
2013.2397 6.1260
2013.2425 8.3817
2013.2452 10.6175
2013.2479 9.3634
2013.2507 7.4095
2013.2534 7.8857
2013.2562 5.1521
2013.2589 8.7187
2013.2616 4.4254
2013.2644 9.6322
2013.2671 9.5991
2013.2699 5.6161
2013.2726 7.5631
2013.2753 8.0402
2013.2781 6.4874
2013.2808 4.6946
2013.2836 3.4118
2013.2863 2.7791
2013.2890 5.6263
2013.2918 5.2334
2013.2945 4.8106
2013.2973 3.4876
2013.3000 -3.7854
2013.3027 1.0216
2013.3055 2.8884
2013.3082 4.6751
2013.3110 0.6117
2013.3137 2.3581
2013.3164 -0.2656
2013.3192 1.8305
2013.3219 3.3064
2013.3247 3.8521
2013.3274 0.4476
2013.3301 1.8423
2013.3329 4.4034
2013.3356 4.0404
2013.3384 -0.1762
2013.3411 -0.7964
2013.3438 1.5303
2013.3466 0.6540
2013.3493 3.6351
2013.3521 1.1038
2013.3548 0.5205
2013.3575 3.2553
2013.3603 -0.1815
2013.3630 -1.3096
2013.3658 0.7713
2013.3685 2.9315
2013.3712 0.0512
2013.3740 -3.9893
2013.3767 -7.5597
2013.3794 -2.5698
2013.3822 1.8008
2013.3849 0.9422
2013.3877 1.2948
2013.3904 0.0988
2013.3931 -1.4655
2013.3959 -3.2779
2013.3986 -2.8080
2013.4014 -3.5155
2013.4041 -1.3303
2013.4068 -0.4420
2013.4096 1.6896
2013.4123 -0.5652
2013.4151 1.6020
2013.4178 0.2396
2013.4205 0.4075
2013.4233 -0.9942
2013.4260 0.9344
2013.4288 1.7834
2013.4315 3.2728
2013.4342 -0.3674
2013.4370 -0.4973
2013.4397 0.9032
2013.4425 0.0642
2013.4452 -2.8345
2013.4479 -5.2028
2013.4507 -2.3206
2013.4534 5.6020
2013.4562 -1.9950
2013.4589 -4.1216
2013.4616 -4.0478
2013.4644 -1.9934
2013.4671 -4.5887
2013.4699 7.4465
2013.4781 8.3549
2013.4836 5.6596
2013.4863 5.5376
2013.4890 3.9262
2013.4918 -4.5548
2013.4945 -0.8452
2013.4973 -0.4852
2013.5000 2.5550
2013.5027 3.4452
2013.5055 0.1255
2013.5082 2.6260
2013.5110 -3.6735
2013.5137 3.3472
2013.5164 0.8480
2013.5192 -0.3711
2013.5219 2.1000
2013.5247 5.7813
2013.5274 -2.1573
2013.5301 -3.4957
2013.5329 -4.4740
2013.5356 -2.7620
2013.5384 -3.6399
2013.5411 -2.0275
2013.5438 -0.9749
2013.5466 -0.9821
2013.5493 3.7309
2013.5521 3.7042
2013.5548 3.3977
2013.5575 6.6315
2013.5603 3.7656
2013.5630 -0.2301
2013.5658 -1.4555
2013.5685 -1.6806
2013.5712 -1.2753
2013.5740 0.1702
2013.5767 -2.0840
2013.5794 -1.1278
2013.5822 2.6688
2013.5849 3.9560
2013.5877 4.7040
2013.5904 7.3926
2013.5931 4.9819
2013.5959 6.1516
2013.5986 -0.4081
2013.6014 -0.6073
2013.6041 4.6239
2013.6068 1.4455
2013.6096 4.0473
2013.6123 3.5695
2013.6151 -1.8381
2013.6178 8.8245
2013.6205 6.1072
2013.6233 -5.0700
2013.6260 4.6428
2013.6288 4.6756
2013.6315 5.4084
2013.6342 2.4710
2013.6370 2.7735
2013.6397 1.5458
2013.6425 -0.2821
2013.6452 2.3097
2013.6479 2.4311
2013.6507 1.6421
2013.6534 3.4427
2013.6562 2.2128
2013.6589 1.5124
2013.6616 1.8514
2013.6644 3.2498
2013.6671 4.2975
2013.6699 4.0147
2013.6726 4.7114
2013.6753 -0.9026
2013.6781 -2.1171
2013.6808 0.9679
2013.6836 1.5123
2013.6863 -1.1938
2013.6890 -2.7604
2013.6918 -1.9876
2013.6945 1.2547
2013.6973 1.6365
2013.7000 2.1978
2013.7027 -1.7214
2013.7055 3.1289
2013.7082 2.6987
2013.7110 2.4480
2013.7137 1.7668
2013.7164 9.8852
2013.7192 1.7731
2013.7219 5.6605
2013.7247 4.2674
2013.7274 6.8640
2013.7301 10.6200
2013.7329 8.5056
2013.7356 1.2308
2013.7384 4.2856
2013.7411 2.8999
2013.7438 8.6538
2013.7466 2.6774
2013.7493 5.9202
2013.7521 -0.5493
2013.7548 5.2287
2013.7575 0.5346
2013.7603 4.2384
2013.7630 2.5702
2013.7658 1.5803
2013.7685 6.6587
2013.7712 4.2158
2013.7740 9.4815
2013.7767 7.7661
2013.7794 9.3897
2013.7822 11.0026
2013.7849 9.2348
2013.7877 8.1265
2013.7904 9.2478
2013.7959 9.8902
2013.9274 6.9323
2013.9301 4.8003
2013.9329 6.6068
2013.9356 5.9819
2013.9384 3.2157
2013.9411 4.1985
2013.9438 7.5003
2013.9466 9.4313
2013.9493 9.8316
2013.9521 6.7515
2013.9548 11.1810
2013.9575 7.0602
2013.9603 7.2094
2013.9630 5.5587
2013.9658 6.5982
2013.9685 9.7181
2013.9712 9.6085
2013.9740 7.5596
2013.9767 7.5515
2013.9795 10.5343
2013.9822 12.0583
2013.9849 7.0935
2013.9877 13.0301
2013.9904 8.7582
2013.9931 9.5980
2013.9959 8.1397
2013.9986 7.9234
2014.0014 8.1589
2014.0041 8.2547
2014.0068 7.4705
2014.0096 9.8363
2014.0123 8.4921
2014.0151 9.9580
2014.0178 2.3540
2014.0205 6.0201
2014.0233 9.6263
2014.0260 5.7726
2014.0288 7.7890
2014.0315 8.4157
2014.0342 14.5225
2014.0370 12.1695
2014.0397 7.1367
2014.0425 7.7441
2014.0452 8.9918
2014.0479 10.7598
2014.0507 12.7281
2014.0534 11.6166
2014.0562 10.0155
2014.0589 6.3147
2014.0616 7.8343
2014.0644 9.0642
2014.0671 9.9446
2014.0699 8.5153
2014.0726 9.9665
2014.0753 9.6281
2014.0781 12.6302
2014.0808 12.0927
2014.0836 11.8157
2014.0863 11.4390
2014.0890 8.5025
2014.0918 12.1363
2014.0945 10.7004
2014.0973 12.3647
2014.1000 6.7893
2014.1027 7.5641
2014.1055 11.2591
2014.1082 12.1543
2014.1110 13.1297
2014.1137 15.0852
2014.1164 12.1010
2014.1192 17.9469
2014.1219 15.7729
2014.1247 13.2890
2014.1274 14.5553
2014.1301 14.3617
2014.1329 9.8182
2014.1356 9.1747
2014.1384 6.3613
2014.1411 8.2180
2014.1438 10.9747
2014.1466 11.6614
2014.1493 11.5382
2014.1521 11.6949
2014.1548 10.8817
2014.1575 13.8984
2014.1603 15.7051
2014.1630 11.1018
2014.1658 16.9189
2014.1685 17.6063
2014.1712 16.0841
2014.1740 14.8323
2014.1767 18.7209
2014.1795 19.1199
2014.1822 11.9293
2014.1849 12.8491
2014.1877 13.1393
2014.1904 13.0400
2014.1931 10.1611
2014.1959 8.1227
2014.1986 13.9646
2014.2014 8.8671
2014.2041 8.1800
2014.2068 7.3733
2014.2096 8.5772
2014.2123 13.2215
2014.2151 8.7363
2014.2178 8.4016
2014.2205 3.9273
2014.2233 9.5736
2014.2260 6.8904
2014.2288 8.1177
2014.2315 8.1155
2014.2342 8.7738
2014.2370 6.6627
2014.2397 11.5921
2014.2425 5.4420
2014.2452 7.4525
2014.2479 4.9470
2014.2507 8.1487
2014.2534 6.8969
2014.2562 8.5113
2014.2589 15.2914
2014.2616 10.1367
2014.2644 11.3466
2014.2671 8.3607
2014.2699 4.5386
2014.2726 8.8996
2014.2753 8.6234
2014.2781 7.6194
2014.2808 9.3371
2014.2836 7.2661
2014.2863 13.3758
2014.2890 10.9059
2014.2918 9.2757
2014.2945 10.7548
2014.2973 13.2727
2014.3000 8.2490
2014.3027 10.8631
2014.3055 7.0945
2014.3082 2.1327
2014.3110 10.9473
2014.3137 2.6878
2014.3164 8.1837
2014.3192 5.1044
2014.3219 2.4896
2014.3247 4.9087
2014.3274 9.3912
2014.3301 1.8374
2014.3329 7.8018
2014.3356 10.3453
2014.3384 6.7179
2014.3411 7.9298
2014.3438 4.0610
2014.3466 2.6816
2014.3493 8.9315
2014.3521 4.5510
2014.3548 3.5500
2014.3575 5.1886
2014.3603 6.4469
2014.3630 8.0050
2014.3658 10.3829
2014.3685 12.1406
2014.3712 14.2283
2014.3740 8.3160
2014.3767 3.7038
2014.3794 9.9417
2014.3822 8.9598
2014.3849 4.8082
2014.3877 4.3169
2014.3904 4.1660
2014.3931 5.1956
2014.3959 0.8257
2014.3986 4.2864
2014.4014 5.2378
2014.4041 6.4299
2014.4068 7.4128
2014.4096 2.9065
2014.4123 6.4111
2014.4151 4.8966
2014.4178 4.8325
2014.4205 3.3790
2014.4233 3.5260
2014.4260 4.4634
2014.4288 1.7211
2014.4315 0.2292
2014.4342 -1.6425
2014.4370 -1.4539
2014.4397 0.9648
2014.4425 2.1137
2014.4452 5.7327
2014.4479 6.7618
2014.4507 13.4008
2014.4534 12.3198
2014.4562 13.6486
2014.4589 9.3274
2014.4616 8.0259
2014.4644 2.3143
2014.4671 4.7523
2014.4699 1.5600
2014.4726 1.2873
2014.4753 0.2442
2014.4781 6.5507
2014.4808 -7.0834
2014.4836 -0.0581
2014.4863 8.0467
2014.4890 3.5108
2014.4918 -0.6658
2014.4945 1.6468
2014.4973 7.3086
2014.5000 6.0994
2014.5027 0.6291
2014.5055 -0.0722
2014.5082 -1.2745
2014.5110 7.6723
2014.5137 4.0982
2014.5164 9.1432
2014.5192 12.0273
2014.5219 12.7207
2014.5247 7.8533
2014.5274 6.6252
2014.5301 4.0264
2014.5329 8.4170
2014.5356 5.6570
2014.5384 4.0964
2014.5411 1.5553
2014.5438 5.8836
2014.5466 9.1816
2014.5493 5.4390
2014.5521 5.4762
2014.5548 5.1229
2014.5575 3.0894
2014.5603 5.5055
2014.5630 3.0215
2014.5658 6.4372
2014.5685 9.5128
2014.5712 2.6583
2014.5740 -0.8463
2014.5767 -0.4310
2014.5794 3.7143
2014.5822 -1.3207
2014.5849 2.4924
2014.5877 4.0933
2014.5904 6.6322
2014.5931 7.5494
2014.5959 5.9150
2014.5986 3.8992
2014.6014 6.8821
2014.6041 5.2039
2014.6068 4.5749
2014.6096 7.0151
2014.6123 3.9347
2014.6151 5.6939
2014.6178 2.4330
2014.6205 4.5019
2014.6233 7.6511
2014.6260 6.9505
2014.6288 5.6604
2014.6315 1.0009
2014.6342 1.6223
2014.6370 0.8247
2014.6397 5.6382
2014.6425 3.2031
2014.6452 -0.2605
2014.6479 2.2876
2014.6507 -2.0525
2014.6534 -1.4405
2014.6562 -3.6263
2014.6589 1.4703
2014.6616 0.3894
2014.6644 5.3413
2014.6671 3.9352
2014.6699 6.2604
2014.6726 5.4069
2014.6753 8.3645
2014.6781 3.0932
2014.6808 3.7130
2014.6836 5.1538
2014.6863 5.7856
2014.6890 5.7482
2014.6918 1.6418
2014.6945 3.0861
2014.6973 4.2812
2014.7000 2.1169
2014.7027 2.3834
2014.7055 1.3804
2014.7082 0.6679
2014.7110 -0.7940
2014.7137 3.5844
2014.7164 7.6033
2014.7192 3.4925
2014.7219 1.0020
2014.7247 4.4317
2014.7274 2.6515
2014.7301 -1.4785
2014.7329 3.8816
2014.7356 0.2117
2014.7384 2.0417
2014.7411 3.0516
2014.7438 -0.5085
2014.7466 3.8711
2014.7493 6.2110
2014.7521 7.1740
2014.7548 9.8803
2014.7575 9.0195
2014.7603 7.7712
2014.7630 7.0853
2014.7658 4.5313
2014.7685 9.2289
2014.7712 4.1078
2014.7740 7.0876
2014.7767 5.6281
2014.7794 7.9789
2014.7822 5.3696
2014.7849 7.5700
2014.7877 8.7596
2014.7904 6.8783
2014.7931 5.7956
2014.7959 4.3512
2014.7986 11.9149
2014.8014 1.9762
2014.8041 4.7548
2014.8068 3.1804
2014.8096 3.2828
2014.8123 7.3714
2014.8151 9.2561
2014.8178 8.2565
2014.8205 5.1223
2014.8233 -3.5569
2014.8260 11.2686
2014.8288 5.8884
2014.8315 4.2724
2014.8342 2.9531
2014.8370 6.4138
2014.8397 2.1942
2014.8425 1.4945
2014.8452 2.4347
2014.8479 0.5148
2014.8507 4.7847
2014.8534 4.4145
2014.8562 4.3942
2014.8589 3.1338
2014.8616 4.0533
2014.8644 1.2227
2014.8671 6.3521
2014.8699 -0.7786
2014.8726 0.9506
2014.8753 2.4497
2014.8781 5.8489
2014.8808 2.4579
2014.8836 0.1370
2014.8863 4.4060
2014.8890 3.1050
2014.8918 4.7540
2014.8945 3.4329
2014.8973 4.3919
2014.9000 5.3609
2014.9027 0.8999
2014.9055 7.7690
2014.9082 10.3381
2014.9110 8.8372
2014.9137 8.4863
2014.9164 7.3956
2014.9192 11.7847
2014.9219 6.2438
2014.9247 7.1828
2014.9274 11.1218
2014.9301 9.1407
2014.9329 11.3796
2014.9356 11.6584
2014.9384 10.9772
2014.9411 12.3061
2014.9438 9.8348
2014.9466 8.3236
2014.9493 7.8924
2014.9521 13.9512
2014.9548 12.3101
2014.9575 11.7989
2014.9603 4.1778
2014.9630 11.5267
2014.9658 7.4757
2014.9685 10.5347
2014.9712 6.6038
2014.9740 13.9329
2014.9767 8.2521
2014.9795 10.9214
2014.9822 10.9708
2014.9849 8.8403
2014.9877 9.8299
2014.9904 6.6995
2014.9931 7.9093
2014.9959 9.4793
2014.9986 7.4893
2015.0014 3.8898
2015.0041 9.1619
2015.0068 9.1560
2015.0096 14.0917
2015.0123 10.4592
2015.0151 9.7981
2015.0178 10.9485
2015.0205 11.3202
2015.0233 10.3330
2015.0260 9.9870
2015.0288 9.6620
2015.0315 12.0978
2015.0342 11.1544
2015.0370 7.2216
2015.0397 10.3293
2015.0425 9.3575
2015.0452 7.3860
2015.0479 5.5947
2015.0507 13.1635
2015.0534 12.6523
2015.0562 13.0110
2015.0589 10.4494
2015.0616 12.2075
2015.0644 7.7951
2015.0671 10.6021
2015.0699 13.4485
2015.0726 7.9141
2015.0753 10.8787
2015.0781 14.4924
2015.0808 10.2049
2015.0836 11.9565
2015.0863 14.4773
2015.0890 8.0874
2015.0918 13.9170
2015.0945 13.8559
2015.0973 13.7345
2015.1000 11.6926
2015.1027 11.6803
2015.1055 11.1479
2015.1082 12.2852
2015.1110 9.1524
2015.1137 10.4195
2015.1164 11.3866
2015.1192 11.3838
2015.1219 13.2012
2015.1247 17.8088
2015.1274 15.1966
2015.1301 14.6649
2015.1329 17.1435
2015.1356 14.7126
2015.1384 19.1523
2015.1411 13.7526
2015.1438 14.3336
2015.1466 14.9954
2015.1493 12.1880
2015.1521 9.8515
2015.1548 14.5660
2015.1575 13.8815
2015.1603 14.4981
2015.1630 13.5059
2015.1658 10.3543
2015.1685 13.4835
2015.1712 13.8634
2015.1740 14.0538
2015.1767 18.5449
2015.1795 14.9565
2015.1822 16.9286
2015.1849 17.9513
2015.1877 13.2044
2015.1904 11.8380
2015.1931 13.2820
2015.1959 13.0665
2015.1986 13.8312
2015.2014 14.8863
2015.2041 11.9518
2015.2068 10.4974
2015.2096 11.2034
2015.2123 12.1996
2015.2151 12.8059
2015.2178 9.6924
2015.2205 13.1091
2015.2233 15.5759
2015.2260 10.4227
2015.2288 9.2796
2015.2315 9.3865
2015.2342 8.2834
2015.2370 4.9302
2015.2397 8.4670
2015.2425 7.1137
2015.2452 10.2503
2015.2479 8.5669
2015.2507 7.4135
2015.2534 11.4903
2015.2562 10.5972
2015.2589 7.2642
2015.2616 7.7013
2015.2644 5.2484
2015.2671 4.4457
2015.2699 6.6631
2015.2726 6.6206
2015.2753 6.0081
2015.2781 2.9158
2015.2808 4.3735
2015.2836 6.0813
2015.2863 8.6692
2015.2890 7.9072
2015.2918 7.0553
2015.2945 5.6334
2015.2973 8.4616
2015.3000 7.9299
2015.3027 14.0382
2015.3055 9.1266
2015.3082 0.5551
2015.3110 12.5137
2015.3137 7.8023
2015.3164 9.5309
2015.3192 11.1697
2015.3219 12.5084
2015.3247 8.9173
2015.3274 11.0061
2015.3301 10.4753
2015.3329 5.1759
2015.3356 1.2281
2015.3384 7.6018
2015.3411 11.5969
2015.3438 8.4331
2015.3466 3.9505
2015.3493 5.6889
2015.3521 4.9782
2015.3548 3.2782
2015.3575 7.0689
2015.3603 5.8600
2015.3630 4.2716
2015.3658 5.9534
2015.3685 5.2853
2015.3712 4.7272
2015.3740 3.7291
2015.3767 1.7707
2015.3794 2.8420
2015.3822 5.2328
2015.3849 9.8930
2015.3877 14.2325
2015.3904 13.2612
2015.3931 8.7290
2015.3959 5.5356
2015.3986 7.7210
2015.4014 10.1552
2015.4041 12.0979
2015.4068 6.6690
2015.4096 5.7784
2015.4123 7.7561
2015.4151 10.0613
2015.4178 10.1138
2015.4205 9.5936
2015.4233 4.9811
2015.4260 5.3463
2015.4288 8.5094
2015.4315 5.4307
2015.4342 5.5003
2015.4370 5.9583
2015.4397 1.7551
2015.4425 7.9706
2015.4452 -2.8248
2015.4479 2.2589
2015.4507 0.7421
2015.4534 3.3448
2015.4562 0.9672
2015.4589 9.8995
2015.4616 14.5920
2015.4644 7.7447
2015.4671 4.8778
2015.4699 5.4116
2015.4726 4.3262
2015.4753 2.1517
2015.4781 4.2585
2015.4808 9.2965
2015.4836 10.2461
2015.4863 5.2974
2015.4890 10.6306
2015.4918 12.5159
2015.4945 9.2334
2015.4973 6.7631
2015.5000 4.4342
2015.5027 2.9464
2015.5055 1.5796
2015.5082 2.8137
2015.5110 2.3486
2015.5137 4.1943
2015.5164 5.2607
2015.5192 6.9276
2015.5219 4.1750
2015.5247 1.5028
2015.5274 1.3508
2015.5301 3.7291
2015.5329 7.1275
2015.5356 6.0560
2015.5384 4.8044
2015.5411 5.5226
2015.5438 3.7007
2015.5466 5.3284
2015.5493 8.0356
2015.5521 6.6524
2015.5548 6.1886
2015.5575 6.3242
2015.5603 6.1789
2015.5630 5.6628
2015.5658 6.0858
2015.5685 4.6278
2015.5712 1.0986
2015.5740 -3.3018
2015.5767 -1.0735
2015.5794 0.7934
2015.5822 0.8690
2015.5849 5.0139
2015.5877 7.0081
2015.5904 7.4618
2015.5931 4.7250
2015.5959 10.1978
2015.5986 2.3301
2015.6014 5.4520
2015.6041 5.8136
2015.6068 4.5948
2015.6096 6.6658
2015.6123 5.5266
2015.6151 4.3572
2015.6178 2.7477
2015.6205 5.6680
2015.6233 3.4483
2015.6260 5.0486
2015.6288 7.0489
2015.6315 5.6892
2015.6342 3.6896
2015.6370 -0.8098
2015.6397 0.3310
2015.6425 3.3520
2015.6452 2.8632
2015.6479 -0.4252
2015.6507 6.1267
2015.6534 1.7189
2015.6562 3.3116
2015.6589 5.5248
2015.6616 5.2184
2015.6644 4.8926
2015.6671 5.8271
2015.6699 3.6016
2015.6726 0.3861
2015.6753 4.6706
2015.6781 4.6152
2015.6808 3.7500
2015.6836 3.2048
2015.6863 6.7297
2015.6890 5.5849
2015.6918 5.9002
2015.6945 4.6757
2015.6973 3.8615
2015.7000 3.8575
2015.7027 7.2639
2015.7055 6.6505
2015.7082 7.9775
2015.7110 8.8848
2015.7137 12.5626
2015.7164 7.3307
2015.7192 5.9193
2015.7219 16.3083
2015.7247 8.5778
2015.7274 2.1278
2015.7301 3.1084
2015.7329 6.0495
2015.7356 5.6712
2015.7384 5.4435
2015.7411 5.0964
2015.7438 8.8600
2015.7466 3.6043
2015.7493 3.0994
2015.7521 0.9159
2015.7548 0.6438
2015.7575 0.2030
2015.7603 5.3535
2015.7630 4.2351
2015.7658 5.8078
2015.7685 2.6114
2015.7712 -0.0542
2015.7740 5.4710
2015.7767 6.8369
2015.7794 0.0834
2015.7822 1.1203
2015.7849 1.4377
2015.7877 4.3953
2015.7904 3.8231
2015.7931 8.2410
2015.7959 7.6589
2015.7986 10.4367
2015.8014 10.0944
2015.8041 9.5017
2015.8068 9.2787
2015.8096 8.1152
2015.8123 9.4312
2015.8151 8.2865
2015.8178 5.8611
2015.8205 4.8548
2015.8233 7.0376
2015.8260 8.4693
2015.8288 5.6799
2015.8315 8.3293
2015.8342 4.3579
2015.8370 8.5561
2015.8397 10.9039
2015.8425 10.4015
2015.8452 6.7687
2015.8479 6.9457
2015.8507 7.1924
2015.8534 6.8789
2015.8562 5.9352
2015.8589 3.7813
2015.8616 9.2473
2015.8644 10.7131
2015.8671 8.0488
2015.8699 7.5045
2015.8726 6.7800
2015.8753 8.0255
2015.8781 4.4810
2015.8808 5.0865
2015.8836 11.8621
2015.8863 11.9577
2015.8890 10.6133
2015.8918 10.0791
2015.8945 10.3849
2015.8973 14.3110
2015.9000 11.3671
2015.9027 10.3235
2015.9055 8.4801
2015.9082 7.1469
2015.9110 10.6340
2015.9137 11.4713
2015.9164 8.2891
2015.9192 13.1579
2015.9219 13.3077
2015.9247 8.2386
2015.9274 8.0304
2015.9301 11.2530
2015.9329 8.0664
2015.9356 9.3704
2015.9384 13.4151
2015.9411 13.7902
2015.9438 13.7259
2015.9466 10.6818
2015.9493 9.7981
2015.9521 10.9645
2015.9548 11.3711
2015.9575 7.7577
2015.9603 11.5743
2015.9630 7.6608
2015.9658 13.8871
2015.9685 9.5431
2015.9712 8.2288
2015.9740 11.8540
2015.9767 12.1287
2015.9795 7.4528
2015.9822 12.9063
2015.9849 15.5090
2015.9877 15.2208
2015.9904 12.5618
2015.9931 13.9618
2015.9959 11.2107
2015.9986 10.5385
2016.0014 7.4045
2016.0041 11.2655
2016.0068 10.7914
2016.0096 9.0826
2016.0123 7.8895
2016.0150 8.9223
2016.0178 3.1815
2016.0205 6.1875
2016.0232 6.3005
2016.0260 9.3612
2016.0287 6.1896
2016.0314 12.7964
2016.0342 8.4417
2016.0369 10.5561
2016.0396 8.4499
2016.0423 6.7434
2016.0451 11.0070
2016.0478 10.2512
2016.0505 10.1962
2016.0533 8.7325
2016.0560 10.3105
2016.0587 9.7304
2016.0615 9.6127
2016.0642 6.0278
2016.0669 5.2860
2016.0697 5.1177
2016.0724 8.7433
2016.0751 7.5131
2016.0779 11.8976
2016.0806 9.6271
2016.0833 10.6600
2016.0861 11.3238
2016.0888 13.8084
2016.0915 11.6637
2016.0943 13.9597
2016.0970 10.5163
2016.0997 13.7834
2016.1025 15.6011
2016.1052 11.6191
2016.1079 12.4376
2016.1107 13.0963
2016.1134 9.6253
2016.1161 11.8845
2016.1189 10.4637
2016.1216 6.8131
2016.1243 12.4524
2016.1270 15.8116
2016.1298 10.9907
2016.1325 11.9296
2016.1352 14.1383
2016.1380 13.5066
2016.1407 18.7446
2016.1434 16.0321
2016.1462 11.3991
2016.1489 14.8755
2016.1516 12.0713
2016.1544 14.1564
2016.1571 15.7408
2016.1598 17.0243
2016.1626 12.5870
2016.1653 10.8894
2016.1680 9.7416
2016.1708 9.8637
2016.1735 12.9656
2016.1762 11.8474
2016.1790 13.4591
2016.1817 12.2106
2016.1844 9.2020
2016.1872 10.2233
2016.1899 13.5145
2016.1926 13.6555
2016.1954 11.5064
2016.1981 14.3971
2016.2008 14.0278
2016.2035 11.7383
2016.2063 10.3087
2016.2090 11.0290
2016.2117 3.1392
2016.2145 11.8093
2016.2172 8.8393
2016.2199 8.6492
2016.2227 6.6489
2016.2254 8.5986
2016.2281 3.3882
2016.2309 9.9777
2016.2336 10.2071
2016.2363 13.3064
2016.2391 8.9256
2016.2418 7.9347
2016.2445 9.5737
2016.2473 8.2421
2016.2500 8.7382
2016.2527 8.5722
2016.2555 9.5543
2016.2582 9.8646
2016.2609 13.9134
2016.2637 11.6906
2016.2664 14.0566
2016.2691 15.7615
2016.2719 14.6853
2016.2746 14.8284
2016.2773 11.5609
2016.2801 13.1829
2016.2828 12.0845
2016.2855 10.2061
2016.2882 12.0476
2016.2910 14.3893
2016.2937 16.3313
2016.2964 17.8438
2016.2992 16.6670
2016.3019 12.1110
2016.3046 10.8460
2016.3074 11.7422
2016.3101 11.2796
2016.3128 11.3985
2016.3156 18.6291
2016.3183 17.4714
2016.3210 14.3057
2016.3238 12.3921
2016.3265 12.2708
2016.3292 14.0920
2016.3320 12.7078
2016.3347 17.4091
2016.3374 16.6254
2016.3402 12.7365
2016.3429 15.7219
2016.3456 11.0713
2016.3484 10.1842
2016.3511 7.6804
2016.3538 10.0594
2016.3566 10.1208
2016.3593 13.2143
2016.3620 11.7695
2016.3648 12.7560
2016.3675 10.5735
2016.3702 10.3915
2016.3729 11.3897
2016.3757 10.3776
2016.3784 10.5750
2016.3811 14.2515
2016.3839 14.5866
2016.3866 17.6500
2016.3893 18.7013
2016.3921 17.5102
2016.3948 11.2762
2016.3975 13.4590
2016.4003 9.6382
2016.4030 7.5734
2016.4057 8.3442
2016.4085 6.4203
2016.4112 10.5113
2016.4139 10.8178
2016.4167 11.1838
2016.4194 7.8898
2016.4221 7.5757
2016.4249 8.1416
2016.4276 8.6574
2016.4303 8.2031
2016.4331 7.6588
2016.4358 9.8744
2016.4385 10.7600
2016.4413 8.8755
2016.4440 8.2410
2016.4467 3.4164
2016.4495 6.4617
2016.4522 15.7270
2016.4549 13.6622
2016.4576 9.3674
2016.4604 13.7024
2016.4631 13.8275
2016.4658 10.9624
2016.4686 9.1473
2016.4713 10.3522
2016.4740 8.9969
2016.4768 6.7416
2016.4795 6.1263
2016.4822 5.4708
2016.4850 2.7253
2016.4877 3.7998
2016.4904 4.3441
2016.4932 8.7484
2016.4959 5.6526
2016.4986 6.5768
2016.5014 7.7809
2016.5041 6.8750
2016.5068 9.2290
2016.5096 9.4030
2016.5123 4.9070
2016.5150 7.5709
2016.5178 7.0848
2016.5205 3.7887
2016.5232 4.2426
2016.5260 5.2864
2016.5287 9.0301
2016.5314 8.3339
2016.5342 8.6176
2016.5369 11.1113
2016.5396 10.5650
2016.5423 7.6886
2016.5451 10.4322
2016.5478 5.5258
2016.5505 8.2493
2016.5533 9.7429
2016.5560 5.6464
2016.5587 6.2399
2016.5615 3.9633
2016.5642 1.5968
2016.5669 7.5702
2016.5697 7.0136
2016.5724 8.9069
2016.5751 9.4503
2016.5779 8.2636
2016.5806 8.8070
2016.5833 3.9289
2016.5861 4.3980
2016.5888 8.1244
2016.5915 6.1582
2016.5943 6.6098
2016.5970 8.0394
2016.5997 11.8671
2016.6025 7.4932
2016.6052 7.5379
2016.6079 8.0415
2016.6107 5.7042
2016.6134 6.3161
2016.6161 5.2576
2016.6189 4.0887
2016.6216 3.8099
2016.6243 4.9812
2016.6270 9.7429
2016.6298 8.8052
2016.6325 9.3784
2016.6352 11.8527
2016.6380 11.3882
2016.6407 8.9353
2016.6434 12.7840
2016.6462 12.5248
2016.6489 11.5777
2016.6516 11.1830
2016.6544 12.7109
2016.6571 10.0317
2016.6598 7.9155
2016.6626 8.5827
2016.6653 6.5734
2016.6680 2.1186
2016.6708 0.1685
2016.6735 3.6726
2016.6762 6.9008
2016.6790 6.5726
2016.6817 8.0079
2016.6844 7.9763
2016.6872 4.9576
2016.6899 5.3214
2016.6926 5.9975
2016.6954 5.7356
2016.6981 10.9654
2016.7008 12.4165
2016.7035 12.6488
2016.7063 6.7619
2016.7090 4.8856
2016.7117 5.3895
2016.7145 8.1234
2016.7172 5.2069
2016.7199 8.0698
2016.7227 9.6919
2016.7254 10.1727
2016.7281 7.1720
2016.7309 7.5396
2016.7336 5.0151
2016.7363 9.4583
2016.7391 13.8188
2016.7418 10.4164
2016.7445 2.8208
2016.7473 5.8917
2016.7500 5.4899
2016.7527 1.7581
2016.7555 4.8762
2016.7582 5.2642
2016.7609 3.6622
2016.7637 6.1199
2016.7664 7.5275
2016.7691 7.9848
2016.7719 5.2719
2016.7746 2.1186
2016.7773 4.4649
2016.7801 4.3209
2016.7828 0.7464
2016.7855 4.2314
2016.7882 2.7358
2016.7910 4.0397
2016.7937 -1.0670
2016.7964 6.2756
2016.7992 2.8375
2016.8019 8.1686
2016.8046 5.6190
2016.8074 6.9785
2016.8101 10.6272
2016.8128 9.4750
2016.8156 3.4718
2016.8183 6.7876
2016.8210 5.3224
2016.8238 5.3661
2016.8265 7.3786
2016.8292 8.8100
2016.8320 8.0703
2016.8347 5.4498
2016.8374 6.6388
2016.8402 18.6273
2016.8429 3.3952
2016.8456 5.8527
2016.8484 7.7296
2016.8511 4.2159
2016.8538 -0.1583
2016.8593 -0.1386
2016.8620 0.8254
2016.8648 2.4087
2016.8675 0.9413
2016.8702 -0.6167
2016.8729 0.4746
2016.8757 0.9052
2016.8784 1.6951
2016.8811 4.4742
2016.8839 5.2326
2016.8866 2.3103
2016.8893 7.1072
2016.8921 3.3532
2016.8948 3.1785
2016.8975 1.0629
2016.9003 3.2366
2016.9030 0.2693
2016.9057 0.8112
2016.9085 1.0222
2016.9112 5.0023
2016.9139 1.3015
2016.9167 7.2298
2016.9194 2.0775
2016.9221 5.7946
2016.9249 6.1913
2016.9276 1.4874
2016.9303 7.5131
2016.9331 10.9784
2016.9358 7.3433
2016.9385 8.1979
2016.9413 10.5622
2016.9440 10.8362
2016.9467 14.1701
2016.9495 11.3138
2016.9522 11.6373
2016.9549 10.0108
2016.9576 10.0642
2016.9604 11.9776
2016.9631 6.4410
2016.9658 4.1245
2016.9686 9.5980
2016.9713 10.4618
2016.9740 7.2957
2016.9768 8.2898
2016.9795 7.5741
2016.9822 7.9688
2016.9850 11.3038
2016.9877 8.3592
2016.9904 10.1350
2016.9932 10.0612
2016.9959 6.9579
2016.9986 10.5952
2017.0014 9.8230
2017.0041 8.1414
2017.0068 5.2403
2017.0096 10.3897
2017.0123 8.3697
2017.0151 8.8000
2017.0178 7.7608
2017.0205 6.5619
2017.0233 11.7734
2017.0260 9.4551
2017.0288 8.8371
2017.0315 11.1693
2017.0342 9.6316
2017.0370 10.9640
2017.0397 11.4166
2017.0425 6.9292
2017.0452 9.4918
2017.0479 9.1743
2017.0507 8.9868
2017.0534 13.0292
2017.0562 12.6114
2017.0589 12.0234
2017.0616 11.7052
2017.0644 12.4467
2017.0671 14.5479
2017.0699 16.9988
2017.0726 13.9392
2017.0753 14.0393
2017.0781 15.6489
2017.0808 15.0379
2017.0836 17.6952
2017.0863 12.7097
2017.0890 15.1816
2017.0918 16.1310
2017.0945 12.8782
2017.0973 11.9034
2017.1000 12.4568
2017.1027 12.9786
2017.1055 11.5989
2017.1082 16.5080
2017.1110 14.0461
2017.1137 13.1034
2017.1164 18.4400
2017.1192 12.0062
2017.1219 13.7822
2017.1247 14.9381
2017.1274 13.3243
2017.1301 13.3608
2017.1329 11.6178
2017.1356 10.3656
2017.1384 9.3144
2017.1411 13.8044
2017.1438 12.4757
2017.1466 12.3086
2017.1493 12.8933
2017.1521 9.1299
2017.1548 11.3287
2017.1575 11.4499
2017.1603 14.9836
2017.1630 12.1704
2017.1658 4.2717
2017.1685 9.0676
2017.1712 11.1577
2017.1740 14.3317
2017.1767 9.4693
2017.1795 9.5003
2017.1822 13.8642
2017.1849 11.2608
2017.1877 12.9797
2017.1904 10.9707
2017.1931 12.9335
2017.1959 12.3477
2017.1986 14.6630
2017.2014 12.3691
2017.2041 13.8457
2017.2068 18.5025
2017.2096 15.9392
2017.2123 17.2655
2017.2151 15.3411
2017.2178 19.7855
2017.2205 18.5987
2017.2233 16.1301
2017.2260 13.2196
2017.2288 16.9668
2017.2315 13.6114
2017.2342 15.4430
2017.2370 15.0515
2017.2397 16.7764
2017.2425 10.7575
2017.2452 15.7644
2017.2479 11.1170
2017.2507 15.1256
2017.2534 11.2204
2017.2562 12.9517
2017.2589 7.2300
2017.2616 14.4454
2017.2644 18.0184
2017.2671 16.5691
2017.2699 16.8080
2017.2726 18.4853
2017.2753 18.8413
2017.2781 15.4564
2017.2808 14.4609
2017.2836 14.3950
2017.2863 12.9492
2017.2890 15.5336
2017.2918 11.6486
2017.2945 13.8246
2017.2973 13.9718
2017.3000 17.1905
2017.3027 11.7011
2017.3055 17.6738
2017.3082 17.9291
2017.3110 14.0971
2017.3137 15.8382
2017.3164 16.7027
2017.3192 12.9009
2017.3219 13.8332
2017.3247 11.5998
2017.3274 11.5811
2017.3301 11.7769
2017.3329 14.3148
2017.3356 15.9242
2017.3384 8.4050
2017.3411 9.7472
2017.3438 10.8406
2017.3466 12.5950
2017.3493 10.7504
2017.3521 12.0667
2017.3548 10.5437
2017.3575 11.0513
2017.3603 9.7095
2017.3630 9.5880
2017.3658 12.0269
2017.3685 12.2458
2017.3712 13.7649
2017.3740 9.1039
2017.3767 11.7327
2017.3794 13.4013
2017.3822 17.1094
2017.3849 12.6470
2017.3877 13.3840
2017.3904 11.1003
2017.3931 12.5057
2017.3959 9.3801
2017.3986 9.8734
2017.4014 7.7156
2017.4041 6.6564
2017.4068 9.1259
2017.4096 13.4137
2017.4123 6.9100
2017.4151 9.3051
2017.4178 12.2796
2017.4205 12.3438
2017.4233 12.1875
2017.4260 13.2208
2017.4288 12.2438
2017.4315 9.6666
2017.4342 14.7791
2017.4370 12.1814
2017.4397 9.7635
2017.4425 6.6156
2017.4452 3.4776
2017.4479 5.1495
2017.4507 8.8415
2017.4534 8.5236
2017.4562 8.9458
2017.4589 1.7682
2017.4616 1.9508
2017.4644 7.7837
2017.4671 11.6168
2017.4699 11.1303
2017.4726 8.6142
2017.4753 11.2785
2017.4781 15.1733
2017.4808 12.9587
2017.4836 9.1446
2017.4863 7.2411
2017.4890 13.2183
2017.4918 6.6362
2017.4945 3.0148
2017.4973 5.9842
2017.5000 7.9737
2017.5027 7.2332
2017.5055 10.0627
2017.5082 9.4623
2017.5110 9.5819
2017.5137 11.5616
2017.5164 8.8012
2017.5192 10.5010
2017.5219 11.1007
2017.5247 5.9105
2017.5274 6.5503
2017.5301 3.3401
2017.5329 7.6700
2017.5356 7.4999
2017.5384 8.6498
2017.5411 7.1497
2017.5438 6.4797
2017.5466 3.6997
2017.5493 5.1398
2017.5521 11.2899
2017.5548 12.1900
2017.5575 8.6501
2017.5603 6.0503
2017.5630 4.4105
2017.5658 6.8807
2017.5685 5.9209
2017.5712 9.0412
2017.5740 6.7415
2017.5767 11.8618
2017.5794 12.3522
2017.5822 10.1226
2017.5849 6.9031
2017.5877 7.7136
2017.5904 6.6142
2017.5931 5.3849
2017.5959 8.0957
2017.5986 8.2665
2017.6014 5.9474
2017.6041 3.6783
2017.6068 3.9193
2017.6096 3.0603
2017.6123 6.5913
2017.6151 9.4323
2017.6178 7.3434
2017.6205 4.4145
2017.6233 4.6056
2017.6260 -0.5733
2017.6288 3.8678
2017.6315 3.8588
2017.6342 5.4099
2017.6370 4.8009
2017.6397 7.7720
2017.6425 7.6929
2017.6452 7.6439
2017.6479 5.3248
2017.6507 10.8756
2017.6534 9.1064
2017.6562 9.0072
2017.6589 6.1978
2017.6616 3.8684
2017.6644 5.8789
2017.6671 3.8891
2017.6699 -1.0415
2017.6726 4.3674
2017.6753 12.2256
2017.6781 4.4233
2017.6808 5.5104
2017.6836 12.2870
2017.6863 3.2231
2017.6890 11.5388
2017.6918 8.2240
2017.6945 6.1588
2017.6973 5.5333
2017.7000 7.3274
2017.7027 8.3611
2017.7055 8.0746
2017.7082 14.6579
2017.7110 7.8209
2017.7137 9.3437
2017.7164 6.8863
2017.7192 7.5688
2017.7219 8.5811
2017.7247 6.5734
2017.7274 7.2456
2017.7301 7.9978
2017.7329 5.8500
2017.7356 7.8822
2017.7384 6.7345
2017.7411 7.9469
2017.7438 8.1194
2017.7466 11.6320
2017.7493 6.5144
2017.7521 5.9150
2017.7548 12.3635
2017.7575 4.5001
2017.7603 2.2249
2017.7630 10.2680
2017.7658 4.8597
2017.7685 3.6900
2017.7712 2.8291
2017.7740 7.6571
2017.7767 10.3843
2017.7794 6.5006
2017.7822 8.6163
2017.7849 2.9914
2017.7877 3.9063
2017.7904 2.7909
2017.7931 3.3754
2017.7959 6.4000
2017.7986 4.7248
2017.8014 7.7599
2017.8041 7.2956
2017.8068 11.6618
2017.8096 10.0189
2017.8123 7.2068
2017.8151 5.9359
2017.8178 7.0061
2017.8205 8.5976
2017.8233 6.9607
2017.8260 7.2553
2017.8288 9.2618
2017.8315 6.4301
2017.8342 4.6640
2017.8370 3.8866
2017.8397 2.8471
2017.8425 4.9951
2017.8452 2.5997
2017.8479 3.8305
2017.8507 10.0666
2017.8534 9.9375
2017.8562 11.4826
2017.8589 7.4611
2017.8616 11.7124
2017.8644 10.2060
2017.8671 11.6410
2017.8699 14.5469
2017.8726 15.3631
2017.8753 13.7589
2017.8781 12.5235
2017.8808 12.9665
2017.8836 12.9171
2017.8863 10.8347
2017.8890 14.5886
2017.8918 15.6382
2017.8945 15.2929
2017.8973 14.8319
2017.9000 15.1547
2017.9027 12.5906
2017.9055 15.4390
2017.9082 13.7991
2017.9110 16.3304
2017.9137 11.2922
2017.9164 18.1950
2017.9192 16.4657
2017.9219 16.2756
2017.9247 16.7748
2017.9274 13.6333
2017.9301 10.5312
2017.9329 14.3885
2017.9356 15.0153
2017.9384 16.1516
2017.9411 13.2876
2017.9438 6.3231
2017.9466 10.4783
2017.9493 11.2033
2017.9521 11.6581
2017.9548 15.6828
2017.9575 11.6773
2017.9603 16.1018
2017.9630 15.3863
2017.9658 13.6509
2017.9685 16.4456
2017.9712 14.4405
2017.9740 19.1956
2017.9767 10.9010
2017.9795 10.8868
2017.9822 8.9529
2017.9849 10.1394
2017.9877 10.8465
2017.9904 11.9041
2017.9931 12.8123
2017.9959 14.8612
2017.9986 12.9207
2018.0014 14.8010
2018.0041 14.0114
2018.0068 16.5220
2018.0096 13.6426
2018.0123 14.1533
2018.0151 14.4541
2018.0178 14.6950
2018.0205 14.2559
2018.0233 14.8368
2018.0260 13.4378
2018.0288 17.6289
2018.0315 14.9600
2018.0342 14.8211
2018.0370 16.8222
2018.0397 17.1533
2018.0425 13.3644
2018.0452 16.9055
2018.0479 17.6466
2018.0507 19.7777
2018.0534 19.0787
2018.0562 19.2497
2018.0589 15.8007
2018.0616 19.0915
2018.0644 16.6924
2018.0671 17.1631
2018.0699 18.9638
2018.0726 22.5744
2018.0753 20.7149
2018.0781 19.4454
2018.0808 18.6057
2018.0836 21.6349
2018.0863 20.2524
2018.0890 16.2783
2018.0918 18.6626
2018.0945 16.3455
2018.0973 11.2772
2018.1000 14.2579
2018.1027 16.4275
2018.1055 16.5063
2018.1082 11.5745
2018.1110 17.6921
2018.1137 17.5394
2018.1164 18.6164
2018.1192 18.2732
2018.1219 16.1001
2018.1247 15.9672
2018.1274 14.7046
2018.1301 14.7724
2018.1329 14.8508
2018.1356 10.6599
2018.1384 15.9799
2018.1411 16.5309
2018.1438 13.6030
2018.1466 10.9565
2018.1493 15.9513
2018.1521 13.8878
2018.1548 11.8359
2018.1575 14.2059
2018.1603 14.2479
2018.1630 15.5127
2018.1658 13.1844
2018.1685 17.3031
2018.1712 16.3983
2018.1740 14.9597
2018.1767 17.2167
2018.1795 15.5889
2018.1822 14.0358
2018.1849 16.7669
2018.1877 14.0418
2018.1904 20.5200
2018.1931 17.5411
2018.1959 17.0245
2018.1986 17.1699
2018.2014 17.5167
2018.2041 17.7045
2018.2068 15.9828
2018.2096 17.3112
2018.2123 17.5292
2018.2151 18.9962
2018.2178 19.7520
2018.2233 16.1876
2018.2260 19.5865
2018.2288 20.0822
2018.2315 13.7243
2018.2342 20.8522
2018.2370 22.7255
2018.2425 17.2165
2018.2452 15.4732
2018.2479 9.9859
2018.2507 9.0968
2018.2534 21.0760
2018.2562 12.2938
2018.2589 14.3503
2018.2616 11.2755
2018.2644 13.1097
2018.2671 11.6329
2018.2699 14.8954
2018.2726 11.6572
2018.2753 14.2086
2018.2781 12.9496
2018.2808 13.2903
2018.2836 12.7010
2018.2863 14.6717
2018.2890 16.2427
2018.2918 14.7240
2018.2945 11.7557
2018.2973 15.3881
2018.3000 15.0612
2018.3027 13.0953
2018.3055 16.3004
2018.3082 19.1867
2018.3110 17.5743
2018.3137 13.7233
2018.3164 13.3340
2018.3192 10.4464
2018.3219 13.3907
2018.3247 8.3071
2018.3274 11.4556
2018.3301 9.9361
2018.3329 11.4670
2018.3356 7.7580
2018.3384 8.4391
2018.3411 9.9602
2018.3438 11.4315
2018.3466 12.6828
2018.3493 11.6942
2018.3521 12.4258
2018.3548 14.3974
2018.3575 13.7491
2018.3603 13.3809
2018.3630 14.7428
2018.3658 18.1648
2018.3685 14.9169
2018.3712 9.3291
2018.3740 18.1215
2018.3767 18.0939
2018.3794 10.3264
2018.3822 11.1691
2018.3849 12.1018
2018.3877 12.2147
2018.3904 10.6277
2018.3931 10.1608
2018.3959 8.4040
2018.3986 10.6974
2018.4014 13.5108
2018.4041 12.8344
2018.4068 11.9781
2018.4096 5.6120
2018.4123 14.4159
2018.4151 11.6503
2018.4178 19.1751
2018.4205 14.5205
2018.4233 13.3463
2018.4260 12.1126
2018.4288 10.4791
2018.4315 15.7960
2018.4342 16.7832
2018.4370 15.8806
2018.4397 16.9881
2018.4425 17.0958
2018.4452 15.8835
2018.4479 9.2512
2018.4507 9.9690
2018.4534 13.1666
2018.4562 14.1442
2018.4589 9.1015
2018.4616 9.9687
2018.4644 8.5856
2018.4671 15.3922
2018.4699 13.3484
2018.4726 12.1043
2018.4753 10.8196
2018.4781 11.6045
2018.4808 8.3288
2018.4836 11.1526
2018.4863 9.5557
2018.4890 9.0981
2018.4918 11.8097
2018.4945 12.7006
2018.4973 12.9906
2018.5000 10.3891
2018.5027 10.9462
2018.5055 8.3519
2018.5082 10.4463
2018.5110 16.1896
2018.5137 12.6717
2018.5164 18.5129
2018.5192 18.2632
2018.5219 15.2426
2018.5247 15.2913
2018.5274 16.3094
2018.5301 11.3670
2018.5329 12.2640
2018.5356 17.2908
2018.5384 14.7872
2018.5411 18.1935
2018.5438 13.7696
2018.5466 12.6358
2018.5493 16.4421
2018.5521 19.5885
2018.5548 12.0152
2018.5575 15.9123
2018.5603 18.0898
2018.5630 18.4778
2018.5658 14.6565
2018.5685 13.2259
2018.5712 12.2562
2018.5740 9.5673
2018.5767 10.6894
2018.5794 11.7926
2018.5822 8.7969
2018.5849 10.5915
2018.5877 12.1964
2018.5904 13.7516
2018.5931 14.1370
2018.5959 12.7726
2018.5986 12.1784
2018.6014 10.2544
2018.6041 15.6205
2018.6068 13.7468
2018.6096 13.3532
2018.6123 15.1197
2018.6151 18.0863
2018.6178 14.6030
2018.6205 12.0097
2018.6233 10.6864
2018.6260 8.2832
2018.6288 8.4499
2018.6315 25.0267
2018.6342 8.7134
2018.6370 11.9500
2018.6397 12.9365
2018.6425 12.9730
2018.6452 9.9493
2018.6479 15.3655
2018.6507 10.7616
2018.6534 10.2675
2018.6562 13.1732
2018.6589 14.7387
2018.6616 15.5839
2018.6644 13.6390
2018.6671 15.8334
2018.6699 15.0869
2018.6726 15.6996
2018.6753 16.2515
2018.6781 16.8327
2018.6836 17.1933
2018.6863 14.0827
2018.6890 13.4417
2018.6918 13.7703
2018.6945 13.7986
2018.6973 11.9066
2018.7000 12.4543
2018.7027 11.9620
2018.7055 12.6196
2018.7082 11.8071
2018.7110 10.5648
2018.7137 9.6425
2018.7164 8.7104
2018.7192 8.3086
2018.7219 6.2470
2018.7247 7.6059
2018.7274 4.2551
2018.7301 8.3049
2018.7329 8.4452
2018.7356 9.4662
2018.7384 12.8978
2018.7411 7.5402
2018.7466 10.8575
2018.7493 12.1129
2018.7521 9.2216
2018.7548 9.0237
2018.7575 4.7490
2018.7603 8.6073
2018.7630 7.6882
2018.7658 7.6116
2018.7685 5.8573
2018.7712 5.8850
2018.7740 5.7544
2018.7767 7.4953
2018.7794 7.0176
2018.7822 8.4409
2018.7849 14.7050
2018.7877 12.5697
2018.7904 10.8348
2018.7931 9.9700
2018.7959 16.6050
2018.7986 13.7697
2018.8014 11.4438
2018.8041 11.4971
2018.8068 13.6193
2018.8096 15.2903
2018.8123 15.3397
2018.8151 14.2773
2018.8178 10.2129
2018.8205 17.2063
2018.8233 12.5072
2018.8260 14.2953
2018.8288 17.3506
2018.8315 15.9026
2018.8342 11.6322
2018.8370 12.7201
2018.8397 12.4565
2018.8425 16.1714
2018.8452 14.7751
2018.8479 18.5376
2018.8507 14.9590
2018.8534 16.5594
2018.8562 18.2590
2018.8589 13.6277
2018.8616 18.6059
2018.8644 16.9535
2018.8671 17.0806
2018.8699 17.2574
2018.8726 16.6740
2018.8753 15.1105
2018.8781 19.4169
2018.8808 18.1535
2018.8836 15.6602
2018.8863 15.2873
2018.8890 17.4648
2018.8918 15.5329
2018.8945 15.6415
2018.8973 15.7310
2018.9000 13.6412
2018.9027 13.1825
2018.9055 15.5848
2018.9082 13.2582
2018.9110 14.6130
2018.9137 12.2592
2018.9164 12.9569
2018.9192 10.2470
2018.9219 11.3492
2018.9247 9.6835
2018.9274 10.7596
2018.9301 16.5175
2018.9329 12.7667
2018.9356 13.3773
2018.9384 11.4390
2018.9411 12.8617
2018.9438 13.1850
2018.9466 15.7590
2018.9493 13.8933
2018.9521 14.0478
2018.9548 14.4223
2018.9575 12.2867
2018.9603 12.7107
2018.9630 12.9641
2018.9658 13.7669
2018.9685 14.7787
2018.9712 15.3194
2018.9740 15.8389
2018.9767 18.6569
2018.9795 17.0432
2018.9822 17.0177
2018.9849 15.9403
2018.9877 15.1906
2018.9904 15.8185
2018.9931 16.9439
2018.9959 17.3965
2018.9986 16.8362
2019.0014 15.2429
2019.0041 17.8572
2019.0068 14.9993
2019.0096 19.5995
2019.0123 19.1978
2019.0151 21.3944
2019.0178 20.8294
2019.0205 17.3031
2019.0233 17.4256
2019.0260 15.8769
2019.0288 16.7374
2019.0315 15.2971
2019.0342 21.4661
2019.0370 19.0247
2019.0397 19.0430
2019.0425 20.7111
2019.0452 20.4293
2019.0479 20.1475
2019.0507 19.3361
2019.0534 17.8451
2019.0562 18.4548
2019.0589 15.3152
2019.0616 17.0365
2019.0644 21.6489
2019.0671 19.9026
2019.0699 17.8176
2019.0726 20.4741
2019.0753 19.8223
2019.0781 17.3824
2019.0808 20.0444
2019.0836 15.0675
2019.0863 13.1707
2019.0890 16.8938
2019.0918 17.9270
2019.0945 17.8702
2019.0973 20.4935
2019.1000 20.7868
2019.1027 19.1302
2019.1055 19.6436
2019.1082 13.4671
2019.1110 17.8206
2019.1137 16.3342
2019.1164 13.7379
2019.1192 15.9616
2019.1219 15.8255
2019.1247 17.0794
2019.1274 18.1434
2019.1301 15.9675
2019.1329 15.2517
2019.1356 13.8759
2019.1384 16.4403
2019.1411 15.6048
2019.1438 17.8794
2019.1466 16.6642
2019.1493 18.8590
2019.1521 17.5540
2019.1548 16.8391
2019.1575 17.5043
2019.1603 13.9597
2019.1630 16.6952
2019.1658 17.4005
2019.1685 16.5356
2019.1712 19.1006
2019.1740 16.9255
2019.1767 16.8203
2019.1795 12.7550
2019.1822 15.9198
2019.1849 17.1446
2019.1877 18.4094
2019.1904 16.8243
2019.1931 15.5094
2019.1959 18.4646
2019.1986 19.6100
2019.2014 20.2956
2019.2041 18.8815
2019.2068 14.6377
2019.2096 11.3242
2019.2123 14.7310
2019.2151 17.6982
2019.2178 17.3159
2019.2205 18.7540
2019.2233 22.4326
2019.2260 19.1617
2019.2288 18.1614
2019.2315 21.2716
2019.2342 20.4125
2019.2370 19.7940
2019.2397 18.0162
2019.2425 19.5591
2019.2452 15.7928
2019.2479 16.6571
2019.2507 18.3020
2019.2534 19.5473
2019.2562 17.2132
2019.2589 15.0095
2019.2616 18.1562
2019.2644 14.8934
2019.2671 16.8309
2019.2699 20.3188
2019.2726 17.9571
2019.2753 14.9356
2019.2781 11.4045
2019.2808 16.9536
2019.2836 16.2330
2019.2863 13.2927
2019.2890 10.4925
2019.2918 17.8725
2019.2945 17.1427
2019.2973 14.8930
2019.3000 15.8434
2019.3027 16.6739
2019.3055 17.0545
2019.3082 13.2052
2019.3110 12.4858
2019.3137 11.6865
2019.3164 15.7271
2019.3192 15.8377
2019.3219 15.0782
2019.3247 16.5986
2019.3274 18.5490
2019.3301 19.5092
2019.3329 19.2494
2019.3356 18.0897
2019.3384 22.8600
2019.3411 21.6304
2019.3438 22.4409
2019.3466 21.0914
2019.3493 20.2520
2019.3521 16.0927
2019.3548 17.8934
2019.3575 16.1142
2019.3603 8.1051
2019.3630 14.4660
2019.3658 14.1170
2019.3685 12.1680
2019.3712 14.6091
2019.3740 11.9903
2019.3767 12.5416
2019.3794 10.9529
2019.3822 9.4944
2019.3849 7.8558
2019.3877 6.6574
2019.3904 9.0490
2019.3931 7.5108
2019.3959 9.9226
2019.3986 11.6544
2019.4014 9.6964
2019.4041 11.4184
2019.4068 11.0305
2019.4096 11.2627
2019.4123 10.7150
2019.4151 7.0082
2019.4178 12.5530
2019.4205 13.4994
2019.4233 14.6971
2019.4260 11.9561
2019.4370 5.7322
2019.4397 5.2857
2019.4425 4.6998
2019.4452 12.3842
2019.4479 9.7890
2019.4507 12.1239
2019.4534 11.6189
2019.4562 14.3538
2019.4589 10.5086
2019.4616 10.5630
2019.4644 13.3870
2019.4671 13.7105
2019.4699 14.8933
2019.4726 18.3653
2019.4753 15.6665
2019.4781 17.5466
2019.4808 15.5655
2019.4836 19.2932
2019.4863 18.9194
2019.4890 19.2842
2019.4918 18.5274
2019.4945 17.4388
2019.4973 17.7684
2019.5000 19.8871
2019.5027 17.3051
2019.5055 14.1724
2019.5082 17.0490
2019.5110 18.9250
2019.5137 14.9305
2019.5164 15.8754
2019.5192 13.3899
2019.5219 14.2240
2019.5247 17.5077
2019.5274 17.2310
2019.5301 16.7041
2019.5329 19.0470
2019.5356 19.7597
2019.5384 17.3323
2019.5411 13.2348
2019.5438 16.7772
2019.5466 16.7497
2019.5493 15.5022
2019.5521 15.4649
2019.5548 15.3777
2019.5575 16.5107
2019.5603 18.8939
2019.5630 20.3875
2019.5658 19.6614
2019.5685 19.5357
2019.5712 20.3504
2019.5740 21.7056
2019.5767 19.9514
2019.5794 17.4677
2019.5822 18.2447
2019.5849 16.8121
2019.5877 19.4499
2019.5904 20.5180
2019.5931 17.1565
2019.5959 18.9553
2019.5986 15.1943
2019.6014 14.8036
2019.6041 12.5631
2019.6068 12.8627
2019.6096 16.4825
2019.6123 20.1124
2019.6151 19.5923
2019.6178 18.0323
2019.6205 10.0223
2019.6233 12.1023
2019.6260 21.7322
2019.6288 20.6320
2019.6315 19.7318
2019.6342 18.5413
2019.6370 17.6207
2019.6397 18.4899
2019.6425 17.7588
2019.6452 19.8574
2019.6479 16.9758
2019.6507 15.8338
2019.6534 21.3114
2019.6562 19.7886
2019.6589 14.3254
2019.6616 12.3517
2019.6644 11.5675
2019.6671 14.9522
2019.6699 16.6754
2019.6726 19.0071
2019.6753 18.8375
2019.6781 14.2367
2019.6808 13.4947
2019.6836 14.6418
2019.6863 13.3281
2019.6890 9.0435
2019.6918 15.4984
2019.6945 12.8727
2019.6973 8.6165
2019.7000 8.3301
2019.7027 9.1236
2019.7055 10.8969
2019.7082 12.0103
2019.7110 11.1939
2019.7137 12.1277
2019.7164 12.7519
2019.7192 13.3667
2019.7219 15.2820
2019.7247 14.6981
2019.7274 13.0751
2019.7301 13.3930
2019.7329 11.9120
2019.7356 11.7423
2019.7384 7.7638
2019.7411 6.1367
2019.7438 8.6212
2019.7466 16.0774
2019.7493 14.9851
2019.7521 19.6930
2019.7548 16.4910
2019.7575 15.7490
2019.7603 12.4870
2019.7630 12.4051
2019.7658 11.5332
2019.7685 11.7513
2019.7712 16.7094
2019.7740 14.2476
2019.7767 12.4558
2019.7794 10.4040
2019.7822 9.9022
2019.7849 10.5504
2019.7877 14.6987
2019.7904 15.6570
2019.7931 15.8253
2019.7959 15.7635
2019.7986 7.3519
2019.8014 4.3602
2019.8041 5.4385
2019.8068 9.7868
2019.8096 7.1051
2019.8123 14.1535
2019.8151 15.6718
2019.8178 14.6201
2019.8205 18.6085
2019.8233 15.1768
2019.8260 5.5751
2019.8288 14.4234
2019.8315 19.3517
2019.8342 18.7500
2019.8370 18.3184
2019.8397 20.0368
2019.8425 18.0053
2019.8452 14.3638
2019.8479 17.3824
2019.8507 16.1609
2019.8534 20.0296
2019.8562 17.8982
2019.8589 20.6668
2019.8616 16.1155
2019.8644 20.4142
2019.8671 17.0929
2019.8699 17.1416
2019.8726 18.2303
2019.8753 16.9490
2019.8781 18.5777
2019.8808 20.6564
2019.8836 11.5351
2019.8863 12.0338
2019.8890 9.2624
2019.8918 10.2011
2019.8945 15.4797
2019.8973 13.2182
2019.9000 12.5868
2019.9027 13.9353
2019.9055 13.1737
2019.9082 19.3421
2019.9110 15.8905
2019.9137 16.1388
2019.9164 15.8963
2019.9192 18.8489
2019.9219 17.8360
2019.9247 16.3380
2019.9274 14.9654
2019.9301 17.4484
2019.9329 29.7774
2019.9356 20.1828
2019.9384 20.6749
2019.9411 19.3742
2019.9438 22.0809
2019.9466 22.3955
2019.9493 20.7382
2019.9712 22.3388
2019.9822 23.7424
2019.9849 23.4947
2019.9877 25.6902
2019.9904 25.5194
2019.9931 27.5926
2019.9959 26.5001
2019.9986 21.2023
2020.0014 20.3593
2020.0041 21.7492
2020.0068 24.5215
2020.0096 23.1060
2020.0123 17.9126
2020.0150 21.0410
2020.0178 22.0412
2020.0205 22.3629
2020.0232 23.2460
2020.0260 22.1902
2020.0287 21.3855
2020.0314 19.7916
2020.0342 19.7683
2020.0369 23.0656
2020.0396 21.0031
2020.0423 20.8608
2020.0451 21.8084
2020.0478 15.9659
2020.0505 19.8929
2020.0533 21.8694
2020.0560 17.3752
2020.0587 19.9400
2020.0615 21.3538
2020.0642 22.1563
2020.0669 25.5573
2020.0697 17.8668
2020.0724 25.4345
2020.0751 20.4802
2020.0779 17.9337
2020.0806 22.5950
2020.0833 18.4039
2020.0861 22.0008
2020.0915 21.8390
2020.0943 22.1106
2020.0970 22.4608
2020.0997 20.8197
2020.1025 20.4375
2020.1052 23.1144
2020.1079 16.5305
2020.1107 21.7160
2020.1134 21.4710
2020.1161 21.9457
2020.1189 23.5304
2020.1216 22.1450
2020.1243 23.2198
2020.1270 23.1650
2020.1298 19.1808
2020.1325 19.5472
2020.1352 19.3644
2020.1380 23.5327
2020.1407 22.0821
2020.1434 23.8329
2020.1462 21.6151
2020.1489 18.5490
2020.1516 22.6548
2020.1544 21.6925
2020.1571 20.7023
2020.1598 17.7145
2020.1626 22.8691
2020.1653 21.9264
2020.1680 20.8363
2020.1708 22.0685
2020.1735 20.1530
2020.1762 21.4794
2020.1790 19.9578
2020.1817 24.8378
2020.1844 24.2894
2020.1872 21.6023
2020.1899 22.2464
2020.1926 28.4015
2020.1954 31.6475
2020.2008 32.3812
2020.2035 30.8887
2020.2063 27.7364
2020.2090 24.5940
2020.2117 26.9315
2020.2145 25.1486
2020.2172 25.4752
2020.2199 24.8011
2020.2227 24.1261
2020.2254 25.1701
2020.2281 29.1530
2020.2309 27.7344
2020.2336 29.9743
2020.2363 26.2325
2020.2391 27.7489
2020.2418 27.4432
2020.2445 29.5452
2020.2473 25.3548
2020.2500 25.5716
2020.2527 21.8358
2020.2555 25.6276
2020.2582 23.2273
2020.2609 27.4651
2020.2637 25.8611
2020.2664 27.9756
2020.2691 29.9988
2020.2719 26.9108
2020.2746 24.8520
2020.2773 32.3925
2020.2801 24.4725
2020.2828 23.9323
2020.2855 23.3119
2020.2882 19.3718
2020.2910 20.8020
2020.2937 17.1427
2020.2964 26.9543
2020.2992 26.0768
2020.3019 23.6105
2020.3046 23.9956
2020.3074 20.6724
2020.3101 24.2810
2020.3128 23.3216
2020.3156 22.3044
2020.3183 26.1697
2020.3210 29.7177
2020.3238 27.7985
2020.3265 25.1924
2020.3292 25.1296
2020.3320 17.7299
2020.3347 19.5928
2020.3374 20.6182
2020.3402 17.8760
2020.3429 19.5058
2020.3456 17.5976
2020.3484 20.6310
2020.3511 19.5961
2020.3538 19.0925
2020.3566 16.4900
2020.3593 19.9785
2020.3620 20.2178
2020.3648 19.9277
2020.3675 19.6580
2020.3702 19.0985
2020.3729 18.6690
2020.3757 18.4993
2020.3784 21.5392
2020.3811 20.0487
2020.3839 22.9073
2020.3866 19.7950
2020.3893 19.4916
2020.3921 17.7869
2020.3948 18.8507
2020.3975 20.9027
2020.4003 22.7429
2020.4030 19.3210
2020.4057 20.5369
2020.4085 22.1502
2020.4112 24.7510
2020.4139 26.5593
2020.4167 20.9674
2020.4194 24.8453
2020.4221 30.6630
2020.4249 33.9507
2020.4276 22.0682
2020.4303 21.5456
2020.4331 28.2629
2020.4358 26.4600
2020.4385 26.8671
2020.4413 25.4641
2020.4440 27.3509
2020.4467 21.7776
2020.4495 22.8343
2020.4522 21.6608
2020.4549 24.8673
2020.4576 24.1736
2020.4604 23.0799
2020.4631 23.2361
2020.4658 25.0621
2020.4686 19.7481
2020.4713 22.6441
2020.4740 20.8399
2020.4768 19.7357
2020.4795 18.0414
2020.4822 16.1970
2020.4850 14.1425
2020.4877 16.8780
2020.4904 19.3634
2020.4932 15.7388
2020.4959 16.4441
2020.4986 17.4794
2020.5014 16.3848
2020.5041 19.7803
2020.5068 17.3358
2020.5096 19.1812
2020.5123 20.2467
2020.5150 20.0521
2020.5178 24.2774
2020.5205 21.9426
2020.5232 20.1477
2020.5260 24.1026
2020.5287 19.2974
2020.5314 18.9719
2020.5342 20.6662
2020.5369 24.1402
2020.5396 23.9240
2020.5423 17.4974
2020.5451 21.6004
2020.5478 20.3832
2020.5505 13.1755
2020.5533 18.8873
2020.5560 18.2388
2020.5587 18.0197
2020.5615 21.5402
2020.5642 23.3501
2020.5669 22.9595
2020.5697 26.1683
2020.5724 21.2264
2020.5751 25.0240
2020.5779 22.7909
2020.5806 24.8071
2020.5833 23.4510
2020.5861 23.7308
2020.5888 23.9867
2020.5915 22.5789
2020.5943 22.9977
2020.5970 21.3333
2020.5997 19.0061
2020.6025 22.4362
2020.6052 22.0839
2020.6079 20.9695
2020.6107 20.2132
2020.6134 20.9453
2020.6161 21.2360
2020.6189 18.3255
2020.6216 15.5542
2020.6243 15.5223
2020.6270 17.9400
2020.6298 15.7876
2020.6325 18.9253
2020.6352 20.0334
2020.6380 10.6922
2020.6407 13.3219
2020.6434 16.8427
2020.6462 26.9349
2020.6489 24.4188
2020.6516 21.4546
2020.6544 17.3925
2020.6571 14.1529
2020.6598 22.4960
2020.6626 15.8419
2020.6653 21.6109
2020.6680 19.2807
2020.6708 22.8907
2020.6735 22.2107
2020.6762 20.7510
2020.6790 20.4713
2020.6817 16.2619
2020.6844 18.2527
2020.6872 19.2837
2020.6899 20.2849
2020.6926 18.3764
2020.6954 20.9581
2020.6981 24.2801
2020.7008 23.4424
2020.7035 18.9350
2020.7063 14.4479
2020.7090 17.6611
2020.7117 17.1147
2020.7145 15.6286
2020.7172 19.2829
2020.7199 19.5977
2020.7227 18.3828
2020.7254 18.6383
2020.7281 18.9443
2020.7309 16.2907
2020.7336 15.2676
2020.7363 15.6550
2020.7391 19.5129
2020.7418 22.2013
2020.7445 19.4602
2020.7473 19.2496
2020.7500 21.8496
2020.7527 27.6898
2020.7555 24.8704
2020.7582 22.1813
2020.7609 24.3325
2020.7637 25.9841
2020.7664 23.2160
2020.7691 23.0382
2020.7719 23.2008
2020.7746 23.9937
2020.7773 21.1269
2020.7801 23.9305
2020.7828 22.4345
2020.7855 27.5988
2020.7882 27.2335
2020.7910 27.6885
2020.7937 23.3540
2020.7964 25.5898
2020.7992 24.2459
2020.8019 22.7825
2020.8046 25.0594
2020.8074 25.6468
2020.8101 22.7745
2020.8128 23.7126
2020.8156 26.4511
2020.8183 18.0601
2020.8210 24.4994
2020.8238 23.8691
2020.8265 19.7193
2020.8292 24.2199
2020.8320 24.1209
2020.8347 22.7825
2020.8374 20.1349
2020.8402 23.6078
2020.8429 19.8315
2020.8456 19.5358
2020.8484 16.3406
2020.8511 14.9961
2020.8538 16.3521
2020.8566 13.4286
2020.8593 20.4657
2020.8620 19.7432
2020.8648 23.7012
2020.8675 22.4197
2020.8702 22.7186
2020.8729 18.9278
2020.8757 18.3575
2020.8784 18.6675
2020.8811 16.4778
2020.8839 12.4584
2020.8866 12.3094
2020.8893 12.1705
2020.8921 16.6920
2020.8948 19.4036
2020.8975 19.0454
2020.9003 19.5474
2020.9030 18.4696
2020.9057 17.1818
2020.9085 17.3542
2020.9112 20.1067
2020.9139 22.9592
2020.9167 16.3221
2020.9194 21.9073
2020.9221 18.2847
2020.9249 19.4443
2020.9276 24.5758
2020.9303 24.3289
2020.9331 14.9637
2020.9358 21.6498
2020.9385 23.1671
2020.9413 21.2854
2020.9440 15.2946
2020.9467 24.0443
2020.9495 21.3846
2020.9522 24.2751
2020.9549 25.3158
2020.9576 25.4863
2020.9604 23.2267
2020.9631 20.7165
2020.9658 21.5058
2020.9686 21.4442
2020.9713 24.8717
2020.9740 22.1180
2020.9768 24.6829
2020.9795 22.5263
2020.9822 21.0681
2020.9850 26.6279
2020.9877 22.6057
2020.9904 22.7912
2020.9932 27.1443
2020.9959 24.7848
2020.9986 24.8825
2021.0014 23.6072
2021.0041 25.4189
2021.0068 29.6079
2021.0096 28.9941
2021.0123 23.6280
2021.0151 24.2396
2021.0178 25.3291
2021.0205 25.3768
2021.0233 24.3828
2021.0260 23.4873
2021.0288 25.9406
2021.0315 22.1127
2021.0342 22.7240
2021.0370 21.8645
2021.0397 20.7445
2021.0425 19.4842
2021.0452 19.0637
2021.0479 20.7834
2021.0507 21.1032
2021.0534 20.6335
2021.0562 20.5245
2021.0589 15.9663
2021.0616 23.9791
2021.0644 28.0531
2021.0671 23.0685
2021.0699 27.2155
2021.0726 24.6843
2021.0753 21.6451
2021.0781 22.1981
2021.0808 21.9934
2021.0836 29.0602
2021.0863 25.4971
2021.0890 26.0844
2021.0918 27.8419
2021.0945 26.0598
2021.0973 27.8678
2021.1000 23.9962
2021.1027 22.7949
2021.1055 21.2439
2021.1082 24.9031
2021.1110 20.0427
2021.1137 22.8926
2021.1164 26.2827
2021.1192 27.0932
2021.1219 27.0439
2021.1247 26.0650
2021.1274 24.0064
2021.1301 23.2281
2021.1329 22.1502
2021.1356 25.8825
2021.1384 17.3652
2021.1411 22.2782
2021.1438 25.5515
2021.1466 29.5252
2021.1493 26.1692
2021.1521 26.5836
2021.1548 28.4982
2021.1575 26.7933
2021.1603 27.5286
2021.1630 24.1346
2021.1658 24.5527
2021.1685 22.6131
2021.1712 25.8854
2021.1740 27.6796
2021.1767 22.4956
2021.1795 24.1030
2021.1822 26.1819
2021.1849 27.2119
2021.1877 25.7529
2021.1904 25.4248
2021.1931 29.7474
2021.1959 26.3106
2021.1986 29.2541
2021.2014 26.4877
2021.2041 29.2914
2021.2068 29.8450
2021.2096 27.2982
2021.2123 23.2810
2021.2151 27.0031
2021.2178 28.5444
2021.2205 31.4147
2021.2233 26.6838
2021.2726 31.6434
2021.2753 28.6915
2021.2781 30.3184
2021.2808 31.6344
2021.2836 28.9298
2021.2863 32.6147
2021.2890 35.5393
2021.2918 34.9639
2021.2945 27.1287
2021.2973 29.4139
2021.3000 32.2597
2021.3027 33.0064
2021.3055 26.5240
2021.3082 18.2329
2021.3110 23.9133
2021.3137 23.1353
2021.3164 25.0893
2021.3192 26.3153
2021.3219 24.3837
2021.3247 22.9146
2021.3274 24.9583
2021.3301 26.6647
2021.3329 22.1630
2021.3356 21.6327
2021.3384 24.6437
2021.3411 24.8860
2021.3438 27.2095
2021.3466 28.2540
2021.3493 29.7795
2021.3521 30.0458
2021.3548 30.7827
2021.3575 32.0203
2021.3603 32.1184
2021.3630 30.7969
2021.3658 28.1356
2021.3685 24.0845
2021.3712 32.1035
2021.3740 27.9324
2021.3767 32.0911
2021.3794 30.6396
2021.3822 27.8877
2021.3849 26.0953
2021.3877 27.0922
2021.3904 26.4185
2021.3931 27.8340
2021.3959 25.0385
2021.3986 26.2620
2021.4014 26.1943
2021.4041 27.0754
2021.4068 28.7651
2021.4096 26.7933
2021.4123 29.3900
2021.4151 29.4246
2021.4178 24.7772
2021.4205 26.2278
2021.4233 28.3165
2021.4260 30.4836
2021.4288 27.0391
2021.4315 30.0133
2021.4342 32.1362
2021.4370 30.1081
2021.4397 33.5890
2021.4425 32.7792
2021.4452 31.8188
2021.4479 33.0680
2021.4507 29.3668
2021.4534 33.6954
2021.4562 34.1441
2021.4589 33.7029
2021.4616 33.0920
2021.4644 33.3916
2021.4671 33.6618
2021.4699 37.2827
2021.4726 32.5245
2021.4753 31.6774
2021.4781 28.6616
2021.4808 31.6771
2021.4836 28.3841
2021.4863 29.0527
2021.4890 28.3832
2021.4918 24.0157
2021.4945 28.8803
2021.4973 33.1173
2021.5000 31.6271
2021.5027 32.1797
2021.5055 30.6849
2021.5082 26.5724
2021.5110 30.8321
2021.5137 22.2538
2021.5164 28.7171
2021.5192 28.1621
2021.5219 23.5084
2021.5247 28.2159
2021.5274 27.7243
2021.5301 26.8334
2021.5329 22.0831
2021.5356 27.1032
2021.5384 29.6333
2021.5411 28.8734
2021.5438 27.2533
2021.5466 28.1927
2021.5493 27.4614
2021.5521 28.6692
2021.5548 23.9960
2021.5575 23.5415
2021.5603 25.3155
2021.5630 26.9279
2021.5658 23.7983
2021.5685 29.0067
2021.5712 26.4528
2021.5740 24.9664
2021.5767 27.6673
2021.5794 27.4954
2021.5822 30.1205
2021.5849 29.8837
2021.5877 30.5553
2021.5904 34.7854
2021.5931 34.1741
2021.5959 32.3016
2021.5986 32.8980
2021.6014 30.6234
2021.6041 26.0979
2021.6068 24.1417
2021.6096 24.3450
2021.6123 25.9077
2021.6151 28.5402
2021.6178 25.7324
2021.6205 29.6846
2021.6233 24.2668
2021.6260 24.8592
2021.6288 23.1219
2021.6315 21.7050
2021.6342 26.3287
2021.6370 20.9032
2021.6397 24.7184
2021.6425 27.3246
2021.6452 25.1619
2021.6479 29.5704
2021.6507 27.4002
2021.6534 24.4315
2021.6562 25.6645
2021.6589 26.5891
2021.6616 25.4356
2021.6644 29.0041
2021.6671 22.7337
2021.6699 18.6733
2021.6726 25.4128
2021.6753 25.6824
2021.6781 30.2520
2021.6808 26.2016
2021.6836 23.7012
2021.6863 29.3808
2021.6890 24.3704
2021.6918 26.9500
2021.6945 27.1096
2021.6973 25.9893
2021.7000 26.4989
2021.7027 29.8786
2021.7055 25.0082
2021.7082 26.4979
2021.7110 26.0876
2021.7137 23.7273
2021.7164 25.9070
2021.7192 26.5167
2021.7219 25.4764
2021.7247 29.6161
2021.7274 27.8759
2021.7301 29.7356
2021.7329 30.1354
2021.7356 27.6352
2021.7384 30.1850
2021.7411 28.7348
2021.7438 28.9446
2021.7466 27.5444
2021.7493 27.5743
2021.7521 27.1341
2021.7548 30.7740
2021.7575 30.8439
2021.7603 36.3438
2021.7630 34.8537
2021.7658 33.8136
2021.7685 31.8335
2021.7712 26.5835
2021.7740 26.4934
2021.7767 31.5833
2021.7794 26.1533
2021.7822 24.7733
2021.7849 26.6032
2021.7877 23.3132
2021.7904 16.1631
2021.7931 22.3731
2021.7959 27.1430
2021.7986 23.6030
2021.8014 22.8930
2021.8041 24.0029
2021.8068 26.4129
2021.8096 28.6428
2021.8123 28.0628
2021.8151 23.6427
2021.8178 27.9026
2021.8205 20.7725
2021.8233 21.1424
2021.8260 21.5823
2021.8288 19.6122
2021.8315 20.2921
2021.8342 19.3614
2021.8370 24.3494
2021.8397 17.2464
2021.8425 21.0523
2021.8452 19.9273
2021.8479 22.4414
2021.8507 22.3948
2021.8534 20.8276
2021.8562 21.4197
2021.8589 25.4914
2021.8616 19.3527
2021.8644 22.7637
2021.8671 20.4144
2021.8699 24.5351
2021.8726 25.8957
2021.8753 21.1063
2021.8781 23.6870
2021.8808 25.2580
2021.8836 24.2193
2021.8863 25.1510
2021.8918 25.9560
2021.8945 27.9894
2021.8973 28.7536
2021.9000 25.9586
2021.9027 27.7546
2021.9055 30.6516
2021.9082 28.2697
2021.9110 31.2590
2021.9137 34.6696
2021.9164 34.0117
2021.9192 34.4869
2021.9219 27.6751
2021.9247 28.7862
2021.9274 29.1099
2021.9301 32.3061
2021.9329 26.9945
2021.9356 25.7450
2021.9384 26.7573
2021.9411 29.0013
2021.9438 32.2267
2021.9466 30.0234
2021.9493 29.5711
2021.9521 28.1696
2021.9548 28.2588
2021.9575 29.6484
2021.9603 32.5683
2021.9630 33.1582
2021.9658 34.4180
2021.9685 31.7974
2021.9712 26.8462
2021.9740 25.2243
2021.9767 32.2814
2021.9795 27.6473
2021.9822 28.8819
2021.9849 31.0149
2021.9877 32.0762
2021.9904 28.6855
2021.9931 30.3226
2021.9959 28.3673
2021.9986 28.9695
2022.0014 31.9492
2022.0041 29.1682
2022.0068 29.7868
2022.0096 28.5551
2022.0123 24.3330
2022.0151 24.2705
2022.0178 27.3778
2022.0205 30.6449
2022.0233 29.8917
2022.0260 31.9483
2022.0288 33.4448
2022.0315 30.6911
2022.0342 31.1973
2022.0370 28.1634
2022.0397 27.1795
2022.0425 29.4755
2022.0452 29.0616
2022.0479 31.0076
2022.0507 32.2937
2022.0534 31.4200
2022.0562 29.8263
2022.0589 28.3228
2022.0616 27.3094
2022.0644 28.4163
2022.0671 31.9334
2022.0699 33.1607
2022.0726 31.4883
2022.0753 29.4663
2022.0781 34.7346
2022.0808 36.8432
2022.0836 35.2829
2022.0863 31.9440
2022.0890 30.0865
2022.0918 31.8501
2022.0945 28.9648
2022.0973 32.2904
2022.1000 28.0968
2022.1027 32.8538
2022.1055 23.9813
2022.1082 27.4791
2022.1110 27.0471
2022.1137 27.4053
2022.1164 27.5733
2022.1192 29.9012
2022.1219 30.3287
2022.1247 27.7157
2022.1274 24.2821
2022.1301 25.1578
2022.1329 29.0025
2022.1356 28.6762
2022.1384 27.9187
2022.1411 33.7898
2022.1438 26.0395
2022.1466 30.0376
2022.1493 28.0640
2022.1521 23.6585
2022.1548 28.1709
2022.1575 28.8712
2022.1603 27.6092
2022.1630 26.2849
2022.1658 29.0790
2022.1685 31.0218
2022.1712 25.7434
2022.1740 26.8437
2022.1767 31.3228
2022.1795 32.9209
2022.1822 28.8779
2022.1849 31.0040
2022.1877 34.8692
2022.1904 34.6535
2022.1931 33.2471
2022.1959 33.1000
2022.1986 34.0023
2022.2014 32.6240
2022.2041 29.4351
2022.2068 33.6459
2022.2096 34.6863
2022.2123 33.5863
2022.2151 37.8861
2022.2178 35.5258
2022.2205 30.5953
2022.2233 38.4248
2022.2260 38.1743
2022.2288 34.1439
2022.2315 34.8136
2022.2342 35.4236
2022.2370 33.7338
2022.2397 32.7844
2022.2425 35.2453
2022.2452 31.1668
2022.2479 29.5482
2022.2507 27.8491
2022.2534 35.5496
2022.2562 31.8296
2022.2589 33.9692
2022.2616 26.4084
2022.2644 33.4074
2022.2671 29.1361
2022.2699 28.3245
2022.2726 29.3828
2022.2753 25.4610
2022.2781 26.4091
2022.2808 24.3071
2022.2836 25.9352
2022.2863 26.6733
2022.2890 24.7014
2022.2918 25.9497
2022.2945 23.7482
2022.2973 20.3269
2022.3000 33.5058
2022.3027 34.4951
2022.3055 21.5147
2022.3082 20.6946
2022.3110 22.3051
2022.3137 21.9859
2022.3164 24.2373
2022.3192 27.3593
2022.3219 22.3419
2022.3247 41.7051
2022.3274 40.6190
2022.3301 29.5439
2022.3329 26.6408
2022.3356 29.2500
2022.3384 24.1314
2022.3411 29.6548
2022.3438 30.8803
2022.3466 27.6477
2022.3493 24.0769
2022.3521 28.3379
2022.3548 30.1706
2022.3575 27.2749
2022.3603 28.1208
2022.3630 34.7681
2022.3658 29.7168
2022.3685 29.9567
2022.3712 28.1979
2022.3740 31.8903
2022.3767 31.3437
2022.3794 35.1981
2022.3822 29.8333
2022.3849 28.0094
2022.3877 32.5863
2022.3904 36.0538
2022.3931 31.5819
2022.3959 29.0505
2022.3986 26.6995
2022.4014 24.9489
2022.4041 31.6086
2022.4068 24.1484
2022.4096 27.3184
2022.4123 29.3684
2022.4151 27.4791
2022.4178 27.2310
2022.4205 26.9842
2022.4233 31.5185
2022.4260 35.9038
2022.4288 30.7201
2022.4315 33.7671
2022.4342 37.3450
2022.4370 28.5434
2022.4397 31.1425
2022.4425 29.4420
2022.4452 28.4919
2022.4479 35.3821
2022.4507 25.8225
2022.4534 28.2330
2022.4562 29.5535
2022.4589 30.9239
2022.4616 24.2842
2022.4644 27.7342
2022.4671 27.6139
2022.4699 26.1631
2022.4726 26.8318
2022.4753 29.7999
2022.4781 27.6973
2022.4808 30.4538
2022.4836 30.4395
2022.4863 30.0942
2022.4890 31.2278
2022.4918 31.9002
2022.4945 34.9414
2022.4973 30.0311
2022.5000 34.5091
2022.5027 30.2753
2022.5055 32.8799
2022.5082 35.1730
2022.5110 29.4147
2022.5137 31.0852
2022.5164 29.9345
2022.5192 30.7429
2022.5219 32.8403
2022.5247 32.5470
2022.5274 28.5530
2022.5301 24.9386
2022.5329 31.5237
2022.5356 39.1986
2022.5384 30.6233
2022.5411 33.8581
2022.5438 34.1029
2022.5466 35.2179
2022.5493 34.5733
2022.5521 34.1492
2022.5548 35.4457
2022.5575 36.1329
2022.5603 28.1510
2022.5630 33.9100
2022.5658 35.9601
2022.5685 38.6014
2022.5712 29.6541
2022.5740 31.3583
2022.5767 34.6140
2022.5794 24.0214
2022.5822 25.9810
2022.5849 32.1842
2022.5877 31.9510
2022.5904 31.6613
2022.5931 33.7246
2022.5959 30.3006
2022.5986 30.4091
2022.6014 31.5798
2022.6041 35.5724
2022.6068 38.5466
2022.6096 29.7021
2022.6123 31.0386
2022.6151 27.6957
2022.6178 32.3933
2022.6205 34.8810
2022.6233 32.8385
2022.6288 30.5618
2022.6315 29.6370
2022.6342 29.2208
2022.6370 34.1630
2022.6397 33.5032
2022.6425 37.8312
2022.6452 37.1567
2022.6479 31.2793
2022.6507 30.6188
2022.6534 33.5548
2022.6562 33.1571
2022.6589 34.9955
2022.6616 34.7295
2022.6644 33.9289
2022.6671 35.2358
2022.6699 38.9126
2022.6726 37.3793
2022.6753 34.6958
2022.6781 33.6123
2022.6808 33.9087
2022.6836 38.4849
2022.6863 40.4811
2022.6890 35.8372
2022.6918 33.3132
2022.6945 35.2191
2022.6973 32.1950
2022.7000 36.8107
2022.7027 37.3164
2022.7055 39.1021
2022.7082 39.1077
2022.7110 39.6732
2022.7137 38.4687
2022.7164 33.5441
2022.7192 33.9995
2022.7219 33.5249
2022.7247 35.4302
2022.7274 33.0755
2022.7301 31.0108
2022.7329 37.5460
2022.7356 32.6513
2022.7384 34.1465
2022.7411 38.8117
2022.7438 35.3669
2022.7466 33.9421
2022.7493 29.9074
2022.7521 29.3429
2022.7548 29.4886
2022.7575 29.3246
2022.7603 34.4307
2022.7630 32.1270
2022.7658 33.1335
2022.7685 29.8099
2022.7712 33.3465
2022.7740 33.7231
2022.7767 34.3696
2022.7794 35.9761
2022.7822 36.4625
2022.7849 30.6088
2022.7877 36.4250
2022.7904 35.0410
2022.7931 41.2368
2022.7959 34.3123
2022.7986 36.8075
2022.8014 29.6025
2022.8041 29.8871
2022.8068 30.1913
2022.8096 29.0952
2022.8123 30.7086
2022.8151 34.5415
2022.8178 28.4239
2022.8205 29.0457
2022.8233 29.7871
2022.8260 27.8878
2022.8288 27.5778
2022.8315 33.2872
2022.8342 27.8748
2022.8370 29.4696
2022.8397 31.7916
2022.8425 33.9512
2022.8452 33.1382
2022.8479 28.9930
2022.8507 31.6656
2022.8534 34.7562
2022.8562 33.2549
2022.8589 30.5518
2022.8616 28.6871
2022.8644 31.6509
2022.8671 31.0233
2022.8699 34.9344
2022.8726 34.2845
2022.8753 33.6736
2022.8781 25.9318
2022.8808 36.4493
2022.8836 31.8063
2022.8863 33.8528
2022.8890 33.1189
2022.8918 33.9649
2022.8945 34.9808
2022.8973 34.3169
2022.9000 32.3531
2022.9027 30.3897
2022.9055 29.6367
2022.9082 28.5844
2022.9110 31.9428
2022.9137 28.9620
2022.9164 31.6222
2022.9192 31.9625
2022.9219 33.1429
2022.9247 32.7534
2022.9274 28.6638
2022.9301 29.3243
2022.9329 31.2648
2022.9356 30.4453
2022.9384 30.1058
2022.9411 32.6163
2022.9438 28.7067
2022.9466 31.9171
2022.9493 33.4775
2022.9521 37.1178
2022.9548 30.2179
2022.9575 33.8581
2022.9603 30.0481
2022.9630 33.0680
2022.9658 25.4377
2022.9685 30.6474
2022.9712 26.4669
2022.9740 28.3863
2022.9767 25.8255
2022.9795 27.0945
2022.9822 29.9733
2022.9849 29.3719
2022.9877 29.1804
2022.9904 29.4286
2022.9931 29.4065
2022.9959 27.4743
2022.9986 27.2918
