2010.0123 -0.2777
2010.0151 3.6167
2010.0178 -0.8183
2010.0205 3.3571
2010.0233 5.9430
2010.0260 2.4392
2010.0288 2.2857
2010.0315 3.3724
2010.0342 3.4993
2010.0370 1.9363
2010.0425 3.2104
2010.0452 2.5774
2010.0479 4.2142
2010.0507 3.3108
2010.0534 4.2771
2010.0562 3.0631
2010.0589 4.2687
2010.0616 1.7039
2010.0644 6.4885
2010.0671 4.7526
2010.0699 5.7960
2010.0726 5.9187
2010.0753 9.7007
2010.0781 10.3018
2010.0808 11.4520
2010.0836 10.8615
2010.0863 7.9506
2010.0890 9.9591
2010.0918 7.0073
2010.0945 3.5451
2010.0973 -2.4974
2010.1000 -0.1602
2010.1027 -0.8832
2010.1055 -0.7965
2010.1082 3.5301
2010.1110 4.0465
2010.1137 6.4028
2010.1164 4.4691
2010.1192 2.6253
2010.1219 0.3116
2010.1247 -1.1921
2010.1274 -0.2157
2010.1301 3.5009
2010.1329 2.1576
2010.1356 -0.6255
2010.1384 -5.8083
2010.1411 -1.6008
2010.1438 -2.4730
2010.1466 -0.0449
2010.1493 3.2937
2010.1521 2.6627
2010.1548 3.4221
2010.1575 4.0321
2010.1603 0.2627
2010.1630 1.4137
2010.1658 0.3449
2010.1685 2.5462
2010.1712 4.8276
2010.1740 5.2990
2010.1767 1.6605
2010.1795 2.3521
2010.1822 3.5438
2010.1849 7.4055
2010.1877 5.6573
2010.1904 5.4491
2010.1931 3.1210
2010.1959 3.7530
2010.1986 4.0250
2010.2014 5.1270
2010.2041 5.3792
2010.2068 4.0314
2010.2096 3.3136
2010.2123 6.0258
2010.2151 4.2482
2010.2178 7.3805
2010.2205 3.8429
2010.2233 3.5154
2010.2260 4.3579
2010.2288 -1.5096
2010.2315 0.6429
2010.2342 1.7755
2010.2370 3.3681
2010.2397 -1.0193
2010.2425 1.6734
2010.2452 -0.8939
2010.2479 -0.5312
2010.2507 1.8416
2010.2534 3.3645
2010.2562 6.6775
2010.2589 1.1006
2010.2616 3.5937
2010.2644 0.1670
2010.2671 2.9003
2010.2699 1.4237
2010.2726 4.5971
2010.2753 6.7407
2010.2781 3.5344
2010.2808 -1.0319
2010.2836 2.2019
2010.2863 -0.7242
2010.2890 -0.1702
2010.2918 -0.4261
2010.2945 0.2481
2010.2973 -2.9177
2010.3000 -1.5133
2010.3027 6.6211
2010.3055 1.7156
2010.3082 -0.5698
2010.3110 2.1749
2010.3137 -1.8003
2010.3164 1.8746
2010.3192 -5.2204
2010.3219 2.4847
2010.3247 -2.5502
2010.3274 -2.4549
2010.3301 -2.0795
2010.3329 -1.6138
2010.3356 -1.7076
2010.3384 -6.2710
2010.3411 -2.8040
2010.3438 -2.5265
2010.3466 -2.9985
2010.3493 3.2898
2010.3521 -0.3713
2010.3548 5.0081
2010.3575 3.1479
2010.3603 -0.0118
2010.3630 -2.8309
2010.3658 -2.1796
2010.3685 2.9323
2010.3712 2.4448
2010.3740 1.5777
2010.3767 3.0813
2010.3794 1.4354
2010.3822 2.8301
2010.3849 2.7053
2010.3877 2.0012
2010.3904 -0.0424
2010.3931 1.6847
2010.3959 1.4924
2010.3986 1.9907
2010.4014 7.9596
2010.4041 7.2192
2010.4068 8.7695
2010.4096 6.9604
2010.4123 8.4620
2010.4151 11.7741
2010.4178 9.4864
2010.4205 11.3390
2010.4233 9.5017
2010.5384 14.9627
2010.5411 5.3747
2010.5438 9.8767
2010.5466 8.2685
2010.5493 13.1803
2012.0068 10.0461
2012.0096 13.1208
2012.0123 15.4150
2012.0150 18.8588
2012.0178 16.8422
2012.0205 13.0753
2012.0232 13.9480
2012.0260 14.4605
2012.0287 15.9728
2012.0314 12.2650
2012.0342 16.0170
2012.0369 15.0090
2012.0396 17.8709
2012.0423 14.3529
2012.0451 15.4950
2012.0478 16.6971
2012.0505 12.9095
2012.0533 17.1620
2012.0560 12.8348
2012.0587 16.4379
2012.0615 15.9414
2012.0642 13.6752
2012.0669 18.3895
2012.0697 12.7043
2012.0724 14.1397
2012.0751 16.1156
2012.0779 14.6921
2012.0806 13.6393
2012.0833 13.2172
2012.0861 15.2658
2012.0888 16.9050
2012.0915 15.8848
2012.0943 17.7953
2012.0970 17.1063
2012.0997 16.4980
2012.1025 15.0202
2012.1052 19.1030
2012.1079 12.6563
2012.1107 19.2902
2012.1134 13.8746
2012.1161 17.2795
2012.1189 17.8848
2012.1216 12.2207
2012.1243 11.2770
2012.1270 13.2838
2012.1298 14.7810
2012.1325 17.8886
2012.1352 15.7066
2012.1380 12.6450
2012.1407 18.3738
2012.1434 16.8229
2012.1462 15.3424
2012.1489 15.1822
2012.1516 20.9824
2012.1544 13.6328
2012.1571 16.2436
2012.1598 18.2946
2012.1626 15.0659
2012.1653 15.1782
2012.1680 15.9115
2012.1708 10.7358
2012.1735 17.2009
2012.1762 23.3269
2012.1790 18.3135
2012.1817 15.9308
2012.1844 18.8187
2012.1872 11.1871
2012.1899 17.1359
2012.1926 14.7850
2012.1954 22.4244
2012.1981 23.8440
2012.2008 17.9337
2012.2035 13.2534
2012.2063 12.7530
2012.2090 13.9125
2012.2117 8.2119
2013.0507 15.5253
2013.0534 14.3003
2013.0562 17.3559
2013.0589 19.5618
2013.0616 17.5082
2013.0644 15.9450
2013.0671 17.9824
2013.0699 19.7302
2013.0726 18.9786
2013.0753 15.2575
2013.0781 21.9370
2013.0808 17.4270
2013.0836 18.5377
2013.0863 17.8191
2013.0890 16.6612
2013.0918 17.5639
2013.0945 18.5673
2013.0973 20.7713
2013.1000 18.8458
2013.1027 22.7510
2013.1055 21.2367
2013.1082 20.9029
2013.1110 21.0596
2013.1137 21.5068
2013.1164 20.7845
2013.1192 17.7526
2013.1219 21.6711
2013.1247 18.8100
2013.1274 17.5793
2013.1301 18.2690
2013.1329 17.1489
2013.1356 16.5592
2013.1384 17.5498
2013.1411 22.6207
2013.1438 21.4517
2013.1466 21.9131
2013.1493 13.0446
2013.1521 18.0063
2013.1548 20.9381
2013.1575 17.2401
2013.1603 17.5122
2013.1630 16.1745
2013.1658 15.1169
2013.1685 17.1596
2013.1712 19.2325
2013.1740 18.5456
2013.1767 15.2990
2013.1795 19.2526
2013.1822 15.9663
2013.1849 14.7203
2013.1877 19.4345
2013.1904 18.0489
2013.1931 18.4635
2013.1959 17.8383
2013.1986 22.2032
2013.2014 19.8983
2013.2041 16.4336
2013.2068 16.3191
2013.2096 21.0048
2013.2123 20.4006
2013.2151 18.6065
2013.2178 17.8226
2013.2205 15.6489
2013.2233 16.9553
2013.2260 18.6618
2013.2288 20.1785
2013.2315 20.6553
2013.2342 18.4222
2013.2370 20.3492
2013.2397 15.2664
2013.2425 18.6136
2013.2452 25.1110
2013.2479 22.9791
2013.2507 20.4284
2013.2534 21.5089
2013.2562 18.9705
2013.2589 19.5231
2013.2616 18.7866
2013.2644 18.5709
2013.2671 22.3259
2013.2699 17.7716
2013.2726 24.8879
2013.2753 21.7046
2013.2781 20.1917
2013.2808 21.8691
2013.2836 17.0867
2013.2863 20.4845
2013.2890 17.5623
2013.2918 21.1900
2013.2945 19.2776
2013.2973 19.6550
2013.3000 14.9521
2013.3027 12.6588
2013.3055 14.1650
2013.3082 16.6406
2013.3110 14.4356
2013.3137 16.5198
2013.3164 18.0032
2013.3192 19.7657
2013.3219 20.0772
2013.3247 19.7876
2013.3274 20.4669
2013.3301 18.5246
2013.3329 22.8997
2013.3356 19.4820
2013.3384 14.3419
2013.3411 15.5093
2013.3438 16.1646
2013.3466 12.9280
2013.3493 18.0096
2013.3521 13.7296
2013.3548 15.5382
2013.3575 18.4456
2013.3603 15.0820
2013.3630 14.8675
2013.3658 16.9225
2013.3685 20.5470
2013.3931 19.0194
2013.3959 15.7900
2013.3986 23.8723
2013.4014 22.5565
2013.4041 17.6927
2013.4068 22.3211
2013.4096 18.6120
2013.4123 17.1354
2013.4151 12.7714
2013.4178 18.0994
2013.4205 17.2094
2013.4233 17.8012
2013.4260 16.6546
2013.4397 15.6105
2013.4589 11.2454
2013.4616 15.2657
2013.5548 24.9082
2013.5575 30.0750
2013.5658 18.1886
2013.5685 16.2876
2013.5712 16.3674
2013.5767 13.4292
2013.5849 25.2275
2013.6014 15.0762
2013.6041 21.7693
2013.6151 11.9618
2013.6178 13.1950
2013.6205 16.6081
2013.6342 18.9139
2013.6397 12.8202
2013.6425 20.9133
2013.6452 15.9165
2013.6479 14.1097
2013.6507 15.4229
2013.6534 19.7860
2013.6562 18.9192
2013.6644 16.5688
2013.6671 17.1021
2013.6699 17.0655
2013.6726 19.5492
2013.6753 11.9429
2013.6781 10.3668
2013.6808 15.5808
2013.6836 15.8249
2013.6863 15.0090
2013.6890 8.2832
2013.7000 9.4100
2013.7027 11.8942
2013.7055 13.9582
2013.7082 13.0622
2013.7110 11.6461
2013.7137 11.0399
2013.7164 20.4535
2013.7192 13.3669
2013.7219 15.7102
2013.7247 15.2333
2013.7274 14.7861
2013.7301 15.8987
2013.7329 10.5411
2013.7356 12.6932
2013.7384 12.4049
2013.7411 13.4264
2013.7438 21.2676
2013.7466 15.0083
2013.7493 14.3087
2013.7521 15.1482
2013.7548 18.7669
2013.7575 13.1047
2013.7603 15.0818
2013.7630 14.4482
2013.7658 11.4338
2013.7685 15.9089
2013.7712 15.4233
2013.7740 17.6472
2013.7767 18.3807
2013.7794 20.5136
2013.7822 18.8261
2013.7849 15.8483
2013.7877 17.2602
2013.7904 16.9917
2013.7931 16.0531
2013.7959 16.3942
2013.7986 18.5752
2013.8014 17.8761
2013.8041 15.9570
2013.8068 17.0678
2013.8096 18.3187
2013.8123 19.3297
2013.8151 17.4707
2013.8178 20.6420
2013.8205 17.6834
2013.8233 20.1951
2013.8260 21.3971
2013.8288 20.5895
2013.8315 19.7322
2013.8342 17.4751
2013.8370 21.3081
2013.8397 21.9010
2013.8425 24.9740
2013.8452 24.2069
2013.8479 21.9699
2013.8507 16.2328
2013.8534 21.8958
2013.8562 22.2987
2013.8589 27.3517
2013.8616 22.1046
2013.8644 19.8875
2013.8671 19.9505
2013.8699 18.8834
2013.8726 17.7564
2013.8753 21.2593
2013.8781 19.9022
2013.8808 20.8251
2013.8836 19.7080
2013.8863 20.3009
2013.8890 24.8938
2013.8918 20.0167
2013.8945 18.0896
2013.8973 21.3925
2014.1630 22.9183
2014.1658 26.4294
2014.1685 24.8209
2014.1712 25.4027
2014.1740 23.4048
2014.1767 27.5772
2014.1795 28.0700
2014.1822 24.8631
2014.1849 23.8865
2014.1877 25.0202
2014.1904 25.9842
2014.1931 20.2486
2014.1959 24.2032
2014.2014 21.2833
2014.2041 20.1688
2014.2068 18.6045
2014.2096 21.7706
2014.2123 24.0469
2014.2151 20.7835
2014.2178 16.4803
2014.2205 13.3574
2014.2233 17.5747
2014.2260 20.6323
2014.2288 22.8402
2014.2315 20.8783
2014.2342 23.2466
2014.2370 19.2851
2014.2397 22.5139
2014.2425 21.2529
2014.2452 21.6521
2014.2479 18.2816
2014.2507 22.0816
2014.2534 21.9519
2014.2562 23.0426
2014.2589 24.0735
2014.2616 24.6048
2014.2644 26.5263
2014.2671 24.7080
2014.2699 23.6299
2014.2726 24.6319
2014.2753 23.8841
2014.2781 22.0163
2014.2808 25.0986
2014.2836 20.0610
2014.2863 19.5333
2014.2890 21.6156
2014.2918 25.7779
2014.2945 25.7400
2014.2973 27.6120
2014.3000 21.9539
2014.3027 31.3755
2014.3055 23.9569
2014.3082 19.4381
2014.3110 22.2390
2014.3137 21.6196
2014.3164 21.2798
2014.3192 20.2796
2014.3219 15.7191
2014.3247 20.3580
2014.3274 25.8065
2014.3301 19.0646
2014.3329 18.8926
2014.3356 21.1006
2014.3384 21.4085
2014.3411 23.7565
2014.3438 22.6445
2014.3466 22.5224
2014.3493 23.0504
2014.3521 20.2883
2014.3548 19.5662
2014.3575 22.5841
2014.3603 26.2020
2014.3630 33.0399
2014.3658 33.2678
2014.6123 23.9960
2014.6151 20.7282
2014.6233 26.6717
2014.6288 20.7826
2014.6342 22.0831
2014.6452 23.7065
2014.6479 23.6084
2014.6507 16.6309
2014.6534 23.1141
2014.6562 19.4382
2014.6589 20.3931
2014.6616 17.0691
2014.6644 27.4662
2014.6671 24.2740
2014.6699 25.9019
2014.6726 25.1100
2014.6781 25.6567
2014.6808 26.9053
2014.6836 32.5141
2014.6863 24.5830
2014.6890 28.3621
2014.6918 25.4914
2014.6945 23.7908
2014.6973 24.9204
2014.7000 23.8402
2014.7027 22.8001
2014.7055 22.4702
2014.7082 21.1505
2014.7110 23.4109
2014.7137 21.1416
2014.7164 26.7724
2014.7192 20.6533
2014.7219 25.1744
2014.7247 23.4958
2014.7274 27.4172
2014.7301 19.9389
2014.7329 24.9407
2014.7356 21.9227
2014.7384 25.5349
2014.7411 28.7773
2014.7438 16.3298
2014.7466 17.3925
2014.7493 19.0356
2014.7521 25.0203
2014.7548 25.6366
2014.7575 26.8245
2014.7603 25.3737
2014.7630 23.5342
2014.7658 23.3258
2014.7685 23.8984
2014.7712 22.8420
2014.7740 23.3062
2014.7767 22.8012
2014.7794 22.1866
2014.7822 20.2924
2014.7849 24.2785
2014.7877 22.2546
2014.7904 19.9809
2014.7931 21.6569
2014.7959 20.0428
2014.7986 21.1282
2014.8014 32.2532
2014.8041 22.7175
2014.8068 23.2611
2014.8096 20.5839
2014.8123 24.3056
2014.8151 22.1362
2014.8178 24.9755
2014.8205 25.3435
2014.8233 21.8799
2014.8260 28.5347
2014.8288 25.2778
2014.8315 24.8390
2014.8342 24.6086
2014.8370 23.5270
2014.8397 21.5744
2014.8425 17.6907
2014.8452 17.8760
2014.8479 16.5605
2014.8507 18.2143
2014.8534 20.3173
2014.8562 18.8596
2014.8589 17.3115
2014.8616 21.4228
2014.8644 18.8637
2014.8671 22.9844
2014.8699 18.3447
2014.8726 17.2949
2014.8753 20.2750
2014.8781 23.1651
2014.8808 17.3953
2014.8836 19.6055
2014.8863 19.3260
2014.8890 18.5868
2014.8918 19.7280
2014.8945 16.8696
2014.8973 16.2517
2014.9000 21.5945
2014.9027 15.5479
2014.9055 22.1120
2014.9082 22.8170
2014.9110 22.5629
2014.9137 21.1298
2014.9164 22.8277
2014.9192 24.3963
2014.9219 18.9455
2014.9247 21.1853
2014.9274 24.1156
2014.9301 25.1763
2014.9329 25.3174
2014.9356 27.1089
2014.9384 24.3307
2014.9411 27.8027
2014.9438 25.1749
2014.9466 21.6572
2014.9493 22.5896
2014.9521 25.5721
2014.9548 26.8445
2014.9575 27.3369
2014.9603 22.5991
2014.9630 27.9111
2014.9658 22.6229
2014.9685 26.1844
2014.9712 20.8056
2014.9740 26.2864
2014.9767 24.0668
2014.9795 25.8166
2014.9822 25.7759
2014.9849 19.3746
2014.9877 25.1426
2014.9904 21.6600
2014.9931 16.8565
2014.9959 21.8823
2014.9986 24.1672
2015.0014 23.4313
2015.0041 23.7450
2015.0068 29.7485
2015.0096 23.0818
2015.0123 21.9249
2015.0151 24.0578
2015.0178 25.6105
2015.0205 24.3130
2015.0233 21.5953
2015.0260 24.3975
2015.0288 23.3495
2015.0315 25.1114
2015.0342 23.3132
2015.0370 20.9948
2015.0397 20.7764
2015.0425 22.5078
2015.0452 22.4392
2015.0973 25.1778
2015.1000 24.4751
2015.1027 24.8721
2015.1055 20.7689
2015.1082 22.6955
2015.1110 24.4119
2015.1137 26.2784
2015.1164 26.9149
2015.1192 25.3315
2015.1219 29.3582
2015.1247 30.9753
2015.1274 28.4226
2015.1301 29.0103
2015.1329 29.1985
2015.1356 26.4772
2015.1384 29.5065
2015.1411 26.9765
2015.1438 26.4272
2015.1466 27.4487
2015.1493 25.9011
2015.1521 23.8145
2015.1548 25.3589
2015.1575 25.2744
2015.1603 26.0010
2015.1630 25.3989
2015.1658 24.0482
2015.1685 24.3888
2015.1712 26.1806
2015.1740 26.8137
2015.1767 31.5680
2015.1795 26.0133
2015.1822 26.5797
2015.1849 27.8370
2015.1877 24.3052
2015.1904 23.9243
2015.1931 27.2541
2015.1959 26.6447
2015.1986 27.3259
2015.2014 27.8976
2015.2041 25.1800
2015.2068 22.6627
2015.2096 26.0559
2015.2123 26.1494
2015.2151 26.4132
2015.2178 23.2372
2015.2205 26.9414
2015.2260 34.1299
2015.2288 29.0841
2015.2315 25.8382
2015.2342 21.8522
2015.2370 22.0359
2015.2397 25.4094
2015.2425 22.3525
2015.2452 27.5352
2015.2534 25.5037
2015.2562 24.7969
2015.2589 24.5003
2015.2616 22.9739
2015.2644 23.1076
2015.2671 18.2415
2015.2699 19.3254
2015.3082 26.6521
2015.3110 24.3155
2015.3137 23.5188
2015.3164 24.5818
2015.3192 30.0047
2015.3219 29.3073
2015.3247 24.7197
2015.3274 25.8718
2015.3301 28.9636
2015.3329 27.3950
2015.3356 25.2659
2015.3384 29.2363
2015.3411 30.1763
2015.3438 28.7558
2015.3466 21.9749
2015.3493 22.2835
2015.3521 20.4716
2015.3548 25.0092
2015.3575 27.9364
2015.3603 27.4932
2015.3630 20.3794
2015.3658 29.6352
2015.6178 20.7781
2015.6288 26.6867
2015.6315 28.8887
2015.6342 23.1807
2015.6370 26.0526
2015.6397 21.1944
2015.6425 27.0261
2015.6479 20.4093
2015.6507 30.4806
2015.6534 28.3818
2015.6562 27.9729
2015.6589 27.4338
2015.6616 28.0846
2015.6644 26.2551
2015.6671 25.7954
2015.6699 21.0255
2015.6726 22.4554
2015.6753 28.5151
2015.6781 24.5546
2015.6808 18.7539
2015.6836 21.5631
2015.6863 26.3621
2015.6890 31.2411
2015.6918 27.7299
2015.6945 28.8386
2015.6973 24.3172
2015.7000 28.7258
2015.7027 30.9343
2015.7055 30.6628
2015.7082 31.0412
2015.7110 30.7097
2015.7137 29.5681
2015.7164 30.5466
2015.7192 32.8951
2015.7219 35.5337
2015.7247 25.9423
2015.7274 25.1510
2015.7301 30.9899
2015.7356 25.2778
2015.7384 25.7470
2015.7411 32.6364
2015.7438 31.3359
2015.7466 28.2456
2015.7493 25.8655
2015.7521 25.9457
2015.7548 25.0063
2015.7575 26.9872
2015.7603 26.3484
2015.7630 27.3398
2015.7658 27.5814
2015.7685 26.2733
2015.7712 25.8353
2015.7740 25.0975
2015.7767 27.8699
2015.7794 19.5023
2015.7822 23.5449
2015.7849 21.6675
2015.7877 26.3102
2015.7904 25.5828
2015.7931 28.7355
2015.7959 27.9682
2015.7986 30.9407
2015.8014 29.8333
2015.8041 25.2257
2015.8068 24.5680
2015.8096 28.0401
2015.8123 26.4621
2015.8151 23.7939
2015.8178 23.5155
2015.8205 24.8368
2015.8233 26.8178
2015.8260 26.8586
2015.8288 25.0491
2015.8315 26.4692
2015.8342 23.9387
2015.8370 26.8875
2015.8397 27.6756
2015.8425 23.9530
2015.8452 26.4499
2015.8479 27.2462
2015.8507 26.5420
2015.8534 26.2774
2015.8562 24.6224
2015.8589 22.6670
2015.8616 26.8614
2015.8644 25.5656
2015.8671 24.1197
2015.8699 22.7836
2015.8726 25.1675
2015.8753 24.0714
2015.8781 22.2053
2015.8808 25.2994
2015.8836 30.8336
2015.8863 27.2681
2015.8890 29.1829
2015.8918 29.1379
2015.8945 28.5734
2015.8973 28.1993
2015.9000 26.8657
2015.9027 26.9027
2015.9055 27.3303
2015.9082 26.1785
2015.9110 32.6575
2015.9137 32.4672
2015.9164 26.2277
2015.9192 29.0385
2015.9219 28.7396
2015.9247 25.7409
2015.9274 25.0324
2015.9301 24.3841
2015.9329 28.6860
2015.9356 23.8680
2015.9384 22.7102
2015.9411 21.0524
2015.9603 23.0503
2015.9630 23.0730
2015.9658 26.5756
2015.9685 26.1781
2015.9712 23.3005
2015.9740 23.9229
2015.9767 25.6052
2015.9795 21.5373
2015.9822 25.2993
2015.9849 29.5012
2015.9877 29.4628
2015.9904 27.2543
2015.9931 28.0956
2015.9959 25.9466
2015.9986 27.0774
2016.0861 27.6757
2016.0888 27.3866
2016.0915 27.8777
2016.0943 26.5887
2016.0970 24.9598
2016.0997 26.0709
2016.1025 26.1320
2016.1052 27.1632
2016.1079 25.3945
2016.1107 25.1358
2016.1134 25.4271
2016.1161 28.9285
2016.1189 26.6099
2016.1216 25.6513
2016.1243 29.5629
2016.1270 30.4844
2016.1298 26.6960
2016.1325 27.9677
2016.1352 28.1794
2016.1380 36.1412
2016.1407 34.2131
2016.1434 31.4050
2016.1462 27.3769
2016.1489 31.1089
2016.1516 26.8810
2016.1544 28.5131
2016.1571 29.0453
2016.1598 29.2376
2016.1626 25.0999
2016.1653 25.5124
2016.1680 29.4549
2016.1708 30.9875
2016.1735 30.9003
2016.1762 30.0831
2016.1790 30.9760
2016.1817 31.5090
2016.1844 28.0520
2016.1872 28.3051
2016.1899 32.7183
2016.1926 31.3515
2016.1954 30.5647
2016.1981 32.5080
2016.2008 32.0414
2016.2035 28.3247
2016.2063 29.3981
2016.2090 30.1515
2016.2117 20.3949
2016.2145 30.0783
2016.2172 25.0017
2016.2199 30.5051
2016.2227 24.2285
2016.2254 31.5719
2016.2281 31.4152
2016.2309 29.2985
2016.2336 28.5618
2016.2363 31.0251
2016.2391 30.8282
2016.2418 25.7714
2016.2445 27.6545
2016.2473 27.3474
2016.2500 27.0701
2016.2527 27.9225
2016.2555 26.6847
2016.2582 28.0067
2016.2609 33.2485
2016.2637 31.2401
2016.2664 30.5616
2016.2691 33.8030
2016.2719 33.4942
2016.2746 34.0454
2016.2773 31.2765
2016.2801 32.1975
2016.2828 31.8185
2016.2855 29.1696
2016.2882 30.2406
2016.2910 30.0617
2016.2937 30.5328
2016.2964 33.5540
2016.2992 29.8454
2016.3019 27.3768
2016.3046 28.3284
2016.3074 27.0301
2016.3101 26.1820
2016.3128 25.8642
2016.3156 31.0165
2016.3183 38.3791
2016.3210 33.4920
2016.3238 29.0452
2016.3265 29.2886
2016.3292 28.9524
2016.3320 30.5779
2016.3347 31.4055
2016.3374 30.3952
2016.3402 29.7768
2016.3429 28.9802
2017.1329 28.1072
2017.1356 27.6167
2017.1384 30.3970
2017.1411 30.5383
2017.1438 29.4507
2017.1466 30.8743
2017.1493 29.0294
2017.1521 25.4060
2017.1548 28.1443
2017.1575 33.3444
2017.1603 30.8566
2017.1630 32.5511
2017.1658 26.7285
2017.1685 29.4089
2017.1712 32.0820
2017.1740 31.2376
2017.1767 28.8654
2017.1795 31.0554
2017.1822 31.9873
2017.1849 28.6210
2017.1877 29.4661
2017.1904 31.6925
2017.1931 33.2700
2017.1959 33.6584
2017.1986 33.1776
2017.2014 33.0972
2017.2041 29.9471
2017.2068 36.3071
2017.2096 32.8070
2017.2123 36.2766
2017.2151 35.2957
2017.2178 38.0741
2017.2205 36.9916
2017.2233 31.7280
2017.2260 28.5231
2017.2288 32.1466
2017.2315 31.8185
2017.2342 31.2884
2017.2370 31.5962
2017.2397 35.4017
2017.2425 32.4847
2017.2452 33.3750
2017.2479 32.3829
2017.2507 33.6092
2017.2534 28.6538
2017.2562 29.0669
2017.2589 31.0988
2017.2616 38.2394
2017.2644 35.8991
2017.2671 32.9477
2017.2699 33.6557
2017.2726 34.4729
2017.2753 34.6397
2017.2781 34.3660
2017.2808 33.9722
2017.2836 35.0782
2017.2863 33.1943
2017.2890 37.4705
2017.2918 36.5770
2017.2945 38.4339
2017.2973 33.5214
2017.3000 35.0296
2017.3027 25.3987
2017.3055 33.7987
2017.3082 35.6998
2017.3110 35.7822
2017.3137 28.2459
2017.3164 30.5411
2017.3192 40.2880
2017.3219 33.6767
2017.3247 27.9573
2017.3274 35.9099
2017.3301 31.0045
2017.3329 33.6499
2017.3356 33.2659
2017.3384 30.5823
2017.3411 32.3193
2017.3438 34.4266
2017.3466 34.7243
2017.3493 32.4923
2017.3521 33.8407
2017.6425 37.8233
2017.6452 38.6630
2017.6534 35.7222
2017.6562 39.6620
2017.6589 37.3018
2017.6616 36.0816
2017.6644 37.1915
2017.6671 35.3015
2017.6699 35.7815
2017.6726 34.1917
2017.6753 33.3321
2017.6781 37.7525
2017.6808 36.5731
2017.6836 42.4637
2017.6863 31.5745
2017.6890 35.4854
2017.6918 34.8764
2017.6945 33.0375
2017.6973 35.6387
2017.7000 33.5899
2017.7027 36.8513
2017.7055 35.7628
2017.7082 39.7943
2017.7110 35.0659
2017.7137 33.8377
2017.7164 32.7095
2017.7192 34.6713
2017.7219 35.1733
2017.7247 33.6253
2017.7274 33.5174
2017.7301 32.3795
2017.7329 33.3517
2017.7356 35.1240
2017.7384 34.3664
2017.7411 33.6587
2017.7438 33.1912
2017.7466 33.5237
2017.7493 29.8665
2017.7521 29.7216
2017.7548 31.2390
2017.7575 38.4186
2017.7603 38.8401
2017.7630 40.7334
2017.7658 37.3683
2017.7685 41.6947
2017.7712 39.0724
2017.7740 41.1211
2017.7767 38.3908
2017.7794 35.9812
2017.7822 37.4422
2017.7849 33.7036
2017.7877 33.2151
2017.7904 29.9368
2017.7931 30.6683
2017.7959 31.4795
2017.7986 28.7602
2017.8014 32.1302
2017.8041 31.5295
2017.8068 35.6877
2017.8096 33.4847
2017.8123 32.9404
2017.8151 32.7545
2017.8178 32.5469
2017.8205 35.7574
2017.8233 35.5259
2017.8260 32.1321
2017.8288 33.7659
2017.8315 31.3271
2017.8342 29.9368
2017.8370 30.8863
2017.8397 29.7556
2017.8425 30.2145
2017.8452 33.7633
2017.8479 33.4718
2017.8507 36.6701
2017.8534 36.6882
2017.8562 35.6761
2017.8589 36.9938
2017.8616 38.7612
2017.8644 34.2485
2017.8671 36.9956
2017.8699 35.9724
2017.8726 35.9192
2017.8753 36.8957
2017.8781 37.0021
2017.8808 36.1283
2017.8836 31.8844
2017.8863 33.2303
2017.8890 32.9860
2017.8918 34.4217
2017.8945 36.6072
2017.8973 33.8425
2017.9000 35.8878
2017.9027 29.8629
2017.9055 32.2979
2017.9082 34.1929
2017.9110 33.8977
2017.9137 30.3424
2017.9164 37.8471
2017.9192 35.8220
2017.9219 35.0570
2017.9247 36.3021
2017.9274 33.8474
2017.9301 35.7328
2017.9329 34.9682
2017.9356 36.5837
2017.9384 35.8093
2017.9411 30.1948
2017.9438 32.0503
2017.9466 42.6358
2017.9493 35.2712
2017.9521 35.5765
2017.9548 35.0118
2017.9575 35.2068
2017.9603 39.7618
2017.9630 36.7365
2017.9658 31.7410
2017.9685 34.3253
2017.9712 34.5394
2017.9740 33.7732
2017.9767 34.8867
2017.9795 30.9098
2017.9822 29.0326
2017.9849 28.5751
2017.9877 29.7771
2017.9904 30.6988
2017.9931 34.2800
2017.9959 34.4407
2017.9986 32.5010
2018.0014 34.4108
2018.0041 33.3304
2018.0068 36.1900
2018.0096 32.0096
2018.0123 32.7690
2018.0151 33.4685
2018.0178 33.6478
2018.0205 34.4171
2018.0233 36.7664
2018.0260 33.5156
2018.0288 35.7748
2018.0315 34.5940
2018.0342 37.7231
2018.0370 36.5622
2018.0397 35.4913
2018.0425 33.3904
2018.0452 35.6094
2018.0479 35.7285
2018.0507 39.2375
2018.0534 40.0566
2018.0562 38.5756
2018.0589 35.9347
2018.0616 38.2538
2018.0644 36.7029
2018.0671 37.0020
2018.0699 36.2311
2018.0726 39.4103
2018.0753 39.6395
2018.0781 39.2287
2018.0808 37.9080
2018.0836 41.1371
2018.0863 41.6960
2018.0890 38.7845
2018.0918 36.6828
2018.0945 37.2709
2018.0973 34.8488
2018.1000 37.2566
2018.1027 45.9042
2018.1055 43.7719
2018.1082 35.1495
2018.1110 38.1472
2018.1137 39.7049
2018.1164 39.5927
2018.1192 38.2206
2018.1219 36.8288
2018.1247 36.9671
2018.1274 34.6057
2018.1301 36.1046
2018.1329 37.3638
2018.1356 36.2634
2018.1384 37.1634
2018.1411 38.7138
2018.1438 36.6547
2018.1466 33.9161
2018.1493 36.7781
2018.1521 35.8007
2018.1548 33.8039
2018.1575 35.1778
2018.1603 35.9124
2018.1630 36.9277
2018.1658 36.6343
2018.1685 38.0819
2018.1712 37.2706
2018.1740 37.3203
2018.1767 37.4209
2018.1795 36.1324
2018.1822 36.3448
2018.1849 37.5979
2018.1877 33.3217
2018.1904 40.0662
2018.1931 36.8713
2018.1959 36.9569
2018.1986 37.3430
2018.2014 36.1995
2018.2041 37.8964
2018.2068 37.7236
2018.2096 35.1810
2018.2123 39.0586
2018.2151 40.0863
2018.2178 39.1441
2018.2205 40.2920
2018.2233 31.5597
2018.2260 36.6374
2018.2288 36.6549
2018.2315 34.0422
2018.2342 40.6593
2018.2370 39.0759
2018.2397 37.4022
2018.2425 46.0881
2018.2452 45.9334
2018.2479 46.3885
2018.2507 44.0336
2018.2534 45.6188
2018.2562 45.6741
2018.2589 51.0893
2018.2616 45.2147
2018.2644 48.3500
2018.2671 44.2354
2018.2699 44.7408
2018.2726 44.7262
2018.2753 47.5016
2018.2781 48.5970
2018.2808 48.6225
2018.2836 45.7579
2018.2863 49.6133
2018.2890 49.5687
2018.2918 48.8141
2018.2945 48.2295
2018.2973 46.7149
2018.3000 42.6302
2018.3027 40.4355
2018.3055 43.4507
2018.3110 45.8311
2018.3192 38.5562
2018.6014 39.3945
2018.6370 35.1387
2018.6397 37.9318
2018.6425 39.1542
2018.6479 33.3361
2018.6507 38.1855
2018.6534 31.7137
2018.6562 32.3108
2018.6589 37.1064
2018.6616 40.1407
2018.6671 47.9653
2018.6699 39.1469
2018.6726 41.0082
2018.6753 42.0693
2018.6781 42.4001
2018.6808 46.5807
2018.6836 39.0411
2018.6863 36.2513
2018.6890 36.5213
2018.6918 34.5211
2018.6945 37.8208
2018.6973 37.2203
2018.7000 35.7996
2018.7027 38.5489
2018.7055 35.4780
2018.7082 35.8669
2018.7110 32.2358
2018.7137 33.6247
2018.7164 34.0134
2018.7192 34.8621
2018.7219 36.7607
2018.7247 30.6292
2018.7274 31.6578
2018.7301 33.5063
2018.7329 32.7248
2018.7356 33.7234
2018.7384 32.4419
2018.7411 36.0505
2018.7466 38.8977
2018.7493 39.6464
2018.7521 35.8651
2018.7548 36.0236
2018.7575 34.4621
2018.7603 32.9906
2018.7630 36.8490
2018.7658 37.0974
2018.7685 37.3657
2018.7712 35.0140
2018.7740 36.3322
2018.7767 35.8405
2018.7794 35.8788
2018.7822 38.3270
2018.7849 40.2653
2018.7877 37.6035
2018.7904 36.0918
2018.7931 36.6401
2018.7959 40.4485
2018.7986 34.9069
2018.8014 34.5653
2018.8041 35.6538
2018.8068 39.0623
2018.8096 38.6409
2018.8123 39.0596
2018.8151 38.1084
2018.8178 37.7473
2018.8205 36.7562
2018.8233 41.6353
2018.8260 40.1944
2018.8288 38.1937
2018.8315 39.2831
2018.8342 37.3227
2018.8370 36.7425
2018.8397 36.8925
2018.8425 39.5927
2018.8452 40.1631
2018.8479 40.9737
2018.8507 36.8945
2018.8534 37.0854
2018.8562 40.3765
2018.8589 37.9477
2018.8616 41.7090
2018.8644 38.8905
2018.8671 38.8020
2018.8699 40.3737
2018.8726 37.9254
2018.8753 35.4672
2018.8781 35.1590
2018.8808 37.3910
2018.8836 36.8029
2018.8863 36.3949
2018.8890 37.1069
2018.8918 37.0689
2018.8945 37.9309
2018.8973 34.1429
2018.9000 34.1749
2018.9027 34.6368
2018.9055 36.4987
2018.9082 34.3405
2018.9110 35.8723
2018.9137 32.6340
2018.9164 36.4556
2018.9192 33.3277
2018.9219 31.5002
2018.9247 30.2530
2018.9274 31.5262
2018.9301 35.0398
2018.9329 36.0736
2018.9356 34.6477
2018.9384 33.6520
2018.9411 34.8564
2018.9438 34.8910
2018.9466 37.6857
2018.9493 35.5105
2018.9521 37.0353
2018.9548 34.6001
2018.9575 34.7248
2018.9603 37.4795
2018.9630 32.7040
2018.9658 34.7285
2018.9685 35.6927
2018.9712 37.6267
2018.9740 29.3004
2018.9767 40.5838
2018.9795 38.1169
2018.9822 41.3697
2018.9849 37.6920
2018.9877 37.8139
2018.9904 37.9053
2018.9931 38.4462
2018.9959 38.1966
2018.9986 38.9163
2019.0014 40.5453
2019.0041 38.0419
2019.0068 37.9461
2019.0096 41.9880
2019.0123 41.8579
2019.0151 44.3458
2019.0178 41.1920
2019.0205 38.4565
2019.0233 41.0994
2019.0260 37.2911
2019.0288 38.9216
2019.0315 38.4710
2019.0342 42.8595
2019.0370 40.5973
2019.0397 39.6445
2019.0425 39.1613
2019.0452 39.9878
2019.0479 40.9041
2019.0507 42.0105
2019.0534 39.6970
2019.0562 40.8038
2019.0589 39.3611
2019.0616 37.1991
2019.0644 42.3978
2019.0671 43.0274
2019.0699 39.4281
2019.0726 44.2400
2019.0753 41.7432
2019.0781 40.9280
2019.0808 39.2145
2019.0836 39.0618
2019.0863 34.3491
2019.0890 39.0563
2019.0918 41.1335
2019.0945 41.0407
2019.0973 43.2579
2019.1000 44.6153
2019.1027 41.5327
2019.1055 42.7503
2019.1082 40.0781
2019.1110 39.2860
2019.1137 39.9042
2019.1164 40.1626
2019.1192 41.3313
2019.1219 40.9403
2019.1247 42.3896
2019.1274 41.5692
2019.1301 38.1193
2019.1329 38.3898
2019.1356 36.6107
2019.1384 38.5221
2019.1411 40.4040
2019.1438 38.2565
2019.1466 40.7095
2019.1493 39.2130
2019.1521 38.1072
2019.1548 40.8321
2019.1575 41.6876
2019.1603 35.6838
2019.1630 39.6607
2019.1658 40.1580
2019.1685 39.8357
2019.1712 40.6538
2019.1740 40.5023
2019.1767 38.1311
2019.1795 36.9103
2019.1822 40.3498
2019.1849 40.1697
2019.1877 41.0298
2019.1904 40.9803
2019.1931 42.4811
2019.1959 44.5221
2019.1986 41.5934
2019.2014 42.6550
2019.2041 41.5669
2019.2068 40.4790
2019.2096 35.9413
2019.2123 40.1939
2019.2151 38.5167
2019.2178 41.1596
2019.2205 41.2028
2019.2233 40.0162
2019.2260 44.6597
2019.2288 42.4134
2019.2315 43.4372
2019.2342 43.0912
2019.2370 41.1553
2019.2397 43.6995
2019.2425 43.5139
2019.2452 41.1783
2019.2479 41.1431
2019.2507 43.6986
2019.2534 41.6746
2019.2562 40.6511
2019.2589 39.8681
2019.2616 43.6055
2019.2644 40.1033
2019.2671 43.0614
2019.2699 43.4398
2019.2726 42.3184
2019.2753 47.5271
2019.2781 35.7459
2019.2808 38.6248
2019.2836 36.6437
2019.2863 37.0425
2019.2890 40.5512
2019.2918 38.8198
2019.2945 41.4581
2019.2973 39.5662
2019.3000 40.2240
2019.3027 37.5214
2019.3055 40.4884
2019.3082 43.9349
2019.3110 45.3109
2019.3137 41.1363
2019.3164 40.3311
2019.3192 39.7752
2019.3219 41.7186
2019.3247 42.1112
2019.3274 40.8629
2019.3301 38.9139
2019.3329 37.9742
2019.3356 47.6642
2019.3384 47.9837
2019.3438 46.2916
2019.3466 46.8900
2019.3493 46.2782
2019.3521 44.9961
2019.3548 43.8237
2019.3575 45.8512
2019.3603 42.0385
2019.6178 44.1675
2019.6205 45.3621
2019.6233 40.5967
2019.6507 49.3523
2019.6534 51.5974
2019.6562 47.0026
2019.6589 43.5380
2019.6616 40.8436
2019.6644 38.6395
2019.6671 38.8752
2019.6699 44.4203
2019.6808 46.2165
2019.6836 45.1499
2019.6863 44.6932
2019.6890 42.5565
2019.6918 43.1299
2019.6945 40.7834
2019.6973 39.0272
2019.7000 35.8412
2019.7027 39.7457
2019.7055 42.6507
2019.7082 49.7263
2019.7110 47.7225
2019.7137 43.6895
2019.7164 43.1372
2019.7192 42.8059
2019.7219 45.7256
2019.7247 46.8164
2019.7274 42.3383
2019.7301 42.3614
2019.7329 42.4459
2019.7356 38.9717
2019.7384 41.1491
2019.7411 40.7580
2019.7438 43.5586
2019.7466 47.1709
2019.7493 47.7948
2019.7521 49.3490
2019.7548 47.3832
2019.7575 46.4476
2019.7630 44.1265
2019.7658 43.1210
2019.7685 44.0156
2019.7712 47.3403
2019.7740 43.1350
2019.7767 42.1097
2019.7794 40.8945
2019.7822 41.0394
2019.7849 42.2642
2019.7877 44.1191
2019.7904 44.6640
2019.7931 45.6889
2019.7959 47.4939
2019.7986 43.6588
2019.8014 41.5038
2019.8041 42.9788
2019.8068 38.0737
2019.8096 37.3587
2019.8123 36.1536
2019.8151 37.7585
2019.8178 37.3134
2019.8205 41.1683
2019.8233 41.1531
2019.8260 38.5679
2019.8288 42.1727
2019.8315 40.8374
2019.8342 41.6221
2019.8370 43.4469
2019.8397 41.9016
2019.8425 42.2563
2019.8534 50.8954
2019.8562 40.1602
2019.8589 36.5349
2019.8616 40.1897
2019.8644 44.2844
2019.8671 42.9691
2019.8699 44.5239
2019.8726 43.2286
2019.8753 41.7733
2019.8781 41.1879
2019.8808 39.3526
2019.8836 40.3972
2019.8863 37.8618
2019.8890 38.5964
2019.8918 33.7709
2019.8945 36.6455
2019.8973 39.4999
2019.9000 39.1444
2019.9027 41.2688
2019.9055 40.8731
2019.9082 43.0774
2019.9110 41.0517
2019.9137 35.4659
2019.9164 41.9695
2019.9192 42.9185
2019.9219 42.9627
2019.9247 41.9223
2019.9301 37.7488
2019.9329 40.8163
2019.9356 37.2603
2019.9384 37.9312
2019.9411 37.0693
2019.9438 40.1847
2019.9466 41.1679
2019.9493 39.6791
2019.9521 38.7785
2019.9548 37.0665
2019.9575 39.9735
2019.9603 37.2795
2019.9630 39.8050
2019.9658 39.3003
2019.9685 35.6455
2019.9712 40.2411
2019.9740 38.2273
2019.9767 41.9644
2019.9795 41.7527
2019.9822 40.1624
2019.9849 41.7539
2019.9877 44.8175
2019.9904 43.9234
2019.9931 43.4219
2019.9959 46.2433
2019.9986 40.4880
2020.0451 45.8724
2020.0478 41.9615
2020.0505 43.6507
2020.0533 40.1400
2020.0560 42.1895
2020.0587 42.3290
2020.0615 42.4586
2020.0642 44.0384
2020.0669 46.4182
2020.0697 42.8382
2020.0724 44.0683
2020.0751 46.3586
2020.0779 42.0690
2020.0806 45.1495
2020.0833 41.0401
2020.0861 44.5006
2020.0888 45.5711
2020.0915 44.7915
2020.0943 44.1420
2020.0970 43.0025
2020.0997 42.4930
2020.1025 42.0736
2020.1052 48.6542
2020.1079 44.0050
2020.1107 44.5359
2020.1134 44.7469
2020.1161 43.9181
2020.1189 44.3895
2020.1216 44.5111
2020.1243 44.4729
2020.1270 44.7250
2020.1298 39.8673
2020.1325 41.3899
2020.1352 41.2928
2020.1380 41.7660
2020.1407 44.0095
2020.1434 44.5935
2020.1462 43.8278
2020.1489 42.5625
2020.1516 43.8276
2020.1544 45.1832
2020.1571 44.3892
2020.1598 39.9557
2020.1626 46.7728
2020.1653 44.0610
2020.1680 42.1205
2020.1708 41.5913
2020.1735 41.1832
2020.1762 41.7761
2020.1790 41.9399
2020.1817 44.1946
2020.1844 46.1301
2020.1872 41.4763
2020.1899 44.6332
2020.1926 42.7205
2020.1954 44.5783
2020.1981 48.4465
2020.2008 48.5349
2020.2035 48.1035
2020.2063 47.8322
2020.2090 41.6410
2020.2117 42.7697
2020.2145 40.5582
2020.2172 43.2865
2020.2199 42.0345
2020.2227 41.2921
2020.2254 44.1592
2020.2281 48.3358
2020.2309 47.5717
2020.2336 48.2568
2020.2363 46.2711
2020.2391 47.5246
2020.2418 47.7570
2020.2445 46.6283
2020.2473 41.0489
2020.2500 40.8793
2020.2527 41.7397
2020.2555 43.4000
2020.2582 41.2703
2020.2609 44.5505
2020.2637 44.6807
2020.2664 46.7208
2020.2691 47.8509
2020.2719 45.1309
2020.2746 45.7708
2020.2773 50.6707
2020.2801 43.9705
2020.2828 47.9902
2020.2855 37.5399
2020.2882 39.3895
2020.2910 42.9590
2020.2937 45.3985
2020.2964 44.6379
2020.2992 46.4872
2020.3019 44.1164
2020.3046 43.9356
2020.3074 40.4247
2020.3101 44.8637
2020.3128 44.0926
2020.3156 45.5214
2020.6134 45.2663
2020.6325 37.0176
2020.6352 36.1286
2020.6407 34.8717
2020.6434 37.9139
2020.6462 45.0666
2020.6489 45.9599
2020.6516 41.4539
2020.6544 34.7685
2020.6598 40.7800
2020.6626 44.0069
2020.6653 47.5648
2020.6680 43.1029
2020.6708 44.0613
2020.6735 46.1899
2020.6762 49.6386
2020.6790 46.4475
2020.6817 44.5566
2020.6844 46.7658
2020.6872 49.4452
2020.6899 45.4547
2020.6926 44.7343
2020.6954 45.4241
2020.6981 42.3139
2020.7008 50.8439
2020.7035 44.3239
2020.7063 42.9440
2020.7090 46.3642
2020.7117 45.1045
2020.7145 40.7448
2020.7172 44.7252
2020.7199 46.3556
2020.7227 43.7660
2020.7254 41.2265
2020.7281 45.3169
2020.7309 42.0374
2020.7336 42.8578
2020.7363 42.6783
2020.7391 44.1487
2020.7418 42.6391
2020.7445 42.0694
2020.7473 43.2097
2020.7500 46.1200
2020.7527 47.9103
2020.7555 48.5107
2020.7582 43.8412
2020.7609 51.5517
2020.7637 49.7422
2020.7664 45.2628
2020.7691 46.2335
2020.7719 45.4342
2020.7746 45.1850
2020.7773 43.2659
2020.7801 44.3868
2020.7828 44.1878
2020.7855 48.0489
2020.7882 48.0000
2020.7910 47.9812
2020.7937 43.3324
2020.7964 47.0637
2020.7992 44.3451
2020.8019 43.9666
2020.8046 45.0181
2020.8074 43.6397
2020.8101 44.1214
2020.8128 44.9931
2020.8156 46.5649
2020.8183 37.9468
2020.8210 41.4688
2020.8238 42.1008
2020.8265 42.6029
2020.8292 42.2551
2020.8320 42.7574
2020.8347 40.3717
2020.8374 45.1986
2020.8402 49.3082
2020.8429 45.1400
2020.8456 40.0141
2020.8484 37.6001
2020.8511 37.0680
2020.8538 39.1374
2020.8566 35.9682
2020.8593 41.3103
2020.8620 38.2434
2020.8648 41.7674
2020.8675 40.8420
2020.8702 41.7270
2020.8729 39.3824
2020.8757 41.3778
2020.8784 38.8332
2020.8811 38.7182
2020.8839 36.5228
2020.8921 37.5217
2020.8948 37.7624
2020.8975 39.4117
2020.9003 37.6494
2020.9030 38.3253
2020.9057 37.6192
2020.9085 37.1009
2020.9112 39.2603
2020.9139 43.3970
2020.9167 36.7114
2020.9194 41.7051
2020.9221 37.1082
2020.9249 39.8007
2020.9276 41.1828
2020.9303 42.5343
2020.9331 37.1854
2020.9358 40.0660
2020.9385 42.6761
2020.9413 39.6558
2020.9440 39.2350
2020.9467 44.0339
2020.9495 42.7823
2020.9522 45.8603
2020.9549 47.4180
2020.9576 49.2952
2020.9604 46.3722
2020.9631 44.7887
2020.9658 44.9950
2020.9686 44.2809
2020.9713 47.6166
2020.9740 41.8319
2020.9768 45.8470
2020.9795 49.5318
2020.9822 46.6264
2020.9850 49.6907
2020.9877 46.4249
2020.9904 45.7788
2020.9932 50.1225
2020.9959 47.7160
2020.9986 47.6394
2021.0014 46.7225
2021.0041 47.2747
2021.0068 50.2161
2021.0096 51.6067
2021.0123 46.2866
2021.0151 45.8059
2021.0178 49.6346
2021.0205 47.6428
2021.0233 48.7406
2021.0260 48.6480
2021.0288 50.5552
2021.0315 46.6822
2021.0342 46.1490
2021.0370 45.9758
2021.0397 47.1627
2021.0425 44.1196
2021.0452 43.9568
2021.0479 46.5141
2021.0507 45.3618
2021.0534 43.9599
2021.0562 41.9485
2021.0589 44.2377
2021.0616 48.1874
2021.0644 49.3279
2021.0671 42.8091
2021.0699 46.7911
2021.0726 43.1141
2021.0753 39.2481
2021.0781 41.0832
2021.0808 38.8394
2021.0836 47.3366
2021.0863 43.4746
2021.0890 44.4835
2021.0918 45.5532
2021.0945 47.5636
2021.0973 48.1047
2021.1000 40.4366
2021.1027 43.8192
2021.1055 42.9824
2021.1082 46.4863
2021.1110 52.1108
2021.1137 46.0859
2021.1164 47.7317
2021.1192 48.4079
2021.1219 48.7047
2021.1247 48.8320
2021.1274 46.7598
2021.1301 47.1481
2021.1329 43.4068
2021.1356 42.7060
2021.1384 39.0855
2021.1411 45.1754
2021.1438 48.3457
2021.1466 49.5663
2021.1493 47.4572
2021.1521 47.8884
2021.1548 50.7499
2021.1575 49.6915
2021.1603 52.9635
2021.1630 49.7757
2021.1658 46.2986
2021.1685 45.0624
2021.1712 47.2870
2021.1740 50.2122
2021.1767 45.0081
2021.1795 46.2146
2021.1822 48.1515
2021.1849 44.8689
2021.1877 46.1167
2021.1904 51.0548
2021.1931 50.3932
2021.1959 48.6218
2021.1986 51.3606
2021.2014 45.6394
2021.2041 52.1183
2021.2068 51.0371
2021.2096 49.6359
2021.2123 49.5345
2021.2151 49.7128
2021.2178 49.4809
2021.2205 52.8387
2021.2233 48.1761
2021.2260 50.9030
2021.2288 52.4394
2021.2315 53.8852
2021.2342 54.7804
2021.2370 52.6749
2021.2397 51.5786
2021.2425 51.3315
2021.2452 55.4635
2021.2479 49.7044
2021.2507 49.9541
2021.2534 53.4525
2021.2562 52.1899
2021.2589 58.0163
2021.2616 56.3717
2021.2644 52.5564
2021.2671 48.9302
2021.2699 54.8035
2021.2726 49.0761
2021.2753 47.5983
2021.2781 51.1800
2021.2808 49.6615
2021.2836 49.6027
2021.2863 51.8138
2021.2890 55.6748
2021.2918 52.9958
2021.2945 46.0670
2021.2973 49.8384
2021.3000 47.4900
2021.6342 46.1312
2021.6370 48.0292
2021.6397 43.7173
2021.6425 48.2653
2021.6452 47.5733
2021.6479 45.3611
2021.6534 47.3567
2021.6562 48.9343
2021.6616 45.7992
2021.6644 47.9864
2021.6671 43.6134
2021.6699 42.7204
2021.6726 45.0473
2021.6753 43.8142
2021.6781 47.4109
2021.6808 49.2476
2021.6836 44.9343
2021.6863 51.1309
2021.6890 49.3974
2021.6918 51.2740
2021.6945 48.5405
2021.6973 51.1369
2021.7000 47.9234
2021.7027 51.9398
2021.7055 42.9263
2021.7082 49.9427
2021.7110 48.0291
2021.7137 45.4456
2021.7164 43.6821
2021.7192 48.8086
2021.7219 46.4851
2021.7247 50.4917
2021.7274 49.6684
2021.7301 53.7950
2021.7329 53.6918
2021.7356 51.9786
2021.7384 52.6755
2021.7411 51.6324
2021.7438 47.3695
2021.7466 47.3366
2021.7493 48.6641
2021.7521 46.5733
2021.7548 47.5842
2021.7575 48.3969
2021.7603 52.8611
2021.7630 53.4768
2021.7658 53.1237
2021.7685 53.8919
2021.7712 50.7312
2021.7740 46.2615
2021.7767 49.6326
2021.7794 47.3745
2021.7822 47.2569
2021.7849 52.4099
2021.7877 44.6533
2021.7904 46.0669
2021.7931 49.0507
2021.7959 49.0145
2021.7986 45.4083
2021.8014 44.9218
2021.8041 46.9050
2021.8068 48.5378
2021.8096 55.5700
2021.8123 49.0616
2021.8151 49.6023
2021.8178 47.8122
2021.8205 43.6510
2021.8233 44.4286
2021.8260 51.0651
2021.8288 44.1501
2021.8315 49.2336
2021.8342 42.9656
2021.8370 44.4760
2021.8397 43.2651
2021.8425 44.3129
2021.8452 46.8994
2021.8479 42.4449
2021.8507 46.7294
2021.8534 46.7029
2021.8562 44.5957
2021.8589 45.7878
2021.8616 43.5193
2021.8644 47.7302
2021.8671 45.4908
2021.8699 45.0611
2021.8726 47.8912
2021.8753 52.8512
2021.8781 48.7811
2021.8808 45.2612
2021.8836 48.0815
2021.8863 47.5821
2021.8918 51.6746
2021.8945 47.5467
2021.8973 50.6595
2021.9000 46.2032
2021.9027 50.7377
2021.9055 50.8632
2021.9082 52.0898
2021.9110 54.1776
2021.9137 55.0268
2021.9164 54.5774
2021.9192 57.6603
2021.9219 60.5554
2021.9247 44.7625
2021.9274 55.6214
2021.9301 54.2920
2021.9329 51.0042
2021.9356 48.4277
2021.9384 50.6623
2021.9411 54.2780
2021.9438 54.0444
2021.9466 54.0216
2021.9493 51.8192
2021.9521 40.5271
2021.9548 53.8752
2021.9575 51.3833
2021.9603 54.9612
2021.9630 57.3787
2021.9658 54.3057
2021.9685 56.7420
2021.9712 46.1974
2021.9740 45.2817
2021.9767 55.6749
2021.9795 54.1166
2021.9822 55.6468
2021.9849 57.6253
2021.9877 58.7319
2021.9904 53.3864
2021.9931 57.1887
2021.9959 55.8086
2021.9986 52.8859
2022.0014 57.6806
2022.0041 55.6037
2022.0068 55.4155
2022.0096 56.4861
2022.0123 50.8655
2022.0151 49.8038
2022.0178 53.4113
2022.0205 58.0578
2022.0233 57.3037
2022.0260 58.2589
2022.0288 59.1435
2022.0315 54.3677
2022.0342 55.0815
2022.0370 53.2751
2022.0397 53.9585
2022.0425 54.3318
2022.0452 55.8352
2022.0479 56.7687
2022.0507 55.1225
2022.0534 57.0765
2022.0562 54.4310
2022.0589 54.1361
2022.0616 49.8217
2022.0644 53.1781
2022.0671 56.0753
2022.0699 57.1634
2022.0726 57.5926
2022.0753 52.4728
2022.0781 56.3343
2022.0808 57.4470
2022.0836 59.5607
2022.0863 55.2547
2022.0890 55.7790
2022.0918 56.8337
2022.0945 52.3886
2022.0973 57.4938
2022.1000 56.9091
2022.1027 58.7747
2022.1055 50.1304
2022.1082 59.3263
2022.1110 51.8022
2022.1137 53.9382
2022.1164 55.5442
2022.1192 56.9002
2022.1219 57.4662
2022.1247 55.1121
2022.1274 50.3879
2022.1301 53.2036
2022.1329 55.2092
2022.1356 57.3545
2022.1384 54.0497
2022.1411 61.1346
2022.1438 54.0492
2022.1466 57.9235
2022.1493 52.9975
2022.1521 52.3611
2022.1548 54.7243
2022.1575 56.1571
2022.1603 55.2994
2022.1630 54.4513
2022.1658 56.1729
2022.1685 56.2244
2022.1712 58.8056
2022.1740 57.7867
2022.1767 56.5475
2022.1795 60.3182
2022.1822 57.5187
2022.1849 58.0991
2022.1877 58.5893
2022.1904 60.4193
2022.1931 57.9692
2022.1959 58.3490
2022.1986 59.0086
2022.2014 56.7682
2022.2041 55.7776
2022.2068 58.4868
2022.2096 58.8460
2022.2123 62.6651
2022.2151 65.0741
2022.2178 62.3830
2022.2205 54.9818
2022.2233 62.1905
2022.2260 63.0092
2022.2288 59.4078
2022.2315 57.5963
2022.2342 56.0348
2022.2370 56.5533
2022.3548 51.1630
2022.3575 52.0457
2022.3603 52.2487
2022.3630 55.7619
2022.3658 56.4054
2022.3685 54.6290
2022.3712 52.8928
2022.3740 60.4368
2022.3767 54.8709
2022.3794 57.7251
2022.3822 52.7394
2022.3849 54.1138
2022.3877 56.0283
2022.3904 59.4228
2022.3931 52.7774
2022.3959 52.8420
2022.3986 55.6765
2022.4014 51.4711
2022.4041 46.1956
2022.4068 54.4101
2022.4096 48.7644
2022.4123 57.1087
2022.4151 54.8831
2022.4178 52.7575
2022.4205 51.8521
2022.4233 53.8268
2022.4260 55.2616
2022.4288 53.5165
2022.4315 50.0615
2022.4342 56.3166
2022.4370 56.1416
2022.4397 61.6068
2022.4425 61.4519
2022.4452 57.8071
2022.4479 55.1423
2022.4507 53.8374
2022.4534 52.5026
2022.4562 52.2276
2022.4589 52.7427
2022.4616 49.2577
2022.4644 53.5825
2022.4671 54.6473
2022.4699 52.3120
2022.4726 53.7266
2022.4753 54.4311
2022.4781 56.9154
2022.4808 60.6495
2022.4836 60.1135
2022.4863 55.0373
2022.4890 54.4709
2022.4918 57.6843
2022.4945 56.0675
2022.4973 53.1203
2022.5000 54.5925
2022.5027 53.3441
2022.5055 57.2850
2022.5082 58.5153
2022.5110 57.1351
2022.5137 56.9843
2022.5164 57.3631
2022.5192 58.6514
2022.5219 59.7394
2022.5247 56.4771
2022.5274 56.0444
2022.5301 51.5915
2022.5329 53.6984
2022.5356 63.1951
2022.5384 60.1117
2022.5411 60.9882
2022.5438 56.4746
2022.5466 56.0611
2022.5493 58.6276
2022.5521 58.2942
2022.5548 56.8209
2022.5575 56.1978
2022.5603 55.7849
2022.5630 57.3522
2022.5658 58.0899
2022.5685 54.1579
2022.5712 53.4262
2022.5740 52.2850
2022.5767 52.4943
2022.5794 51.5641
2022.5822 51.2544
2022.5849 50.9749
2022.5877 55.8356
2022.5904 53.6764
2022.5931 64.0574
2022.5959 58.9486
2022.5986 55.9599
2022.6014 60.0114
2022.6041 59.5730
2022.6068 59.2648
2022.6096 53.3767
2022.6123 56.5987
2022.6151 55.0109
2022.6178 54.9931
2022.6205 55.4355
2022.6233 54.9480
2022.6260 54.7305
2022.6288 55.5632
2022.6315 57.5259
2022.6342 54.1688
2022.6370 57.9217
2022.6397 58.7047
2022.6425 62.5777
2022.6452 55.8008
2022.6479 53.8840
2022.6507 54.6372
2022.6534 58.5505
2022.6562 59.3837
2022.6589 60.9771
2022.6616 59.6704
2022.6644 55.0038
2022.6671 57.8677
2022.6699 61.6425
2022.6726 61.1682
2022.6753 58.2648
2022.6781 56.4120
2022.6808 58.5000
2022.6836 62.1086
2022.6863 66.0076
2022.6890 60.7272
2022.6918 59.3672
2022.6945 60.6975
2022.6973 58.4680
2022.7000 60.8788
2022.7027 62.8296
2022.7055 59.2006
2022.7082 61.3614
2022.7110 56.9623
2022.7137 55.9429
2022.7164 54.0734
2022.7192 56.6135
2022.7219 57.4833
2022.7247 56.6726
2022.7274 55.6815
2022.7301 55.0898
2022.7329 59.2474
2022.7356 56.7043
2022.7384 60.1705
2022.7411 62.5458
2022.7438 59.2402
2022.7466 59.7236
2022.7493 57.2058
2022.7521 55.6863
2022.7548 56.1749
2022.7575 54.1819
2022.7603 55.6874
2022.7630 53.6714
2022.7658 57.7641
2022.7685 57.4357
2022.7712 62.7761
2022.7740 61.2855
2022.7767 57.9341
2022.7794 60.4920
2022.7822 59.3092
2022.7849 54.1659
2022.7877 59.4822
2022.7904 57.7683
2022.7931 60.9441
2022.7959 56.1700
2022.7986 57.3859
2022.8014 55.6319
2022.8041 55.4383
2022.8068 54.7451
2022.8096 50.6524
2022.8123 51.8603
2022.8151 55.2390
2022.8178 54.0986
2022.8205 54.6191
2022.8233 54.6108
2022.8260 51.5437
2022.8288 52.4279
2022.8315 56.3135
2022.8342 54.0506
2022.8370 55.3388
2022.8397 54.7881
2022.8425 57.7985
2022.8452 57.2898
2022.8479 52.0119
2022.8507 54.6648
2022.8534 58.4684
2022.8562 58.0126
2022.8589 53.0673
2022.8616 54.0524
2022.8644 58.2278
2022.8671 57.8335
2022.8699 59.3193
2022.8726 57.9352
2022.8753 58.0211
2022.8781 54.2368
2022.8808 62.6924
2022.8836 56.9177
2022.8863 58.4827
2022.8890 58.8772
2022.8918 61.6312
2022.8945 64.2345
2022.8973 63.9272
2022.9000 59.0090
2022.9027 56.1000
2022.9055 56.7700
2022.9082 57.4189
2022.9110 62.9667
2022.9137 56.2133
2022.9164 57.1687
2022.9192 55.8731
2022.9219 53.3968
2022.9247 54.6396
2022.9274 53.8416
2022.9301 56.8429
2022.9329 57.8434
2022.9356 57.8231
2022.9384 56.1921
2022.9411 62.1004
2022.9438 61.8879
2022.9466 55.6948
2022.9493 60.1609
2022.9521 61.6863
2022.9548 58.9311
2022.9575 58.2852
2022.9603 58.2887
2022.9630 59.9615
2022.9658 57.0137
2022.9685 62.1953
2022.9712 57.1063
2022.9740 60.6467
2022.9767 59.8465
2022.9795 58.9357
2022.9822 61.4244
2022.9849 58.9825
2022.9877 59.0501
2022.9904 59.5972
2022.9931 59.8138
2022.9959 57.9298
2022.9986 58.1154
