2009.2493 -8.4168
2009.2521 -6.0300
2009.2548 -3.9837
2009.2575 -1.6379
2009.2603 -2.9324
2009.2630 -2.4972
2009.2658 -0.4424
2009.2685 -1.0378
2010.0000 -2.3155
2010.0027 -3.3669
2010.0055 -8.1186
2010.0082 -4.4204
2010.0110 -3.7825
2010.0137 -1.6048
2010.0164 -6.1672
2010.0192 -4.4699
2010.0219 -4.3726
2010.0247 -6.4856
2010.0274 -3.8486
2010.0301 -2.8817
2010.0329 -4.7750
2010.0356 -6.0883
2010.0384 -4.8517
2010.0411 -6.5352
2010.0438 -7.4887
2010.0466 -7.0923
2010.0493 -10.1858
2010.0521 -4.2694
2010.0548 -3.2830
2010.0575 -5.7565
2010.0603 -6.2200
2010.0630 -7.7034
2010.0658 -4.7168
2010.0685 -6.1602
2010.0712 -3.7234
2010.0740 -3.1865
2010.0767 -6.6095
2010.0795 -3.4424
2010.0822 -3.1252
2010.0849 -5.2580
2010.0877 -1.6109
2010.0904 -6.5139
2010.0932 -4.1270
2010.0959 -2.0001
2010.0986 -5.8932
2010.1014 -5.0363
2010.1041 -4.8395
2010.1068 -0.8326
2010.1096 -1.9657
2010.1123 -3.0588
2010.1151 -4.2118
2010.1178 -1.0548
2010.1205 -4.7377
2010.1233 -2.1205
2010.1260 -4.3632
2010.1288 0.3542
2010.1315 -2.5383
2010.1342 -2.1707
2010.1370 -2.2729
2010.1397 -4.0449
2010.1425 -5.8868
2010.1452 -3.0985
2010.1479 -2.6199
2010.1507 1.4988
2010.1534 0.7278
2010.1562 1.2470
2010.1589 1.6564
2010.1616 2.4761
2010.1644 -2.4236
2010.1671 -0.2424
2010.1699 -0.8404
2010.1726 -5.3375
2010.1753 -2.6040
2010.1781 -3.0197
2010.1808 -0.4648
2010.1836 0.9507
2010.1863 -1.2331
2010.1890 -6.6765
2010.1918 -2.9293
2010.1945 -4.4717
2010.1973 -6.8136
2010.2000 -3.4752
2010.2027 -7.3064
2010.2055 -4.8874
2010.2082 -5.3281
2010.2110 -3.3885
2010.2137 -7.9388
2010.2164 -0.9790
2010.2192 -9.5791
2010.2219 -4.4792
2010.2247 -4.8292
2010.2274 -7.7993
2010.2301 -2.1394
2010.2329 -4.0097
2010.2356 -1.4601
2010.2384 -4.1507
2010.2411 -2.7716
2010.2438 -6.3027
2010.2466 -6.0041
2010.2493 0.5844
2010.2521 -5.9071
2010.2548 -1.7387
2010.2575 -1.1902
2010.2603 -5.1217
2010.2630 -7.3732
2010.2658 -2.9346
2010.2685 -2.8460
2010.2712 -1.7574
2010.2740 -5.0887
2010.2767 -2.3000
2010.2795 -6.9711
2010.2822 -1.6722
2010.2849 -4.1332
2010.2877 -4.1441
2010.2904 -6.7149
2010.2932 -9.5556
2010.2959 -13.8661
2010.2986 -4.1665
2010.3014 -0.9468
2010.3041 -10.6669
2010.3068 -0.0268
2010.3096 1.8234
2010.3123 0.4438
2010.3151 -0.8656
2010.3178 -3.8048
2010.3205 -10.8437
2010.3233 -11.0225
2010.3260 -9.9910
2010.3288 -8.7493
2010.3315 -6.3272
2010.3342 -4.1347
2010.3370 -4.5416
2010.3397 -5.0380
2010.3425 -6.3540
2010.3452 -6.4696
2010.3479 -5.5947
2010.3507 -7.4894
2010.3534 -5.7437
2010.3562 -5.6476
2010.3589 -4.3012
2010.3616 -7.0844
2010.3644 -8.1972
2010.3671 -8.2997
2010.3699 -9.6519
2010.3726 -4.6937
2010.3753 -3.1153
2010.3781 -1.1466
2010.3808 -5.0777
2010.3836 -6.8885
2010.3863 -5.3890
2010.3890 -1.7494
2010.3918 -4.2695
2010.3945 -0.0394
2010.3973 -4.9892
2010.4000 0.0412
2010.4027 5.1918
2010.4055 -15.8175
2010.4082 -8.8767
2010.4110 1.4842
2010.4137 2.7853
2010.4164 -2.2334
2010.4192 -1.1019
2010.4219 5.8199
2010.4247 6.3620
2010.4274 1.1442
2010.4301 -2.2934
2010.4329 -8.2108
2010.4356 0.1719
2010.4384 -4.0052
2010.4411 -4.8522
2010.4438 0.4409
2010.4466 -2.4460
2010.4493 -3.0328
2010.4521 -4.8095
2010.4548 -3.1663
2010.4575 -2.3330
2010.4603 3.5502
2010.4630 -1.6965
2010.4658 -1.7734
2010.4685 -5.7403
2010.4712 -5.2273
2010.4740 -5.1244
2010.4767 -11.7316
2010.4795 -4.7390
2010.4822 -3.4966
2010.4849 -2.2943
2010.4877 -1.6722
2010.4904 -1.3604
2010.4932 -2.8588
2010.4959 -0.5574
2010.4986 -2.1162
2010.5014 -2.5649
2010.5041 -1.7136
2010.5068 -0.0623
2010.5096 -2.1910
2010.5123 -5.2297
2010.5151 -8.7685
2010.5178 -2.0874
2010.5205 -3.3563
2010.5233 -5.6654
2010.5260 -1.6246
2010.5288 -3.9640
2010.5315 -11.8935
2010.5342 -7.2132
2010.5370 -5.3432
2010.5397 -8.8133
2010.5425 -1.5838
2010.5452 -1.3344
2010.5479 -1.3754
2010.5507 1.7733
2010.5534 0.6217
2010.5562 -0.4902
2010.5589 -0.7926
2010.5616 2.3347
2010.5644 2.1016
2010.6712 -4.2361
2010.6795 -0.0853
2010.6822 1.4046
2010.6849 3.1043
2010.6877 -1.6060
2010.7041 -3.5061
2010.7096 0.7757
2010.7178 -15.4284
2010.7205 -12.6253
2010.7288 -0.9924
2010.7315 -7.7266
2010.7370 -16.8025
2010.7589 -4.6394
2010.7699 4.1433
2010.7726 -6.0799
2010.7753 -6.1926
2010.7781 -5.6650
2010.7808 -4.9471
2010.7836 -6.3889
2010.7863 -9.7405
2010.7890 -9.1219
2010.7918 -10.3431
2010.8082 -3.8988
2010.8110 -3.9099
2010.8137 -1.4911
2010.8164 -0.3524
2010.8219 -3.8058
2010.8247 1.5421
2010.8767 0.1907
2010.8795 1.0874
2010.8822 2.3040
2010.8849 -4.8897
2010.8877 1.0964
2010.8904 2.5922
2010.8932 2.7878
2010.8959 0.3231
2010.8986 -1.9119
2010.9014 -2.1973
2010.9041 -1.5030
2010.9068 -4.3091
2010.9096 -0.9756
2010.9123 1.5976
2010.9151 0.0703
2010.9178 0.1418
2010.9205 -3.0085
2010.9233 -4.5506
2010.9260 -2.5944
2010.9288 -3.5098
2010.9315 -3.4066
2010.9342 -6.2149
2010.9370 -5.6246
2010.9397 -6.5755
2010.9425 -3.8976
2010.9452 0.4093
2010.9479 -2.8749
2010.9507 -1.7599
2010.9534 -5.9759
2010.9562 -5.6625
2010.9589 0.4202
2010.9616 -3.1177
2010.9644 -2.9861
2010.9671 -5.0948
2010.9699 -4.5740
2010.9726 -6.1133
2010.9753 -6.7828
2010.9781 -4.9123
2010.9808 -3.5418
2010.9836 -2.6813
2010.9863 -3.9805
2010.9890 -5.3294
2010.9918 -3.8380
2010.9945 -5.4462
2010.9973 -2.9038
2011.0000 -6.7508
2011.0027 -5.6879
2011.0055 -1.5857
2011.0082 -2.4941
2011.0110 0.0868
2011.0137 -1.5529
2011.0164 -4.2830
2011.0192 -2.3135
2011.0219 -0.3743
2011.0247 -5.9454
2011.0274 -2.2967
2011.0301 -10.4081
2011.0329 -7.2796
2011.0356 -1.6611
2011.0384 -4.2524
2011.0411 -2.7037
2011.0438 -1.3247
2011.0466 -3.0654
2011.0493 -1.4658
2011.0521 1.2343
2011.0548 0.6748
2011.0575 -1.0641
2011.0603 -10.1424
2011.0630 1.7201
2011.0658 1.1433
2011.0685 -0.4627
2011.0712 -1.3777
2011.0740 -0.3718
2011.0767 -1.1648
2011.0795 -2.1867
2011.0822 -4.8274
2011.0849 0.8830
2011.0877 1.2944
2011.0904 -5.3432
2011.0932 1.2401
2011.0959 0.7642
2011.0986 -4.1608
2011.1014 -6.8452
2011.1041 -1.6890
2011.1068 -2.4122
2011.1096 1.3851
2011.1123 -1.1871
2011.1151 -1.4791
2011.1178 -11.8707
2011.1205 -5.8121
2011.1233 2.4666
2011.1260 -1.7646
2011.1288 0.3242
2011.1315 -1.8571
2011.1342 -2.5384
2011.1370 -1.1100
2011.1397 -1.1519
2011.1425 4.1859
2011.1452 2.1933
2011.1479 3.6203
2011.1507 4.0167
2011.1534 2.5824
2011.1562 4.9575
2011.1589 0.4718
2011.1616 -1.3547
2011.1644 4.5984
2011.1671 1.4614
2011.1699 0.0643
2011.1726 2.9972
2011.1753 1.6700
2011.1781 4.0428
2011.1808 0.0354
2011.1836 -0.4219
2011.1863 -1.1294
2011.1890 -2.6769
2011.1918 -4.5345
2011.1945 -1.5522
2011.1973 -1.7899
2011.2000 -1.8077
2011.2027 1.4144
2011.2055 1.9264
2011.2082 -0.2716
2011.2110 -0.0397
2011.2137 0.4921
2011.2164 0.7538
2011.2192 1.6955
2011.2219 -4.5529
2011.2247 -3.3114
2011.2274 -7.5800
2011.2301 -4.7887
2011.2329 -4.6975
2011.2356 -3.2163
2011.2384 -2.9352
2011.2411 -2.9742
2011.2438 -1.2833
2011.2466 -4.5026
2011.2493 -1.4426
2011.2521 -1.7135
2011.2548 -4.3750
2011.2575 -4.0072
2011.2603 -2.5101
2011.2630 -2.0735
2011.2658 2.8927
2011.2685 0.3084
2011.2712 -0.7162
2011.2740 1.6188
2011.2767 -0.0463
2011.2795 2.9383
2011.2822 1.0329
2011.2849 3.9874
2011.2877 -2.3881
2011.2904 -0.7736
2011.2932 0.0811
2011.2959 0.7461
2011.2986 -1.2988
2011.3014 -1.5633
2011.3041 1.9226
2011.3068 -3.5411
2011.3096 -12.1843
2011.3123 -3.7369
2011.3151 -3.2589
2011.3178 -1.1602
2011.3205 -2.9208
2011.3233 1.1895
2011.3260 1.1206
2011.3288 3.5927
2011.3315 3.1859
2011.3342 5.3803
2011.3370 -3.4142
2011.3397 -0.8976
2011.3425 -0.5701
2011.3452 -1.2516
2011.3479 3.9877
2011.3507 5.9878
2011.3534 4.3785
2011.3562 1.2899
2011.3589 2.9317
2011.3616 4.2640
2011.3644 7.5167
2011.3671 8.5397
2011.3699 -5.4271
2011.3726 -10.7838
2011.3753 8.1996
2011.3781 2.8930
2011.3808 -0.3837
2011.3836 4.7695
2011.3863 3.3924
2011.3890 8.8650
2011.3918 7.2672
2011.3945 7.8289
2011.3973 0.4901
2011.4000 -4.8394
2011.4027 0.6405
2011.4055 -4.2004
2011.4082 3.1379
2011.4110 3.1752
2011.4137 1.8916
2011.4164 0.3180
2011.4192 -0.1755
2011.4219 1.0609
2011.4247 4.1773
2011.4274 4.7137
2011.4301 5.8500
2011.4329 6.0861
2011.4356 3.7422
2011.4384 7.7881
2011.4411 7.7338
2011.4438 0.1994
2011.4466 -2.8553
2011.4493 -2.1103
2011.4521 -0.8056
2011.4548 1.6389
2011.4575 2.0030
2011.4603 1.0667
2011.4630 4.1700
2011.4658 7.6729
2011.4685 1.7154
2011.4712 -3.1126
2011.4740 -0.9911
2011.4767 -0.8601
2011.4795 6.7903
2011.4822 3.3101
2011.4849 0.6794
2011.4877 -2.9520
2011.4904 1.4659
2011.4932 -4.3168
2011.4959 -3.5403
2011.4986 0.3757
2011.5014 -0.7189
2011.5041 4.1162
2011.5068 4.6609
2011.5096 0.9651
2011.5123 1.5591
2011.5151 0.2427
2011.5178 -3.1239
2011.5205 -0.8909
2011.5233 -4.3080
2011.5260 -1.3254
2011.5288 1.4971
2011.5753 -9.2289
2011.5973 -11.0405
2011.6055 -5.7654
2011.6082 -8.4303
2011.6110 -15.3350
2011.6137 -16.3597
2011.6247 -1.3173
2011.6274 -11.3414
2011.6301 -14.7353
2011.6438 -13.1224
2011.6466 -7.8852
2011.6493 -15.9977
2011.6795 -16.6976
2011.6904 -14.6312
2011.6959 -1.9561
2011.6986 -1.7331
2011.7014 -9.4398
2011.7041 -2.4062
2011.7123 -11.1138
2011.7151 -8.1492
2011.7178 -8.5942
2011.7205 -4.8091
2011.7233 -4.0937
2011.7260 0.4219
2011.7288 1.6878
2011.7315 -4.9162
2011.7342 -2.4299
2011.7370 -2.6134
2011.7397 -3.8367
2011.7425 -6.3699
2011.7452 -4.0228
2011.7479 -2.9256
2011.7507 -8.5581
2011.7534 -9.0805
2011.7562 -8.8725
2011.7589 -2.7144
2011.7616 -3.4561
2011.7644 -4.9677
2011.7671 -7.3390
2011.7699 -1.0003
2011.7726 -3.8714
2011.7753 -5.3224
2011.7781 -0.6234
2011.7808 -7.0343
2011.7836 -3.2551
2011.7863 -4.9059
2011.7890 -3.8067
2011.7918 -5.7876
2011.7945 -3.6784
2011.7973 0.0907
2011.8000 -11.1203
2011.8027 -5.7213
2011.8055 -7.0424
2011.8082 -10.9237
2011.8110 1.1849
2011.8137 4.2533
2011.8164 4.4416
2011.8192 -3.6803
2011.8219 -4.9724
2011.8247 -2.6748
2011.8274 0.7426
2011.8301 3.3998
2011.8329 -0.2634
2011.8356 -2.4066
2011.8384 -2.1199
2011.8411 -5.0332
2011.8438 -4.6766
2011.8466 -8.2701
2011.8493 -4.6437
2011.8521 -9.5173
2011.8548 -4.6110
2011.8575 0.6753
2011.8603 4.9215
2011.8630 -1.6523
2011.8658 -4.6462
2011.8685 -0.2401
2011.8712 0.5859
2011.8740 -3.5081
2011.8767 -3.7221
2011.8795 -2.8162
2011.8822 0.0296
2011.8849 0.9655
2011.8877 -5.0687
2011.8904 -1.4329
2011.8932 -2.8372
2011.8959 -2.6415
2011.8986 -5.3358
2011.9014 0.3599
2011.9041 1.5556
2011.9068 2.6412
2011.9096 2.8068
2011.9123 4.5024
2011.9151 4.5680
2011.9178 2.4136
2011.9205 2.8491
2011.9233 -5.6555
2011.9260 1.1498
2011.9288 0.5351
2011.9315 2.4502
2011.9342 8.3252
2011.9370 4.9102
2011.9397 -1.5050
2011.9425 -2.2903
2011.9452 -0.1257
2011.9479 3.2987
2011.9507 10.6430
2011.9534 3.1972
2011.9562 2.9713
2011.9589 5.5952
2011.9616 -3.6611
2011.9644 -3.1775
2011.9671 4.3760
2011.9699 1.8292
2011.9726 5.1323
2011.9753 7.6652
2011.9781 1.1480
2011.9808 3.7705
2011.9836 -5.6772
2011.9863 6.3250
2011.9890 4.6169
2011.9918 3.8187
2011.9945 3.1902
2011.9973 3.1215
2012.0000 1.0426
2012.0027 1.5629
2012.0055 2.0021
2012.0082 3.8901
2012.0109 5.3271
2012.0137 6.0031
2012.0164 4.4383
2012.0191 1.5726
2012.0219 1.3062
2012.0246 -4.5308
2012.0273 7.6017
2012.0301 1.1936
2012.0328 -0.9848
2012.0355 1.9364
2012.0383 5.1574
2012.0410 4.5782
2012.0437 4.1990
2012.0464 4.3997
2012.0492 4.0206
2012.0519 5.1316
2012.0546 -0.8772
2012.0574 2.1143
2012.0601 2.7363
2012.0628 4.9987
2012.0656 1.9517
2012.0683 7.3954
2012.0710 8.5697
2012.0738 7.9249
2012.0765 4.8310
2012.0792 0.9780
2012.0820 4.5759
2012.0847 6.2141
2012.0874 6.1223
2012.0902 5.3806
2012.0929 3.8790
2012.0956 5.2675
2012.0984 -4.8039
2012.1011 1.1147
2012.1038 6.6035
2012.1093 7.3814
2012.1120 7.9706
2012.1148 6.8599
2012.1175 6.7793
2012.1202 9.6389
2012.1230 5.0687
2012.1257 7.3786
2012.1284 -3.0413
2012.1311 6.0390
2012.1339 5.8695
2012.1366 4.1602
2012.1393 6.0611
2012.1421 6.6722
2012.1448 3.9735
2012.1475 4.8250
2012.1503 7.0768
2012.1530 4.8288
2012.1557 10.3911
2012.1585 5.8237
2012.1612 5.6765
2012.1639 3.4196
2012.1667 6.8129
2012.1694 2.8865
2012.1721 6.2304
2012.1749 3.5345
2012.1776 7.3388
2012.1803 4.8932
2012.1831 4.2878
2012.1858 0.4726
2012.1885 6.2774
2012.1913 4.0724
2012.1940 3.7974
2012.1967 3.8425
2012.1995 -0.7824
2012.2022 2.5727
2012.2049 1.7078
2012.2077 4.5128
2012.2104 6.0579
2012.2131 3.0628
2012.2158 3.9876
2012.2186 4.7723
2012.2213 1.9469
2012.2240 2.0913
2012.2268 -0.4444
2012.2295 -2.4504
2012.2322 -1.8366
2012.2350 3.5070
2012.2377 -1.7697
2012.2404 -3.8266
2012.2432 -2.6239
2012.2459 -3.1015
2012.2486 -1.8794
2012.2514 -0.7874
2012.2541 -0.0156
2012.2568 -1.4540
2012.2596 -1.0725
2012.2623 -2.3211
2012.2650 -4.2298
2012.2678 -0.5687
2012.2705 2.9424
2012.2732 7.5834
2012.2760 5.4944
2012.2787 1.0853
2012.2814 7.0062
2012.2842 4.3671
2012.2869 2.8780
2012.2896 3.4489
2012.2923 1.7699
2012.2951 2.2310
2012.2978 -0.2979
2012.3005 5.1333
2012.3033 8.6746
2012.3060 9.9160
2012.3087 10.2976
2012.3115 13.1393
2012.3142 7.6812
2012.3169 7.2232
2012.3197 13.3855
2012.3224 9.3580
2012.3251 7.9907
2012.3279 7.6836
2012.3306 9.2168
2012.3333 5.0900
2012.3361 7.9632
2012.3388 8.0264
2012.3415 5.0296
2012.3443 3.4928
2012.3470 7.7261
2012.3497 9.4993
2012.3525 12.5926
2012.3552 8.2158
2012.3579 10.5491
2012.3607 5.1824
2012.3634 14.4656
2012.3661 9.6689
2012.3689 8.3422
2012.3716 6.8154
2012.3743 4.5387
2012.3770 3.3720
2012.3798 5.2252
2012.3825 -0.6015
2012.3852 -0.0682
2012.3880 3.9750
2012.3907 2.1182
2012.3934 6.0815
2012.3962 11.3847
2012.3989 9.6479
2012.4016 9.7811
2012.4044 7.4643
2012.4071 6.8775
2012.4098 7.7907
2012.4126 8.7738
2012.4153 12.4570
2012.4180 7.4901
2012.4208 11.1132
2012.4235 10.9664
2012.4262 9.6695
2012.4290 12.2926
2012.4317 11.6158
2012.4344 15.1089
2012.4372 11.7720
2012.4399 12.3951
2012.4426 7.5383
2012.4454 7.1514
2012.4481 10.1445
2012.4508 6.6976
2012.4536 8.5907
2012.4563 8.6639
2012.4590 8.1870
2012.4617 9.8201
2012.4645 8.2732
2012.4672 5.1663
2012.4699 7.7894
2012.4727 6.3026
2012.4754 10.0857
2012.4781 6.8688
2012.4809 6.0019
2012.4836 4.0550
2012.4863 5.4482
2012.4891 5.2313
2012.4918 1.1444
2012.4945 0.6975
2012.4973 3.9807
2012.5000 5.0638
2012.5027 5.6570
2012.5055 10.0201
2012.5082 7.5833
2012.5109 9.3865
2012.5137 7.1498
2012.5164 11.7630
2012.6202 3.7070
2012.6230 4.6637
2012.6448 7.8257
2012.6557 4.0122
2012.6585 7.9744
2012.6612 5.0657
2012.6639 14.3260
2012.6667 9.8255
2012.6694 10.4451
2012.6721 6.3847
2012.6749 9.9343
2012.6776 4.9039
2012.6803 4.0534
2012.6831 0.1028
2012.6858 -1.1979
2012.6885 5.3113
2012.6913 7.5803
2012.6940 5.7092
2012.6967 4.3479
2012.6995 2.5463
2012.7022 7.1345
2012.7049 7.6325
2012.7077 8.8901
2012.7104 5.5074
2012.7131 7.0244
2012.7158 -2.0990
2012.7186 -3.0728
2012.7213 -0.6569
2012.7240 -4.4216
2012.7268 -1.5667
2012.7295 0.2078
2012.7322 1.9417
2012.7350 1.8651
2012.7377 4.0879
2012.7404 4.6501
2012.7432 -2.3482
2012.7459 -4.2672
2012.7486 -1.5068
2012.7514 -3.9267
2012.7541 -1.5367
2012.7568 -2.9367
2012.7596 2.1131
2012.7623 -0.6771
2012.7650 0.4526
2012.7678 3.3423
2012.7705 6.1919
2012.7732 4.2314
2012.7760 2.0509
2012.7787 -0.7496
2012.7814 5.6898
2012.7842 4.8792
2012.7869 4.2486
2012.7896 3.8179
2012.7923 3.4572
2012.7951 2.8866
2012.7978 -0.2341
2012.8005 3.6752
2012.8033 2.8646
2012.8060 4.7039
2012.8087 7.8933
2012.8115 5.1527
2012.8142 9.7222
2012.8169 9.8317
2012.8197 8.5612
2012.8224 4.8908
2012.8251 4.4405
2012.8279 3.0002
2012.8306 6.3400
2012.8333 8.1199
2012.8361 7.1400
2012.8388 7.2004
2012.8415 2.3709
2012.8443 7.2917
2012.8470 7.3226
2012.8497 3.3436
2012.8525 8.3647
2012.8552 5.3660
2012.8579 2.9772
2012.8607 0.6186
2012.8634 -1.0101
2012.8661 2.9012
2012.8689 6.2725
2012.8716 6.3437
2012.8743 7.1649
2012.8770 0.5359
2012.8798 -1.8032
2012.8825 3.3776
2012.8852 4.9382
2012.8880 6.0486
2012.8907 12.0688
2012.8934 7.8387
2012.8962 3.8383
2012.8989 8.6877
2012.9016 4.3167
2012.9044 5.2454
2012.9071 5.8738
2012.9098 3.3517
2012.9126 8.6893
2012.9153 6.3164
2012.9180 7.4528
2012.9208 6.1483
2012.9235 6.8131
2012.9262 10.2571
2012.9290 4.4904
2012.9317 8.7431
2012.9344 6.4251
2012.9372 9.2766
2012.9399 9.9076
2012.9426 7.6380
2012.9454 7.5681
2012.9481 1.6378
2012.9508 4.1671
2012.9536 8.1861
2012.9563 9.4749
2012.9590 8.1935
2012.9617 9.1619
2012.9645 9.2802
2012.9672 6.5585
2012.9699 4.3267
2012.9727 5.2050
2012.9754 7.6434
2012.9781 8.9818
2012.9809 7.9905
2012.9836 7.4893
2012.9863 6.7384
2012.9891 6.5078
2012.9918 8.6776
2012.9945 6.9677
2012.9973 8.8183
2013.0000 5.7294
2013.0027 4.8907
2013.0055 5.9221
2013.0082 6.5534
2013.0110 6.1748
2013.0137 4.5462
2013.0164 9.2577
2013.0192 10.3791
2013.0219 7.3806
2013.0247 11.2621
2013.0274 9.5936
2013.0301 6.2752
2013.0329 7.9868
2013.0356 11.7584
2013.0384 8.9100
2013.0411 6.1116
2013.0438 10.0033
2013.0466 4.8950
2013.0493 4.7968
2013.0521 5.2886
2013.0548 5.2004
2013.0575 5.3522
2013.0603 6.1041
2013.0630 2.4060
2013.0658 11.4879
2013.0685 10.0599
2013.0712 7.0319
2013.0740 3.6339
2013.0767 9.0160
2013.0795 8.9181
2013.0822 10.3202
2013.0849 8.6827
2013.0877 10.4355
2013.0904 8.5885
2013.0932 7.2919
2013.0959 8.5855
2013.0986 11.5394
2013.1014 8.4936
2013.1041 8.9880
2013.1068 9.6427
2013.1096 10.2676
2013.1123 10.2828
2013.1151 7.8582
2013.1178 7.5438
2013.1205 7.3096
2013.1233 5.6556
2013.1260 6.8917
2013.1288 8.9081
2013.1315 5.2547
2013.1342 11.8114
2013.1370 9.6782
2013.1397 5.2352
2013.1425 2.4624
2013.1452 1.8897
2013.1479 1.7571
2013.1507 5.8246
2013.1534 8.1623
2013.1562 4.4700
2013.1589 9.2079
2013.1616 3.3958
2013.1644 3.4341
2013.1671 3.9430
2013.1699 6.8526
2013.1726 4.4427
2013.1753 4.0835
2013.1781 7.5049
2013.1808 3.8268
2013.1836 4.9892
2013.1863 9.1322
2013.1890 7.6357
2013.1918 4.1597
2013.1945 5.1042
2013.1973 7.2991
2013.2000 8.2745
2013.2027 8.0802
2013.2055 9.9664
2013.2082 12.1030
2013.2110 6.6100
2013.2137 7.2973
2013.2164 7.0850
2013.2192 5.0630
2013.2219 6.7313
2013.2247 8.2599
2013.2274 8.6087
2013.2301 7.3478
2013.2329 6.5972
2013.2356 5.7967
2013.2384 8.2865
2013.2411 10.1765
2013.2438 14.3566
2013.2466 13.8671
2013.2493 13.7693
2013.2521 12.7433
2013.2548 9.0989
2013.2575 10.0360
2013.2603 7.4544
2013.2630 4.3540
2013.2658 3.4247
2013.2685 9.5563
2013.2712 5.2586
2013.2740 18.3916
2013.2767 9.8050
2013.2795 9.2288
2013.2822 9.3928
2013.2849 16.3668
2013.2877 15.8807
2013.2904 14.8644
2013.2932 -3.2823
2013.2959 12.1604
2013.2986 8.6225
2013.3014 11.7538
2013.3041 14.3541
2013.3068 4.4433
2013.3096 8.0213
2013.3123 12.7778
2013.3151 6.6429
2013.3178 8.8462
2013.3205 10.1277
2013.3233 8.5873
2013.3260 2.8148
2013.3288 3.9900
2013.3315 12.8838
2013.3342 11.4273
2013.3370 6.6704
2013.3397 4.5133
2013.3425 2.6660
2013.3452 7.3484
2013.3479 9.7606
2013.3507 -0.7575
2013.3534 -1.3056
2013.3562 6.7160
2013.3589 0.8676
2013.3616 1.5290
2013.3644 6.9403
2013.3671 5.9116
2013.3699 -0.1571
2013.3726 -2.3159
2013.3753 -0.6346
2013.3781 0.8067
2013.3808 6.4480
2013.3836 5.8894
2013.3863 3.2809
2013.3890 6.7726
2013.3918 5.9444
2013.3945 6.8763
2013.3973 10.5584
2013.4000 11.0508
2013.4027 8.1034
2013.4055 11.9762
2013.4082 13.4894
2013.4110 9.4028
2013.4137 9.9465
2013.4164 5.0003
2013.4192 3.5140
2013.4219 2.1477
2013.4247 2.2915
2013.4274 3.1652
2013.4301 5.6289
2013.4329 9.6627
2013.4356 5.2564
2013.4384 7.5101
2013.4411 2.9939
2013.4438 2.0676
2013.4466 0.7013
2013.4493 2.3351
2013.4521 1.3088
2013.4548 0.8426
2013.4575 -1.7937
2013.4603 -3.3199
2013.4630 2.2739
2013.4658 1.3377
2013.4685 6.7615
2013.4712 6.2553
2013.4740 5.6692
2013.4767 8.7830
2013.4795 8.1969
2013.4822 6.5508
2013.4849 2.4547
2013.4877 4.8687
2013.4904 -0.4474
2013.4932 -1.4434
2013.4959 0.8206
2013.4986 -3.3054
2013.5014 -0.5313
2013.5041 0.5728
2013.5068 -0.8931
2013.5096 -1.9989
2013.5123 2.7653
2013.5151 2.4595
2013.5178 3.7237
2013.5205 5.1580
2013.5233 8.6623
2013.5260 1.9066
2013.5288 -0.2691
2013.5315 -0.7048
2013.5342 1.8396
2013.5370 -2.8161
2013.5397 0.5382
2013.5425 1.7426
2013.5452 -2.4731
2013.5479 0.7813
2013.5507 5.8756
2013.5534 1.5300
2013.5562 7.6543
2013.5589 -0.4214
2013.5616 -5.5871
2013.5644 -4.6628
2013.5671 -5.7085
2013.5699 -6.3443
2013.5726 -7.2201
2013.5753 -8.3259
2013.5781 -6.1017
2013.5808 -4.4276
2013.5836 -2.6936
2013.5863 2.5799
2013.5890 2.7832
2013.5918 2.0361
2013.5945 0.7387
2013.5973 1.4211
2013.6000 -0.3967
2013.6027 0.5652
2013.6055 -1.1830
2013.6082 -1.1713
2013.6110 -1.2198
2013.6137 -2.1184
2013.6164 0.7329
2013.6192 -0.8858
2013.6219 0.0755
2013.6247 1.2968
2013.6274 -2.9219
2013.6301 -6.5605
2013.6329 -13.6990
2013.6356 -6.4674
2013.6384 -9.3156
2013.6411 -7.4937
2013.6438 -10.8116
2013.6466 -9.8993
2013.6493 -8.6667
2013.6521 -1.5138
2013.6548 0.0293
2013.6575 -1.0572
2013.6603 -2.9333
2013.6630 -0.1691
2013.6658 1.9456
2013.6685 3.3609
2013.6712 0.6268
2013.6740 2.1234
2013.6767 6.1104
2013.6795 4.5280
2013.6822 6.5661
2013.6849 5.3045
2013.6877 1.0034
2013.6904 0.6625
2013.6932 4.1320
2013.6959 1.9717
2013.6986 0.5916
2013.7014 1.8617
2013.7041 3.1919
2013.7068 -0.7679
2013.7096 2.1524
2013.7123 3.1727
2013.7151 5.3530
2013.7178 4.3131
2013.7205 6.1231
2013.7233 0.7729
2013.7260 4.0325
2013.7288 6.5519
2013.7315 3.5209
2013.7342 1.7496
2013.7370 3.0479
2013.7397 0.6057
2013.7425 -0.2369
2013.7452 3.2299
2013.7479 8.2162
2013.7507 1.5822
2013.7534 7.4581
2013.7562 4.4739
2013.7589 4.5297
2013.7616 5.0954
2013.7644 -0.9290
2013.7671 7.7466
2013.7699 11.8722
2013.7726 10.2577
2013.7753 10.5932
2013.7781 13.3086
2013.7808 8.7040
2013.7836 0.5193
2013.7863 6.9146
2013.7890 9.5398
2013.7918 11.6550
2013.7945 6.2102
2013.7973 10.2454
2013.8000 9.0305
2013.8027 7.6956
2013.8055 10.7807
2013.8082 6.1357
2013.8110 10.4807
2013.8137 11.4657
2013.8164 14.8807
2013.8192 9.3157
2013.8219 11.0606
2013.8247 15.5456
2013.8274 16.2605
2013.8301 13.8555
2013.8329 11.3404
2013.8356 9.0256
2013.8384 16.4811
2013.8411 14.5667
2013.8438 12.2525
2013.8466 12.9985
2013.8493 11.1045
2013.8521 14.0806
2013.8548 13.2967
2013.8575 14.9528
2013.8603 11.6989
2013.8630 11.4248
2013.8658 12.0906
2013.8685 9.3363
2013.8712 3.5817
2013.8740 11.2069
2013.8767 7.7118
2013.8795 1.0164
2013.8822 9.4906
2013.8849 8.1244
2013.8877 11.0278
2013.8904 7.3207
2013.8932 5.9131
2013.8959 6.6450
2013.8986 9.3763
2013.9014 10.9969
2013.9041 4.6369
2013.9068 1.7662
2013.9096 6.1648
2013.9123 7.8826
2013.9151 7.3595
2013.9178 4.7259
2013.9205 6.3117
2013.9233 4.7972
2013.9260 4.5722
2013.9288 2.4969
2013.9315 3.5812
2013.9342 8.0651
2013.9370 10.0888
2013.9397 7.2921
2013.9425 12.0752
2013.9452 8.8280
2013.9479 7.8505
2013.9507 7.9729
2013.9534 10.9750
2013.9562 7.1270
2013.9589 7.1988
2013.9616 6.0505
2013.9644 5.3921
2013.9671 10.3336
2013.9699 11.0451
2013.9726 11.4165
2013.9753 7.6078
2013.9781 7.8192
2013.9808 12.0905
2013.9836 11.0020
2013.9863 13.2934
2013.9890 10.1650
2013.9918 12.4466
2013.9945 8.5684
2013.9973 11.6503
2014.0000 12.4124
2014.0027 11.0945
2014.0055 9.2365
2014.0082 12.6383
2014.0110 12.8400
2014.0137 11.0517
2014.0164 9.8332
2014.0192 11.7547
2014.0219 8.9461
2014.0247 8.8374
2014.0274 9.4688
2014.0301 8.2701
2014.0329 14.1214
2014.0356 10.0626
2014.0384 8.1439
2014.0411 14.5753
2014.0438 10.9466
2014.0466 13.5480
2014.0493 12.1895
2014.0521 11.4010
2014.0548 12.5127
2014.0575 9.3744
2014.0603 10.3162
2014.0630 9.3082
2014.0658 8.9903
2014.0685 11.1425
2014.0712 11.1549
2014.0740 11.2675
2014.0767 13.2602
2014.0795 12.5832
2014.0822 12.3864
2014.0849 14.2603
2014.0877 9.9448
2014.0904 13.7400
2014.0932 12.4358
2014.0959 14.5722
2014.0986 11.8892
2014.1014 10.4968
2014.1041 13.7149
2014.1068 14.3936
2014.1096 12.3928
2014.1123 11.1324
2014.1151 10.5725
2014.1178 8.9331
2014.1205 10.8940
2014.1233 7.6854
2014.1260 13.2572
2014.1288 15.5093
2014.1315 11.0517
2014.1342 6.3445
2014.1370 3.6176
2014.1397 11.2609
2014.1425 12.5145
2014.1452 11.8483
2014.1479 10.2124
2014.1507 17.5766
2014.1534 12.9410
2014.1562 17.1556
2014.1589 14.1703
2014.1616 9.8451
2014.1644 16.8699
2014.1671 12.1948
2014.1699 11.7396
2014.1726 6.6345
2014.1753 12.3994
2014.1781 16.4342
2014.1808 11.4292
2014.1836 10.5941
2014.1863 9.1090
2014.1890 12.1640
2014.1918 11.6190
2014.1945 10.4741
2014.1973 11.1191
2014.2000 10.1342
2014.2027 5.7794
2014.2055 6.2446
2014.2082 7.7798
2014.2110 16.8551
2014.2137 11.3004
2014.2164 14.5358
2014.2192 8.4712
2014.2219 13.2967
2014.2247 13.6123
2014.2274 12.1179
2014.2301 7.4536
2014.2329 15.9893
2014.2356 8.0351
2014.2384 10.9910
2014.2411 11.3170
2014.2438 17.9531
2014.2466 21.1192
2014.2493 19.0253
2014.2521 16.7415
2014.2548 16.9076
2014.2575 15.5438
2014.2603 17.1399
2014.2630 26.3261
2014.2658 17.5323
2014.2685 13.8985
2014.2712 17.5246
2014.2740 18.6208
2014.2767 13.3170
2014.2795 19.6532
2014.2822 19.1794
2014.2849 13.9855
2014.2877 14.4217
2014.2904 17.0979
2014.2932 20.6941
2014.2959 22.4403
2014.2986 17.7164
2014.3014 20.0126
2014.3041 11.8988
2014.3068 11.5550
2014.3096 15.3211
2014.3123 8.2973
2014.3151 11.8934
2014.3178 7.8496
2014.3205 8.3257
2014.3233 10.1119
2014.3260 8.1080
2014.3288 -1.8559
2014.3315 -2.4798
2014.3342 2.9763
2014.3370 7.5724
2014.3397 7.0685
2014.3425 7.5345
2014.3452 6.6605
2014.3479 11.4565
2014.3507 10.2025
2014.3534 6.6085
2014.3562 10.6945
2014.3589 8.3605
2014.3616 11.0464
2014.3644 11.9124
2014.3671 15.4483
2014.3699 15.2843
2014.3726 13.0802
2014.3753 4.5862
2014.3781 7.7721
2014.3808 7.5681
2014.3836 9.1041
2014.3863 8.8200
2014.3890 8.0360
2014.3918 9.1520
2014.3945 6.7680
2014.3973 7.9340
2017.1699 13.8797
2017.1726 7.7078
2017.1753 8.7169
2017.1781 9.8069
2017.1808 12.3879
2017.1836 9.4996
2017.1863 9.1721
2017.1890 11.2652
2017.1918 12.6989
2017.1945 11.2030
2017.1973 12.6276
2017.2000 12.6024
2017.2027 10.9275
2017.2055 11.8628
2017.2082 10.6581
2017.2110 13.8034
2017.2137 15.8786
2017.2164 12.7537
2017.2192 13.2685
2017.2219 7.6630
2017.2247 7.3771
2017.2274 5.4807
2017.2301 7.3538
2017.2329 6.7562
2017.2356 7.8078
2017.2384 15.1587
2017.2411 6.8287
2017.2438 12.0577
2017.2466 9.0157
2017.2493 11.3228
2017.2521 12.3392
2017.2548 16.2048
2017.2575 12.8598
2017.2603 10.8742
2017.2630 12.0682
2017.2658 13.0816
2017.2685 14.6447
2017.2712 14.7775
2017.2740 15.4100
2017.2767 19.2223
2017.2795 12.6544
2017.2822 9.8265
2017.2849 16.5287
2017.2877 18.9908
2017.2904 22.1931
2017.2932 13.1256
2017.2959 12.6584
2017.2986 20.9815
2017.3014 11.5949
2017.3041 15.3588
2017.3068 17.4532
2017.3096 19.7682
2017.3123 19.9939
2017.3151 20.9302
2017.3178 17.1073
2017.3205 17.1753
2017.3233 15.9541
2017.3260 18.0339
2017.3288 14.4648
2017.3315 16.1665
2017.3342 12.3390
2017.3370 10.5922
2017.3397 9.2160
2017.3425 15.8003
2017.3452 13.2153
2017.3479 16.4906
2017.3507 17.8065
2017.3534 11.9227
2017.3562 14.2493
2017.3589 17.0061
2017.3616 13.9232
2017.3644 20.0805
2017.3671 20.6880
2017.3699 17.4955
2017.3726 16.9331
2017.3753 15.7407
2017.3781 18.9183
2017.3808 18.7058
2017.3836 13.7431
2017.3863 14.0202
2017.3890 14.7571
2017.3918 13.8738
2017.3945 12.1401
2017.3973 10.6560
2017.4000 12.9914
2017.4027 12.0265
2017.4055 12.8909
2017.4082 12.9848
2017.4110 6.9581
2017.4137 11.9408
2017.4164 7.7630
2017.4192 8.2248
2017.4219 13.3162
2017.4247 18.3573
2017.4274 14.9282
2017.4301 15.2687
2017.4329 12.9690
2017.4356 14.3092
2017.4384 13.1491
2017.4411 14.2889
2017.4438 10.0287
2017.4466 10.5183
2017.4493 9.9279
2017.4521 14.7675
2017.4548 11.1772
2017.4575 12.1469
2017.4603 8.5167
2017.4630 10.3366
2017.4658 17.3967
2017.4685 10.5470
2017.4712 12.4175
2017.4740 13.7183
2017.4767 17.7693
2017.4795 12.1807
2017.4822 11.8724
2017.4849 12.2846
2017.4877 12.9271
2017.4904 12.1501
2017.4932 13.3736
2017.4959 2.5776
2017.4986 10.1821
2017.5014 12.8870
2017.5041 11.7022
2017.5068 18.8979
2017.5096 12.8538
2017.5123 11.5001
2017.5151 12.3966
2017.5178 12.4534
2017.5205 13.5505
2017.5233 10.7277
2017.5260 10.2751
2017.5288 7.0327
2017.5315 12.5004
2017.5342 13.3483
2017.5370 13.8362
2017.5397 18.1242
2017.5425 13.5422
2017.5452 11.4202
2017.5479 14.8682
2017.5507 13.5362
2017.5534 14.9241
2017.5562 14.2820
2017.5589 12.8897
2017.5616 8.7573
2017.5644 10.4947
2017.5671 10.9020
2017.5699 12.2590
2017.5726 12.2658
2017.5753 18.9823
2017.5781 20.8786
2017.5808 18.7545
2017.5836 13.7500
2017.5863 9.1250
2017.5890 14.4994
2017.5918 10.5233
2017.5945 10.9568
2017.5973 13.4998
2017.6000 9.8126
2017.6027 9.6150
2017.6055 8.2871
2017.6082 6.7890
2017.6110 9.0708
2017.6137 14.8124
2017.6164 8.5339
2017.6192 10.8653
2017.6219 9.7067
2017.6247 12.4582
2017.6274 11.4297
2017.6301 12.4013
2017.6329 9.9131
2017.6356 12.6151
2017.6384 14.6774
2017.6411 13.9399
2017.6438 17.1927
2017.6466 15.0560
2017.6493 20.4696
2017.6521 17.5237
2017.6548 19.1783
2017.6575 17.1934
2017.6603 17.1091
2017.6630 21.8654
2017.6658 16.7526
2017.6685 15.5112
2017.6712 17.8213
2017.6740 16.5829
2017.6767 14.8157
2017.6795 10.0098
2017.6822 13.6950
2017.6849 8.1712
2017.6877 15.0583
2017.6904 13.5862
2017.6932 11.3448
2017.6959 14.8640
2017.6986 13.2937
2017.7014 14.6039
2017.7041 11.6843
2017.7068 16.4449
2017.7096 11.3756
2017.7123 12.0663
2017.7151 12.7869
2017.7178 12.3573
2017.7205 15.4874
2017.7233 13.1170
2017.7260 11.1262
2017.7288 13.0847
2017.7315 15.9625
2017.7342 13.6895
2017.7370 13.9356
2017.7397 12.7307
2017.7425 12.9746
2017.7452 11.6673
2017.7479 10.3587
2017.7507 8.3794
2017.7534 9.1401
2017.7562 7.7509
2017.7589 7.0516
2017.7616 11.6822
2017.7644 11.8228
2017.7671 12.5332
2017.7699 9.8835
2017.7726 12.4536
2017.7753 13.2134
2017.7781 11.6331
2017.7808 11.7225
2017.7836 10.5116
2017.7863 10.9503
2017.7890 8.9488
2017.7918 10.1868
2017.7945 11.6944
2017.7973 12.6016
2017.8000 14.7683
2017.8027 10.6946
2017.8055 14.3303
2017.8082 12.0754
2017.8110 11.5100
2017.8137 13.2640
2017.8164 14.0273
2017.8192 16.1199
2017.8219 16.7119
2017.8247 16.6232
2017.8274 15.2536
2017.8301 13.2533
2017.8329 14.1823
2017.8356 13.7112
2017.8384 13.9701
2017.8411 13.1489
2017.8438 11.2378
2017.8466 11.9766
2017.8493 8.3254
2017.8521 11.7942
2017.8548 11.9430
2017.8575 16.8617
2017.8603 17.2505
2017.8630 12.5392
2017.8658 14.7279
2017.8685 12.7566
2017.8712 11.6253
2017.8740 15.8940
2017.8767 14.4327
2017.8795 13.8413
2017.8822 13.5800
2017.8849 12.3786
2017.8877 12.2373
2017.8904 11.3359
2017.8932 12.8945
2017.8959 11.6931
2017.8986 13.2817
2017.9014 7.9403
2017.9041 11.7889
2017.9068 10.5975
2017.9096 10.7061
2017.9123 5.3147
2017.9151 12.8532
2017.9178 13.0818
2017.9205 13.5004
2017.9233 8.9491
2017.9260 11.2479
2017.9288 13.5966
2017.9315 13.6054
2017.9342 14.4342
2017.9370 14.1330
2017.9397 7.2118
2017.9425 12.6307
2017.9452 9.7195
2017.9479 8.7983
2017.9507 5.1071
2017.9534 11.1758
2017.9562 9.6346
2017.9589 13.5533
2017.9616 12.1520
2017.9644 6.1906
2017.9671 9.4491
2017.9699 7.6576
2017.9726 4.6661
2017.9753 7.8044
2017.9781 5.2027
2017.9808 5.6009
2017.9836 6.9590
2017.9863 6.8771
2017.9890 6.2750
2017.9918 8.4028
2017.9945 9.8105
2017.9973 9.7781
2018.0000 12.0955
2018.0027 13.0325
2018.0055 12.2589
2018.0082 8.5346
2018.0110 11.6397
2018.0137 10.8143
2018.0164 11.7683
2018.0192 11.8618
2018.0219 8.3149
2018.0247 6.3876
2018.0274 10.8099
2018.0301 11.0518
2018.0329 13.2935
2018.0356 13.0148
2018.0384 12.0660
2018.0411 5.3570
2018.0438 10.4578
2018.0466 13.6385
2018.0493 11.5791
2018.0521 15.6496
2018.0548 14.8602
2018.0575 8.7208
2018.0603 12.2115
2018.0630 11.0022
2018.0658 13.3732
2018.0685 14.7943
2018.0712 19.4656
2018.0740 15.0671
2018.0767 14.0490
2018.0795 13.3212
2018.0822 17.4937
2018.0849 19.8961
2018.0877 15.1184
2018.0904 13.6205
2018.0932 16.0126
2018.0959 9.3446
2018.0986 8.2566
2018.1014 15.3686
2018.1041 5.1305
2018.1068 17.2825
2018.1096 19.6445
2018.1123 11.7066
2018.1151 13.5588
2018.1178 10.5612
2018.1205 16.3536
2018.1233 16.5662
2018.1260 12.0191
2018.1288 14.9121
2018.1315 14.8553
2018.1342 12.1688
2018.1370 13.0326
2018.1397 15.1067
2018.1425 15.4010
2018.1452 10.0858
2018.1479 12.6809
2018.1507 10.7864
2018.1534 12.4523
2018.1562 9.6086
2018.1589 8.6454
2018.1616 8.6127
2018.1644 11.3512
2018.1671 10.9716
2018.1699 7.6239
2018.1726 10.4578
2018.1753 11.9333
2018.1781 7.3602
2018.1808 10.3785
2018.1836 10.5881
2018.1863 7.9288
2018.1890 11.0906
2018.1918 9.1132
2018.1945 8.9867
2018.1973 13.3409
2018.2000 11.8556
2018.2027 11.3809
2018.2055 12.5365
2018.2082 11.3724
2018.2110 13.0785
2018.2137 12.2446
2018.2164 9.4306
2018.2192 12.3565
2018.2219 8.0121
2018.2247 11.0173
2018.2274 13.4020
2018.2301 8.1261
2018.2329 10.1695
2018.2356 8.9720
2018.2384 10.4137
2018.2411 13.4942
2018.2438 12.7937
2018.2466 13.7820
2018.2493 7.4903
2018.2521 16.1187
2018.2548 12.7171
2018.2575 10.8057
2018.2603 9.6743
2018.2630 16.2429
2018.2658 12.8215
2018.2685 11.1301
2018.2712 13.4787
2018.2740 20.1673
2018.2767 18.6459
2018.2795 17.2543
2018.2822 14.7027
2018.2849 14.0410
2018.2877 19.0292
2018.2904 13.2973
2018.2932 15.5752
2018.2959 11.9330
2018.2986 12.6305
2018.3014 11.7079
2018.3041 18.7251
2018.3068 19.4821
2018.3096 15.3088
2018.3123 11.9653
2018.3151 10.5614
2018.3178 14.7473
2018.3205 12.8329
2018.3233 14.8682
2018.3260 8.7132
2018.3288 12.6677
2018.3315 12.8521
2018.3342 16.1265
2018.3370 15.8107
2018.3397 16.7950
2018.3425 18.1791
2018.3452 15.5933
2018.3479 17.5474
2018.3507 15.7015
2018.3534 16.3155
2018.3562 19.2195
2018.3589 14.8634
2018.3616 10.4174
2018.3644 17.6413
2018.3671 19.9451
2018.3699 20.2290
2018.3726 22.8028
2018.3753 21.4266
2018.3781 14.0704
2018.3808 13.2541
2018.3836 9.8379
2018.3863 16.4716
2018.3890 14.0753
2018.3918 16.8590
2018.3945 16.9427
2018.3973 18.9764
2018.4000 15.8401
2018.4027 18.4338
2018.4055 13.2875
2018.4082 14.5312
2018.4110 12.7649
2018.4137 16.3686
2018.4164 10.2220
2018.4192 11.5353
2018.4247 6.6413
2018.4274 -0.2359
2018.4301 -0.2033
2018.4356 -3.3783
2018.4384 -0.8159
2018.4411 2.1965
2018.4438 6.7188
2018.4466 7.7012
2018.4493 4.2136
2018.4521 1.3960
2018.4548 5.8284
2018.4575 8.7310
2018.4603 9.2237
2018.4630 3.0165
2018.4658 4.4894
2018.4685 7.8625
2018.4712 13.1758
2018.4740 10.7093
2018.4767 12.0630
2018.4795 13.4070
2018.4822 12.7413
2018.4849 9.2658
2018.4877 8.4806
2018.4904 12.4458
2018.4932 10.8314
2018.4959 10.3373
2018.4986 7.9337
2018.5014 11.7107
2018.5041 9.1982
2018.5068 12.0162
2018.5096 15.4447
2018.5123 14.0836
2018.5151 18.1730
2018.5178 14.2128
2018.5205 15.5829
2018.5233 17.0633
2018.5260 16.5740
2018.5288 13.3650
2018.5315 16.2262
2018.5342 14.8976
2018.5370 11.6392
2018.5397 16.9109
2018.5425 16.5628
2018.5452 12.8947
2018.5479 22.6066
2018.5507 16.2986
2018.5534 13.9105
2018.5562 17.1424
2018.5589 17.0643
2018.5616 17.0060
2018.5644 13.8175
2018.5671 14.1789
2018.5699 14.3801
2018.5726 16.4211
2018.5753 16.6918
2018.5781 15.3422
2018.5808 14.8723
2018.5836 15.9621
2018.5863 16.8719
2018.5890 18.6417
2018.5918 17.8414
2018.5945 19.1510
2018.5973 19.0406
2018.6000 18.0201
2018.6027 19.4096
2018.6055 14.8691
2018.6082 13.0485
2018.6110 13.2880
2018.6137 13.2974
2018.6164 16.1967
2018.6192 14.7161
2018.6219 11.3055
2018.6247 13.0648
2018.6274 15.9742
2018.6301 14.5536
2018.6329 15.0630
2018.6356 15.7524
2018.6384 14.3118
2018.6411 15.5812
2018.6438 16.4707
2018.6466 13.2003
2018.6493 13.4198
2018.6521 9.5994
2018.6548 9.8491
2018.6575 14.4888
2018.6603 18.0986
2018.6630 15.8684
2018.6658 19.0584
2018.6685 16.6791
2018.6712 18.8404
2018.6740 19.2425
2018.6767 19.9052
2018.6795 20.4084
2018.6822 13.2922
2018.6849 9.0564
2018.6877 12.1510
2018.6904 10.3460
2018.6932 12.9712
2018.6959 9.9368
2018.6986 8.7725
2018.7014 13.0384
2018.7041 8.6744
2018.7068 9.3104
2018.7096 12.9764
2018.7123 9.3123
2018.7151 11.2782
2018.7178 10.8339
2018.7205 10.2493
2018.7233 7.5545
2018.7260 9.1194
2018.7288 9.2039
2018.7315 9.0980
2018.7342 6.4416
2018.7370 5.8447
2018.7397 11.9172
2018.7452 14.3403
2018.7479 11.9408
2018.7507 12.7902
2018.7534 12.1785
2018.7562 9.5257
2018.7589 11.3218
2018.7616 11.5170
2018.7644 9.3114
2018.7671 11.9450
2018.7699 10.3678
2018.7726 12.6301
2018.7753 13.5718
2018.7781 11.4131
2018.7808 11.1539
2018.7836 15.2045
2018.7863 12.5349
2018.7890 9.5051
2018.7918 7.1153
2018.7945 13.0554
2018.7973 10.7857
2018.8000 16.1362
2018.8027 11.8869
2018.8055 9.4680
2018.8082 12.6995
2018.8110 11.4515
2018.8137 13.4841
2018.8164 12.6874
2018.8192 13.1414
2018.8219 13.1862
2018.8247 12.8219
2018.8274 9.5186
2018.8301 10.7164
2018.8329 13.4752
2018.8356 10.8445
2018.8384 6.5041
2018.8411 1.2141
2018.8438 7.6743
2018.8466 9.8348
2018.8493 8.7055
2018.8521 6.5865
2018.8548 10.0476
2018.8575 6.2890
2018.8603 8.5205
2018.8630 8.1621
2018.8658 8.3538
2018.8685 8.1757
2018.8712 7.6775
2018.8740 7.5295
2018.8767 10.6014
2018.8795 9.9033
2018.8822 4.7753
2018.8849 3.3471
2018.8877 5.4989
2018.8904 8.6306
2018.8932 5.2521
2018.8959 6.5336
2018.8986 8.5848
2018.9014 3.5859
2018.9041 11.4767
2018.9068 10.3074
2018.9096 3.5177
2018.9123 4.1678
2018.9151 1.7576
2018.9178 5.4274
2018.9205 6.4374
2018.9233 5.8977
2018.9260 6.9381
2018.9288 -1.9413
2018.9315 7.9993
2018.9342 3.7500
2018.9370 0.2507
2018.9397 5.8413
2018.9425 8.9019
2018.9452 6.7022
2018.9479 6.9224
2018.9507 1.6223
2018.9534 2.8119
2018.9562 3.4512
2018.9589 4.0001
2018.9616 5.8486
2018.9644 10.3065
2018.9671 7.9340
2018.9699 9.2408
2018.9726 6.5670
2018.9753 10.3826
2018.9781 9.1474
2018.9808 10.3715
2018.9836 8.9947
2018.9863 9.9071
2018.9890 10.6186
2018.9918 10.8091
2018.9945 13.6886
2018.9973 11.8371
2019.0000 14.8444
2019.0027 14.7109
2019.0055 13.0268
2019.0082 14.1522
2019.0110 8.3270
2019.0137 16.3514
2019.0164 14.6253
2019.0192 13.4889
2019.0219 7.6821
2019.0247 6.4249
2019.0274 12.3474
2019.0301 10.1897
2019.0329 13.5717
2019.0356 11.9935
2019.0384 15.6052
2019.0411 13.7467
2019.0438 13.5181
2019.0466 13.7895
2019.0493 12.2608
2019.0521 12.0122
2019.0548 12.9435
2019.0575 13.1850
2019.0603 13.9165
2019.0630 15.3382
2019.0658 15.3901
2019.0685 15.0422
2019.0712 12.1045
2019.0740 14.1771
2019.0767 12.5300
2019.0795 11.6733
2019.0822 12.7369
2019.0849 11.2105
2019.0877 14.1240
2019.0904 10.0976
2019.0932 11.1112
2019.0959 11.7047
2019.0986 14.0283
2019.1014 12.7019
2019.1041 14.9355
2019.1068 14.7091
2019.1096 17.1828
2019.1123 12.8366
2019.1151 10.2904
2019.1178 11.5943
2019.1205 5.2883
2019.1233 9.6423
2019.1260 6.7165
2019.1288 5.8407
2019.1315 8.7451
2019.1342 6.9596
2019.1370 8.7942
2019.1397 8.5690
2019.1425 6.3239
2019.1452 8.9590
2019.1479 10.9042
2019.1507 10.5096
2019.1534 9.1952
2019.1562 12.4110
2019.1589 8.4370
2019.1616 9.8831
2019.1644 12.3499
2019.1671 9.2175
2019.1699 7.3460
2019.1726 10.4852
2019.1753 9.3053
2019.1781 8.5161
2019.1808 10.6376
2019.1836 9.0399
2019.1863 9.9528
2019.1890 13.9163
2019.1918 17.4105
2019.1945 8.3453
2019.1973 11.9306
2019.2000 12.4564
2019.2027 12.3927
2019.2055 15.6095
2019.2082 13.0468
2019.2110 11.2844
2019.2137 10.1025
2019.2164 6.2209
2019.2192 6.9696
2019.2219 17.3386
2019.2247 19.5079
2019.2274 15.9775
2019.2301 17.6173
2019.2329 17.3572
2019.2356 16.2773
2019.2384 17.9375
2019.2411 18.6579
2019.2438 11.5883
2019.2466 17.5288
2019.2493 14.5299
2019.2521 17.3816
2019.2548 14.6738
2019.2575 13.0065
2019.2603 19.9796
2019.2630 18.9232
2019.2658 21.5070
2019.2685 19.1112
2019.2712 15.7457
2019.2740 17.8404
2019.2767 9.7552
2019.2795 8.5002
2019.2822 11.3252
2019.2849 8.2702
2019.2877 14.5653
2019.2904 15.1003
2019.2932 17.8751
2019.2959 17.2298
2019.2986 16.6043
2019.3014 13.3086
2019.3041 6.9726
2019.3068 10.8062
2019.3096 10.7394
2019.3123 11.9922
2019.3151 5.6645
2019.3178 10.0063
2019.3205 11.1775
2019.3233 16.4881
2019.3260 16.1681
2019.3288 16.3573
2019.3315 12.7861
2019.3342 9.8048
2019.3370 16.2733
2019.3397 9.4617
2019.3425 12.0001
2019.3452 14.1783
2019.3479 17.8963
2019.3507 18.7543
2019.3534 7.9221
2019.3562 9.7697
2019.3589 12.0173
2019.3616 12.9647
2019.3644 17.7020
2019.3671 13.4391
2019.3699 13.5361
2019.3726 19.9130
2019.3753 15.8497
2019.3781 14.9963
2019.3808 12.1427
2019.3836 10.8690
2019.3863 10.3052
2019.3890 9.1611
2019.3918 6.7170
2019.3945 8.3326
2019.3973 11.7782
2019.4000 9.6835
2019.4027 10.1587
2019.4055 9.5138
2019.4082 6.9086
2019.4110 12.1234
2019.4137 10.5379
2019.4164 10.9024
2019.4192 9.0469
2019.4219 -1.3987
2019.4247 1.6357
2019.4274 -0.3700
2019.4301 2.2742
2019.4329 -0.6616
2019.4356 3.9025
2019.4384 3.4965
2019.4411 5.9905
2019.4438 10.2444
2019.4466 6.7382
2019.4493 1.3419
2019.4521 4.5655
2019.4548 6.8490
2019.4575 8.0024
2019.4603 4.5357
2019.4630 4.6589
2019.4658 4.5520
2019.4685 7.7549
2019.4712 11.0577
2019.4740 14.4404
2019.4767 9.1930
2019.4795 9.5654
2019.4822 15.7977
2019.4849 13.7099
2019.4877 14.5319
2019.4904 15.0837
2019.4932 16.2254
2019.4959 13.0369
2019.4986 11.4883
2019.5014 12.5695
2019.5041 6.6706
2019.5068 11.3615
2019.5096 12.3224
2019.5123 5.3331
2019.5151 4.6537
2019.5178 10.2942
2019.5205 13.2045
2019.5233 14.3448
2019.5260 14.0350
2019.5288 15.7550
2019.5315 12.7950
2019.5342 14.0949
2019.5370 25.5047
2019.5397 17.9144
2019.5425 24.9741
2019.5452 19.1636
2019.5479 14.2731
2019.5507 13.4025
2019.5534 12.8919
2019.5562 13.8212
2019.5589 16.8605
2019.5616 27.7497
2019.5644 16.9689
2019.5671 17.9680
2019.5699 18.1971
2019.5726 18.7761
2019.5753 16.8951
2019.5781 15.4141
2019.5808 14.9931
2019.5836 15.6619
2019.5863 17.9602
2019.5890 14.9083
2019.5918 14.0460
2019.5945 12.0034
2019.5973 12.8505
2019.6000 13.5074
2019.6027 13.1541
2019.6055 14.3206
2019.6082 16.2170
2019.6110 18.0132
2019.6137 14.5693
2019.6164 13.8053
2019.6192 14.7812
2019.6219 12.5172
2019.6247 17.7831
2019.6274 16.2291
2019.6301 16.5551
2019.6329 17.6012
2019.6356 15.7974
2019.6384 16.2437
2019.6411 15.0602
2019.6438 13.3569
2019.6466 10.8938
2019.6493 12.2709
2019.6521 13.0184
2019.6548 12.7561
2019.6575 10.8641
2019.6603 7.9725
2019.6630 7.3113
2019.6658 13.1405
2019.6685 14.7601
2019.6712 20.1802
2019.6740 12.4908
2019.6767 13.8019
2019.6795 6.8334
2019.6822 7.7952
2019.6849 10.6875
2019.6877 10.6802
2019.6904 16.4833
2019.6932 18.3567
2019.6959 12.3504
2019.6986 13.8245
2019.7014 15.9089
2019.7041 14.6936
2019.7068 18.7886
2019.7096 21.5638
2019.7123 20.7093
2019.7151 16.5050
2019.7178 17.0710
2019.7205 20.1572
2019.7233 20.9135
2019.7260 17.2501
2019.7288 15.0968
2019.7315 16.6937
2019.7342 11.9007
2019.7370 15.7778
2019.7397 12.4050
2019.7425 15.2924
2019.7452 17.7598
2019.7479 21.8272
2019.7507 21.9951
2019.7534 19.4337
2019.7562 19.6130
2019.7589 16.4829
2019.7616 15.1033
2019.7644 15.4843
2019.7671 17.9558
2019.7699 18.2077
2019.7726 16.0399
2019.7753 14.3625
2019.7781 14.9853
2019.7808 16.1483
2019.7836 12.2016
2019.7863 16.1349
2019.7890 16.6883
2019.7918 22.7917
2019.7945 23.5051
2019.7973 18.3284
2019.8000 13.5016
2019.8027 12.7146
2019.8055 11.0873
2019.8082 9.6698
2019.8110 9.2719
2019.8137 6.9036
2019.8164 6.3749
2019.8192 9.1257
2019.8219 11.3860
2019.8247 10.3557
2019.8274 8.3447
2019.8301 6.2931
2019.8329 7.8108
2019.8356 14.2780
2019.8384 14.7448
2019.8411 14.7011
2019.8438 14.0671
2019.8466 12.9026
2019.8493 12.4178
2019.8521 11.3025
2019.8548 11.5668
2019.8575 10.4307
2019.8603 11.3243
2019.8630 9.2074
2019.8658 14.3801
2019.8685 17.2625
2019.8712 12.3744
2019.8740 12.9160
2019.8767 11.6872
2019.8795 10.8380
2019.8822 11.0085
2019.8849 9.3786
2019.8877 8.7383
2019.8904 8.2376
2019.8932 5.4866
2019.8959 9.3852
2019.8986 13.2535
2019.9014 8.9414
2019.9041 4.7789
2019.9068 13.3461
2019.9096 15.5330
2019.9123 11.5795
2019.9151 9.6056
2019.9178 12.5615
2019.9205 -1.9628
2019.9233 7.0627
2019.9260 6.2179
2019.9288 8.4628
2019.9315 13.0875
2019.9342 11.1619
2019.9370 7.1860
2019.9397 11.0297
2019.9425 12.2132
2019.9452 15.0463
2019.9479 10.3790
2019.9507 10.4514
2019.9534 11.0133
2019.9562 11.7649
2019.9589 8.3361
2019.9616 10.2068
2019.9644 8.0471
2019.9671 9.7970
2019.9699 13.1263
2019.9726 5.6152
2019.9753 11.7636
2019.9781 9.6615
2019.9808 14.4288
2019.9836 10.0756
2019.9863 14.5319
2019.9890 19.4476
2019.9918 16.1927
2019.9945 14.5971
2019.9973 10.2010
2020.0000 10.4943
2020.0027 12.6871
2020.0055 15.3297
2020.0082 16.6119
2020.0109 14.9239
2020.0137 15.5657
2020.0164 16.9472
2020.0191 15.6185
2020.0219 18.8597
2020.0246 19.3207
2020.0273 15.8215
2020.0301 14.9222
2020.0328 10.7528
2020.0355 14.8034
2020.0383 11.6238
2020.0410 17.5143
2020.0437 19.8547
2020.0464 14.4351
2020.0492 18.5155
2020.0519 15.4459
2020.0546 13.6964
2020.0574 13.8370
2020.0601 8.8476
2020.0628 15.3084
2020.0656 15.0793
2020.0683 10.0203
2020.0710 14.6216
2020.0738 10.2330
2020.0765 9.7446
2020.0792 14.1665
2020.0820 11.3386
2020.0847 13.6907
2020.0874 9.9729
2020.0902 13.9651
2020.0929 19.1073
2020.0956 13.9896
2020.0984 8.5920
2020.1011 12.3644
2020.1038 13.0169
2020.1066 6.2495
2020.1093 2.8523
2020.1120 13.1551
2020.1148 7.9581
2020.1175 7.3612
2020.1202 12.5745
2020.1230 10.5779
2020.1257 10.0915
2020.1284 6.4153
2020.1311 8.6793
2020.1339 8.6735
2020.1366 6.9379
2020.1393 7.4826
2020.1421 15.2974
2020.1448 13.6726
2020.1475 12.6679
2020.1503 8.7736
2020.1530 13.9895
2020.1557 9.0457
2020.1585 5.1223
2020.1612 15.1691
2020.1639 13.8866
2020.1667 14.1253
2020.1694 13.3452
2020.1721 11.9663
2020.1749 14.0185
2020.1776 12.2718
2020.1803 13.6960
2020.1831 19.4313
2020.1858 17.5675
2020.1885 17.0246
2020.1913 15.7925
2020.1940 16.7612
2020.1967 17.8707
2020.1995 18.4609
2020.2022 17.0617
2020.2049 16.8932
2020.2077 12.1853
2020.2104 15.6379
2020.2131 12.4110
2020.2158 17.4846
2020.2186 16.7585
2020.2213 10.7228
2020.2240 8.3075
2020.2268 18.0224
2020.2295 15.3076
2020.2322 23.0829
2020.2350 22.4784
2020.2377 15.7139
2020.2404 14.8496
2020.2432 16.3852
2020.2459 11.8309
2020.2486 11.8575
2020.2514 11.3754
2020.2541 16.6344
2020.2568 8.5444
2020.2596 11.7454
2020.2623 12.7272
2020.2650 18.5097
2020.2678 22.3828
2020.2705 21.7965
2020.2732 16.1205
2020.2760 23.5049
2020.2787 11.6794
2020.2814 13.4840
2020.2842 15.9786
2020.2869 11.3731
2020.2896 12.9973
2020.2923 15.8412
2020.2951 15.4647
2020.2978 18.6776
2020.3005 14.0398
2020.3033 18.2413
2020.3060 14.0820
2020.3087 17.8516
2020.3115 18.9702
2020.3142 18.4176
2020.3169 19.0037
2020.3197 19.1884
2020.3224 18.7116
2020.3251 8.7032
2020.3279 9.3531
2020.3306 9.8515
2020.3333 16.8797
2020.3361 17.9778
2020.3388 21.1558
2020.3415 15.7637
2020.3443 18.2615
2020.3470 17.6592
2020.3497 16.3368
2020.3525 18.4144
2020.3552 10.5219
2020.3579 5.4693
2020.3607 17.8367
2020.3634 14.8641
2020.3661 14.3114
2020.3689 12.7087
2020.3716 14.4560
2020.3743 9.2933
2020.3770 11.6506
2020.3798 13.0279
2020.3825 12.6653
2020.3852 8.0326
2020.3880 16.0700
2020.3907 15.3074
2020.3934 15.1549
2020.3962 17.2925
2022.3205 7.7036
2022.3233 14.4220
2022.3260 13.0509
2022.3288 15.0502
2022.3315 12.5499
2022.3342 12.5499
2022.3397 1.6507
2022.3425 13.4115
2022.3452 10.2626
2022.3479 13.1439
2022.3507 22.9555
2022.3534 14.6573
2022.3562 11.6193
2022.3589 10.6616
2022.3616 12.3941
2022.3644 10.2168
2022.3671 10.4697
2022.3699 14.7227
2022.3726 13.9660
2022.3753 13.2695
2022.3781 11.8431
2022.3808 5.1469
2022.3836 8.5109
2022.3863 12.4550
2022.3890 12.9993
2022.3918 7.8437
2022.3945 9.1682
2022.3973 14.7329
2022.4000 7.0677
2022.4027 11.1426
2022.4055 12.4376
2022.4082 7.4427
2022.4110 8.8179
2022.4137 16.0432
2022.4164 13.7688
2022.4192 8.9446
2022.4219 16.8107
2022.4247 25.1770
2022.4274 22.0334
2022.4301 14.9801
2022.4329 14.7569
2022.4356 9.6839
2022.4384 16.1010
2022.4411 17.3482
2022.4438 16.1255
2022.4466 14.6129
2022.4493 8.4904
2022.4521 29.0178
2022.4575 39.6329
2022.4603 29.7504
2022.4630 36.5778
2022.4658 35.5453
2022.4685 30.9326
2022.4712 28.2899
2022.4740 33.1271
2022.4767 17.6341
2022.4795 21.8510
2022.4822 20.9278
2022.4849 20.6644
2022.4877 27.7108
2022.4904 23.3170
2022.4932 21.4029
2022.4959 21.0686
2022.4986 22.7939
2022.5014 27.1085
2022.5041 18.7825
2022.5068 22.4860
2022.5096 23.6990
2022.5123 18.4915
2022.5151 16.3937
2022.5178 14.2455
2022.5205 14.1470
2022.5233 14.5182
2022.5260 10.6392
2022.5288 9.5601
2022.5315 16.1609
2022.5342 21.0916
2022.5370 26.8123
2022.5397 21.7230
2022.5425 18.0738
2022.5452 18.1048
2022.5479 16.6759
2022.5507 12.9873
2022.5534 13.7989
2022.5562 10.8709
2022.5589 11.7633
2022.5616 14.7060
2022.5644 16.7093
2022.5671 14.4330
2022.5699 11.3674
2022.5726 20.5423
2022.5753 9.2079
2022.5781 11.1642
2022.5808 13.9613
2022.5836 16.9390
2022.5863 20.0471
2022.5890 17.3656
2022.5918 26.6144
2022.5945 17.0736
2022.5973 21.0231
2022.6000 17.7530
2022.6027 20.0132
2022.6055 28.7137
2022.6082 22.5344
2022.6110 14.9355
2022.6137 20.4769
2022.6164 13.2185
2022.6192 14.4403
2022.6219 10.2324
2022.6247 13.7848
2022.6274 19.0573
2022.6301 20.0400
2022.6329 15.4829
2022.6356 21.0060
2022.6384 20.2993
2022.6411 20.1627
2022.6438 11.6362
2022.6466 15.9299
2022.6493 14.0437
2022.6521 12.3076
2022.6548 15.4716
2022.6575 26.3856
2022.6603 19.9798
2022.6630 26.0639
2022.6658 17.8082
2022.6685 17.9827
2022.6712 19.0574
2022.6740 12.9724
2022.6767 16.6775
2022.6795 16.5329
2022.6822 20.1184
2022.6849 19.9841
2022.6877 22.0799
2022.6904 12.7758
2022.6932 16.6618
2022.6959 15.6679
2022.6986 16.7241
2022.7014 20.9303
2022.7041 17.4165
2022.7068 12.0627
2022.7096 11.2590
2022.7123 12.5552
2022.7151 12.4013
2022.7178 13.8473
2022.7205 15.9833
2022.7233 16.9192
2022.7260 13.6749
2022.7288 16.6006
2022.7315 15.1160
2022.7342 15.3913
2022.7370 19.4063
2022.7397 30.6212
2022.7425 19.7558
2022.7452 18.7302
2022.7479 14.3643
2022.7507 13.1880
2022.7534 12.7112
2022.7562 13.8439
2022.7589 17.3662
2022.7616 9.9481
2022.7644 16.6896
2022.7671 13.5108
2022.7699 23.3717
2022.7726 18.8523
2022.7753 16.6926
2022.7781 21.1627
2022.7808 12.9727
2022.7836 12.1624
2022.7863 18.7021
2022.7890 16.8116
2022.7918 18.5211
2022.7945 14.0105
2022.7973 12.6699
2022.8000 11.1494
2022.8027 10.6389
2022.8055 9.4785
2022.8082 9.8782
2022.8110 9.4480
2022.8137 11.3881
2022.8164 9.7583
2022.8192 20.9988
2022.8219 8.9195
2022.8247 8.4005
2022.8274 5.0119
2022.8301 14.2636
2022.8329 5.4459
2022.8356 8.6692
2022.8384 9.2836
2022.8411 11.4890
2022.8438 14.3854
2022.8466 12.1526
2022.8493 7.7807
2022.8521 13.6794
2022.8548 10.9688
2022.8575 9.4287
2022.8603 7.8691
2022.8630 13.4499
2022.8658 15.3110
2022.8685 16.1024
2022.8712 12.3539
2022.8740 14.7455
2022.8767 13.7671
2022.8795 23.9386
2022.8822 12.9000
2022.8849 11.9011
2022.8877 17.6419
2022.8904 17.1223
2022.8932 16.9923
2022.8959 15.8217
2022.8986 16.0705
2022.9014 9.6186
2022.9041 11.7959
2022.9068 12.7223
2022.9096 14.1978
2022.9123 13.2423
2022.9151 14.9156
2022.9178 10.6878
2022.9205 11.4586
2022.9233 14.9481
2022.9260 10.2864
2022.9288 11.3035
2022.9315 13.4594
2022.9342 12.3742
2022.9370 11.5278
2022.9397 12.8203
2022.9425 13.8618
2022.9452 14.8723
2022.9479 12.3417
2022.9507 14.9202
2022.9534 10.5178
2022.9562 13.9344
2022.9589 10.9402
2022.9616 10.5651
2022.9644 10.7093
2022.9671 14.7226
2022.9699 10.6852
2022.9726 16.1371
2022.9753 8.9683
2022.9781 14.6889
2022.9808 11.4188
2022.9836 7.5881
2022.9890 6.3852
2022.9918 9.2529
2022.9945 7.3102
2022.9973 4.9471
2023.0000 9.6835
