2009.9959 -1.7366
2009.9986 -4.6385
2010.0014 -2.3207
2010.0041 -2.5746
2010.0068 -5.7602
2010.0096 -0.9274
2010.0123 -4.6561
2010.0151 -3.7059
2010.0178 -6.5369
2010.0205 -4.6787
2010.0233 -1.8313
2010.0260 -2.3144
2010.0288 -0.8979
2010.0315 -0.8916
2010.0342 -3.3854
2010.0370 -5.1090
2010.0397 -4.6624
2010.0425 -0.2953
2010.0452 -1.9375
2010.0479 -0.9489
2010.0507 -1.9694
2010.0534 -0.1987
2010.0562 -2.3866
2010.0589 -1.2631
2010.0616 -1.7179
2010.0644 -7.2609
2010.0671 -4.0618
2010.0699 -3.1706
2010.0726 -1.8871
2010.0753 -0.5510
2010.0781 -3.6822
2010.0808 -4.1606
2010.0836 -2.6273
2010.0863 -3.2937
2010.0890 -2.2797
2010.0918 -1.5954
2010.0945 -2.7709
2010.0973 -3.1560
2010.1000 -4.6510
2010.1027 -6.9057
2010.1055 -6.9502
2010.1082 -3.1444
2010.1110 -4.1586
2010.1137 -2.1126
2010.1164 -4.3265
2010.1192 -4.6102
2010.1219 -10.3339
2010.1247 -8.8676
2010.1274 -1.2612
2010.1301 5.4553
2010.1329 3.8617
2010.1356 3.0181
2010.1384 2.5644
2010.1411 -4.7693
2010.1438 -6.2031
2010.1466 -5.8670
2010.1493 -1.1011
2010.1521 -0.8852
2010.1548 -3.1496
2010.1575 -1.2741
2010.1603 -4.7889
2010.1630 -5.9539
2010.1658 -8.4490
2010.1685 -3.0942
2010.1712 -2.1294
2010.1740 -4.5047
2010.1767 -6.1501
2010.1795 -8.5956
2010.1822 -8.2111
2010.1849 -1.1266
2010.1877 -4.4822
2010.1904 -6.5378
2010.1931 -8.1734
2010.1959 -10.1191
2010.1986 -7.5947
2010.2014 -5.4104
2010.2041 -5.3960
2010.2068 -5.3416
2010.2096 -11.1372
2010.2123 -5.2128
2010.2151 -5.7683
2010.2178 -2.4438
2010.2205 -5.2692
2010.2233 -4.5845
2010.2260 -5.2598
2010.2288 -6.1250
2010.2315 -4.4802
2010.2342 -5.2752
2010.2370 -1.7501
2010.2397 -3.9549
2010.2425 -2.8496
2010.2452 -6.4542
2010.2479 -8.3780
2010.2507 -7.1704
2010.2534 -8.1514
2010.2562 -5.3011
2010.2589 -9.1095
2010.2616 -6.0468
2010.2644 -8.9829
2010.2671 -5.1280
2010.2699 -5.0521
2010.2726 -4.5152
2010.2753 -2.9475
2010.2781 -1.9289
2010.2808 0.5203
2010.2836 0.8203
2010.2863 -4.4091
2010.2890 -6.6079
2010.2918 -6.9862
2010.2945 -5.4841
2010.2973 -6.4216
2010.3000 -5.9687
2010.3027 -3.1157
2010.3055 -4.8924
2010.3082 -4.9389
2010.3110 -3.7754
2010.3137 -0.8919
2010.3164 -3.2185
2010.3192 -2.3251
2010.3219 -5.3619
2010.3247 -5.1790
2010.3274 -6.2763
2010.3301 -6.0839
2010.3329 -6.7410
2010.3356 -3.5576
2010.3384 -6.5136
2010.3411 -5.5691
2010.3438 -6.7239
2010.3466 -9.6480
2010.3493 -5.4615
2010.3521 -7.1443
2010.3548 -3.1265
2010.3575 -8.4279
2010.3603 -10.4386
2010.3630 -11.0586
2010.3658 -9.7278
2010.3685 -5.7162
2010.3712 -2.9939
2010.3740 -3.5307
2010.3767 -4.3466
2010.3794 -4.3518
2010.3822 -5.4960
2010.3849 -4.7994
2010.3877 -4.3319
2010.3904 -4.1734
2010.3931 -5.9040
2010.3959 -6.8836
2010.3986 -6.2923
2010.4014 -1.7300
2010.4041 -0.3066
2010.4068 -4.7623
2010.4096 -6.4968
2010.4123 -4.7003
2010.4151 -3.4518
2010.4178 -4.6804
2010.4205 -1.4562
2010.4233 -4.4693
2010.4260 -2.2899
2010.4288 -4.6481
2010.4315 -6.6639
2010.4342 -4.4175
2010.4370 -3.6390
2010.4397 -5.5585
2010.4425 -4.2061
2010.4452 -4.1620
2010.4479 -4.4962
2010.4507 -8.2689
2010.4534 -8.3401
2010.4562 -8.7100
2010.4589 -10.3487
2010.4616 -6.2763
2010.4644 -7.6929
2010.4671 -11.0487
2010.4699 -15.8337
2010.4726 -7.2380
2010.6068 -1.0443
2010.6096 2.7259
2010.6123 7.6534
2010.6151 13.8587
2010.6178 -1.1977
2010.6479 1.4452
2010.6507 0.7106
2010.6534 0.2713
2010.6562 0.7278
2010.6589 -0.1093
2010.6616 -3.4496
2010.6644 3.6976
2010.6671 -0.1903
2010.6699 1.4934
2010.6726 1.4187
2010.6753 4.7555
2010.6781 -2.0263
2010.6808 0.3930
2010.6836 2.7634
2010.7055 -2.8490
2010.7082 -11.5444
2010.7110 -5.8599
2010.7137 -6.7858
2010.7164 -5.7420
2010.7192 -1.5088
2010.7219 2.0637
2010.7247 -0.5545
2010.7274 -2.7337
2010.7301 -0.7238
2010.7329 -4.8152
2010.7356 -5.3878
2010.7384 -8.3518
2010.7411 -4.8574
2010.7438 -4.2146
2010.7466 -3.8336
2010.7493 -8.6443
2010.7521 -7.8262
2010.7548 -11.6789
2010.7575 -11.6624
2010.7603 -4.7767
2010.7630 -8.2117
2010.7658 -0.0173
2010.7685 -2.3036
2010.7712 -3.0003
2010.7740 -4.4376
2010.7767 -2.8452
2010.7794 -5.7032
2010.7822 -3.7015
2010.7849 -3.0001
2010.7877 -2.6888
2010.7904 -6.1376
2010.7931 -5.3565
2010.7959 -4.9254
2010.7986 -3.9842
2010.8014 -2.9130
2010.8041 -5.0515
2010.8068 -1.7098
2010.8096 -4.7378
2010.8123 -3.6055
2010.8151 -3.4427
2010.8178 -5.2095
2010.8205 -1.3058
2010.8233 -4.2014
2010.8260 -2.4765
2010.8288 -1.7708
2010.8315 -0.8843
2010.8342 -2.6140
2010.8370 1.2629
2010.8397 -6.3341
2010.8425 -8.8357
2010.8452 -4.9324
2010.8479 -0.6248
2010.8507 -5.1533
2010.8534 -1.3787
2010.8562 0.2386
2010.8589 -2.2221
2010.8616 -3.3411
2010.8644 -3.5793
2010.8671 0.2930
2010.8699 -3.0149
2010.8726 -5.8935
2010.8753 -6.6134
2010.8781 -4.1251
2010.8808 -1.8893
2010.8836 1.5136
2010.8863 -1.2670
2010.8890 -1.1318
2010.8918 1.8289
2010.8945 2.0942
2010.8973 -3.3661
2010.9000 -0.6929
2010.9027 -1.8665
2010.9055 -0.0476
2010.9082 0.6733
2010.9110 2.5056
2010.9137 1.7987
2010.9164 3.5827
2010.9192 0.7103
2010.9219 -1.0774
2010.9247 -2.2802
2010.9274 -1.8978
2010.9301 -6.6998
2010.9329 -2.4659
2010.9356 -3.8358
2010.9384 -2.9492
2010.9411 -2.1657
2010.9438 -2.0050
2010.9466 -1.0067
2010.9493 -0.8907
2010.9521 -0.1365
2010.9548 -2.3337
2010.9575 -4.3422
2010.9603 -0.2415
2010.9630 -1.6413
2010.9658 -1.9414
2010.9685 -2.5813
2010.9712 -0.2708
2010.9740 -1.6695
2010.9767 -2.7871
2010.9795 0.3867
2010.9822 4.0923
2010.9849 -0.7801
2010.9877 -1.5100
2010.9904 -4.3573
2010.9931 -1.8215
2010.9959 -3.3023
2010.9986 1.8706
2011.0014 -0.9931
2011.0041 -0.7968
2011.0068 1.4990
2011.0096 -3.3056
2011.0123 0.2795
2011.0151 3.5443
2011.0178 -0.1611
2011.0205 0.6034
2011.0233 -3.3321
2011.0288 -0.6429
2011.0315 -0.8180
2011.0342 -1.8728
2011.0370 0.8027
2011.0397 -0.1513
2011.0425 1.3352
2011.0452 -0.6176
2011.0479 2.0502
2011.0507 -0.5112
2011.0534 1.7182
2011.0562 1.3986
2011.0589 4.4699
2011.0616 3.4524
2011.0644 4.2660
2011.0671 3.9108
2011.0699 2.5070
2011.0726 -1.8954
2011.0753 -0.6164
2011.0781 -1.7458
2011.0808 -1.8735
2011.0836 -0.6002
2011.0863 2.0137
2011.0890 -0.4118
2011.0918 -0.4169
2011.0945 2.5485
2011.0973 1.1044
2011.1000 1.1407
2011.1027 4.9075
2011.1055 0.9446
2011.1082 0.5221
2011.1110 0.3300
2011.1137 2.4782
2011.1164 2.8968
2011.1192 3.1256
2011.1219 1.6247
2011.1247 6.6541
2011.1274 1.7437
2011.1301 3.9535
2011.1329 7.5935
2011.1356 2.4037
2011.1384 3.0240
2011.1411 1.6545
2011.1438 6.9651
2011.1466 4.9457
2011.1493 5.5865
2011.1521 4.0572
2011.1548 2.9080
2011.1575 6.1189
2011.1603 3.8797
2011.1630 2.7405
2011.1658 6.5820
2011.1685 5.5340
2011.1712 2.9867
2011.1740 3.6799
2011.1767 -1.9365
2011.1795 -0.0024
2011.1822 -1.3179
2011.1849 3.6969
2011.1877 3.0021
2011.1904 3.7275
2011.1931 1.9331
2011.1959 1.2789
2011.1986 0.2148
2011.2014 -0.4892
2011.2041 -0.6931
2011.2068 0.7229
2011.3055 3.8784
2011.3082 1.7694
2011.3110 -1.8374
2011.3137 1.3084
2011.3164 3.1471
2011.3192 3.7189
2011.3219 2.9343
2011.3247 4.4934
2011.3274 -0.6834
2011.3301 0.3842
2011.3329 2.1860
2011.3356 6.1016
2011.3384 3.9109
2011.3411 3.5134
2011.3438 2.1490
2011.3466 2.3873
2011.3493 2.8380
2011.3521 4.1809
2011.3548 5.2156
2011.3575 3.0018
2011.3603 3.3493
2011.3630 5.2678
2011.3658 5.7070
2011.3685 4.6666
2011.3712 -1.0537
2011.3740 0.6657
2011.3767 1.9248
2011.3794 -3.4870
2011.3822 -0.2298
2011.3849 2.8260
2011.3877 2.2002
2011.3904 2.0324
2011.3931 1.0824
2011.3959 2.2199
2011.3986 5.6146
2011.5521 7.0549
2011.6726 8.0248
2011.6753 -3.5784
2011.6863 0.2875
2011.6890 -2.4165
2011.6918 -3.1805
2011.6945 -2.9948
2011.6973 -1.3392
2011.7000 -1.4838
2011.7027 -0.9385
2011.7055 0.0966
2011.7082 -1.0285
2011.7110 -1.7337
2011.7137 0.8408
2011.7164 -1.0848
2011.7219 3.1835
2011.7247 1.9373
2011.7274 1.6710
2011.7301 5.7144
2011.7329 -2.0523
2011.7356 -4.0793
2011.7384 -0.8664
2011.7411 1.8263
2011.7438 0.1388
2011.7466 -3.8490
2011.7493 -3.5069
2011.7521 -0.4749
2011.7959 -1.3733
2011.7986 -0.6849
2011.8014 4.5531
2011.8041 5.6207
2011.8068 7.1479
2011.8096 3.7446
2011.8123 7.9609
2011.8151 9.0367
2011.8178 7.1219
2011.8205 7.5667
2011.8233 1.7509
2011.8260 7.0745
2011.8288 6.2975
2011.8315 9.5600
2011.8342 5.5411
2011.8370 2.3202
2011.8397 7.1774
2011.8425 4.4929
2011.8452 3.9168
2011.8479 -1.3108
2011.8507 6.1303
2011.8534 5.8502
2011.8562 5.3589
2011.8589 7.5567
2011.8616 10.2136
2011.8644 6.8398
2011.8671 7.2754
2011.8699 7.0405
2011.8726 3.7453
2011.8753 2.5798
2011.8781 0.9443
2011.8808 3.2787
2011.8836 1.3034
2011.8863 3.9183
2011.8890 1.5137
2011.8918 3.8595
2011.8945 3.7660
2011.8973 -0.0266
2011.9000 -2.7384
2011.9027 1.1709
2011.9055 3.4213
2011.9082 5.1330
2011.9110 5.6262
2011.9137 6.2608
2011.9164 10.4371
2011.9192 6.1248
2011.9219 0.4836
2011.9247 -0.6164
2011.9274 -0.8654
2011.9301 -0.4735
2011.9329 4.3992
2011.9356 7.7426
2011.9384 7.7467
2011.9411 -0.3187
2011.9438 4.6363
2011.9466 3.8916
2011.9493 8.5772
2011.9521 9.4629
2011.9548 5.8186
2011.9575 8.5142
2011.9603 6.0097
2011.9630 3.7949
2011.9658 5.3198
2011.9685 6.3642
2011.9712 7.7780
2011.9740 5.1712
2011.9767 4.9436
2011.9795 8.9752
2011.9822 6.1158
2011.9849 6.3354
2011.9877 5.1138
2011.9904 5.3210
2011.9931 8.3468
2011.9959 7.5512
2011.9986 7.0340
2012.0014 3.2154
2012.0041 7.4860
2012.0068 4.8060
2012.0096 5.2354
2012.0123 3.5543
2012.0150 6.7827
2012.0178 5.1306
2012.0205 5.1280
2012.0232 3.0451
2012.0287 10.5884
2012.0314 4.7746
2012.0342 5.5405
2012.0369 4.8363
2012.0396 6.7020
2012.0423 3.4175
2012.0451 7.1931
2012.0478 7.6685
2012.0505 4.7740
2012.0533 6.2296
2012.0560 4.7653
2012.0587 4.7311
2012.0615 6.0671
2012.0642 6.1633
2012.0669 9.0498
2012.0697 7.8866
2012.0724 6.8437
2012.0751 9.3412
2012.0779 5.2792
2012.0806 3.9876
2012.0833 5.5162
2012.0861 7.7344
2012.0888 9.8125
2012.0915 8.1204
2012.0943 10.4382
2012.0970 7.8959
2012.0997 10.3236
2012.1025 7.5614
2012.1052 12.4092
2012.1079 4.8873
2012.1107 12.2756
2012.1134 8.3241
2012.1161 9.8731
2012.1189 7.2623
2012.1216 8.8121
2012.1243 5.3824
2012.1270 5.4532
2012.1298 6.5646
2012.1325 6.6768
2012.1352 7.6296
2012.1380 4.7133
2012.1407 9.8278
2012.1434 7.4132
2012.1462 5.6196
2012.1489 3.7470
2012.1516 0.5954
2012.1544 -2.1750
2012.1571 1.4258
2012.1598 2.7578
2012.1626 2.3812
2012.1653 1.8363
2012.1680 1.7531
2012.1708 1.8217
2012.1735 2.4319
2012.1762 4.9637
2012.1790 7.5070
2012.1817 7.5216
2012.1844 7.4277
2012.1872 2.7550
2012.1899 4.2136
2012.1926 0.2133
2012.1954 10.2740
2012.2008 12.3285
2012.2035 0.9821
2012.2063 5.2464
2012.2090 7.3015
2012.2117 5.8772
2012.2145 4.5136
2012.2172 4.7504
2012.2199 5.7177
2012.2227 3.6253
2012.2254 3.8433
2012.2281 3.2315
2012.2309 2.5698
2012.2336 5.4883
2012.2363 -0.7433
2012.2391 0.7351
2012.2418 -2.6066
2012.2445 -4.4184
2012.2473 -4.2105
2012.2500 1.9975
2012.2527 3.9456
2012.2555 4.0737
2012.2582 4.0520
2012.2609 0.5802
2012.2637 2.0885
2012.2664 4.3269
2012.2691 7.5154
2012.2719 4.3139
2012.2746 4.2424
2012.2773 10.4710
2012.2801 9.4497
2012.2828 8.9484
2012.2855 7.6172
2012.2882 5.2960
2012.2910 6.0449
2012.2937 5.6338
2012.2964 6.9927
2012.2992 4.0817
2012.3019 9.2808
2012.3046 8.8898
2012.3074 6.9790
2012.3648 9.6324
2012.3675 12.9063
2012.3702 4.0203
2012.3729 4.4942
2012.3757 5.2081
2012.3784 5.6219
2012.3811 5.6456
2012.3839 2.2891
2012.3866 5.2625
2012.3893 5.8356
2012.3921 6.6084
2012.3948 6.2210
2012.3975 6.0631
2012.4003 5.1749
2012.4030 3.9763
2012.4057 1.7371
2012.4085 0.8075
2012.4112 9.7173
2012.4413 5.1281
2012.4440 6.2157
2012.4467 2.6218
2012.4495 8.3367
2012.4522 4.1207
2012.4549 6.1342
2012.4576 8.1376
2012.4604 8.1711
2012.4768 8.1374
2012.4795 9.6526
2012.4822 12.8209
2012.4850 11.6626
2012.4877 10.5782
2012.4904 13.8379
2012.4932 11.7921
2012.4959 10.5413
2012.4986 7.5942
2012.5014 7.0993
2012.5041 7.5264
2012.5178 6.4780
2012.5205 6.7845
2012.5505 6.8905
2012.5533 8.0195
2012.5642 6.4764
2012.5779 2.0686
2012.5806 1.6533
2012.5861 5.5378
2012.5888 4.5780
2012.5943 -2.5249
2012.5970 3.9821
2012.5997 3.6082
2012.6025 5.9035
2012.6052 0.3182
2012.6079 2.7322
2012.6243 10.3988
2012.6270 6.3212
2012.6325 7.5666
2012.6380 8.2734
2012.6407 7.0376
2012.6571 6.5090
2012.6598 3.6795
2012.6626 6.0814
2012.6653 10.7248
2012.6790 -7.1591
2012.6817 3.6027
2012.6844 2.9767
2012.6872 2.0926
2012.7035 7.6833
2012.7063 3.6150
2012.7117 7.9375
2012.7145 2.8776
2012.7172 -1.7633
2012.7199 -0.5756
2012.7227 1.3405
2012.7254 -5.4053
2012.7281 0.5968
2012.7309 3.1563
2012.7336 2.8532
2012.7363 5.1470
2012.7391 5.7076
2012.7418 7.9447
2012.7582 -2.6993
2012.7609 -0.9994
2012.7637 4.7191
2012.7664 6.5663
2012.7691 5.7521
2012.7719 4.8267
2012.7746 2.7500
2012.7773 6.2921
2012.7801 5.0230
2012.7828 4.4927
2012.7855 7.0012
2012.7882 3.5686
2012.7910 6.3648
2012.7937 4.4900
2012.7964 4.9842
2012.7992 1.5973
2012.8019 2.3094
2012.8046 5.0605
2012.8074 7.7707
2012.8101 13.6899
2012.8128 12.0182
2012.8156 9.1957
2012.8183 9.5623
2012.8210 8.6980
2012.8238 7.0630
2012.8265 7.8372
2012.8292 5.8106
2012.8320 3.5933
2012.8347 8.5157
2012.8374 7.6081
2012.8402 6.3304
2012.8429 2.8026
2012.8456 7.2746
2012.8484 6.1465
2012.8511 6.7883
2012.8538 7.8498
2012.8566 5.4511
2012.8593 1.6622
2012.8620 4.6831
2012.8648 6.0336
2012.8675 3.5839
2012.8702 8.1139
2012.8729 5.4535
2012.8757 5.2828
2012.8784 5.9316
2012.8811 7.1501
2012.8839 8.8982
2012.8866 8.4258
2012.8893 11.2129
2012.8921 7.6096
2012.8948 9.6658
2012.8975 5.0814
2012.9003 6.3765
2012.9030 5.2210
2012.9057 5.0849
2012.9085 5.7982
2012.9112 10.9809
2012.9139 10.6829
2012.9167 9.9742
2012.9194 9.9649
2012.9221 8.0850
2012.9249 9.5744
2012.9276 11.9933
2012.9303 6.0817
2012.9331 8.7596
2012.9358 8.3571
2012.9385 11.1441
2012.9413 9.5108
2012.9440 9.6773
2012.9467 7.2434
2012.9495 5.3593
2012.9522 7.4450
2012.9549 9.8406
2012.9576 10.2461
2012.9604 7.3515
2012.9631 9.2168
2012.9658 8.1522
2012.9686 6.6876
2012.9713 2.1731
2012.9740 7.4688
2012.9768 7.5546
2012.9795 9.2807
2012.9822 7.8870
2012.9850 7.4735
2012.9877 9.3805
2012.9904 10.8378
2012.9932 7.5155
2012.9959 7.0236
2012.9986 7.4323
2013.0014 9.0214
2013.0041 9.6205
2013.0068 7.0099
2013.0096 9.5194
2013.0123 8.0591
2013.0151 8.0193
2013.0178 6.2598
2013.0205 7.4007
2013.0233 5.9121
2013.0260 8.8940
2013.0288 6.0766
2013.0315 8.6498
2013.0342 7.3838
2013.0370 6.7685
2013.0397 8.7040
2013.0425 7.9404
2013.0452 7.5678
2013.0479 7.0662
2013.0507 6.7556
2013.0534 2.8461
2013.0562 3.7778
2013.0589 4.0108
2013.0616 9.0150
2013.0644 22.0905
2013.0671 14.1774
2013.0699 13.1958
2013.0726 14.7757
2013.0753 14.1171
2013.0781 18.0202
2013.0808 10.4449
2013.0836 11.1422
2013.0863 8.4427
2013.0890 6.6063
2013.0918 8.5430
2013.0945 8.9825
2013.0973 10.7448
2013.1000 10.3497
2013.1027 10.9971
2013.1055 9.6869
2013.1082 9.2790
2013.1110 9.7032
2013.1137 9.6394
2013.1164 8.9675
2013.1192 8.2174
2013.1219 10.5489
2013.1247 6.9520
2013.1274 5.9565
2013.1301 6.2422
2013.1329 7.8691
2013.1356 7.4270
2013.1384 6.8759
2013.1411 6.6355
2013.1438 0.8058
2013.1466 -7.1834
2013.1493 -3.9521
2013.1521 -1.9706
2013.1548 3.3411
2013.1575 11.7329
2013.1603 16.1246
2013.1630 14.5761
2013.1658 13.2082
2013.1685 16.7507
2013.1712 13.0837
2013.1740 0.7072
2013.1767 -1.9789
2013.1795 0.2656
2013.1822 -5.3895
2013.1849 -2.7041
2013.1877 0.0317
2013.1904 -0.8320
2013.1931 -3.7452
2013.1959 2.5819
2013.1986 0.7895
2013.2014 1.7176
2013.2041 2.8660
2013.2068 -1.2152
2013.2096 8.8541
2013.2123 12.4638
2013.2151 12.5238
2013.2178 6.6642
2013.2205 2.5951
2013.2233 4.0162
2013.2260 5.5578
2013.2288 4.6197
2013.2315 1.5720
2013.2342 -0.8654
2013.2370 2.8375
2013.2397 3.2008
2013.2425 5.2044
2013.2452 8.8083
2013.2479 5.0453
2013.2507 4.0677
2013.2534 5.9550
2013.2562 5.7468
2013.2589 6.5526
2013.2616 5.4621
2013.2644 7.5646
2013.2671 7.0197
2013.2699 3.4271
2013.2726 7.2061
2013.2753 3.2565
2013.2781 2.6676
2013.2808 3.0791
2013.2836 3.4904
2013.2863 2.4611
2013.2890 5.3309
2013.2918 3.7091
2013.2945 4.8153
2013.2973 4.9591
2013.3000 3.8500
2013.3027 4.1076
2013.3055 5.3914
2013.3082 7.7008
2013.3192 -2.1033
2013.3219 1.5779
2013.3247 10.0720
2013.3274 6.2987
2013.3301 4.2282
2013.3438 3.2642
2013.3466 5.2464
2013.3493 6.6576
2013.3521 5.0780
2013.3548 7.8476
2013.3575 12.1464
2013.3603 7.6044
2013.3630 6.4018
2013.3658 8.1386
2013.3685 9.6347
2013.3712 2.8204
2013.3740 6.9055
2013.3767 25.2802
2013.3794 27.5044
2013.3822 23.4383
2013.4589 3.3776
2013.4671 7.1901
2013.4699 9.3021
2013.5247 12.5126
2013.5521 13.3193
2013.6096 7.2283
2013.6123 1.9058
2013.6151 5.1433
2013.6178 6.6608
2013.6205 8.1484
2013.6233 -0.3739
2013.6260 4.6138
2013.6288 7.6315
2013.6342 3.4271
2013.6370 8.9050
2013.6644 1.4255
2013.6671 2.3459
2013.6699 1.1106
2013.6726 2.3292
2013.6781 1.3367
2013.6808 -0.2450
2013.6836 6.4159
2013.6863 2.5590
2013.6890 -1.2461
2013.6918 -1.2196
2013.6945 2.2680
2013.6973 -0.9535
2013.7000 0.5555
2013.7027 -2.3853
2013.7137 6.5661
2013.7164 4.5210
2013.7219 7.1347
2013.7247 6.6029
2013.7274 6.4082
2013.7301 8.4202
2013.7329 5.8686
2013.7356 6.2431
2013.7384 4.7634
2013.7411 2.3490
2013.7438 6.5196
2013.7466 0.2950
2013.7493 2.8954
2013.7521 11.9444
2013.7603 22.9570
2013.7630 17.8732
2013.7658 4.8087
2013.7685 4.8137
2013.7712 -3.8720
2013.7740 -4.2182
2013.7767 -0.1048
2013.7794 2.7380
2013.7822 3.2703
2013.7849 1.4423
2013.7877 2.2039
2013.7904 3.4151
2013.7931 6.5959
2013.7959 0.9865
2013.7986 5.3268
2013.8014 4.5669
2013.8041 3.8568
2013.8068 4.0165
2013.8096 4.7061
2013.8123 6.6455
2013.8151 4.9449
2013.8178 8.6442
2013.8205 4.6135
2013.8233 6.1329
2013.8260 7.3523
2013.8288 4.6217
2013.8315 4.1412
2013.8342 3.3109
2013.8370 7.4905
2013.8397 8.0002
2013.8425 10.3398
2013.8452 9.9795
2013.8479 8.2191
2013.8507 8.6787
2013.8534 7.7583
2013.8562 7.8778
2013.8589 17.1372
2013.8616 11.6366
2013.8644 10.4859
2013.8671 11.8252
2013.8699 9.0943
2013.8726 8.7133
2013.8753 9.2822
2013.8781 11.0610
2013.8808 11.3896
2013.8836 11.9081
2013.8863 11.6365
2013.8890 13.5047
2013.8918 10.2127
2013.8945 10.4205
2013.8973 8.6482
2013.9000 9.4156
2013.9027 9.8128
2013.9055 5.7998
2013.9082 4.9366
2013.9110 6.8031
2013.9137 4.2094
2013.9164 7.9751
2013.9192 6.6389
2013.9219 8.8904
2013.9247 9.1399
2013.9274 9.6876
2013.9301 6.7034
2013.9329 6.6077
2013.9356 5.8805
2013.9384 9.7719
2013.9411 6.0022
2013.9438 6.0915
2013.9466 8.5598
2013.9493 7.0974
2013.9521 8.3144
2013.9548 10.0309
2013.9575 8.8471
2013.9603 6.9131
2013.9630 5.3490
2013.9658 5.3151
2013.9685 9.5814
2013.9712 10.1081
2013.9740 9.2453
2013.9767 9.5531
2013.9795 10.5718
2013.9822 10.6514
2013.9849 8.5322
2013.9877 14.5841
2013.9904 9.6875
2013.9931 10.4724
2013.9959 9.0489
2013.9986 7.9572
2014.0014 11.3173
2014.0041 7.0579
2014.0068 4.4889
2014.0096 8.4004
2014.0123 9.2223
2014.0151 8.7948
2014.0178 4.4879
2014.0205 5.0816
2014.0233 10.0461
2014.0260 7.0313
2014.0288 6.3174
2014.0315 8.3244
2014.0342 12.7623
2014.0370 7.5012
2014.0397 9.4111
2014.0425 10.5922
2014.0452 7.7944
2014.0479 10.2078
2014.0507 10.4526
2014.0534 10.5686
2014.0562 11.1760
2014.0589 1.5449
2014.0616 3.9953
2014.0644 6.7272
2014.0671 9.2808
2014.0699 8.4360
2014.0726 8.3429
2014.0753 8.0016
2014.0781 12.5421
2014.0808 12.4846
2014.0836 10.0482
2014.0863 8.6425
2014.0890 7.3074
2014.0918 11.8128
2014.0945 11.8286
2014.0973 12.4949
2014.1000 7.6417
2014.1027 6.4888
2014.1055 9.3462
2014.1082 10.5740
2014.1110 8.2120
2014.1137 11.8403
2014.1164 7.9387
2014.1192 11.3573
2014.1219 14.7460
2014.1247 10.9149
2014.1274 13.1637
2014.1301 12.0526
2014.1329 9.9115
2014.1356 10.3903
2014.1384 7.9790
2014.1411 8.3875
2014.1438 12.2959
2014.1466 12.1741
2014.1493 11.9220
2014.1521 9.1897
2014.1548 10.6470
2014.1575 8.2140
2014.1603 14.3906
2014.1630 9.8767
2014.1658 12.7121
2014.1685 11.0267
2014.1712 13.5906
2014.1740 15.1339
2014.1767 19.4366
2014.1795 19.2989
2014.1822 15.1007
2014.1849 13.4722
2014.1877 13.5134
2014.1904 14.3443
2014.1931 10.5851
2014.1959 7.6658
2014.1986 10.9964
2014.2014 7.7070
2014.2041 8.3278
2014.2068 7.2887
2014.2096 11.5098
2014.2123 16.2112
2014.2151 11.6630
2014.2178 10.4552
2014.2205 7.9778
2014.2233 11.1410
2014.2260 11.6248
2014.2288 12.7293
2014.2315 10.8545
2014.2342 10.3905
2014.2370 6.8174
2014.2397 10.2652
2014.2425 8.6340
2014.2452 7.5339
2014.2479 6.4683
2014.2507 10.5305
2014.2534 11.3999
2014.2562 9.9460
2014.2589 14.0684
2014.2616 11.1365
2014.2644 15.8899
2014.2671 10.3782
2014.2699 11.1107
2014.2726 10.5470
2014.2753 9.3867
2014.2781 9.7593
2014.2808 13.2342
2014.2836 10.5110
2014.2863 9.1891
2014.2890 10.4282
2014.2918 15.8977
2014.2945 13.8072
2014.2973 10.0660
2014.3000 9.8339
2014.3027 16.7502
2014.3055 5.4346
2014.3082 13.3164
2014.3110 23.3652
2014.3137 12.3006
2014.3164 17.2320
2014.3192 14.3890
2014.3219 10.7111
2014.3247 13.0577
2014.3274 10.4385
2014.3301 13.0936
2014.3329 10.7578
2014.3356 9.6819
2014.3384 13.8559
2014.3411 11.3497
2014.3521 7.8433
2014.3548 7.8863
2014.3575 7.8191
2014.3712 16.7596
2014.3740 14.5710
2014.4014 10.6689
2014.4041 13.4068
2014.4068 16.7344
2014.4096 15.1516
2014.4123 16.2985
2014.4973 13.0661
2014.5000 10.5554
2014.5082 0.8379
2014.5110 12.5663
2014.5137 9.1863
2014.5164 -1.3121
2014.5192 15.4209
2014.5247 18.8300
2014.5274 14.8657
2014.5384 10.8819
2014.5466 7.2594
2014.5493 24.1238
2014.5521 8.6570
2014.5548 4.6190
2014.5575 3.5295
2014.5603 10.4283
2014.5630 13.5752
2014.6589 6.1644
2014.6616 3.0420
2014.6644 9.6417
2014.6671 13.5325
2014.7027 2.3791
2014.7055 -1.4777
2014.7110 8.5491
2014.7137 13.9827
2014.7164 14.6264
2014.7192 11.2803
2014.7219 11.2343
2014.7247 9.0385
2014.7274 13.6028
2014.7301 7.6272
2014.7329 11.3817
2014.7356 12.3364
2014.7384 8.9811
2014.7411 11.7560
2014.7438 8.1610
2014.7466 12.4561
2014.7493 10.9118
2014.7521 13.2908
2014.7548 16.0532
2014.7575 15.9088
2014.7603 13.9370
2014.7630 13.1978
2014.7658 6.1706
2014.7685 8.0151
2014.7712 6.6111
2014.7740 10.7182
2014.7767 11.6260
2014.7794 10.9843
2014.7822 9.2727
2014.7849 12.6408
2014.7877 13.1884
2014.7904 11.7851
2014.7931 10.4906
2014.7959 8.6345
2014.7986 9.5965
2014.8014 4.4363
2014.8041 8.5535
2014.8068 9.2879
2014.8096 10.1890
2014.8123 14.0765
2014.8151 15.0602
2014.8178 14.0197
2014.8205 13.1446
2014.8233 6.2746
2014.8260 16.8695
2014.8288 12.6687
2014.8315 13.6821
2014.8342 10.9824
2014.8370 12.7723
2014.8397 7.9220
2014.8425 7.6514
2014.8452 6.3506
2014.8479 7.1296
2014.8507 9.0684
2014.8534 9.6970
2014.8562 9.8254
2014.8589 6.2437
2014.8616 9.5718
2014.8644 7.0799
2014.8671 10.7678
2014.8699 9.0056
2014.8726 5.6734
2014.8753 9.1511
2014.8781 11.1788
2014.8808 5.9064
2014.8836 8.2340
2014.8918 7.6370
2014.8945 5.5248
2014.8973 7.5926
2014.9000 9.8305
2014.9027 4.8885
2014.9055 9.5866
2014.9082 12.1149
2014.9110 11.5433
2014.9137 12.6318
2014.9164 11.2706
2014.9192 13.7293
2014.9219 9.0080
2014.9247 8.6866
2014.9274 10.3353
2015.5274 16.5006
2015.5301 14.5605
2015.5329 15.7913
2015.5356 12.0629
2015.5384 12.9354
2015.5411 12.6589
2015.5438 11.2933
2015.5466 11.8887
2015.5493 11.9952
2015.5521 12.7827
2015.5548 13.6213
2015.5575 12.0310
2015.5603 11.8718
2015.5630 2.9838
2015.5986 6.9811
2015.6014 9.6544
2015.6041 12.0788
2015.6068 10.8041
2015.6096 11.5003
2015.6123 7.7071
2015.6151 15.5045
2015.6233 11.1680
2015.6260 17.7858
2015.6288 14.8434
2015.6315 13.5305
2015.6342 12.4871
2015.6370 21.0129
2015.6452 9.6545
2015.6479 10.4959
2015.6507 8.8758
2015.6534 6.7340
2015.6753 9.2952
2015.6781 7.6201
2015.6836 8.3578
2015.6863 13.3408
2015.6890 14.3333
2015.6918 13.0253
2015.6973 7.5785
2015.7000 13.9198
2015.7055 17.2920
2015.7082 16.9830
2015.7110 19.0342
2015.7164 15.6170
2015.7247 12.3637
2015.7274 11.4168
2015.7301 11.1305
2015.7329 12.4349
2015.7356 15.9299
2015.7384 12.3158
2015.7411 12.1726
2015.7438 10.6702
2015.7466 8.1889
2015.7493 10.7386
2015.7959 10.1645
2015.7986 13.7313
2015.8014 18.4179
2015.8041 10.1542
2015.8068 10.5202
2015.8096 7.5058
2015.8123 5.2709
2015.8151 6.7755
2015.8178 13.7996
2015.8205 14.4730
2015.8233 20.4657
2015.8315 8.7889
2015.8342 8.4486
2015.8370 14.2782
2015.8397 16.4876
2015.8425 12.6868
2015.8452 11.8857
2015.8479 14.2043
2015.8507 12.7424
2015.8534 10.6401
2015.8562 7.3472
2015.8589 6.9538
2015.8616 11.6997
2015.8644 12.4549
2015.8671 12.2493
2015.8699 10.0829
2015.8726 10.9756
2015.8753 9.8374
2015.8781 7.9082
2015.8808 9.4479
2015.8836 15.3465
2015.8863 13.3039
2015.8890 15.3401
2015.8918 14.1850
2015.8945 15.1785
2015.8973 13.7106
2015.9000 13.4013
2015.9027 12.8803
2015.9055 13.0578
2015.9082 11.1237
2015.9110 13.7678
2015.9137 13.4301
2015.9164 10.9708
2015.9192 13.7809
2015.9219 11.1106
2015.9247 8.5899
2015.9274 6.1088
2015.9301 11.3274
2015.9329 11.9056
2015.9356 11.3236
2015.9384 12.0814
2015.9411 7.6688
2015.9438 11.4061
2015.9466 10.4132
2015.9493 9.1801
2015.9521 11.0469
2015.9548 9.1535
2015.9575 8.4501
2015.9603 8.0366
2015.9630 5.8430
2015.9658 10.5994
2015.9685 9.6858
2015.9712 5.5122
2015.9740 10.0287
2015.9767 9.0152
2015.9795 5.9619
2015.9822 8.1286
2015.9849 13.4155
2015.9877 14.3726
2015.9904 11.4099
2015.9931 12.6673
2015.9959 11.1851
2015.9986 10.5830
2016.0014 4.5810
2016.0041 6.6072
2016.0068 11.9714
2016.0096 7.2240
2016.0123 6.2351
2016.0150 7.7551
2016.0178 5.7040
2016.0205 2.7323
2016.0232 3.4102
2016.0260 7.2077
2016.0287 5.8853
2016.0314 7.0832
2016.0342 4.9216
2016.0369 6.0307
2016.0396 7.5808
2016.0423 6.0521
2016.0451 6.1550
2016.0478 7.8595
2016.0505 8.6359
2016.0533 6.9046
2016.0560 7.0457
2016.0587 6.7495
2016.0615 5.0362
2016.0642 3.5561
2016.0669 4.7994
2016.0697 4.5464
2016.0724 7.2572
2016.0751 5.6922
2016.0779 11.1215
2016.0806 6.7055
2016.0833 6.9426
2016.0861 6.9706
2016.0888 8.9094
2016.0915 7.0590
2016.0943 10.4893
2016.0970 11.6903
2016.0997 13.3820
2016.1025 14.2142
2016.1052 10.9370
2016.1079 11.0303
2016.1107 12.7241
2016.1134 11.4382
2016.1161 13.2427
2016.1189 12.3675
2016.1216 7.6426
2016.1243 12.3678
2016.1270 14.8533
2016.1298 9.3588
2016.1325 12.1044
2016.1352 12.7300
2016.1380 10.2456
2016.1407 16.5512
2016.1434 16.0466
2016.1462 11.0418
2016.1489 13.2468
2016.1516 10.3815
2016.1544 11.8160
2016.1571 13.7700
2016.1598 13.5137
2016.1626 9.3069
2016.1653 4.8500
2016.2309 16.2816
2016.2336 17.6445
2016.2391 17.2603
2016.2418 5.6232
2016.2445 8.0161
2016.2473 4.5877
2016.2500 2.9350
2016.2527 1.2082
2016.2555 3.7277
2016.2582 3.7237
2016.2609 5.7565
2016.2637 5.5465
2016.2664 6.0040
2016.2691 6.9792
2016.2719 7.1226
2016.2746 9.8944
2016.2773 8.9449
2016.2801 8.5044
2016.2882 2.0806
2016.2910 6.2095
2016.2937 4.7290
2016.2992 7.3611
2016.3019 5.4043
2016.3046 3.3495
2016.3074 5.9968
2016.6407 3.4737
2016.6817 10.1780
2016.6844 14.3001
2016.6926 15.1556
2016.7145 22.4838
2016.7172 3.7811
2016.7199 5.1670
2016.7227 5.4112
2016.7391 11.5575
2016.7418 3.9383
2016.7445 10.9143
2016.7746 0.4905
2016.7773 2.5272
2016.7801 7.2928
2016.7828 5.6070
2016.7855 7.1795
2016.7882 2.1302
2016.7910 -1.9112
2016.7937 2.4251
2016.7964 9.4189
2016.8019 0.3681
2016.8046 8.7331
2016.8101 2.8826
2016.8128 2.0568
2016.8156 2.4168
2016.8183 1.3627
2016.8265 -4.8376
2016.8347 9.8787
2016.8374 13.1055
2016.8402 10.5208
2016.8429 7.5646
2016.8456 6.6470
2016.8484 8.3279
2016.8511 4.0875
2016.8538 2.6357
2016.8566 1.2626
2016.8593 6.5482
2016.8620 4.1726
2016.8648 9.2558
2016.8675 9.5478
2016.8702 8.2686
2016.8729 5.6884
2016.8757 9.1471
2016.8784 6.4647
2016.8811 9.4313
2016.8839 8.7370
2016.8866 2.9917
2016.8893 9.3855
2016.8921 5.3884
2016.8975 5.2318
2016.9003 7.3823
2016.9030 4.3021
2016.9057 4.4712
2016.9085 4.4396
2016.9112 7.2674
2016.9139 4.2546
2016.9167 8.4514
2016.9194 4.8083
2016.9221 5.7655
2016.9249 4.7429
2016.9276 5.3504
2016.9303 5.7580
2016.9331 7.7056
2016.9358 4.3333
2016.9385 3.0809
2016.9413 4.8984
2016.9440 6.3958
2016.9467 5.9930
2016.9495 6.5000
2016.9522 5.5267
2016.9549 2.9231
2016.9576 2.0792
2016.9604 4.7749
2016.9631 4.7301
2016.9658 1.2049
2016.9686 4.6191
2016.9713 5.0028
2016.9740 1.9358
2016.9768 2.1682
2016.9795 1.7599
2016.9822 4.4409
2016.9850 6.3810
2016.9877 4.6103
2016.9904 3.8387
2016.9932 3.8762
2016.9959 2.7127
2016.9986 4.8383
2017.0014 5.5127
2017.0041 3.5266
2017.0068 2.3601
2017.0096 8.0131
2017.0123 5.7858
2017.0151 4.6180
2017.0178 4.9000
2017.0205 4.4616
2017.0233 7.2630
2017.0260 7.0741
2017.0288 6.6449
2017.0315 7.3656
2017.0342 6.0861
2017.0370 7.0164
2017.0397 7.0366
2017.0425 2.9768
2017.0452 4.4568
2017.0479 4.6568
2017.0507 4.0668
2017.0534 8.1868
2018.9493 11.9505
2018.9521 13.6084
2018.9548 12.0257
2018.9575 11.5224
2018.9603 10.9585
2018.9630 11.3140
2018.9658 11.5889
2018.9685 11.0032
2018.9712 11.2368
2018.9740 11.1897
2018.9767 15.6120
2018.9795 13.8937
2018.9822 14.9746
2018.9849 13.4649
2018.9877 13.5945
2018.9904 15.9534
2018.9931 14.7116
2018.9959 13.9891
2018.9986 15.3059
2019.0014 16.6619
2019.0041 14.7464
2019.0068 10.1095
2019.0096 15.0112
2019.0123 14.6317
2019.0151 18.9911
2019.0178 16.6194
2019.0205 11.6168
2019.0233 14.6132
2019.0260 12.3789
2019.0288 14.1240
2019.0315 14.2684
2019.0342 18.3923
2019.0370 16.4659
2019.0397 15.5191
2019.0425 15.0622
2019.0452 14.4451
2019.0479 17.4880
2019.0507 18.5810
2019.0534 15.6441
2019.0562 13.5875
2019.0589 12.6213
2019.0616 15.2255
2019.0644 20.5202
2019.0671 18.5656
2019.0699 15.7317
2019.0726 19.3387
2019.0753 18.8965
2019.0781 17.7954
2019.0808 17.4754
2019.0836 12.6656
2019.0863 10.3452
2019.0890 12.3342
2019.0918 11.1230
2019.0945 12.2915
2019.0973 13.8501
2019.1000 16.8888
2019.1027 14.7377
2019.1055 17.6271
2019.1082 13.3471
2019.1110 15.7378
2019.1137 12.3095
2019.1164 11.5821
2019.1192 15.1060
2019.1219 18.2512
2019.1247 18.4280
2019.1274 16.6264
2019.1301 13.1466
2019.1329 12.6287
2019.1356 9.9230
2019.1384 13.3596
2019.1411 12.7986
2019.1438 13.8302
2019.1466 13.7245
2019.1493 14.9716
2019.1521 16.6919
2019.1548 16.5153
2019.1575 17.5520
2019.1603 14.6223
2019.1630 8.2260
2019.1658 17.5826
2019.1685 16.0916
2019.1712 19.6931
2019.1740 16.9267
2019.1767 14.2024
2019.1795 10.8800
2019.1822 15.2893
2019.1849 16.9402
2019.1877 17.7725
2019.1904 16.0962
2019.1931 14.4209
2019.1959 10.8067
2019.1986 13.8032
2019.2014 13.8605
2019.2041 13.9382
2019.2068 12.9763
2019.2096 9.2045
2019.2123 15.2329
2019.2151 14.6411
2019.2178 14.1191
2019.2205 12.3966
2019.2233 12.0836
2019.2260 13.4098
2019.2288 12.1152
2019.2315 12.4095
2019.2342 14.1327
2019.2370 9.2245
2019.2397 12.3248
2019.2425 15.6035
2019.2452 17.8603
2019.2479 16.3162
2019.2507 20.0322
2019.2534 21.0782
2019.2562 17.7241
2019.2589 15.2600
2019.2616 20.2159
2019.2644 18.2718
2019.2671 19.6975
2019.2699 17.6932
2019.2726 16.3587
2019.2753 17.9741
2019.2781 13.2593
2019.2808 17.6344
2019.2836 14.0493
2019.2863 16.4740
2019.2973 16.0002
2019.3000 15.8836
2019.3027 14.2166
2019.3055 10.0993
2019.3274 17.1167
2019.3301 15.5053
2019.6562 25.9738
2019.6589 20.0999
2019.6644 20.8688
2019.6863 20.6809
2019.6918 25.5686
2019.6945 20.6728
2019.6973 14.1773
2019.7000 21.8021
2019.7027 15.0170
2019.7055 18.5523
2019.7082 22.6878
2019.7110 25.8436
2019.7137 14.1397
2019.7164 20.5660
2019.7192 22.2626
2019.7219 18.5496
2019.7247 24.8368
2019.7274 20.6843
2019.7301 20.3922
2019.7329 21.5903
2019.7356 18.8788
2019.7384 14.5376
2019.7411 13.3667
2019.7438 18.4961
2019.7466 20.4959
2019.7493 22.4962
2019.7521 26.6475
2019.7548 18.8000
2019.7575 21.1035
2019.7603 19.7379
2019.7630 21.6133
2019.7658 20.3795
2019.7685 23.8064
2019.7712 25.9340
2019.7740 19.5222
2019.7767 18.8810
2019.7794 17.8402
2019.7822 17.3298
2019.7849 20.8497
2019.7877 24.3298
2019.7959 22.8810
2019.7986 16.0814
2019.8014 11.9317
2019.8041 15.7518
2019.8068 14.9416
2019.8096 14.1411
2019.8123 11.9601
2019.8151 12.9987
2019.8178 9.0467
2019.8205 15.1641
2019.8233 16.7408
2019.8260 13.5367
2019.8288 18.7618
2019.8315 17.3159
2019.8342 18.2291
2019.8370 20.4113
2019.8397 19.9426
2019.8425 17.0729
2019.8452 16.3021
2019.8479 15.8903
2019.8507 15.0475
2019.8534 17.5236
2019.8562 15.8785
2019.8589 19.3523
2019.8616 16.1550
2019.8644 19.7365
2019.8671 18.7669
2019.8699 19.9060
2019.8726 19.8538
2019.8753 17.2504
2019.8781 16.1958
2019.8808 13.0998
2019.8836 14.9425
2019.8863 13.8838
2019.8890 12.8538
2019.8918 12.4124
2019.8945 13.6695
2019.8973 12.7053
2019.9000 15.9295
2019.9027 15.4223
2019.9055 15.7036
2019.9082 17.7134
2019.9110 17.8016
2019.9137 14.9483
2019.9164 15.4129
2019.9192 15.8526
2019.9219 18.2972
2019.9247 15.4071
2019.9274 12.3627
2019.9301 12.4641
2019.9329 15.8218
2019.9356 11.4660
2019.9384 13.4773
2019.9411 12.8457
2019.9438 15.3318
2019.9466 16.8758
2019.9493 13.3081
2019.9521 11.5289
2019.9548 10.9887
2019.9575 13.7378
2019.9603 11.6964
2019.9630 12.1449
2019.9658 12.6138
2019.9685 11.5832
2019.9712 14.6435
2019.9740 12.5852
2019.9767 16.2884
2019.9795 15.4635
2019.9822 17.5809
2019.9849 16.3109
2019.9877 18.7138
2019.9904 18.3500
2019.9931 18.6598
2019.9959 20.2635
2019.9986 15.2714
2020.0014 14.6235
2020.0041 15.6067
2020.0068 17.1105
2020.0096 14.7250
2020.0123 17.4201
2020.0150 13.8359
2020.0178 19.3524
2020.0205 16.0697
2020.0232 15.4479
2020.0260 14.1768
2020.0287 8.7867
2020.0314 14.5474
2020.0342 12.8191
2020.0369 16.3318
2020.0396 13.2955
2020.0423 13.8203
2020.0451 15.1762
2020.0478 12.5031
2020.0505 16.3013
2020.0533 14.5506
2020.0560 15.6712
2020.0587 13.7231
2020.0615 14.6362
2020.0642 14.0007
2020.0669 16.5266
2020.0697 12.2038
2020.0724 16.7925
2020.0751 12.9627
2020.0779 11.4745
2020.0806 15.3077
2020.0833 13.6625
2020.0861 15.0386
2020.0888 16.7960
2020.0915 17.9547
2020.0943 18.5647
2020.0970 16.8659
2020.0997 12.6383
2020.1025 15.2420
2020.1052 20.5268
2020.1079 17.9327
2020.1107 22.8797
2020.1134 23.8278
2020.1161 27.8370
2020.1189 29.6972
2020.1216 27.4784
2020.1243 23.9306
2020.1270 21.1037
2020.1298 15.9578
2020.1325 19.6028
2020.1352 16.7786
2020.1380 17.0553
2020.1407 17.5228
2020.1434 20.9311
2020.1462 23.4102
2020.1489 16.2100
2020.1516 17.1305
2020.1544 17.7718
2020.1571 17.1737
2020.1598 11.2362
2020.1626 12.8096
2020.1653 11.5667
2020.1680 8.3280
2020.1708 10.5632
2020.1735 7.2019
2020.1762 11.2238
2020.1790 13.5385
2020.1817 20.2657
2020.1844 22.4450
2020.1872 19.9161
2020.1899 22.4186
2020.1926 20.0922
2020.1954 19.9866
2020.1981 26.0813
2020.2008 24.4261
2020.2035 23.5306
2020.2063 15.6444
2020.6708 20.6102
2020.6735 19.0984
2020.6762 19.4572
2020.6790 18.7464
2020.7145 10.6182
2020.7172 14.8237
2020.7418 17.9896
2020.7445 15.6987
2020.7473 17.5982
2020.7500 19.3782
2020.7527 20.3593
2020.7828 19.0413
2020.7855 21.2844
2020.7882 22.6683
2020.7910 23.2030
2020.7937 17.4186
2020.7964 19.4848
2020.7992 18.5418
2020.8019 16.6096
2020.8046 18.1980
2020.8210 14.7513
2020.8238 16.5438
2020.8265 16.4468
2020.8292 15.0102
2020.8320 14.3442
2020.8347 15.1330
2020.8374 15.8587
2020.8402 16.9306
2020.8429 16.1083
2020.8456 14.7613
2020.8675 12.5244
2020.8702 14.8121
2020.8729 13.9100
2020.8757 14.6976
2020.8784 11.8944
2020.8811 10.2599
2020.8839 10.9035
2020.8866 7.1048
2020.8893 5.9933
2020.8921 10.4585
2020.8948 10.9198
2020.8975 12.0267
2020.9003 12.7088
2020.9030 11.9655
2020.9057 10.5263
2020.9085 11.3407
2020.9112 14.2583
2020.9139 19.9184
2020.9167 12.4917
2020.9194 14.2324
2020.9221 9.3612
2020.9249 10.8782
2020.9276 13.1534
2020.9303 16.3969
2020.9331 11.0587
2020.9358 11.8289
2020.9385 14.2675
2020.9413 12.1647
2020.9440 11.1704
2020.9467 15.1447
2020.9495 13.9477
2020.9522 17.2795
2020.9549 20.1900
2020.9576 22.0495
2020.9604 15.9378
2020.9631 15.8751
2020.9658 15.7614
2020.9686 15.4969
2020.9713 20.6814
2020.9740 17.3252
2020.9768 17.8583
2020.9795 19.7107
2020.9822 17.2924
2020.9850 20.5536
2020.9877 17.0343
2020.9904 15.8646
2020.9932 19.9145
2020.9959 18.4840
2020.9986 15.9533
2021.0014 17.3721
2021.0041 18.7081
2021.0068 21.6514
2021.0096 23.0022
2021.0123 18.3908
2021.0151 18.1474
2021.0178 19.9423
2021.0205 20.2857
2021.0233 19.6879
2021.0260 18.9691
2021.0288 21.3597
2021.0315 15.5498
2021.0342 16.8497
2021.0370 16.4497
2021.0397 13.2900
2021.0425 12.0510
2021.0452 11.9427
2021.0479 14.1056
2021.0507 13.5599
2021.0534 10.4658
2021.0562 11.4735
2021.0589 13.6834
2021.0616 16.7357
2021.0644 20.3806
2021.0671 17.0484
2021.0699 19.7394
2021.0726 17.8838
2021.0753 15.4519
2021.0781 17.7439
2021.0808 17.1202
2021.0836 23.0903
2021.0863 22.0338
2021.0890 19.0505
2021.0918 20.5900
2021.0945 17.0423
2021.0973 15.5571
2021.1000 10.1341
2021.1027 11.6632
2021.1055 12.3541
2021.1082 12.8566
2021.1110 14.4504
2021.1137 14.5955
2021.1164 15.4515
2021.1192 16.3982
2021.1219 16.7154
2021.1247 16.2230
2021.1274 16.2506
2021.1301 16.6780
2021.1329 13.4751
2021.1356 14.8816
2021.1384 9.9872
2021.1411 15.4019
2021.1438 18.2453
2021.1466 21.1472
2021.1493 18.9974
2021.1521 18.3058
2021.1548 20.8520
2021.1575 21.2959
2021.1603 20.1272
2021.1630 20.7059
2021.1658 16.5235
2021.1685 17.0302
2021.1712 18.7660
2021.1740 21.4210
2021.1767 16.6553
2021.1795 17.8890
2021.1822 19.9321
2021.1849 16.6947
2021.1877 19.2868
2021.1904 21.8786
2021.1931 20.6301
2021.1959 21.3214
2021.1986 22.6925
2021.2014 19.1835
2021.2041 23.2245
2021.2068 24.6255
2021.2096 25.6166
2021.2123 22.7279
2021.2151 23.2895
2021.2178 22.5414
2021.2205 24.1537
2021.2233 17.6264
2021.2260 22.7197
2021.2288 23.5635
2021.2315 25.1881
2021.2342 27.9833
2021.2370 24.1794
2021.2397 23.1963
2021.2425 18.8542
2021.2452 22.7630
2021.2479 19.4831
2021.2507 18.7545
2021.2534 20.3273
2021.2562 19.2013
2021.2589 21.6266
2021.2616 21.8031
2021.2644 15.7809
2021.2671 17.7998
2021.2699 18.5599
2021.2726 17.4111
2021.2753 13.5434
2021.2781 15.2768
2021.2808 14.2313
2021.2836 14.1767
2021.2863 19.8332
2021.2890 22.1206
2021.2918 17.6390
2021.2945 16.5182
2021.2973 12.3784
2021.3000 17.6994
2021.3027 18.6612
2021.3055 14.1039
2021.3082 11.6273
2021.3110 15.8715
2021.3137 14.5364
2021.3164 14.6619
2021.3192 16.0082
2021.3219 12.9451
2021.3247 12.0626
2021.3274 13.3007
2021.3301 14.3301
2021.3329 10.5652
2021.3356 10.2363
2021.3384 13.1630
2021.3411 12.0548
2021.3438 14.4814
2021.3466 12.6322
2021.3493 16.3969
2021.3521 14.1449
2021.3548 17.3359
2021.3575 22.8593
2021.3603 18.3648
2021.3630 19.2519
2021.3658 20.2301
2021.3685 11.2390
2021.3712 16.4882
2021.3740 16.3872
2021.3767 19.1755
2021.3794 19.6328
2021.3822 19.4386
2021.3849 18.4224
2021.3877 18.3837
2021.3904 20.6422
2021.3931 17.3575
2021.3959 13.8489
2021.3986 15.2662
2021.4014 17.0288
2021.4041 14.3163
2021.4068 17.0683
2021.4096 15.5843
2021.4123 20.1440
2021.4151 16.8194
2021.4178 18.1930
2021.4205 15.2749
2021.4233 16.2450
2021.4260 19.3634
2021.4288 17.1302
2021.4315 20.9853
2021.4342 23.4187
2021.4370 23.7406
2021.4397 28.9108
2021.4425 29.1594
2021.4452 23.6665
2021.4479 23.9320
2021.4507 17.8860
2021.4534 18.3186
2021.4562 21.4796
2021.4589 19.1392
2021.4616 22.3173
2021.4644 26.0041
2021.4671 27.7994
2021.4699 27.5634
2021.4726 22.7460
2021.4753 26.6773
2021.4781 20.1372
2021.4808 20.4759
2021.4836 19.1933
2021.4863 18.9995
2021.4890 17.8045
2021.4918 13.7282
2021.4945 17.6308
2021.4973 20.1119
2021.5000 22.1003
2021.5027 21.9559
2021.5055 21.8789
2021.5082 22.1997
2021.5110 24.5584
2021.5137 13.6852
2021.5164 19.1305
2021.5192 17.3144
2021.5219 20.7973
2021.5247 24.2493
2021.5274 23.5506
2021.5301 22.0616
2021.5329 18.9825
2021.5356 16.5235
2021.5384 23.5148
2021.5411 21.8868
2021.5438 20.3795
2021.5466 22.7034
2021.5493 17.7485
2021.5521 19.6452
2021.5548 18.7938
2021.5575 18.6243
2021.5603 19.4172
2021.5630 20.6626
2021.5658 15.6507
2021.5685 16.6719
2021.5712 18.2063
2021.5740 20.7042
2021.5767 18.0558
2021.5794 20.5415
2021.5822 24.5907
2021.5849 27.0306
2021.5877 23.5005
2021.5904 23.1804
2021.5931 24.7704
2021.5959 27.0704
2021.5986 24.6304
2021.6014 21.2805
2021.6041 19.2606
2021.6068 19.9907
2021.6096 16.8509
2021.6123 18.4611
2021.6151 21.7314
2021.6178 20.6517
2021.6205 24.4320
2021.6233 17.3423
2021.6260 16.9027
2021.6288 14.5531
2021.6315 13.4335
2021.6342 17.5040
2021.6370 15.0745
2021.7767 24.3299
2021.7794 23.2833
2021.7822 21.3358
2021.7849 21.0977
2021.7877 19.8391
2021.7904 22.8900
2021.7931 24.4206
2021.7959 22.5511
2021.7986 20.5315
2021.8014 19.1219
2021.8041 19.8626
2021.8068 25.2635
2021.8096 26.5749
2021.8123 24.6668
2021.8151 20.9793
2021.8178 23.6127
2021.8205 20.4470
2021.8233 22.0023
2021.8260 19.5387
2021.8288 18.1764
2021.8315 18.5855
2021.8342 15.8556
2021.8370 16.5660
2021.8397 18.3168
2021.8425 18.1881
2021.8452 17.8097
2021.8479 20.9616
2021.8507 18.3640
2021.8534 19.2067
2021.8562 16.2397
2021.8589 23.0530
2021.8616 15.7467
2021.8644 18.4907
2021.8671 17.5751
2021.8699 21.5897
2021.8726 17.8646
2021.8753 21.2498
2021.8781 20.0553
2021.8808 20.9611
2021.8836 21.0471
2021.8863 21.2134
2021.8918 22.4767
2021.8945 23.4637
2021.8973 24.9309
2021.9000 21.3683
2021.9027 23.6360
2021.9055 25.5038
2021.9082 26.7318
2021.9110 27.3100
2021.9164 27.1173
2021.9192 31.2886
2021.9219 28.8324
2021.9247 26.8687
2021.9274 28.1871
2021.9301 29.0975
2021.9329 23.0198
2021.9384 23.3991
2021.9493 21.2111
2021.9521 23.9008
2021.9548 23.6908
2021.9575 25.1810
2021.9603 25.4911
2021.9630 25.7309
2021.9658 27.0203
2021.9685 30.4190
2021.9712 26.5169
2021.9740 21.9238
2021.9767 27.5895
2021.9795 24.8938
2021.9822 26.3365
2021.9849 29.7375
2021.9877 29.4465
2021.9904 25.5333
2021.9931 28.2178
2021.9959 27.2998
2021.9986 26.5590
2022.0014 30.5753
2022.0041 25.9179
2022.0068 25.3171
2022.0096 22.7531
2022.0123 22.1662
2022.0151 22.3166
2022.0178 24.9245
2022.0205 27.5604
2022.0233 25.7043
2022.0260 29.0466
2022.0288 29.0076
2022.0315 25.1974
2022.0342 26.4365
2022.0370 24.7549
2022.0397 25.3731
2022.0425 24.9412
2022.0452 26.6696
2022.0479 28.4084
2022.0507 31.2180
2022.0534 37.6085
2022.0562 29.1704
2022.0589 29.4038
2022.0616 24.2290
2022.0644 25.1162
2022.0671 25.5158
2022.0699 27.2979
2022.0726 26.3330
2022.0753 23.0111
2022.0781 26.7926
2022.0808 27.0077
2022.0836 30.2448
2022.0863 25.2220
2022.0890 28.9992
2022.0918 27.3166
2022.0945 23.6040
2022.0973 23.2615
2022.1000 22.9992
2022.1027 18.2568
2022.1055 22.2546
2022.1082 21.3525
2022.1110 20.5004
2022.1137 23.3584
2022.1164 25.7365
2022.1192 28.0746
2022.1219 27.4628
2022.1247 24.8811
2022.1274 22.9494
2022.1301 25.1978
2022.1329 25.7762
2022.1356 25.0847
2022.1384 20.6633
2022.1411 29.2319
2022.1438 24.4205
2022.1466 31.5492
2022.1493 28.3479
2022.1521 25.6867
2022.1548 26.5155
2022.1575 28.2344
2022.1603 24.1732
2022.1630 23.1822
2022.1658 25.3613
2022.1685 26.1806
2022.1712 23.1301
2022.1740 24.9198
2022.1767 29.3697
2022.1795 33.8196
2022.1822 30.0698
2022.1849 29.1700
2022.1877 29.7703
2022.3548 25.2166
2022.3575 25.4250
2022.3603 25.2059
2022.3630 18.9089
2022.3658 21.5033
2022.3685 23.4787
2022.3712 18.5448
2022.3740 19.8909
2022.3767 15.2466
2022.3794 20.5114
2022.3822 18.9649
2022.3849 14.6465
2022.3877 20.7758
2022.3904 23.6924
2022.3931 20.5257
2022.3959 17.0152
2022.3986 18.8805
2022.4014 15.5611
2022.4041 18.8666
2022.4068 26.8263
2022.4096 23.7400
2022.4123 24.4370
2022.4151 25.1395
2022.4178 23.0497
2022.4205 23.4678
2022.4233 24.7541
2022.4260 23.0687
2022.4288 20.3517
2022.4315 17.1234
2022.4342 25.1539
2022.4370 21.2734
2022.4397 24.1421
2022.4425 23.2801
2022.4452 25.6577
2022.4479 22.3650
2022.4507 21.2821
2022.4534 17.1993
2022.4562 18.8568
2022.4589 17.5347
2022.4616 13.7531
2022.4644 19.6324
2022.4671 21.2925
2022.4699 20.3438
2022.4726 22.2364
2022.4753 23.2605
2022.4781 25.4962
2022.4808 26.9137
2022.4836 27.4332
2022.4863 26.6549
2022.4890 28.3790
2022.4918 27.7856
2022.4945 29.5349
2022.4973 27.1468
2022.5000 26.7893
2022.5027 25.4320
2022.5055 23.3449
2022.5082 24.9881
2022.5110 24.1515
2022.5137 25.6150
2022.5164 24.0687
2022.5192 21.7426
2022.5219 25.0166
2022.5247 22.5007
2022.5274 22.8948
2022.5301 25.1091
2022.5329 24.9034
2022.5356 28.8778
2022.5384 25.5422
2022.5411 30.4566
2022.5438 28.4210
2022.5466 30.2954
2022.5493 26.5097
2022.5521 23.5340
2022.5548 24.9381
2022.5575 19.8022
2022.5603 19.5862
2022.5630 24.6700
2022.5658 23.1337
2022.5685 19.5173
2022.5712 21.4806
2022.5740 17.3138
2022.5767 23.0167
2022.5794 20.8094
2022.5822 20.6618
2022.5849 20.5438
2022.5877 25.8654
2022.5904 27.6567
2022.5931 28.6476
2022.5959 27.2482
2022.5986 26.5585
2022.6014 29.2285
2022.6041 29.6883
2022.6068 26.6480
2022.6096 25.9874
2022.6123 27.8267
2022.6151 26.2559
2022.6178 26.8449
2022.6205 27.8240
2022.6233 26.5630
2022.6260 24.6519
2022.6288 28.8509
2022.6315 28.0900
2022.6342 26.9791
2022.6370 26.7184
2022.6397 31.8977
2022.6425 33.2673
2022.6452 29.4270
2022.6479 27.6669
2022.6507 29.1771
2022.6534 31.3376
2022.6562 32.8384
2022.6589 34.8895
2022.6616 31.0409
2022.6644 31.3228
2022.6671 29.7684
2022.6699 33.5710
2022.6726 34.2101
2022.6753 31.6050
2022.6781 29.7954
2022.6808 32.8707
2022.6836 32.8104
2022.6863 36.2739
2022.6890 34.1909
2022.6918 31.7407
2022.6945 31.3329
2022.6973 30.9168
2022.7000 32.8022
2022.7027 30.4084
2022.7055 29.4949
2022.7082 30.6311
2022.7110 28.8967
2022.7137 27.7411
2022.7164 24.1537
2022.7192 25.9142
2022.7219 26.8718
2022.7247 26.4763
2022.7274 24.4269
2022.7301 23.3133
2022.7329 27.2548
2022.7356 26.7311
2022.7384 30.4416
2022.7411 33.5757
2022.7438 32.1631
2022.7466 30.1931
2022.7493 28.8659
2022.7521 26.8851
2022.7548 27.2815
2022.7575 24.5152
2022.7603 26.0065
2022.7630 24.0554
2022.7658 28.5723
2022.7685 28.6372
2022.7712 33.8203
2022.7740 34.1919
2022.7767 30.1822
2022.7794 32.0812
2022.7822 30.0792
2022.7849 28.0564
2022.7877 33.2030
2022.7904 31.4790
2022.7931 32.1648
2022.7959 28.1405
2022.7986 30.1463
2022.8014 29.7124
2022.8041 28.5489
2022.8068 27.6560
2022.8096 25.6840
2022.8123 25.8429
2022.8151 28.9431
2022.8178 26.3146
2022.8205 27.8876
2022.8233 28.9724
2022.8260 24.2091
2022.8288 24.5279
2022.8315 30.5890
2022.8342 26.6321
2022.8370 26.4667
2022.8397 25.9127
2022.8425 30.3100
2022.8452 31.9985
2022.8479 27.2080
2022.8507 26.4785
2022.8534 31.9597
2022.8562 29.7217
2022.8589 26.4942
2022.8616 25.2172
2022.8644 30.2905
2022.8671 29.5741
2022.8699 32.5977
2022.8726 33.3213
2022.8753 33.0448
2022.8781 28.4480
2022.8808 35.7109
2022.8836 27.5932
2022.8863 31.2650
2022.8890 29.6260
2022.8918 31.9062
2022.8945 35.4353
2022.8973 34.2634
2022.9000 30.4403
2022.9027 26.8159
2022.9055 26.5900
2022.9082 26.2326
2022.9110 33.3635
2022.9137 33.5026
2022.9164 30.9096
2022.9192 28.4939
2022.9219 29.6154
2022.9247 30.0841
2022.9274 26.6801
2022.9301 30.4935
2022.9329 30.3044
2022.9356 28.1828
2022.9384 28.4888
2022.9411 31.3424
2022.9438 31.3938
2022.9466 28.1330
2022.9493 28.9701
2022.9521 32.0851
2022.9548 27.2981
2022.9575 30.4093
2022.9603 30.3985
2022.9630 30.8260
2022.9658 26.6718
2022.9685 30.5360
2022.9712 27.6785
2022.9740 29.2796
2022.9767 26.6293
2022.9795 29.6476
2022.9822 29.1446
2022.9849 27.7905
2022.9877 28.4051
2022.9904 28.0587
2022.9931 29.0413
2022.9959 26.4230
2022.9986 25.8337
