2009.9986 -1.7211
2010.0014 0.9299
2010.0041 0.6809
2010.0068 -0.7381
2010.0096 4.0728
2010.0123 0.9737
2010.0151 1.6046
2010.0178 2.4455
2010.0205 0.9564
2010.0233 2.9473
2010.0260 1.4182
2010.0288 1.6692
2010.0315 3.0302
2010.0342 1.3912
2010.0370 -0.5376
2010.0397 0.2635
2010.0425 0.2148
2010.0452 0.9762
2010.0479 2.7576
2010.0507 1.6392
2010.0534 4.1108
2010.0562 1.8426
2010.0589 4.0845
2010.0616 1.8466
2010.0644 -1.3512
2010.0671 3.6712
2010.0699 -0.8162
2010.0726 2.3265
2010.0753 1.4294
2010.0781 1.0125
2010.0808 -0.6942
2010.0836 0.3203
2010.0863 -1.1232
2010.0890 0.7852
2010.0918 1.6954
2010.0945 0.5873
2010.0973 -1.1494
2010.1000 -1.2846
2010.1027 -1.5886
2010.1055 -1.8214
2010.1082 -2.0231
2010.1110 -1.4040
2010.1137 -0.3041
2010.1164 4.6665
2010.1192 1.2375
2010.1219 -2.9910
2010.1247 -3.4092
2010.1274 -2.6973
2010.1301 0.0746
2010.1329 -1.3435
2010.1356 -3.2719
2010.1384 -2.2906
2010.1411 -2.9098
2010.1438 -3.5696
2010.1466 -2.7201
2010.1493 1.3985
2010.1521 1.0162
2010.1548 1.4427
2010.1575 1.6181
2010.1603 -2.0679
2010.1630 0.1447
2010.1658 -2.1633
2010.1685 2.0582
2010.1712 3.6192
2010.1740 1.9497
2010.1795 -2.1904
2010.1822 -3.5709
2010.1849 2.2583
2010.1877 -0.2428
2010.1904 -1.9740
2010.1931 -6.4254
2010.1959 -6.2869
2010.1986 -5.0085
2010.2014 -3.2001
2010.2041 -4.6017
2010.2068 -6.0633
2010.2096 -8.3848
2010.2123 -3.4261
2010.2151 -5.5873
2010.2178 -0.3782
2010.2205 -4.4789
2010.2233 -4.1594
2010.2260 -3.3394
2010.2288 -5.7791
2010.2315 -2.8484
2010.2342 -0.5573
2010.2370 -2.3556
2010.2397 -2.9634
2010.2425 -1.9806
2010.2452 -4.0172
2010.2479 -1.7732
2010.2507 -1.5987
2010.2534 -1.7737
2010.2562 0.1719
2010.2589 -0.2221
2010.2616 1.3743
2010.2644 -5.5288
2010.2671 -3.3315
2010.2699 -4.3638
2010.2726 0.7342
2010.2753 0.2225
2010.2781 0.0312
2010.2808 -3.7698
2010.2836 1.6595
2010.2863 -5.4310
2010.2890 -3.9712
2010.2918 -4.1313
2010.2945 -6.2711
2010.2973 -7.8608
2010.3000 -5.8203
2010.3027 -0.0597
2010.3055 -2.0589
2010.3082 -3.9881
2010.3110 -2.8873
2010.3137 -0.9963
2010.3164 -1.4854
2010.3192 -1.0645
2010.3219 -3.0535
2010.3247 -5.2927
2010.3274 -5.4619
2010.3301 -3.5611
2010.3329 -3.7206
2010.3356 -1.8303
2010.3384 -6.3700
2010.3411 -6.4597
2010.3438 -5.4893
2010.3466 -7.3687
2010.3493 -4.5079
2010.3521 -4.6368
2010.3548 -1.4254
2010.3575 -2.7034
2010.3603 -2.5709
2010.3630 -6.1078
2010.3658 -5.7140
2010.3685 0.7406
2010.3712 0.4860
2010.3740 0.3223
2010.3767 0.1397
2010.3794 -1.4419
2010.3822 0.8277
2010.3849 -1.2215
2010.3877 -2.2494
2010.3904 -2.3859
2010.3931 -0.1810
2010.3959 -0.8445
2010.3986 -0.9864
2010.4014 2.4534
2010.4041 8.3549
2010.4068 -3.1117
2010.4096 -3.7764
2010.4123 -2.2091
2010.4151 -4.3698
2010.4178 0.3213
2010.4205 2.9343
2010.4233 -0.1809
2010.4260 -1.1645
2010.4288 -4.4865
2010.4315 -2.9470
2010.4342 -6.6060
2010.4370 -3.1537
2010.4397 -3.1801
2010.4425 -3.8954
2010.4452 -4.9494
2010.4479 -2.3925
2010.4507 -6.2846
2010.4534 -8.5958
2010.4562 -7.6561
2010.4589 -8.9358
2010.4616 -6.6147
2010.4644 -9.4531
2010.4671 -12.6110
2010.4699 -10.4285
2010.4726 -8.2256
2010.4753 -12.2125
2010.4781 -10.3391
2010.4808 -9.7457
2010.4836 -6.5021
2010.4863 -4.4487
2010.4890 -2.8653
2010.4918 -4.4122
2010.4945 -7.9693
2010.4973 -4.9966
2010.5000 -3.7330
2010.5027 -5.8685
2010.5055 -6.4332
2010.5082 -4.1170
2010.5110 -12.3902
2010.5137 -11.2528
2010.5164 -10.4849
2010.5192 -7.4766
2010.5219 -8.9779
2010.5247 -5.4289
2010.5274 -8.0098
2010.5301 -13.1506
2010.5329 -8.0014
2010.5356 -2.8323
2012.0123 11.2567
2012.0150 14.3831
2012.0178 14.3383
2012.0205 11.2925
2012.0232 12.1157
2012.0260 12.9680
2012.0287 16.8995
2012.0314 12.0204
2012.0342 14.0806
2012.0369 11.9203
2012.0396 15.9495
2012.0423 12.2284
2012.0451 13.8171
2012.0478 15.6356
2012.0505 12.1040
2012.0533 14.9824
2012.0560 12.9110
2012.0587 16.8097
2012.0615 12.0987
2012.0642 12.3781
2012.0669 14.5679
2012.0697 12.2183
2012.0724 14.7793
2012.0751 15.6011
2012.0779 12.7536
2012.0806 11.0871
2012.0833 12.3006
2012.0861 13.5328
2012.0888 16.8740
2012.0915 14.1943
2012.0943 18.1239
2012.0970 14.3230
2012.0997 15.7618
2012.1025 13.8404
2012.1052 19.4390
2012.1079 15.7178
2012.1107 19.2671
2012.1134 15.5569
2012.1161 17.0774
2012.1189 16.2489
2012.1216 18.6814
2012.1243 13.0853
2012.1270 14.1006
2012.1298 11.7875
2012.1325 12.7563
2012.1352 11.4871
2012.1380 11.5800
2012.1407 18.3153
2012.1434 12.9132
2012.1462 11.1638
2012.1489 9.7672
2012.1516 11.5738
2012.1544 11.5536
2012.1571 10.0969
2012.1598 14.1337
2012.1626 12.2342
2012.1653 13.3557
2012.1680 14.7375
2012.1708 13.0296
2012.1735 13.6419
2012.1762 13.5745
2012.1790 10.5273
2012.1817 14.4504
2012.1844 17.1637
2012.1872 1.6971
2012.1926 10.7446
2012.1954 11.3686
2012.1981 9.2928
2012.2008 8.7470
2012.2035 9.1614
2012.2063 10.9459
2012.2090 10.1005
2012.2117 9.1551
2012.2145 8.6699
2012.2172 7.6546
2012.2199 9.1494
2012.2227 8.9743
2012.2254 9.9691
2012.2281 9.2439
2012.2309 8.5687
2012.2336 7.3935
2012.2363 6.5483
2012.2391 9.5029
2012.2418 2.5876
2012.2445 3.8221
2012.2555 1.2799
2012.2582 9.1444
2012.2609 3.6088
2012.2637 0.5733
2012.2664 6.5378
2012.2691 4.4922
2012.2719 4.4767
2012.2746 10.0612
2012.2773 17.5757
2012.2801 7.3202
2012.2828 15.9347
2012.3046 5.9509
2012.3074 7.6254
2012.3101 0.3800
2012.3128 3.3846
2012.3156 6.7291
2012.3183 16.2637
2012.3210 19.4083
2012.3374 18.2800
2012.3566 16.3828
2012.3593 13.8933
2012.3620 17.6541
2012.3648 19.6851
2012.3729 12.4383
2012.3757 10.9393
2012.4030 10.8935
2012.4057 14.8201
2012.4085 18.8158
2012.4112 16.6908
2012.4139 12.9144
2012.4167 13.0344
2012.4276 15.3512
2012.4331 18.7482
2012.4522 19.8998
2012.4549 18.5923
2012.4576 18.1048
2012.4686 17.5684
2012.4713 15.3040
2012.4795 20.8501
2012.4822 16.1827
2012.4850 14.4377
2012.4877 9.8852
2012.4986 11.3452
2012.5014 12.8550
2012.5096 22.6189
2012.5123 19.8314
2012.5178 21.3179
2012.5205 17.8817
2012.5260 -4.0696
2012.5287 0.1151
2012.5314 10.6400
2012.5342 10.1649
2012.5369 8.6000
2012.5396 5.9050
2012.5423 10.9999
2012.5451 13.4848
2012.5478 11.5694
2012.5505 12.4538
2012.5533 5.2979
2012.5560 2.6517
2012.5587 4.5750
2012.5615 1.7379
2012.6189 7.2085
2012.6216 7.1041
2012.6325 7.9765
2012.6380 9.8679
2012.6407 5.0537
2012.6434 5.5395
2012.6462 3.6555
2012.6489 7.7716
2012.6516 7.2178
2012.6544 6.4841
2012.6571 4.9306
2012.6598 8.9973
2012.6626 11.2041
2012.6653 4.4312
2012.6680 7.3492
2012.6708 7.8583
2012.6735 4.5484
2012.6762 11.0194
2012.6790 2.6311
2012.6817 8.5536
2012.6844 4.7567
2012.6872 4.6904
2012.6899 5.3245
2012.6926 8.4789
2012.6954 9.8036
2012.6981 8.1985
2012.7008 6.0334
2012.7035 10.0583
2012.7063 8.6531
2012.7090 6.2178
2012.7117 8.0521
2012.7145 5.3861
2012.7172 2.3396
2012.7199 -2.5475
2012.7227 4.9048
2012.7254 1.6064
2012.7281 2.9771
2012.7309 5.7870
2012.7336 6.5858
2012.7363 6.4335
2012.7391 7.4900
2012.7418 5.2352
2012.7445 1.2891
2012.7473 4.2615
2012.7500 3.5522
2012.7527 8.2509
2012.7555 8.8177
2012.7582 8.5626
2012.7609 9.8258
2012.7637 9.1072
2012.7664 9.6170
2012.7691 12.3453
2012.7719 12.3321
2012.7746 9.7775
2012.7773 14.2416
2012.7801 12.2544
2012.7828 13.5860
2012.7855 13.0266
2012.7882 12.9561
2012.7910 13.7547
2012.7937 11.9324
2012.7964 11.6793
2012.7992 8.5455
2012.8019 11.3711
2012.8046 13.8361
2012.8074 19.1706
2012.8128 21.1184
2012.8156 19.9319
2012.8183 19.7052
2012.8210 20.0684
2012.8238 18.3016
2012.8265 15.4548
2012.8292 13.7781
2012.8320 20.6316
2012.8402 22.0029
2012.9221 19.6016
2012.9249 18.5860
2012.9276 21.1502
2012.9303 18.1542
2012.9331 20.6580
2012.9358 18.4117
2012.9385 19.5752
2012.9413 19.1886
2012.9440 18.1819
2012.9467 17.3751
2012.9495 16.2581
2012.9522 14.6611
2012.9549 19.6441
2012.9576 19.5570
2012.9604 16.7398
2012.9631 16.6427
2012.9658 18.1055
2012.9686 14.2283
2012.9713 12.0611
2012.9740 15.6140
2012.9768 14.2669
2012.9795 15.9999
2012.9822 16.8729
2012.9850 16.5961
2012.9877 17.9693
2012.9904 18.5826
2012.9932 18.0961
2012.9959 17.4496
2012.9986 18.3134
2013.0014 19.7672
2013.0041 18.1809
2013.0068 14.9246
2013.0096 15.5383
2013.0123 15.7419
2013.0151 16.3456
2013.0178 15.4693
2013.0205 17.2230
2013.0233 16.2269
2013.0260 19.3209
2013.0288 16.3850
2013.0315 20.2593
2013.0342 18.2837
2013.0370 18.7584
2013.0397 18.2233
2013.0425 16.5385
2013.0452 14.9339
2013.0479 15.9397
2013.0507 14.8958
2013.0534 12.6622
2013.0562 15.1090
2013.0589 18.4162
2013.0616 17.0539
2013.0644 14.8119
2013.0671 17.6905
2013.0699 17.5696
2013.0726 17.3292
2013.0753 15.8793
2013.0781 20.7800
2013.0808 17.7413
2013.0836 18.8245
2013.0863 18.0907
2013.0890 17.1699
2013.0918 19.1119
2013.0945 21.0766
2013.0973 18.7939
2013.1000 19.9037
2013.1027 19.1158
2013.1055 20.1701
2013.1082 19.5665
2013.1110 20.1448
2013.1137 19.1951
2013.1164 17.9570
2013.1192 15.0106
2013.1219 17.3757
2013.1247 13.7621
2013.1274 12.9498
2013.1301 15.7087
2013.1329 15.1285
2013.1356 17.1093
2013.1384 17.2508
2013.1411 15.4830
2013.1438 8.5957
2013.1466 6.3488
2013.1493 11.7322
2013.1521 14.2757
2013.1548 16.8693
2013.1575 16.3829
2013.1603 14.8662
2013.1630 13.0993
2013.1658 14.4925
2013.1685 16.4659
2013.1712 16.0493
2013.1740 14.9630
2013.1767 11.5067
2013.1795 14.5406
2013.1822 11.7246
2013.1849 11.9087
2013.1877 15.3830
2013.1904 15.6873
2013.1931 14.4319
2013.1959 11.2765
2013.1986 19.4512
2013.2014 16.1361
2013.2041 4.6111
2013.2068 15.5361
2013.2096 17.0813
2013.2123 15.7166
2013.2151 15.2821
2013.2178 16.8676
2013.2205 8.7932
2013.2233 11.9389
2013.2260 8.9447
2013.2288 15.1306
2013.2315 13.6366
2013.2370 16.6489
2013.2397 17.4452
2013.2452 11.1580
2013.2479 22.9254
2013.2507 23.1743
2013.2753 3.9519
2013.2781 17.0387
2013.3082 12.5411
2013.3110 11.1183
2013.3137 20.5837
2013.6699 16.0431
2013.8753 25.8160
2013.9521 29.0398
2013.9548 20.3888
2013.9575 18.1271
2013.9603 17.6149
2013.9630 16.2323
2013.9658 16.7696
2013.9685 20.5567
2013.9712 19.6639
2013.9740 19.3014
2013.9767 18.6393
2013.9795 19.8977
2013.9822 21.1969
2013.9849 17.9469
2013.9877 23.3879
2013.9904 18.6301
2013.9931 20.1936
2013.9959 18.3886
2013.9986 18.2852
2014.0014 21.9734
2014.0041 18.4812
2014.0068 16.5186
2014.0096 18.6056
2014.0123 19.7823
2014.0151 19.2689
2014.0178 14.5154
2014.0205 14.4518
2014.0233 19.2284
2014.0260 17.6452
2014.0288 17.2923
2014.0315 18.8597
2014.0342 23.9977
2014.0370 19.9363
2014.0397 18.0155
2014.0425 18.2856
2014.0452 17.1065
2014.0479 20.9584
2014.0507 18.9413
2014.0534 19.3254
2014.0562 20.9408
2014.0589 14.7976
2014.0616 17.1258
2014.0644 20.0056
2014.0671 21.9470
2014.0699 17.3002
2014.0726 17.7352
2014.0753 18.6721
2014.0781 21.8211
2014.0808 21.7322
2014.0836 19.7349
2014.0863 20.2986
2014.0890 17.7231
2014.0918 21.3984
2014.0945 22.4744
2014.0973 22.7612
2014.1000 19.4886
2014.1027 17.7167
2014.1055 20.7553
2014.1082 20.6543
2014.1110 23.0338
2014.1137 24.9437
2014.1164 18.6739
2014.1192 26.6944
2014.1219 26.6752
2014.1247 20.7760
2014.1274 24.6270
2014.1301 20.9481
2014.1329 18.7392
2014.1356 18.6302
2014.1384 16.8311
2014.1411 17.1019
2014.1438 20.8724
2014.1466 20.4527
2014.1493 23.4926
2014.1521 20.4822
2014.1548 23.7414
2014.1575 22.3301
2014.1603 23.4782
2014.1630 20.6258
2014.1658 22.1526
2014.1685 23.2889
2014.1712 22.7945
2014.1740 22.2297
2014.1767 26.6744
2014.1795 26.9387
2014.1822 23.2026
2014.1849 20.8763
2014.1877 20.8198
2014.1904 22.6231
2014.1931 20.2863
2014.1959 11.9794
2014.1986 20.4225
2014.2014 17.6258
2014.2041 17.3891
2014.2068 12.8326
2014.2370 21.2602
2014.2397 20.7405
2014.2452 13.5939
2014.2479 10.0891
2014.2507 14.2591
2014.2534 14.6036
2014.2562 10.8123
2014.2589 17.2049
2014.2616 11.6712
2014.2644 15.5208
2014.2671 12.2434
2014.2699 6.9888
2014.2726 10.5666
2014.2753 8.4967
2014.2808 10.9422
2014.2836 8.8971
2014.2863 4.8130
2014.2890 9.8796
2014.2918 12.1667
2014.2945 13.6140
2014.2973 10.0312
2014.3000 7.3979
2014.3027 18.4040
2014.3055 3.6190
2014.3082 2.7228
2014.3110 6.1351
2014.3137 3.0754
2014.3219 -7.5074
2014.3247 1.0427
2014.3274 5.5195
2014.3301 -0.4968
2014.3329 2.0466
2014.3356 4.1000
2014.3384 5.8236
2014.3521 7.4315
2014.4370 3.2016
2014.4534 16.8274
2014.4616 0.3951
2014.4644 2.4877
2014.4671 6.4402
2014.4699 4.1628
2014.4726 3.2354
2014.4753 3.8480
2014.6205 4.5401
2014.6288 6.5170
2014.6315 15.0935
2014.6342 6.4311
2014.6370 7.8200
2014.6397 5.9305
2014.6425 0.2030
2014.6452 9.0677
2014.6479 7.5850
2014.6507 2.3052
2014.6534 6.3686
2014.6562 3.0656
2014.6589 6.5563
2014.6616 10.7913
2014.6644 9.6507
2014.6671 6.1926
2014.6699 10.5547
2014.6726 13.2469
2014.6753 5.8092
2014.6781 6.1417
2014.6808 8.5444
2014.6836 9.8672
2014.6863 8.9901
2014.6890 12.1731
2014.6918 6.8862
2014.6945 5.9095
2014.6973 9.8828
2014.7000 7.2063
2014.7027 6.2898
2014.7055 5.6234
2014.7082 5.7971
2014.7110 7.1309
2014.7137 8.8148
2014.7164 14.8887
2014.7192 7.2426
2014.7219 4.4866
2014.7247 0.8307
2014.7274 6.9248
2014.7301 -0.5911
2014.7356 7.1573
2014.7384 8.1714
2014.7411 10.7756
2014.7438 6.6698
2014.7466 5.2540
2014.7493 12.9483
2014.7521 10.9035
2014.7548 13.9996
2014.7575 13.5164
2014.7603 10.9639
2014.7630 11.9220
2014.7658 8.4106
2014.7685 15.2697
2014.7712 11.5090
2014.7740 13.0286
2014.7767 11.6083
2014.7849 14.6072
2014.7959 16.1020
2014.7986 4.4694
2014.8014 6.8461
2014.8041 17.6819
2014.8068 11.9869
2014.8096 10.2409
2014.8151 26.4856
2014.8178 24.3961
2014.8205 21.3952
2014.8260 34.3390
2014.8288 26.5935
2014.8315 17.0062
2014.8342 29.2766
2014.8370 29.1541
2014.8397 25.2289
2014.8425 22.9712
2014.8452 18.5610
2014.8534 36.6372
2014.8562 22.6687
2014.8589 19.4284
2014.8616 17.3966
2014.8644 12.9132
2014.8671 8.1785
2014.8699 13.2026
2014.8726 16.6957
2014.8753 2.0079
2014.8781 22.5093
2014.8808 20.6400
2014.8836 18.4602
2014.8890 12.3497
2014.8918 19.9893
2014.8945 16.3689
2014.8973 17.4487
2014.9000 19.8388
2014.9027 14.1794
2014.9055 20.7406
2014.9082 24.2725
2014.9110 23.0253
2014.9137 22.4291
2014.9164 21.5639
2014.9192 23.3486
2014.9219 19.5132
2014.9247 20.3476
2014.9274 23.6518
2014.9301 22.5459
2014.9329 22.4498
2014.9356 24.3937
2014.9384 19.2074
2014.9466 26.7584
2014.9493 20.4520
2014.9521 24.1057
2014.9548 24.7393
2014.9575 24.2630
2014.9603 17.2268
2014.9630 25.8606
2014.9658 21.9646
2014.9685 24.1287
2014.9712 18.2129
2014.9740 24.7572
2014.9767 21.8218
2014.9795 23.9565
2014.9822 23.9915
2014.9849 20.7067
2014.9877 22.7422
2014.9904 19.8979
2014.9931 17.8339
2014.9959 20.0902
2014.9986 21.2669
2015.0014 20.1539
2015.0041 23.7915
2015.0068 20.1697
2015.0151 20.0372
2015.0178 20.6073
2015.0205 20.4878
2015.0233 20.9286
2015.0260 20.0398
2015.0397 19.0594
2015.0425 21.5418
2015.0452 23.0543
2015.0507 26.5694
2015.0534 25.3319
2015.0562 24.3844
2015.0589 20.8068
2015.0616 22.4491
2015.0644 19.4812
2015.0671 22.7632
2015.0699 25.3649
2015.0726 18.7163
2015.0753 20.1575
2015.0781 24.7083
2015.0808 22.9088
2015.0836 25.3185
2015.0863 25.1673
2015.0890 19.1851
2015.0918 26.4621
2015.0945 24.4484
2015.0973 27.0140
2015.1000 22.9389
2015.1027 23.0134
2015.1055 21.9774
2015.1082 24.8311
2015.1110 19.7944
2015.1137 23.0476
2015.1164 23.0306
2015.1192 21.6736
2015.1219 27.1166
2015.1247 29.2497
2015.1274 25.1529
2015.1329 26.1903
2015.1356 25.9146
2015.1384 23.4393
2015.1411 21.1946
2015.1438 21.9806
2015.1466 22.4373
2015.1575 21.6827
2015.1603 24.9942
2015.1685 22.6300
2015.1740 22.8627
2015.1767 24.8276
2015.1849 23.4348
2015.1877 19.7079
2015.1904 20.8028
2015.1931 26.5094
2015.1959 25.6478
2015.2014 25.9492
2015.2096 21.5818
2015.2123 25.1885
2015.2151 24.4863
2015.2178 21.1351
2015.2205 23.5748
2015.2233 11.6854
2015.2260 22.7367
2015.2288 20.4587
2015.2315 18.7912
2015.2342 15.4143
2015.2370 13.9979
2015.2397 17.7717
2015.2425 18.6958
2015.2452 19.3001
2015.2479 17.2351
2015.2507 16.2114
2015.2534 19.3189
2015.2562 18.3375
2015.2589 18.4270
2015.2616 16.2575
2015.2644 15.8688
2015.2671 12.8109
2015.2699 17.1936
2015.2726 15.7169
2015.2753 16.0006
2015.2781 14.8848
2015.2808 12.4292
2015.2836 14.9439
2015.2863 18.0887
2015.2890 12.3435
2015.2918 16.2383
2015.2945 9.8129
2015.2973 7.0373
2015.3000 10.1015
2015.3027 19.0552
2015.3055 13.6184
2015.3082 12.4210
2015.3110 13.5130
2015.3137 15.0742
2015.3575 10.0956
2015.3986 8.3832
2015.4014 13.3480
2015.4041 24.8815
2015.6205 15.2972
2015.6233 7.0047
2015.6260 15.7722
2015.6288 21.9598
2015.6342 17.4451
2015.6370 9.1628
2015.6397 7.0406
2015.6425 10.3485
2015.6452 3.7765
2015.6479 12.2945
2015.6507 16.4728
2015.6534 7.8811
2015.6562 21.5596
2015.6589 13.4582
2015.6616 10.3270
2015.6644 17.9759
2015.6671 7.9952
2015.6699 8.5149
2015.6726 1.7650
2015.6753 14.0255
2015.6781 9.6564
2015.6808 10.8477
2015.6836 9.7793
2015.6863 10.7912
2015.6890 13.0035
2015.6918 10.5361
2015.6945 9.8890
2015.6973 7.4622
2015.7000 8.9656
2015.7027 9.3693
2015.7055 12.9632
2015.7082 11.4873
2015.7110 12.9715
2015.7137 11.8460
2015.7164 13.1206
2015.7192 16.2854
2015.7219 24.0103
2015.7301 12.0257
2015.7329 5.9309
2015.7356 5.2862
2015.7384 3.2616
2015.7411 4.4969
2015.7438 5.9123
2015.7466 7.3576
2015.7493 3.1631
2015.7521 4.8999
2015.7548 7.6779
2015.7575 3.1871
2015.7603 5.6775
2015.7630 8.5288
2015.7658 8.6610
2015.7685 7.6441
2015.7712 6.8177
2015.7740 8.9420
2015.7767 16.2968
2015.7794 8.7119
2015.7822 10.5873
2015.7849 8.9829
2015.7877 12.0985
2015.8068 6.7212
2015.8096 12.1437
2015.8123 10.4653
2015.8151 14.5259
2015.8178 18.7055
2015.8205 17.1039
2015.8260 20.3868
2015.8288 19.1910
2015.8315 20.0937
2015.8342 13.9952
2015.8370 15.2260
2015.8397 15.9560
2015.8425 17.1854
2015.8452 16.4541
2015.8479 19.4922
2015.8507 14.6696
2015.8534 15.8665
2015.8562 13.8227
2015.8589 15.0783
2015.8616 12.8434
2015.8699 14.4053
2015.8726 12.6683
2015.8753 14.7708
2015.8781 9.0628
2015.8808 13.1844
2015.8836 15.6055
2015.8863 13.0563
2015.8890 14.8366
2015.8918 18.3266
2015.8945 22.8262
2015.8973 20.4754
2015.9000 16.6143
2015.9027 22.2929
2015.9575 14.3500
2015.9603 18.2959
2015.9630 18.5717
2015.9658 25.9875
2015.9685 22.4233
2015.9712 18.5589
2015.9740 21.9645
2015.9767 21.2201
2015.9795 13.1856
2015.9849 28.0665
2015.9877 25.2419
2015.9904 23.6373
2015.9931 24.5826
2015.9959 24.6379
2015.9986 24.0632
2016.0014 16.3483
2016.0041 18.9622
2016.0068 20.8949
2016.0096 23.0164
2016.0123 20.6470
2016.0150 21.2467
2016.0178 17.1556
2016.0205 15.9739
2016.0232 18.3117
2016.0260 18.3892
2016.0287 18.3664
2016.0314 16.8234
2016.0342 17.7605
2016.0369 20.7177
2016.0396 16.5751
2016.0423 18.0029
2016.0451 20.2912
2016.0478 20.1502
2016.0505 21.4999
2016.0533 19.7004
2016.0560 21.9620
2016.0587 20.7747
2016.0615 19.9386
2016.0642 17.6939
2016.0669 16.9607
2016.0697 14.4691
2016.0724 20.1692
2016.0751 17.5112
2016.0779 22.2253
2016.0806 20.8114
2016.0833 21.8694
2016.0861 20.5989
2016.0888 21.5897
2016.0915 18.0018
2016.0943 29.8151
2016.0970 28.3496
2016.0997 28.4752
2016.1025 29.8218
2016.1052 29.4893
2016.1079 27.4577
2016.1107 29.6669
2016.1134 23.7868
2016.1161 23.1274
2016.1189 21.6186
2016.1216 18.8103
2016.1243 23.3325
2016.1270 26.5051
2016.1298 23.0580
2016.1325 22.7211
2016.1352 26.4944
2016.1380 25.8879
2016.1407 24.2213
2016.1434 28.3648
2016.1462 24.8382
2016.1489 25.5814
2016.1516 21.9543
2016.1544 24.9870
2016.1571 25.4393
2016.1598 25.5311
2016.1626 21.9525
2016.1653 19.7939
2016.1680 21.5555
2016.1708 14.6574
2016.1735 17.4393
2016.1762 16.0514
2016.1790 15.7637
2016.1817 16.2961
2016.1844 13.0886
2016.1872 16.3512
2016.1899 18.9539
2016.1926 17.1166
2016.1954 16.9995
2016.1981 18.8523
2016.2008 20.7852
2016.2035 17.8681
2016.2063 21.1611
2016.2719 15.0807
2016.3921 24.4164
2016.5014 33.0952
2016.5396 19.5601
2017.1055 21.4923
2017.1082 26.3507
2017.1110 26.8087
2017.1137 25.8263
2017.1164 27.4838
2017.1192 23.4311
2017.1219 27.2784
2017.1247 27.0957
2017.1274 25.5132
2017.1301 23.1009
2017.1329 21.6091
2017.1356 21.8876
2017.1384 23.8267
2017.1411 24.7165
2017.1438 23.4970
2017.1466 25.5683
2017.1493 24.9105
2017.1521 20.6938
2017.1548 22.2282
2017.1575 22.9939
2017.1603 23.7409
2017.1630 24.7603
2017.1658 17.6778
2017.1685 20.0739
2017.1712 24.5980
2017.1740 24.5295
2017.1767 22.2278
2017.1795 23.1424
2017.1822 27.9127
2017.1849 18.5282
2017.1877 21.3084
2017.1904 24.7926
2017.1931 24.6102
2017.1959 25.8408
2017.1986 25.8738
2017.2014 24.9087
2017.2041 30.2647
2017.2068 32.4015
2017.2096 38.2584
2017.2123 37.8949
2017.2151 35.3505
2017.2178 37.8545
2017.2205 38.3064
2017.2233 32.5356
2017.2260 32.9216
2017.2288 35.9839
2017.2315 28.4018
2017.2342 31.6549
2017.2370 31.9625
2017.2397 34.8941
2017.2425 30.1891
2017.2452 34.7670
2017.2479 30.0890
2017.2507 30.3968
2017.2534 27.3208
2017.2562 33.1813
2017.2589 29.6185
2017.2616 30.3628
2017.2644 34.6046
2017.2671 32.9841
2017.2699 33.4016
2017.2726 35.8775
2017.2753 33.9520
2017.2781 34.5656
2017.2808 34.6484
2017.2836 31.5008
2017.3411 26.9738
2017.3466 25.2260
2018.1000 28.6096
2018.1027 30.4583
2018.1055 30.8366
2018.1082 27.9444
2018.1110 31.2220
2018.1137 31.3396
2018.1164 32.0971
2018.1192 29.3348
2018.1219 29.8329
2018.1247 30.2814
2018.1274 28.1905
2018.1301 27.3003
2018.1329 27.5711
2018.1356 25.8928
2018.1384 29.6858
2018.1411 28.2300
2018.1438 28.3857
2018.1466 26.8330
2018.1493 28.6920
2018.1521 28.4129
2018.1548 25.3458
2018.1575 26.0409
2018.1603 28.1183
2018.1630 29.9979
2018.1658 27.7088
2018.1685 31.8608
2018.1712 31.5639
2018.1740 30.8380
2018.1767 30.6330
2018.1795 29.3989
2018.1822 29.3757
2018.1849 30.7833
2018.1877 25.0516
2018.1904 29.1907
2018.1931 28.4303
2018.1959 26.8506
2018.1986 27.9415
2018.2014 28.4628
2018.2041 28.0446
2018.2068 28.7268
2018.2096 28.8593
2018.2123 29.6621
2018.2151 32.8952
2018.2178 32.7185
2018.2205 31.7220
2018.2233 25.1855
2018.2260 28.6991
2018.2288 30.1227
2018.2315 25.3262
2018.2342 30.5197
2018.2370 29.4330
2018.2397 28.6061
2018.2425 28.6389
2018.2452 29.7315
2018.2479 29.9639
2018.2507 29.7263
2018.2534 31.4386
2018.2562 25.9510
2018.2589 28.2233
2018.2616 26.7557
2018.2644 29.4780
2018.2671 27.8804
2018.2699 28.7028
2018.2726 27.0251
2018.2753 29.0575
2018.2781 29.0099
2018.2808 32.7123
2018.2836 30.2447
2018.2863 32.5271
2018.2890 33.1395
2018.2918 31.7820
2018.2945 31.6545
2018.2973 32.6770
2018.3000 31.3395
2018.3027 27.2821
2018.3055 31.2047
2018.3082 33.0373
2018.3110 30.6400
2018.3137 36.9727
2018.3192 26.9982
2018.3219 33.1710
2018.4315 21.1086
2018.4342 28.7659
2018.6315 31.7169
2018.6342 25.1200
2018.6370 23.9128
2018.6397 25.5852
2018.6425 24.5870
2018.6479 18.3288
2018.6507 11.4686
2018.6534 20.1276
2018.6562 22.0857
2018.6589 19.2529
2018.6644 23.2040
2018.6671 32.4375
2018.6699 25.8892
2018.6726 27.3592
2018.6753 26.7776
2018.6781 28.5345
2018.6808 27.4900
2018.6836 23.7043
2018.6863 21.3374
2018.6890 22.3395
2018.6918 20.1707
2018.6945 25.8610
2018.6973 20.7106
2018.7000 19.3497
2018.7027 19.3383
2018.7055 23.0065
2018.7082 20.8144
2018.7110 19.1922
2018.7137 16.1599
2018.7164 19.2478
2018.7192 15.6358
2018.7219 15.2441
2018.7247 14.7428
2018.7274 13.9020
2018.7301 13.5918
2018.7329 15.6024
2018.7356 10.8539
2018.7384 13.6063
2018.7411 18.5197
2018.7466 21.7203
2018.7493 20.7377
2018.7521 18.7967
2018.7548 18.7172
2018.7575 18.6690
2018.7603 19.7321
2018.7630 18.4263
2018.7658 18.6115
2018.7685 23.3775
2018.7712 18.4043
2018.7740 19.2317
2018.7767 19.2696
2018.7794 16.6378
2018.7822 17.5162
2018.7849 18.2047
2018.7877 15.0731
2018.7904 13.5314
2018.7931 14.0794
2018.7959 18.5969
2018.7986 15.4239
2018.8014 15.0502
2018.8041 12.3757
2018.8068 17.2602
2018.8096 14.3137
2018.8123 13.6460
2018.8151 15.4369
2018.8178 12.0964
2018.8205 19.1243
2018.8233 26.0304
2018.8260 16.8947
2018.8288 21.4471
2018.8315 24.9473
2018.8342 20.5160
2018.8370 19.0640
2018.8397 20.1912
2018.8425 23.0476
2018.8452 21.3333
2018.8479 22.8884
2018.8507 19.7428
2018.8534 18.2566
2018.8562 19.4498
2018.8589 16.8425
2018.8616 21.8046
2018.8644 20.5062
2018.8671 23.0074
2018.8699 16.2181
2018.8726 19.7284
2018.8753 20.8283
2018.8781 24.4578
2018.8808 24.4471
2018.8836 22.6560
2018.8863 23.2347
2018.8890 23.2731
2018.8918 23.2413
2018.8945 24.1394
2018.8973 28.7773
2018.9000 29.3650
2018.9027 26.1027
2018.9055 29.4903
2018.9082 27.4279
2018.9110 27.6755
2018.9137 21.5531
2018.9164 31.0508
2018.9192 27.8885
2018.9219 25.0663
2018.9247 25.9640
2018.9274 25.7418
2018.9301 28.2795
2018.9329 29.1571
2018.9356 27.7547
2018.9384 27.9021
2018.9411 27.3494
2018.9438 27.7866
2018.9466 31.2635
2018.9493 29.6103
2018.9521 31.3568
2018.9548 29.3631
2018.9575 28.4391
2018.9603 26.9448
2018.9630 29.1902
2018.9658 30.3553
2018.9685 27.8699
2018.9712 29.1742
2018.9740 30.6081
2018.9767 31.9315
2018.9795 30.2144
2018.9822 32.3069
2018.9849 31.0788
2018.9877 30.4402
2018.9904 32.6411
2018.9931 31.1714
2018.9959 31.3510
2018.9986 31.7300
2019.0014 32.8683
2019.0041 33.8950
2019.0068 29.3301
2019.0096 34.0738
2019.0123 34.5761
2019.0151 38.3271
2019.0178 34.5770
2019.0205 31.0957
2019.0233 31.9935
2019.0260 29.8404
2019.0288 30.8566
2019.0315 31.8220
2019.0342 35.4069
2019.0370 33.7313
2019.0397 33.1053
2019.0425 33.1290
2019.0452 34.4326
2019.0479 35.1461
2019.0507 35.5395
2019.0534 34.1531
2019.0562 34.2169
2019.0589 33.5610
2019.0616 32.2355
2019.0644 36.4306
2019.0671 35.8662
2019.0699 32.0826
2019.0726 35.9597
2019.0753 36.9878
2019.0781 36.1568
2019.0808 34.3970
2019.0836 31.4972
2019.0863 25.8765
2019.0890 31.5851
2019.0918 32.2831
2019.0945 32.9406
2019.0973 34.6479
2019.1000 36.3850
2019.1027 33.9522
2019.1055 33.6395
2019.1082 30.9572
2019.1110 34.2255
2019.1137 31.4543
2019.1164 31.4741
2019.1192 33.8048
2019.1219 36.8166
2019.1247 35.2597
2019.1274 34.8543
2019.1301 30.8505
2019.1329 30.9885
2019.1356 29.7884
2019.1384 31.4504
2019.1411 30.8746
2019.1438 31.5612
2019.1466 29.6104
2019.1493 31.7223
2019.1521 33.1771
2019.1548 32.9949
2019.1575 34.2059
2019.1603 32.6802
2019.1630 31.7677
2019.1658 34.9563
2019.1685 31.0956
2019.1712 32.1157
2019.1740 31.5265
2019.1767 30.8779
2019.1795 28.2199
2019.1822 32.8425
2019.1849 31.9357
2019.1877 31.4794
2019.1904 32.8136
2019.1931 31.8382
2019.1959 32.4033
2019.1986 30.5187
2019.2014 33.5745
2019.2041 35.4406
2019.2068 33.4469
2019.2096 29.3236
2019.2123 35.1504
2019.2151 32.3774
2019.2178 32.8046
2019.2205 33.6819
2019.2233 36.1092
2019.2260 39.2366
2019.2288 44.2440
2019.2315 45.7114
2019.2342 44.8487
2019.2370 43.3159
2019.2397 46.7030
2019.2425 47.9100
2019.2452 45.5867
2019.2479 45.0036
2019.2507 43.9711
2019.2534 47.7690
2019.2562 46.0773
2019.2589 45.2460
2019.2616 46.3150
2019.2644 46.2643
2019.2671 49.8238
2019.2699 43.3034
2019.2726 41.9132
2019.2753 43.1230
2019.2781 36.5328
2019.2808 38.1525
2019.2836 33.6922
2019.2863 34.6817
2019.2890 40.1510
2019.2918 40.3700
2019.2945 41.2887
2019.2973 38.5671
2019.3000 39.8950
2019.3027 39.9925
2019.3055 36.4994
2019.3082 33.4358
2019.3110 31.5415
2019.3137 33.9966
2019.3164 35.0809
2019.3192 32.0445
2019.3219 34.2272
2019.3247 35.7590
2019.3274 36.8999
2019.3301 35.1098
2019.3329 32.9888
2019.3356 40.4969
2019.3384 47.2641
2019.3411 45.0506
2019.3438 43.6164
2019.3466 42.2415
2019.6178 39.4411
2019.6205 30.7074
2019.6589 36.6824
2019.6616 35.5360
2019.6644 30.4993
2019.6671 38.2323
2019.6836 38.7558
2019.6863 32.9974
2019.6918 36.2600
2019.6945 35.5212
2019.6973 31.0022
2019.7000 32.8931
2019.7027 33.3739
2019.7055 34.7146
2019.7082 35.9452
2019.7110 32.4858
2019.7137 46.4364
2019.7164 38.4068
2019.7192 36.3673
2019.7219 38.4678
2019.7247 40.8882
2019.7274 35.2387
2019.7301 36.7891
2019.7329 35.4297
2019.7356 34.9002
2019.7384 35.3009
2019.7411 34.4015
2019.7438 35.4923
2019.7466 39.5432
2019.7493 42.5242
2019.7521 42.9351
2019.7548 39.4760
2019.7575 39.4768
2019.7603 40.3976
2019.7630 39.4484
2019.7658 37.6392
2019.7685 40.2399
2019.7712 42.1805
2019.7740 38.3012
2019.7767 36.3418
2019.7794 35.0623
2019.7822 37.9229
2019.7849 36.6334
2019.7877 37.3339
2019.7904 39.4044
2019.7931 38.8748
2019.7959 41.9952
2019.7986 40.2356
2019.8014 35.4960
2019.8041 41.7464
2019.8068 37.4667
2019.8096 37.5871
2019.8123 36.4274
2019.8151 38.2577
2019.8178 37.3280
2019.8205 36.7983
2019.8233 33.1986
2019.8260 32.6489
2019.8288 34.1091
2019.8315 33.2894
2019.8342 34.6292
2019.8370 35.1180
2019.8397 35.7757
2019.8425 30.0225
2019.8452 33.9084
2019.8479 29.9733
2019.8507 30.6672
2019.8534 32.4402
2019.8562 28.4723
2019.8589 32.3435
2019.8616 29.5138
2019.8644 33.5231
2019.8671 32.0316
2019.8699 32.5593
2019.8726 31.8160
2019.8753 30.1519
2019.8781 29.2670
2019.8808 24.0512
2019.8836 25.9846
2019.8863 24.5772
2019.8890 23.9290
2019.8918 24.4700
2019.8945 28.1603
2019.8973 29.2497
2019.9000 38.7184
2019.9027 36.5764
2019.9055 34.9936
2019.9082 33.7300
2019.9110 33.0458
2019.9137 33.7908
2019.9164 33.9048
2019.9192 37.8251
2019.9219 36.0217
2019.9247 33.8448
2019.9274 30.2747
2019.9301 32.7615
2019.9329 34.0257
2019.9356 29.0575
2019.9384 29.4771
2019.9411 29.3848
2019.9438 33.2309
2019.9466 34.5757
2019.9493 31.4993
2019.9521 29.7422
2019.9548 28.9145
2019.9575 31.2665
2019.9603 28.6686
2019.9630 29.1609
2019.9658 29.3537
2019.9685 27.7673
2019.9712 31.3920
2019.9740 31.0380
2019.9767 35.0257
2019.9795 36.5852
2019.9822 34.4369
2019.9849 34.1410
2019.9877 37.6677
2019.9904 35.6675
2019.9931 36.2404
2019.9959 37.1268
2019.9986 32.8270
2020.0205 25.2991
2020.0232 34.8856
2020.0260 33.5424
2020.0287 30.6794
2020.0314 32.4667
2020.0342 29.7942
2020.0369 33.7218
2020.0396 31.4097
2020.0423 33.0377
2020.0451 32.1559
2020.0478 28.7543
2020.0505 31.3728
2020.0533 30.9714
2020.0560 31.6002
2020.0587 31.4491
2020.0615 32.1781
2020.0642 32.3372
2020.0669 35.2764
2020.0697 29.7857
2020.0724 36.1350
2020.0751 33.6944
2020.0779 30.4939
2020.0806 33.0434
2020.0833 30.8229
2020.0861 33.1826
2020.0888 33.2624
2020.0915 34.3624
2020.0943 37.0225
2020.0970 32.9128
2020.0997 31.2733
2020.1025 30.9340
2020.1052 27.9949
2020.1079 24.6060
2020.1107 30.9174
2020.1134 32.6390
2020.1161 31.8708
2020.1189 33.6329
2020.1216 31.0853
2020.1243 32.8280
2020.1270 33.6910
2020.1298 28.3343
2020.1325 32.1779
2020.1352 31.0719
2020.1380 32.0562
2020.1407 30.5609
2020.1434 34.4759
2020.1462 31.7113
2020.1489 31.1671
2020.1516 33.0734
2020.1544 34.0100
2020.1571 31.8071
2020.1598 31.1346
2020.1626 36.6330
2020.1653 35.7071
2020.1680 33.5279
2020.1708 33.1349
2020.1735 29.6577
2020.1762 31.7259
2020.1790 29.5789
2020.1817 30.6362
2020.1844 30.6876
2020.1872 27.0724
2020.1899 26.7702
2020.1926 27.7005
2020.1954 25.5230
2020.1981 33.8570
2020.2008 31.0423
2020.2035 31.3782
2020.2063 31.1044
2020.2090 28.0503
2020.2117 26.6156
2020.2145 25.5097
2020.2172 27.2322
2020.2199 26.5727
2020.2227 23.4906
2020.2254 28.0456
2020.2281 30.7570
2020.2309 29.3246
2020.2336 30.2078
2020.2363 29.3262
2020.2391 29.8292
2020.2418 27.8365
2020.2445 30.3076
2020.2473 24.6834
2020.2500 24.6174
2020.2527 25.1297
2020.2555 27.4105
2020.2582 24.1599
2020.2609 26.6780
2020.2637 28.2150
2020.2664 29.6209
2020.2691 31.2859
2020.2719 27.3901
2020.2746 29.0636
2020.6735 23.2804
2020.6844 25.6482
2020.6872 20.3182
2020.6954 28.6593
2020.6981 30.0101
2020.7008 33.2310
2020.7035 25.6221
2020.7063 20.8033
2020.7090 25.6247
2020.7117 21.0962
2020.7145 20.9979
2020.7172 27.1997
2020.7199 29.6416
2020.7227 25.8137
2020.7254 22.5658
2020.7281 24.6481
2020.7309 24.2005
2020.7336 20.9629
2020.7363 24.0055
2020.7391 23.9981
2020.7418 25.0208
2020.7445 24.5436
2020.7473 26.4164
2020.7500 27.2393
2020.7527 30.5523
2020.7555 28.7553
2020.7582 26.3284
2020.7609 28.8416
2020.7637 30.5048
2020.7664 27.4582
2020.7691 27.8216
2020.7719 26.9652
2020.7746 27.5388
2020.7773 24.5225
2020.7801 27.0263
2020.7828 25.8203
2020.7855 31.1243
2020.7882 31.7184
2020.7910 31.8627
2020.7937 26.3771
2020.7964 29.1216
2020.7992 29.7962
2020.8019 31.7510
2020.8046 32.2859
2020.8074 36.4809
2020.8101 31.2560
2020.8128 32.8613
2020.8156 32.5068
2020.8183 26.5523
2020.8210 31.3881
2020.8238 29.0340
2020.8265 30.1100
2020.8292 25.8862
2020.8320 26.2426
2020.8347 27.2414
2020.8374 29.4433
2020.8402 31.0883
2020.8429 29.3060
2020.8456 31.9663
2020.8484 26.0789
2020.8511 26.2636
2020.8538 22.2502
2020.8566 15.8285
2020.8593 21.3082
2020.8620 21.7190
2020.8648 21.6708
2020.8675 19.6734
2020.8702 20.9765
2020.8729 16.7398
2020.8757 17.3032
2020.8784 17.8164
2020.8811 14.3893
2020.8839 15.3715
2020.8866 14.4229
2020.8893 8.7131
2020.8921 21.0921
2020.8948 22.1896
2020.8975 30.0952
2020.9003 29.7489
2020.9030 30.3404
2020.9057 29.1494
2020.9085 28.1958
2020.9112 31.1393
2020.9139 35.3396
2020.9167 29.3370
2020.9194 32.9731
2020.9221 29.4682
2020.9249 29.9222
2020.9276 35.7853
2020.9303 35.2774
2020.9331 28.0886
2020.9358 29.6188
2020.9385 33.0982
2020.9413 32.8768
2020.9440 31.6945
2020.9467 33.8214
2020.9495 33.8175
2020.9522 37.4529
2020.9549 36.0275
2020.9576 38.2615
2020.9604 35.9448
2020.9631 33.4674
2020.9658 36.1494
2020.9686 33.5309
2020.9713 39.0417
2020.9740 35.8721
2020.9768 34.8619
2020.9795 35.8012
2020.9822 33.1701
2020.9850 38.1585
2020.9877 35.5366
2020.9904 34.0242
2020.9932 38.9115
2020.9959 37.9885
2020.9986 34.8552
2021.0014 36.6314
2021.0041 36.6059
2021.0068 38.1587
2021.0096 43.6800
2021.0123 37.3399
2021.0151 37.3285
2021.0178 37.6260
2021.0205 38.8126
2021.0233 36.3584
2021.0260 34.9135
2021.0288 38.0982
2021.0315 33.1326
2021.0342 33.8868
2021.0370 33.3209
2021.0397 32.6552
2021.0425 32.0998
2021.0452 31.9748
2021.0479 34.5705
2021.0507 34.1268
2021.0534 32.5741
2021.0562 36.5024
2021.0589 30.7420
2021.0616 35.1528
2021.0644 37.8853
2021.0671 35.0393
2021.0699 37.6052
2021.0726 34.5431
2021.0753 32.6931
2021.0781 33.8154
2021.0808 35.2501
2021.0836 42.1264
2021.0863 37.9931
2021.0890 38.2604
2021.0918 39.0682
2021.0945 36.5765
2021.0973 37.8252
2021.1000 31.4145
2021.1027 33.1842
2021.1055 31.2245
2021.1082 35.1851
2021.1110 30.5863
2021.1137 33.8579
2021.1164 38.2899
2021.1192 36.4424
2021.1219 38.7354
2021.1247 37.6587
2021.1274 33.3725
2021.1301 33.1667
2021.1329 31.9814
2021.1356 34.6264
2021.1384 27.8019
2021.1411 34.5777
2021.1438 38.2839
2021.1466 39.6305
2021.1493 36.3775
2021.1521 37.7249
2021.1548 38.2226
2021.1575 38.4607
2021.1603 39.7091
2021.1630 38.0279
2021.1658 35.3867
2021.1685 35.7956
2021.1712 37.2146
2021.1740 38.3536
2021.1767 34.4826
2021.1795 36.5717
2021.1822 38.0608
2021.1849 35.2799
2021.1877 36.5091
2021.1904 39.8783
2021.1931 40.6275
2021.1959 37.5167
2021.1986 40.5059
2021.2014 34.2752
2021.2041 46.1444
2021.2068 44.9437
2021.2096 44.9630
2021.2123 44.6622
2021.2151 42.6815
2021.2178 43.2007
2021.2205 45.3299
2021.2233 38.4991
2021.2260 45.3283
2021.2288 45.4575
2021.2315 45.9266
2021.2342 49.9557
2021.2370 46.0447
2021.2397 45.4037
2021.2425 46.6227
2021.2452 50.1816
2021.2479 53.9404
2021.2507 54.8790
2021.2534 53.8274
2021.2562 53.1857
2021.2589 47.1138
2021.2616 51.1118
2021.2644 45.4096
2021.2671 48.6374
2021.2699 45.8950
2021.2726 45.4726
2021.2753 44.1000
2021.2781 46.7974
2021.2808 46.1048
2021.2836 45.5422
2021.2863 47.6095
2021.2890 49.8568
2021.2918 48.8641
2021.2945 40.0415
2021.2973 41.7189
2021.3000 46.5763
2021.3027 44.9238
2021.3055 42.3614
2021.3082 42.3190
2021.3110 43.4168
2021.3137 40.5846
2021.3164 40.7726
2021.3192 41.5508
2021.3219 40.8291
2021.3247 37.6375
2021.3274 39.2962
2021.3301 40.4757
2021.3329 38.1703
2021.3356 39.4204
2021.3384 40.8155
2021.3411 40.8753
2021.3438 38.3493
2021.3466 38.5171
2021.3493 42.8983
2021.3521 39.0525
2021.3548 43.2593
2021.3575 45.4282
2021.3603 43.4789
2021.3630 44.7510
2021.3658 42.5239
2021.3685 39.8874
2021.3712 38.1010
2021.3740 34.4542
2021.3767 32.4368
2021.3794 38.9082
2021.3822 39.1680
2021.3849 38.0659
2021.3877 39.1214
2021.3904 39.1142
2021.3931 40.4237
2021.3959 39.1196
2021.3986 40.0016
2021.4014 38.8490
2021.4041 39.1417
2021.4068 38.3290
2021.4096 38.1807
2021.4123 41.9163
2021.4151 38.0487
2021.4178 35.9007
2021.4205 35.5025
2021.4233 39.8940
2021.4260 44.6552
2021.4288 38.3263
2021.4315 39.8472
2021.4342 43.4778
2021.4370 41.0184
2021.4397 47.0887
2021.4425 45.1490
2021.4452 41.2592
2021.4479 40.8393
2021.4507 38.1193
2021.4534 38.6493
2021.4562 45.7392
2021.4589 41.5692
2021.4616 40.9092
2021.4644 42.8192
2021.4671 42.8493
2021.4699 46.2294
2021.4726 40.9096
2021.4753 44.1800
2021.4781 40.0305
2021.4808 42.7211
2021.4836 39.0219
2021.4863 39.6929
2021.4890 39.6542
2021.4918 38.1256
2021.4945 36.2373
2021.4973 44.9292
2021.5000 43.7910
2021.5027 42.9325
2021.5055 41.7539
2021.5082 37.5051
2021.5110 41.1062
2021.5137 32.4972
2021.5164 37.8681
2021.5192 36.6590
2021.5219 39.5998
2021.5247 41.9707
2021.5274 42.1815
2021.5301 40.9424
2021.5329 38.0734
2021.5356 39.5144
2021.5384 43.7156
2021.5411 41.9969
2021.5438 39.4484
2021.5466 39.1301
2021.5493 37.2820
2021.5521 41.6141
2021.5548 39.3865
2021.5575 35.8692
2021.5603 40.4522
2021.5630 40.1556
2021.5658 32.4993
2021.5685 32.3533
2021.5712 37.2378
2021.5740 38.4328
2021.5767 38.2581
2021.5794 40.2540
2021.5822 40.7504
2021.5849 43.7771
2021.5877 36.8642
2021.6260 36.9131
2021.6288 31.9437
2021.6315 30.6343
2021.6342 25.8050
2021.7055 40.6362
2021.7082 43.0182
2021.7110 41.5600
2021.7137 37.6116
2021.7164 37.2731
2021.7192 39.5544
2021.7219 39.2355
2021.7247 41.5962
2021.7274 39.8867
2021.7301 43.3269
2021.7329 42.7968
2021.7356 42.6862
2021.7384 42.5053
2021.7411 42.2739
2021.7438 40.7721
2021.7466 40.2297
2021.7493 40.1469
2021.7521 38.9333
2021.7548 39.3090
2021.7575 41.2840
2021.7603 42.8083
2021.7630 44.5621
2021.7658 43.3952
2021.7685 44.7578
2021.7712 42.3499
2021.7740 41.7416
2021.7767 43.0628
2021.7794 40.7635
2021.7822 41.5539
2021.7849 39.4040
2021.7877 39.9637
2021.7904 40.9632
2021.7931 48.9525
2021.7959 46.8615
2021.7986 44.1304
2021.8014 39.8591
2021.8041 43.2777
2021.8068 48.1663
2021.8096 50.6048
2021.8123 51.6833
2021.8151 50.0418
2021.8178 50.6404
2021.8205 45.7292
2021.8233 48.1380
2021.8260 48.9570
2021.8288 45.1163
2021.8315 40.5057
2021.8342 41.5552
2021.8370 42.9945
2021.8397 42.2837
2021.8425 33.8827
2021.8452 35.4616
2021.8479 37.6503
2021.8507 34.4990
2021.8534 35.3975
2021.8562 34.2859
2021.8589 39.4743
2021.8616 32.3926
2021.8644 37.9609
2021.8671 37.3691
2021.8699 38.2973
2021.8726 38.2754
2021.8753 32.0536
2021.8781 38.7318
2021.8808 40.1400
2021.8836 40.2483
2021.8863 41.7066
2021.8918 38.6533
2021.8945 45.4719
2021.8973 42.6105
2021.9000 39.6592
2021.9027 43.6981
2021.9055 51.8171
2021.9082 44.5362
2021.9110 49.6755
2021.9137 61.0950
2021.9164 46.0448
2021.9192 47.9156
2021.9219 46.2475
2021.9247 42.6505
2021.9274 45.6045
2021.9301 49.6794
2021.9329 43.2850
2021.9356 45.4015
2021.9384 43.2986
2021.9411 46.5863
2021.9438 45.3045
2021.9466 45.4732
2021.9493 43.8923
2021.9521 42.7016
2021.9548 42.9013
2021.9575 46.4210
2021.9603 48.0209
2021.9630 48.2308
2021.9658 43.2406
2021.9685 46.8503
2021.9712 41.0098
2021.9740 39.7190
2021.9767 46.3278
2021.9795 41.4762
2021.9822 46.3341
2021.9849 46.7915
2021.9877 47.2782
2021.9904 42.4742
2021.9931 44.4394
2021.9959 43.9037
2021.9986 41.7571
2022.0014 47.4993
2022.0041 43.4993
2022.0068 44.3070
2022.0096 43.4628
2022.0123 39.5967
2022.0151 39.8589
2022.0178 43.2796
2022.0205 48.4090
2022.0233 44.2373
2022.0260 47.4247
2022.0288 44.8312
2022.0315 41.9272
2022.0342 43.2628
2022.0370 41.4882
2022.0397 42.6635
2022.0425 45.4489
2022.0452 42.9847
2022.0479 45.4610
2022.0507 43.9379
2022.0534 45.0457
2022.0562 42.8046
2022.0589 40.6947
2022.0616 37.8061
2022.0644 38.2392
2022.0671 44.0540
2022.0699 43.8408
2022.0726 41.9697
2022.0753 40.9809
2022.0781 45.3446
2022.0808 41.5309
2022.0836 47.4989
2022.0863 45.8174
2022.0890 45.8164
2022.0918 48.7958
2022.0945 44.1556
2022.0973 41.1058
2022.1000 44.1663
2022.1027 41.5072
2022.1055 35.3783
2022.1082 41.5896
2022.1110 38.6812
2022.1137 38.2229
2022.1164 38.6648
2022.1192 44.2268
2022.1219 45.6789
2022.1247 42.4910
2022.1274 39.2932
2022.1301 40.7053
2022.1329 43.0374
2022.1356 44.0194
2022.1384 41.0913
2022.1411 49.2431
2022.1438 41.1747
2022.1466 44.5361
2022.1493 41.7972
2022.1521 40.4881
2022.1548 44.0386
2022.1575 44.8289
2022.1603 43.9587
2022.1630 42.5582
2022.1658 45.2776
2022.1685 45.3968
2022.1712 42.6858
2022.1740 44.9748
2022.1767 44.4637
2022.1795 47.5124
2022.1822 42.6410
2022.1849 47.5495
2022.1877 48.8979
2022.3548 43.3466
2022.3575 44.0915
2022.3603 41.8680
2022.3630 37.0958
2022.3658 34.3747
2022.3685 37.3143
2022.3712 35.6643
2022.3740 33.9144
2022.3767 30.7844
2022.3794 40.1039
2022.3822 36.7926
2022.3849 32.5302
2022.3877 35.9965
2022.3904 40.4511
2022.3931 37.5537
2022.3959 33.1340
2022.3986 34.8018
2022.4014 31.7266
2022.4041 34.6583
2022.4068 35.5365
2022.4096 33.0809
2022.4123 31.9213
2022.4151 35.0195
2022.4178 33.0076
2022.4205 30.3957
2022.4233 32.5437
2022.4260 35.1917
2022.4288 35.6095
2022.4315 30.5473
2022.4342 36.5650
2022.4370 32.9726
2022.4397 34.0001
2022.4425 34.1575
2022.4452 34.8948
2022.4479 32.7719
2022.4507 35.0990
2022.4534 31.0259
2022.4562 32.9627
2022.4589 32.1694
2022.4616 26.6559
2022.4644 28.8223
2022.4671 31.6585
2022.4699 29.4046
2022.4726 32.4805
2022.4753 34.0362
2022.4781 32.2918
2022.4808 35.7472
2022.4836 36.8225
2022.4863 33.7275
2022.4890 31.8624
2022.4918 36.3071
2022.4945 35.0215
2022.4973 30.4358
2022.5000 32.2596
2022.5027 30.3229
2022.5055 32.7758
2022.5082 34.8884
2022.5110 33.4306
2022.5137 33.7925
2022.5164 33.9742
2022.5192 36.2157
2022.5219 35.0470
2022.5247 34.3981
2022.5274 29.2291
2022.5301 30.5601
2022.5329 32.7011
2022.5356 34.6621
2022.5384 33.3831
2022.5411 37.2242
2022.5438 34.9955
2022.5466 36.5269
2022.5493 34.0786
2022.5521 33.7504
2022.5548 34.7226
2022.5575 30.9351
2022.5603 27.4680
2022.5630 34.6413
2022.5658 34.9050
2022.5685 29.9292
2022.5712 31.0539
2022.5740 28.0691
2022.5767 32.0050
2022.5794 31.1315
2022.5822 30.0587
2022.5849 27.8471
2022.5877 31.2866
2022.5904 26.2472
2022.5931 32.4788
2022.5959 33.6514
2022.5986 32.8649
2022.6014 35.5693
2022.6041 35.1346
2022.6068 30.7006
2022.6096 34.0173
2022.6123 27.8648
2022.6151 25.8928
2022.6178 28.0714
2022.6205 32.0606
2022.6233 30.4903
2022.6260 32.1003
2022.6288 31.4308
2022.6315 33.0915
2022.6342 30.7326
2022.6370 31.8038
2022.6397 36.8153
2022.6425 35.6069
2022.6452 35.5685
2022.6479 34.8901
2022.6507 31.5018
2022.6534 35.0333
2022.6562 36.3147
2022.6589 39.5460
2022.6616 38.8570
2022.6644 36.4077
2022.6671 33.9196
2022.6699 34.9741
2022.6726 37.1210
2022.6753 34.2000
2022.6781 32.3808
2022.6808 35.2033
2022.6836 38.3272
2022.6863 38.1522
2022.6890 38.0082
2022.6918 36.5350
2022.6945 36.9322
2022.6973 33.3596
2022.7000 41.3370
2022.7027 38.5142
2022.7055 37.7410
2022.7082 38.0770
2022.7110 34.1421
2022.7137 35.4660
2022.7164 21.9386
2022.7192 33.1795
2022.7219 31.5485
2022.7247 32.2254
2022.7274 36.1800
2022.7301 34.5920
2022.7329 34.8112
2022.7356 34.5073
2022.7384 35.9702
2022.7411 39.8596
2022.7438 34.8652
2022.7466 31.5768
2022.7493 31.8247
2022.7521 30.3715
2022.7548 29.4575
2022.7575 27.9028
2022.7603 31.1075
2022.7630 30.6416
2022.7658 37.4351
2022.7685 38.6981
2022.7712 37.8305
2022.7740 41.6625
2022.7767 40.4940
2022.7794 43.0751
2022.7822 40.5458
2022.7849 36.2462
2022.7877 44.3063
2022.7904 43.8661
2022.7931 48.3656
2022.7959 45.8650
2022.7986 50.1141
2022.8014 51.3531
2022.8041 52.1720
2022.8068 49.3809
2022.8096 47.4297
2022.8123 51.3184
2022.8151 57.9072
2022.8178 53.7161
2022.8205 56.4950
2022.8233 54.8041
2022.8260 50.7533
2022.8288 51.6028
2022.8315 54.7924
2022.8342 48.9822
2022.8370 49.8820
2022.8397 44.5518
2022.8425 47.2616
2022.8452 49.1614
2022.8479 42.1312
2022.8507 40.2709
2022.8534 45.2406
2022.8562 41.4703
2022.8589 36.1300
2022.8616 37.1296
2022.8644 39.1391
2022.8671 43.5086
2022.8699 45.3480
2022.8726 42.7873
2022.8753 43.3065
2022.8781 40.3957
2022.8808 49.5247
2022.8836 38.9837
2022.8863 36.7525
2022.8890 37.7412
2022.8918 45.4798
2022.8945 47.2782
2022.8973 46.1265
2022.9000 45.3747
2022.9027 38.4026
2022.9055 42.0805
2022.9082 42.8381
2022.9110 47.8556
2022.9137 38.8629
2022.9164 43.0498
2022.9192 41.4651
2022.9219 42.1684
2022.9247 46.3400
2022.9274 41.5398
2022.9301 44.9079
2022.9329 46.1844
2022.9356 44.4193
2022.9384 41.3927
2022.9411 45.4847
2022.9438 37.9453
2022.9466 38.4645
2022.9493 38.6525
2022.9521 45.8992
2022.9548 47.0849
2022.9575 49.4094
2022.9603 46.7528
2022.9630 48.0453
2022.9658 46.6569
2022.9685 51.0177
2022.9712 46.9476
2022.9740 48.4068
2022.9767 47.2853
2022.9795 47.0031
2022.9822 49.0804
2022.9849 46.2173
2022.9877 45.9136
2022.9904 47.2196
2022.9931 46.9852
2022.9959 46.0006
2022.9986 45.0858
