2010.0151 -0.3456
2010.0178 -1.6752
2010.0205 0.1854
2010.0233 2.9461
2010.0260 1.6570
2010.0288 2.3081
2010.0315 3.0392
2010.0342 2.3704
2010.0370 -0.7584
2010.0397 1.5729
2010.0425 -0.8259
2010.0452 1.7553
2010.0479 3.3863
2010.0507 3.1373
2010.0534 3.9782
2010.0562 4.0588
2010.0589 3.7093
2010.0616 -0.3105
2010.0644 -1.7605
2010.0671 0.4092
2010.0699 1.6686
2010.0726 1.8976
2010.0753 0.9363
2010.0781 1.0245
2010.0808 1.8823
2010.0836 2.9298
2010.0863 1.2271
2010.0890 2.6443
2010.0918 2.4214
2010.0945 -0.0517
2010.0973 -1.1148
2010.1000 -1.6081
2010.1027 -2.3314
2010.1055 -2.4348
2010.1082 -0.3883
2010.1110 1.4382
2010.1137 -2.5653
2010.1164 0.3411
2010.1192 -3.5324
2010.1219 -11.0660
2010.1247 -8.1695
2010.1274 -3.5529
2010.1301 1.3137
2010.1329 0.2603
2010.1356 -1.9730
2010.1384 -2.0361
2010.1411 -3.0792
2010.1438 -2.0322
2010.1466 -0.1750
2010.1493 3.4023
2010.1521 3.2598
2010.1548 2.5275
2010.1575 3.4253
2010.1603 -1.1667
2010.1630 1.1016
2010.1658 -1.8301
2010.1685 2.1683
2010.1712 4.0268
2010.1740 -0.1246
2010.1767 -0.9660
2010.1795 1.9627
2010.1822 1.6715
2010.1849 3.6604
2010.1877 1.8493
2010.1904 -0.5417
2010.1931 -2.7326
2010.1959 -2.9135
2010.1986 -1.6443
2010.2014 -0.5951
2010.2041 -2.0758
2010.2068 -1.7564
2010.2096 -4.1970
2010.2123 -0.9776
2010.2151 -2.1281
2010.2178 0.9215
2010.2205 -1.5189
2010.2233 0.1307
2010.2260 -1.5997
2010.2288 -1.7800
2010.2315 -0.8902
2010.2342 0.2395
2010.2370 0.9293
2010.2397 0.3691
2010.2425 0.9589
2010.2452 -1.2712
2010.2479 -0.4413
2010.2507 1.6089
2010.2534 -0.7208
2010.2562 6.4296
2010.2589 -0.0597
2010.2616 3.3611
2010.2644 -1.4480
2010.2671 1.0830
2010.2699 -0.4558
2010.2726 4.1256
2010.2753 5.0670
2010.2781 4.4786
2010.2808 1.8002
2010.2836 4.2320
2010.2863 -1.2662
2010.2890 -0.0142
2010.2918 -0.2222
2010.2945 -1.7401
2010.2973 -3.6379
2010.3000 -3.4257
2010.3027 2.1066
2010.3055 1.4890
2010.3082 0.4214
2010.3110 1.6638
2010.3137 -0.2438
2010.3164 2.0987
2010.3192 2.9812
2010.3219 -1.9563
2010.3247 -1.7238
2010.3274 -4.2713
2010.3301 -1.9087
2010.3329 -1.3962
2010.3356 2.2865
2010.3384 -2.1607
2010.3411 -0.9478
2010.3438 -0.1947
2010.3466 -5.3013
2010.3493 -1.4178
2010.3521 -2.7839
2010.3548 1.8003
2010.3575 -1.1652
2010.3603 -0.9702
2010.3630 -4.0049
2010.3658 -1.5292
2010.3685 2.1171
2010.3712 2.4538
2010.3740 1.2211
2010.3767 3.4990
2010.3794 2.2675
2010.3822 4.1265
2010.3849 1.7563
2010.3877 -0.6732
2010.3904 -0.1920
2010.3931 1.4999
2010.3959 1.8327
2010.3986 1.1463
2010.4014 5.4307
2010.4041 5.6160
2010.4068 1.9023
2010.4096 2.2595
2010.4123 3.5077
2010.4151 5.7167
2010.4178 6.1764
2010.4205 8.4267
2010.4233 7.7776
2010.4260 9.1291
2010.4288 5.0311
2010.4315 1.4437
2010.4342 3.4967
2010.4370 3.7002
2010.4397 6.3041
2010.4425 4.1484
2010.4452 8.1631
2010.4479 5.5181
2010.4534 -6.1709
2010.4644 -1.5459
2010.4671 -6.1792
2010.5110 1.2463
2010.5137 -5.7049
2010.5301 6.8327
2010.5329 -13.5374
2010.5356 -5.1774
2010.5384 2.5925
2010.5986 -12.5503
2010.6233 -11.3016
2010.6260 8.6725
2010.6918 -11.3739
2010.8205 0.3274
2010.8233 -6.5905
2010.8315 10.0256
2010.8726 -6.2581
2011.0123 6.5027
2011.0151 10.0856
2011.0178 10.9876
2012.0096 16.1384
2012.0123 12.8208
2012.0150 17.4528
2012.0178 15.5643
2012.0205 13.0255
2012.0232 13.9564
2012.0260 12.7069
2012.0287 15.5872
2012.0314 9.8173
2012.0342 13.4373
2012.0369 14.8971
2012.0396 16.8369
2012.0423 13.2066
2012.0451 14.3364
2012.0478 15.5462
2012.0505 14.7061
2012.0533 14.6761
2012.0560 11.0864
2012.0587 16.3568
2012.0615 10.2176
2012.0642 11.3986
2012.0669 15.5701
2012.0697 12.4619
2012.0724 12.7742
2012.0751 13.8070
2012.0779 11.9803
2012.0806 11.9542
2012.0833 11.5086
2012.0861 13.3834
2012.0888 15.7187
2012.0915 13.6445
2012.0943 17.5807
2012.0970 12.8774
2012.0997 15.2446
2012.1025 14.5823
2012.1052 19.5305
2012.1079 14.1792
2012.1107 18.8984
2012.1134 14.0982
2012.1161 17.8685
2012.1189 14.8393
2012.1216 14.5808
2012.1243 13.2528
2012.1270 13.2254
2012.1298 12.7785
2012.1325 12.4223
2012.1352 14.4468
2012.1380 10.7518
2012.1407 17.6575
2012.1434 15.9938
2012.1462 15.0808
2012.1489 13.0585
2012.1516 19.0668
2012.1544 13.2259
2012.1571 15.3656
2012.1598 14.7660
2012.1626 14.1073
2012.1653 14.9703
2012.1680 14.9251
2012.1708 13.7718
2012.1735 16.5901
2012.1762 16.1098
2012.1790 14.3510
2012.1817 14.8733
2012.1844 18.4668
2012.1872 13.2312
2012.1899 14.3364
2012.1926 9.7024
2012.1954 11.6989
2012.1981 13.5158
2012.2008 16.1631
2012.2035 13.9704
2012.2063 11.5879
2012.2090 13.8952
2012.2117 12.5122
2012.2145 12.4989
2012.2172 12.6451
2012.2199 12.8507
2012.2227 12.8255
2012.2254 12.6394
2012.2281 10.6622
2012.2309 11.2839
2012.2336 15.5242
2012.2363 15.3332
2012.2391 16.6305
2012.2418 11.4762
2012.2445 8.8600
2012.2473 9.6422
2012.2500 12.1337
2012.2527 13.6846
2012.2555 11.8649
2012.2582 11.6848
2012.2609 8.5741
2012.2637 10.3331
2012.2664 11.5417
2012.2691 13.6499
2012.2719 13.6980
2012.2746 13.8858
2012.2773 17.0335
2012.2801 15.6610
2012.2828 15.1385
2012.2855 13.1861
2012.2882 11.7036
2012.2910 13.2713
2012.2937 14.0791
2012.2964 13.3272
2012.2992 10.6954
2012.3019 16.6340
2012.3046 15.5530
2012.3074 19.8224
2012.3101 18.0722
2012.3128 27.5725
2012.3156 11.4535
2012.3183 13.6450
2012.3210 8.9172
2012.3238 12.7801
2012.3265 9.7238
2012.3292 11.8783
2012.3320 14.3931
2012.3347 12.9182
2012.3374 12.1733
2012.3402 13.9285
2012.3429 15.1638
2012.3456 9.9093
2012.3484 10.2747
2012.3511 15.8003
2012.3538 15.2059
2012.3566 15.8915
2012.3593 17.9972
2012.3620 15.3229
2012.3648 16.7586
2012.3675 17.6843
2012.3702 15.8800
2012.3729 13.0057
2012.3757 10.9314
2012.3784 13.7070
2012.3811 12.0525
2012.3839 13.2780
2012.3866 14.6935
2012.3893 17.8788
2012.3921 18.0140
2012.3948 17.2992
2012.3975 17.9542
2012.4003 14.6791
2012.4030 17.1339
2012.4057 9.6185
2012.4085 7.5129
2012.4112 15.9272
2012.4139 9.8214
2012.4167 14.1255
2012.4194 15.7396
2012.4221 15.1038
2012.4249 15.5479
2012.4276 17.9920
2012.4303 21.9661
2012.4331 20.5403
2012.4358 19.7644
2012.4385 15.9985
2012.4413 13.3526
2012.4440 13.5668
2012.4467 17.4209
2012.4495 21.0650
2012.4522 17.7891
2012.4549 21.0532
2012.4576 19.4373
2012.4604 14.4014
2012.4631 16.2155
2012.4658 17.7296
2012.4686 17.4537
2012.4713 18.7078
2012.4740 16.7019
2012.4768 18.6160
2012.4795 17.3300
2012.4822 13.7441
2012.4850 13.8982
2012.4877 11.8122
2012.4904 15.0463
2012.4932 14.1904
2012.4959 15.6844
2012.4986 20.0284
2012.5014 18.8325
2012.5041 15.6565
2012.5068 16.7905
2012.5096 17.5045
2012.5123 21.6985
2012.5150 20.1325
2012.5178 13.7365
2012.5205 13.4105
2012.5232 12.7945
2012.5260 11.4885
2012.5287 10.7825
2012.5314 15.1765
2012.5342 12.1604
2012.5369 12.3144
2012.5396 17.0883
2012.5423 17.4723
2012.5451 16.3162
2012.5478 14.9302
2012.5505 20.7241
2012.5533 16.9881
2012.5560 13.3220
2012.5587 16.2159
2012.5615 11.3298
2012.5642 13.0338
2012.5669 10.5077
2012.5697 15.6816
2012.5724 10.6955
2012.5751 11.5694
2012.5779 12.6533
2012.5806 10.0672
2012.5833 12.9410
2012.5861 16.5446
2012.5888 15.1680
2012.5915 14.1712
2012.6189 12.8451
2012.6216 16.5969
2012.6243 20.4988
2012.6270 19.9805
2012.6325 15.5141
2012.6352 13.3259
2012.6380 15.2376
2012.6407 14.6895
2012.6434 15.2413
2012.6489 9.9852
2012.6516 11.4173
2012.6544 17.5194
2012.6598 18.9040
2012.6626 15.6865
2012.6653 16.8692
2012.6680 19.4725
2012.6708 11.7764
2012.6735 14.5010
2012.6762 14.2662
2012.6790 7.2619
2012.6817 14.1581
2012.6844 10.3046
2012.6872 8.3716
2012.6899 9.9388
2012.6926 14.0164
2012.6954 12.5141
2012.6981 12.0120
2012.7008 16.6299
2012.7035 18.5280
2012.7063 15.8560
2012.7090 12.0839
2012.7117 16.1518
2012.7145 10.3495
2012.7172 9.2369
2012.7199 7.7541
2012.7227 11.6610
2012.7254 9.2575
2012.7281 12.0735
2012.7309 13.0191
2012.7336 14.3241
2012.7363 13.7986
2012.7391 19.0624
2012.7418 16.7855
2012.7445 15.4578
2012.7473 14.9894
2012.7500 12.5900
2012.7527 14.4496
2012.7555 13.1183
2012.7582 12.9560
2012.7609 14.6029
2012.7637 13.9488
2012.7664 15.1839
2012.7691 14.8383
2012.7719 9.5819
2012.7746 11.6947
2012.7773 17.0669
2012.7801 13.4884
2012.7828 13.8493
2012.7855 15.8697
2012.7882 14.9295
2012.7910 16.5288
2012.7937 14.6376
2012.7964 12.6461
2012.7992 10.2041
2012.8019 13.9317
2012.8046 14.9991
2012.8074 17.0562
2012.8101 23.4230
2012.8128 20.1796
2012.8156 16.3360
2012.8183 17.3724
2012.8210 16.2086
2012.8238 15.1947
2012.8265 12.4908
2012.8292 11.8070
2012.8320 13.4632
2012.8347 17.0493
2012.8374 15.9955
2012.8402 15.1217
2012.8429 11.9777
2012.8456 15.3437
2012.8484 15.0796
2012.8511 13.7754
2012.8538 17.9611
2012.8566 16.3066
2012.8593 13.0619
2012.8620 14.8270
2012.8648 17.2220
2012.8675 14.8767
2012.8702 18.9312
2012.8729 14.0854
2012.8757 14.6593
2012.8784 16.1330
2012.8811 15.1063
2012.8839 18.7793
2012.8866 17.0819
2012.8893 20.5642
2012.8921 17.7361
2012.8948 18.3776
2012.8975 16.1086
2012.9003 15.5892
2012.9030 15.1094
2012.9057 17.4291
2012.9085 17.7382
2012.9112 21.1969
2012.9139 22.2550
2012.9167 22.9526
2012.9194 20.8196
2012.9221 19.1260
2012.9249 19.5619
2012.9276 23.5673
2012.9303 16.8122
2012.9331 19.6267
2012.9358 19.4709
2012.9385 20.6747
2012.9413 19.3381
2012.9440 19.4113
2012.9467 18.6443
2012.9495 17.2470
2012.9522 17.2596
2012.9549 20.5320
2012.9576 19.9743
2012.9604 20.4065
2012.9631 20.6787
2012.9658 19.2109
2012.9686 15.5631
2012.9713 13.6354
2012.9740 18.8977
2012.9768 18.2203
2012.9795 21.8729
2012.9822 18.6558
2012.9850 18.9889
2012.9877 21.0023
2012.9904 21.2260
2012.9932 21.5101
2012.9959 19.6445
2012.9986 20.5393
2013.0014 20.1745
2013.0041 20.6795
2013.0068 18.0444
2013.0096 20.8292
2013.0123 20.5639
2013.0151 18.7187
2013.0178 20.6934
2013.0205 21.3883
2013.0233 23.1733
2013.0260 22.0785
2013.0288 18.5838
2013.0315 19.9095
2013.0342 15.5655
2013.0370 20.7218
2013.0397 20.3185
2013.0425 19.0157
2013.0452 18.4334
2013.0479 18.7616
2013.0507 17.7404
2013.0534 16.1999
2013.0562 17.2400
2013.0589 20.3408
2013.0616 18.5024
2013.0644 16.2948
2013.0671 19.2881
2013.0699 20.4923
2013.0726 19.6974
2013.0753 14.6535
2013.0781 22.0507
2013.0808 20.7289
2013.0836 24.1483
2013.0863 20.8089
2013.0890 19.4906
2013.0918 20.2934
2013.0945 21.1072
2013.0973 22.1020
2013.1000 20.7078
2013.1027 21.5544
2013.1055 21.3518
2013.1082 21.9900
2013.1110 22.1689
2013.1137 22.3585
2013.1164 20.1787
2013.1192 18.2295
2013.1219 22.2508
2013.1247 17.9526
2013.1274 18.1848
2013.1301 19.8174
2013.1329 17.3603
2013.1356 21.9934
2013.1384 18.2968
2013.1411 21.4303
2013.1438 16.4940
2013.1466 22.5577
2013.1493 12.3515
2013.1521 16.5852
2013.1548 22.3288
2013.1575 18.8123
2013.1603 17.4956
2013.1630 18.0087
2013.1658 16.1219
2013.1685 18.2352
2013.1712 18.7586
2013.1740 19.3222
2013.1767 16.6759
2013.1795 19.6497
2013.1822 18.0036
2013.1849 15.1777
2013.1877 20.5219
2013.1904 18.0562
2013.1931 18.0707
2013.1959 14.2653
2013.1986 19.7000
2013.2014 19.1149
2013.2041 16.7499
2013.2068 19.4950
2013.2096 22.7303
2013.2123 20.2557
2013.2151 17.9013
2013.2178 17.9370
2013.2205 16.5529
2013.2233 14.2889
2013.2260 18.1650
2013.2288 21.7213
2013.2315 21.3978
2013.2342 20.8044
2013.2370 22.3711
2013.2397 19.2380
2013.2425 21.5751
2013.2452 25.0823
2013.2479 24.9905
2013.2507 19.6505
2013.2534 21.0921
2013.2562 18.5151
2013.2589 21.2696
2013.2616 19.2153
2013.2644 22.2222
2013.2671 19.3801
2013.2699 18.2290
2013.2726 22.1186
2013.2753 20.7689
2013.2781 16.3197
2013.2808 17.1509
2013.2836 14.6225
2013.2863 20.0843
2013.2890 21.5061
2013.2918 21.4480
2013.2945 22.2796
2013.2973 19.8709
2013.3000 14.6619
2013.3027 15.1623
2013.3055 18.7821
2013.3082 19.5112
2013.3110 15.5793
2013.3137 18.2165
2013.3164 21.6125
2013.3192 18.4073
2013.3219 19.9408
2013.3247 18.9128
2013.3274 18.4231
2013.3301 17.2417
2013.3329 20.7674
2013.3356 18.3503
2013.3384 15.4807
2013.3685 22.1117
2013.3740 17.2616
2013.3767 18.0567
2013.3904 19.4622
2013.3931 16.9326
2013.3959 15.2047
2013.3986 19.0484
2013.4014 17.4542
2013.4041 17.8922
2013.4068 14.8025
2013.4096 17.7553
2013.4123 16.7210
2013.4151 12.1989
2013.4397 11.7229
2013.4616 11.2532
2013.5027 23.9863
2013.5521 9.7795
2013.6370 18.1776
2013.6397 16.9235
2013.6425 26.1794
2013.6452 12.5852
2013.6479 5.8211
2013.6507 9.1769
2013.6534 8.6327
2013.6562 11.6485
2013.6589 5.9343
2013.6616 5.7201
2013.6644 7.8959
2013.6671 8.4817
2013.6699 12.9677
2013.6726 0.4138
2013.6753 2.3401
2013.6781 5.7265
2013.6808 6.5029
2013.6836 4.5595
2013.6863 2.7860
2013.6890 -2.5074
2013.6918 2.7092
2013.6945 -1.3242
2013.6973 -2.3976
2013.7000 2.7989
2013.7027 1.0053
2013.7055 3.4816
2013.7082 5.8179
2013.7110 4.9240
2013.7137 4.4799
2013.7164 8.0657
2013.7192 6.0613
2013.7219 6.0767
2013.7247 6.9418
2013.7274 7.3367
2013.7301 8.9214
2013.7329 4.9057
2013.7356 5.2198
2013.7384 6.3535
2013.7411 6.2069
2013.7438 13.4799
2013.7466 13.0725
2013.7493 14.1546
2013.7521 12.9957
2013.7548 0.6859
2013.7575 15.0651
2013.7603 17.1733
2013.7630 15.5107
2013.7658 14.2674
2013.7685 18.5632
2013.7712 16.7084
2013.7740 18.7529
2013.7767 19.5068
2013.7794 21.2402
2013.7822 19.6631
2013.7849 16.5656
2013.7877 17.0776
2013.7904 18.4293
2013.7931 20.6708
2013.7959 13.2620
2013.7986 19.2830
2013.8014 19.1940
2013.8041 17.2448
2013.8068 19.0756
2013.8096 17.7464
2013.8123 19.2174
2013.8151 17.8584
2013.8178 20.4996
2013.8205 18.6911
2013.8233 21.8029
2013.8260 24.0450
2013.8288 20.6975
2013.8315 20.1804
2013.8342 20.2136
2013.8370 21.7468
2013.8397 21.9800
2013.8425 24.9632
2013.8452 24.5664
2013.8479 21.3296
2013.8507 19.7828
2013.8534 22.0760
2013.8562 21.8692
2013.8589 25.3723
2013.8616 21.6054
2013.8644 20.8985
2013.8671 22.4616
2013.8699 18.6246
2013.8726 17.3876
2013.8753 20.2405
2013.8781 19.4434
2013.8808 21.7263
2013.8836 22.2290
2013.8863 20.5717
2013.8890 28.0744
2013.8918 23.0569
2013.8945 23.9794
2013.8973 21.1918
2013.9000 20.7942
2013.9027 24.2764
2013.9055 18.6885
2013.9082 18.4406
2013.9110 21.4925
2013.9137 16.2943
2013.9164 22.0659
2013.9192 19.0564
2013.9219 20.6956
2013.9247 20.8538
2013.9274 21.7409
2013.9301 20.0471
2013.9329 19.3823
2013.9356 20.7867
2013.9384 21.7104
2013.9411 17.2935
2013.9438 19.4459
2013.9466 20.9678
2013.9493 17.9293
2013.9521 21.8404
2013.9548 22.2012
2013.9575 21.6518
2013.9603 20.5022
2013.9630 19.8426
2013.9658 18.7630
2013.9685 22.8135
2013.9712 22.9241
2013.9740 20.8849
2013.9767 20.3061
2013.9795 22.2776
2013.9822 22.5296
2013.9849 20.6021
2013.9877 26.1953
2013.9904 21.2891
2013.9931 23.5436
2013.9959 22.0090
2013.9986 22.2453
2014.0014 24.8925
2014.0041 20.3299
2014.0068 19.5675
2014.0096 21.0452
2014.0123 22.8132
2014.0151 23.0013
2014.0178 18.8096
2014.0205 17.7480
2014.0233 23.5467
2014.0260 20.0656
2014.0288 20.9247
2014.0315 21.7240
2014.0342 26.1335
2014.0370 19.5132
2014.0397 22.3632
2014.0425 23.2233
2014.0452 22.3338
2014.0479 21.9045
2014.0507 25.7954
2014.0534 24.8166
2014.0562 31.6080
2014.0589 18.2297
2014.0616 19.3517
2014.0644 23.1539
2014.0671 24.9865
2014.0699 20.2293
2014.0726 21.7724
2014.0753 22.5658
2014.0781 25.0695
2014.0808 25.7936
2014.0836 24.3579
2014.0863 24.7125
2014.0890 21.5174
2014.0918 26.1426
2014.0945 25.7080
2014.0973 27.4238
2014.1000 23.3498
2014.1027 22.8060
2014.1055 24.7025
2014.1082 25.2193
2014.1110 26.2163
2014.1137 25.1736
2014.1164 22.9511
2014.1192 23.7188
2014.1219 29.9968
2014.1247 28.7450
2014.1274 30.1534
2014.1301 25.8320
2014.1329 25.1209
2014.1356 22.4199
2014.1384 22.8792
2014.1411 20.6286
2014.1438 28.5083
2014.1466 25.6081
2014.1493 31.3882
2014.1521 27.9184
2014.1548 30.5388
2014.1575 31.5193
2014.1603 30.5001
2014.1630 26.8910
2014.1658 30.0819
2014.1685 28.7430
2014.1712 30.3641
2014.1740 28.0053
2014.1767 30.5567
2014.1795 30.5282
2014.1822 27.1398
2014.1849 26.5917
2014.1877 27.2137
2014.1904 29.6860
2014.1931 26.3585
2014.1959 22.5212
2014.1986 28.6042
2014.2014 23.0276
2014.2041 23.1512
2014.2068 21.8451
2014.2096 23.4794
2014.2123 27.7840
2014.2151 21.8590
2014.2178 21.9744
2014.2205 17.6602
2014.2233 22.0165
2014.2260 22.0132
2014.2288 26.1804
2014.2315 23.1580
2014.2342 25.3361
2014.2370 20.9748
2014.2397 24.9540
2014.2425 22.7738
2014.2452 25.3841
2014.2479 22.2350
2014.2507 26.8363
2014.2534 25.5679
2014.2562 26.9900
2014.2589 31.6924
2014.2616 27.0051
2014.2644 30.0481
2014.2671 24.5214
2014.2699 26.4549
2014.2726 26.1885
2014.2753 25.1124
2014.2781 27.1463
2014.2808 27.1904
2014.2836 25.6045
2014.2863 24.1087
2014.2890 27.0029
2014.2918 30.9470
2014.2945 29.1711
2014.2973 28.8651
2014.3000 34.2891
2014.3027 24.1928
2014.3055 26.9864
2014.3082 22.7698
2014.3110 26.6330
2014.3137 23.0459
2014.3164 27.1884
2014.3192 26.2807
2014.3274 27.2453
2014.3356 27.3472
2014.3712 36.8535
2014.3740 28.4439
2014.3767 21.2343
2014.3794 17.1748
2014.4151 28.0024
2014.4260 7.0758
2014.4534 35.7064
2014.4562 20.5076
2014.4616 16.6299
2014.4644 27.8010
2014.4671 27.7222
2014.4699 24.3733
2014.4726 23.6444
2014.4973 24.9136
2014.5247 35.0125
2014.5274 21.0613
2014.5301 23.9799
2014.5329 31.9383
2014.5356 24.8864
2014.5384 22.0943
2014.5411 19.1420
2014.5438 28.0494
2014.5521 26.5603
2014.5603 30.3089
2014.6315 30.8836
2014.6342 30.0043
2014.6397 24.1766
2014.6452 23.4705
2014.6479 24.7234
2014.6507 19.0469
2014.6534 23.7212
2014.6562 20.4565
2014.6589 34.7927
2014.6616 18.2300
2014.6644 27.8684
2014.6671 34.2476
2014.6699 30.8971
2014.6726 31.2168
2014.6753 28.2868
2014.6781 30.9570
2014.6808 26.5675
2014.6836 29.1582
2014.6863 33.0092
2014.6890 32.1204
2014.6918 28.9618
2014.6945 29.9435
2014.6973 28.0253
2014.7000 27.9474
2014.7027 25.5298
2014.7055 27.5023
2014.7082 26.2450
2014.7110 24.5579
2014.7137 26.4411
2014.7164 30.3744
2014.7192 26.5079
2014.7219 27.8816
2014.7247 27.4755
2014.7274 27.9995
2014.7301 21.3838
2014.7329 25.8782
2014.7356 25.5628
2014.7384 21.7575
2014.7411 26.6524
2014.7438 31.4474
2014.7466 30.1226
2014.7493 28.7582
2014.7521 27.3651
2014.7548 30.1836
2014.7575 29.0334
2014.7603 26.6744
2014.7630 28.2966
2014.7658 26.2698
2014.7685 28.9438
2014.7712 26.0786
2014.7740 27.4340
2014.7767 26.2500
2014.7794 25.9664
2014.7822 26.2430
2014.7849 30.6598
2014.7877 29.1466
2014.7904 25.3033
2014.7931 25.4399
2014.7959 24.3161
2014.7986 19.5319
2014.8014 24.0171
2014.8041 25.4916
2014.8068 27.1053
2014.8096 25.3681
2014.8123 27.5899
2014.8151 27.1504
2014.8178 27.6497
2014.8205 30.3576
2014.8233 30.4440
2014.8260 32.7087
2014.8288 29.9416
2014.8315 32.0627
2014.8342 31.0121
2014.8370 29.1704
2014.8397 26.2675
2014.8425 26.1435
2014.8452 25.6585
2014.8479 23.3127
2014.8507 23.7060
2014.8534 27.6185
2014.8562 28.8404
2014.8589 26.1317
2014.8616 30.6124
2014.8644 27.7427
2014.8671 31.1127
2014.8699 27.5223
2014.8726 21.3118
2014.8753 24.8811
2014.8781 26.5203
2014.8808 21.4596
2014.8836 23.6589
2014.8863 24.1684
2014.8890 21.6182
2014.8918 23.5583
2014.8945 20.3888
2014.8973 20.3198
2014.9000 23.0713
2014.9027 17.2935
2014.9055 25.1964
2014.9082 26.2900
2014.9110 26.7346
2014.9137 26.8100
2014.9164 26.7765
2014.9192 29.2136
2014.9219 25.4412
2014.9247 25.5493
2014.9274 28.1579
2014.9301 26.4169
2014.9329 29.3263
2014.9356 30.1160
2014.9384 27.4759
2014.9411 32.2661
2014.9438 29.8564
2014.9466 28.4668
2014.9493 25.8174
2014.9521 30.1579
2014.9548 30.1484
2014.9575 30.8789
2014.9603 25.1292
2014.9630 32.7594
2014.9658 26.8793
2014.9685 29.9990
2014.9712 24.7784
2014.9740 30.7774
2014.9767 26.9561
2014.9795 29.7542
2014.9822 31.1119
2014.9849 27.9490
2014.9877 30.6756
2014.9904 25.5215
2014.9931 26.1266
2014.9959 26.6211
2014.9986 26.2848
2015.0014 25.8177
2015.0041 27.8201
2015.0068 20.8121
2015.0096 30.8337
2015.0123 27.3950
2015.0151 26.2659
2015.0178 28.9465
2015.0205 27.9167
2015.0233 27.6267
2015.0260 28.2964
2015.0288 26.8858
2015.0315 29.2450
2015.0342 27.6939
2015.0370 24.7427
2015.0397 25.5613
2015.0425 25.7397
2015.0452 25.1479
2015.0479 22.3861
2015.0507 30.4141
2015.0534 31.2520
2015.0562 30.7798
2015.0589 27.0976
2015.0616 29.0753
2015.0644 27.3731
2015.0671 31.9908
2015.0699 34.9985
2015.0726 28.3663
2015.0753 29.0441
2015.0781 32.2019
2015.0808 30.0099
2015.0836 32.2275
2015.0863 33.5342
2015.0890 29.5501
2015.0918 33.4653
2015.0945 30.9298
2015.0973 35.1539
2015.1000 29.9074
2015.1027 28.4305
2015.1055 28.1633
2015.1082 29.5058
2015.1110 26.2981
2015.1137 27.4403
2015.1164 27.6424
2015.1192 30.0446
2015.1219 31.2669
2015.1247 32.9694
2015.1274 33.2021
2015.1301 32.6452
2015.1329 32.4687
2015.1356 29.7526
2015.1384 31.7471
2015.1411 31.0223
2015.1438 31.4081
2015.1466 26.6447
2015.1493 26.4621
2015.1521 26.7405
2015.1548 29.2199
2015.1575 29.7803
2015.1603 28.9919
2015.1630 29.2448
2015.1658 26.8895
2015.1685 25.7361
2015.1712 31.5743
2015.1740 30.1242
2015.1767 35.0457
2015.1795 28.6387
2015.1822 31.2532
2015.1849 31.2990
2015.1877 28.7962
2015.1904 27.5445
2015.1931 28.5341
2015.1959 29.2247
2015.1986 31.7363
2015.2014 31.1788
2015.2041 30.3123
2015.2068 27.9065
2015.2096 27.5114
2015.2123 32.3370
2015.2151 31.7532
2015.2178 30.2298
2015.2205 29.1269
2015.2233 35.3744
2015.2260 28.0021
2015.2288 26.2601
2015.2315 29.7082
2015.2342 26.0963
2015.2370 25.4045
2015.2397 29.8226
2015.2425 28.2805
2015.2452 30.5582
2015.2479 28.8761
2015.2507 28.0545
2015.2534 31.3634
2015.2562 32.7827
2015.2589 28.9525
2015.2616 27.8826
2015.2644 28.6631
2015.2671 30.2739
2015.2699 29.7650
2015.2726 21.8263
2015.2753 20.9977
2015.2781 22.0893
2015.2808 26.5110
2015.2836 24.8528
2015.2863 28.6146
2015.2945 31.6698
2015.2973 32.6913
2015.3000 31.0926
2015.3027 37.0338
2015.3055 29.3847
2015.3110 32.1956
2015.3192 16.6940
2015.3904 31.6964
2015.3931 35.0623
2015.3959 23.2674
2015.3986 33.0417
2015.5164 22.6874
2015.6288 30.6904
2015.6342 28.1599
2015.6370 22.1696
2015.6397 11.8894
2015.6425 21.0991
2015.6452 24.8689
2015.6479 20.9187
2015.6507 18.8784
2015.6534 26.9083
2015.6562 24.3281
2015.6589 20.8279
2015.6616 23.4477
2015.6644 19.7776
2015.6671 21.9276
2015.6699 16.9577
2015.6726 16.4081
2015.6753 32.1086
2015.6781 20.2192
2015.6808 15.9801
2015.6836 20.4510
2015.6863 20.8022
2015.6890 22.7434
2015.6918 20.9348
2015.6945 21.3262
2015.6973 19.5078
2015.7000 22.6995
2015.7027 25.5812
2015.7055 23.4630
2015.7082 25.2249
2015.7110 24.6969
2015.7137 24.2689
2015.7164 26.5609
2015.7192 28.9430
2015.7219 29.8351
2015.7247 25.3872
2015.7274 20.7094
2015.7301 20.5715
2015.7329 19.1036
2015.7356 21.6757
2015.7384 22.5678
2015.7411 26.1898
2015.7438 23.8018
2015.7466 20.9137
2015.7493 23.9757
2015.7521 24.1983
2015.7548 24.3816
2015.7575 22.9555
2015.7603 23.9800
2015.7630 26.8049
2015.7658 25.6603
2015.7685 25.6360
2015.7712 27.3720
2015.7740 26.1282
2015.7767 30.1346
2015.7794 22.5811
2015.7822 22.8876
2015.7849 22.4741
2015.7877 26.7305
2015.7904 25.4767
2015.7931 30.7027
2015.7959 28.1184
2015.7986 34.1337
2015.8014 38.5386
2015.8041 27.1331
2015.8068 28.8769
2015.8096 30.4401
2015.8123 27.8327
2015.8151 29.8945
2015.8178 28.8055
2015.8205 28.8856
2015.8233 30.6947
2015.8260 29.9329
2015.8288 28.6200
2015.8315 31.3459
2015.8342 27.1711
2015.8370 29.8862
2015.8397 31.9811
2015.8425 28.0958
2015.8452 27.4504
2015.8479 30.0848
2015.8507 28.3791
2015.8534 29.3132
2015.8562 26.7972
2015.8589 24.6212
2015.8616 27.1049
2015.8644 29.2486
2015.8671 27.8122
2015.8699 26.1358
2015.8726 27.0992
2015.8753 25.6926
2015.8781 25.0659
2015.8808 28.2492
2015.8836 34.9524
2015.8863 30.1956
2015.8890 29.2387
2015.8918 32.0219
2015.8945 32.9350
2015.8973 31.0581
2015.9000 31.5313
2015.9027 33.0444
2015.9055 29.3376
2015.9082 28.2708
2015.9110 34.1740
2015.9137 33.6973
2015.9164 31.0407
2015.9192 35.1240
2015.9219 33.5273
2015.9247 30.2007
2015.9274 30.1640
2015.9301 31.1573
2015.9329 30.6406
2015.9356 27.1840
2015.9384 31.2473
2015.9411 36.4506
2015.9438 39.6639
2015.9466 29.2972
2015.9493 28.2605
2015.9521 31.4438
2015.9548 32.0871
2015.9575 26.1104
2015.9603 28.4037
2015.9630 26.2470
2015.9658 31.9803
2015.9685 31.0936
2015.9712 26.4669
2015.9740 30.8702
2015.9767 34.6934
2015.9795 31.4867
2015.9822 28.8600
2015.9849 34.5132
2015.9877 35.7665
2015.9904 32.7097
2015.9931 33.3330
2015.9959 31.7762
2015.9986 30.1795
2017.0205 30.2072
2017.0233 33.9209
2017.0260 32.4046
2017.0288 31.1184
2017.0315 32.8622
2017.0342 31.9660
2017.0370 32.4599
2017.0397 35.8838
2017.0425 28.3877
2017.0452 31.1516
2017.0479 31.5855
2017.0507 30.7593
2017.0534 34.0031
2017.0562 32.4668
2017.0589 32.0605
2017.0616 32.8441
2017.0644 34.4276
2017.0671 36.5710
2017.0699 35.9044
2017.0726 36.2776
2017.0753 35.3506
2017.0781 34.4636
2017.0808 37.1063
2017.0836 40.1278
2017.0863 32.3270
2017.0890 36.6940
2017.0918 35.9091
2017.0945 33.2623
2017.0973 36.6539
2017.1000 34.5440
2018.1055 47.2913
2018.1082 42.3785
2018.1110 45.3054
2018.1137 44.9524
2018.1164 45.9493
2018.1192 44.4664
2018.1219 42.9937
2018.1247 42.1814
2018.1274 42.2995
2018.1301 42.5481
2018.1329 40.7774
2018.1356 37.5473
2018.1384 46.2681
2018.1411 40.3898
2018.1438 42.6425
2018.1466 41.0763
2018.1493 43.6913
2018.1521 40.7476
2018.1548 41.5853
2018.1575 40.2345
2018.1603 42.0654
2018.1630 41.9577
2018.1658 44.5011
2018.1685 45.6353
2018.1712 45.0604
2018.1740 43.2162
2018.1767 43.9227
2018.1795 43.8700
2018.1822 40.3379
2018.1849 44.5964
2018.1877 42.8254
2018.1904 46.3451
2018.1931 44.7352
2018.1959 44.1058
2018.1986 43.7168
2018.2014 41.9782
2018.2041 43.9699
2018.2068 43.3419
2018.2096 45.0842
2018.2123 45.0267
2018.2151 46.9094
2018.2178 46.7522
2018.2205 45.3151
2018.2233 37.8481
2018.2260 43.1911
2018.2288 45.6242
2018.2315 38.9671
2018.2342 44.6500
2018.2370 45.6227
2018.2397 40.9253
2018.2425 43.9476
2018.2452 44.1697
2018.2479 41.7717
2018.2507 43.8939
2018.2534 43.9863
2018.2562 39.2687
2018.2589 44.3213
2018.2616 39.8239
2018.2644 43.7967
2018.2671 40.4095
2018.2699 41.5823
2018.2726 40.1153
2018.2753 43.9482
2018.2781 44.5411
2018.2808 45.1341
2018.2836 46.2170
2018.2863 45.2399
2018.2890 49.3528
2018.2918 47.9356
2018.3110 47.4026
2018.4205 52.7739
2018.4808 29.4585
2018.4836 38.9918
2018.5082 40.0784
2018.6342 43.7940
2018.6370 47.5991
2018.6397 47.2735
2018.6425 44.4169
2018.6452 47.2693
2018.6479 47.1706
2018.6507 42.4707
2018.6534 41.4095
2018.6562 44.1468
2018.6589 48.6727
2018.6616 46.3471
2018.6726 49.5043
2018.6753 49.5956
2018.6781 52.8367
2018.6918 47.8411
2018.7274 36.4474
2018.7301 43.8980
2018.7329 40.7186
2018.7356 38.2093
2018.7384 38.5100
2018.7411 39.6908
2018.8041 43.0967
2018.8068 47.6178
2018.8096 49.2989
2018.8123 47.4099
2018.8151 46.3409
2018.8178 46.2820
2018.8205 47.2329
2018.8233 51.2839
2018.8260 46.2848
2018.8288 45.0657
2018.8315 46.5066
2018.8342 45.6575
2018.8370 43.8583
2018.8397 44.2591
2018.8425 47.0200
2018.8452 46.9008
2018.8479 48.6316
2018.8507 45.8324
2018.8534 46.8132
2018.8562 46.1540
2018.8589 44.2848
2018.8616 49.1856
2018.8644 46.9564
2018.8671 46.6971
2018.8699 47.3879
2018.8726 45.0287
2018.8753 42.3794
2018.8781 46.6202
2018.8808 44.9410
2018.8836 43.4617
2018.8863 43.9725
2018.8890 44.4733
2018.8918 43.8440
2018.8945 42.8648
2018.8973 40.7656
2018.9000 42.0863
2018.9027 41.8671
2018.9055 43.3279
2018.9082 40.5886
2018.9110 41.2794
2018.9137 40.4202
2018.9164 43.8410
2018.9192 41.5118
2018.9219 40.4526
2018.9247 41.4435
2018.9274 39.8644
2018.9301 41.9953
2018.9329 43.9462
2018.9356 41.6072
2018.9384 40.6381
2018.9411 41.2591
2018.9438 42.2300
2018.9466 44.6610
2018.9493 42.8220
2018.9521 43.4130
2018.9548 42.7739
2018.9575 42.1849
2018.9603 38.7959
2018.9630 43.9368
2018.9658 42.2378
2018.9685 42.8987
2018.9712 43.6397
2018.9740 42.5106
2018.9767 46.0115
2018.9795 43.9923
2018.9822 46.7532
2018.9849 53.4440
2018.9877 49.5948
2018.9904 47.4156
2018.9931 46.3863
2018.9959 47.2570
2018.9986 47.0877
