2014.3370 -5.1610
2014.3397 -9.3891
2014.3425 -6.7477
2014.3452 -13.8968
2014.3479 -4.1464
2014.3507 -3.6263
2014.3534 -2.3965
2014.3562 -3.3271
2014.3589 -2.3879
2014.3616 2.5010
2014.3644 1.9698
2014.3671 3.8184
2014.3699 7.6670
2014.3726 6.4354
2014.3753 -0.5161
2014.3781 4.8824
2014.3808 3.7609
2014.3836 3.0896
2014.3863 2.1984
2014.3890 -2.2026
2014.3918 0.2966
2014.3945 -2.5439
2014.3973 -2.4741
2014.4000 -0.6139
2014.4027 -2.2333
2014.4055 -0.4923
2014.4082 -3.6609
2014.4110 -1.5189
2014.4137 -3.4063
2014.4164 -3.3331
2014.4192 -1.5892
2014.4219 -3.1847
2014.4247 1.6705
2014.4274 -0.2938
2014.4301 -1.5075
2014.4329 -0.3706
2014.4356 -0.7033
2014.4384 -0.0854
2014.4411 0.7430
2014.4438 3.6919
2014.4466 4.4012
2014.4493 5.2009
2014.4521 5.3710
2014.4548 7.5915
2014.4575 5.5724
2014.4603 8.0435
2014.4630 1.6251
2014.4658 6.1169
2014.4685 1.1589
2014.4712 2.2613
2014.4740 -2.2062
2014.4767 -0.7734
2014.4795 -3.5405
2014.4822 -2.4074
2014.4849 3.0259
2014.4877 0.6393
2014.4904 1.4628
2014.4932 5.3963
2014.4959 4.4100
2014.4986 3.0651
2014.5014 4.1632
2014.5041 1.0040
2014.5068 3.1072
2014.5096 2.4426
2014.5123 -4.3999
2014.5151 0.6593
2014.5178 5.8601
2014.5205 8.1822
2014.5233 1.4253
2014.5260 8.4194
2014.5288 11.1740
2014.5315 8.9291
2014.5342 6.5144
2014.5370 11.8796
2014.5397 -1.2154
2014.5425 0.1790
2014.5452 -2.3073
2014.5479 -3.6446
2014.5507 -7.8530
2014.5534 -1.9529
2014.5562 -4.5144
2014.5589 1.1123
2014.5616 2.6168
2014.5644 4.3490
2014.5671 3.0287
2014.5699 5.3056
2014.5726 -0.8006
2014.5753 0.7601
2014.5781 2.1672
2014.5808 -1.3493
2014.5836 -3.0880
2014.5863 1.3926
2014.5890 3.7726
2014.5918 4.8220
2014.5945 2.4008
2014.5973 -3.6809
2014.6000 0.8069
2014.6027 -0.9758
2014.6055 0.9911
2014.6082 0.1975
2014.6110 -2.2064
2014.6137 -2.6608
2014.6164 -7.8955
2014.6192 -0.1306
2014.6219 1.6941
2014.6247 1.7285
2014.6274 -2.6074
2014.6301 2.9666
2014.6329 -3.1597
2014.6356 -5.8061
2014.6384 -6.6527
2014.6411 -8.9294
2014.6438 -7.4562
2014.6466 -6.4831
2014.6493 -8.6100
2014.6521 -9.9969
2014.6548 -11.5638
2014.6575 -7.3006
2014.6603 -7.0074
2014.6630 -2.8141
2014.6658 -3.5607
2014.6685 -1.4677
2014.6712 -2.4351
2014.6740 2.2171
2014.6767 -0.0111
2014.6795 2.2304
2014.6822 4.0717
2014.6849 1.8027
2014.6877 1.2934
2014.6904 -1.4760
2014.6932 1.3744
2014.6959 2.0748
2014.6986 -0.5650
2014.7014 -0.5349
2014.7041 -0.1147
2014.7068 -0.8146
2014.7096 1.1356
2014.7123 0.9259
2014.7151 0.3062
2014.7178 -3.3332
2014.7205 3.0574
2014.7233 1.4483
2014.7260 -0.0305
2014.7288 -2.1291
2014.7315 1.8226
2014.7342 -3.1154
2014.7370 -2.6630
2014.7397 -4.9002
2014.7425 0.2631
2014.7452 1.5568
2014.7479 1.7410
2014.7507 0.8682
2014.7534 -1.4697
2014.7562 4.0971
2014.7589 6.9282
2014.7616 -0.3668
2014.7644 -2.8683
2014.7671 4.3635
2014.7699 2.4382
2014.7726 1.6954
2014.7753 -1.4352
2014.7781 -1.6540
2014.7808 1.0787
2014.7836 1.4825
2014.7863 0.6271
2014.7890 -1.2379
2014.7918 -0.5928
2014.7945 -2.6980
2014.7973 -2.6339
2014.8000 -1.2607
2014.8027 0.9412
2014.8055 -0.4787
2014.8082 3.0495
2014.8110 0.8052
2014.8137 4.4282
2014.8164 3.2282
2014.8192 4.3846
2014.8219 1.7373
2014.8247 3.6559
2014.8274 1.5200
2014.8301 0.9892
2014.8329 5.7438
2014.8356 4.3473
2014.8384 2.1601
2014.8411 -2.1577
2014.8438 -3.9461
2014.8466 -4.3351
2014.8493 -3.0547
2014.8521 -6.5249
2014.8548 0.8144
2014.8575 1.4130
2014.8603 -0.5589
2014.8630 1.0187
2014.8658 2.2957
2014.8685 0.1922
2014.8712 -3.1819
2014.8740 2.3135
2014.8767 3.7583
2014.8795 0.8027
2014.8822 -1.4235
2014.8849 -4.4401
2014.8877 -0.8073
2014.8904 0.1751
2014.8932 -4.0930
2014.8959 -1.8616
2014.8986 -0.0107
2014.9014 -5.3902
2014.9041 -2.5902
2014.9068 -1.9406
2014.9096 1.8086
2014.9123 1.3073
2014.9151 0.1956
2014.9178 -1.6068
2014.9205 -3.3498
2014.9233 -2.5835
2014.9260 1.8322
2014.9288 1.4173
2014.9315 2.5820
2014.9342 3.6363
2014.9370 3.4702
2014.9397 0.6638
2014.9425 1.6873
2014.9452 0.1506
2014.9479 -2.0762
2014.9507 2.3270
2014.9534 3.6102
2014.9562 4.7836
2014.9589 2.5772
2014.9616 3.9810
2014.9644 2.9651
2014.9671 2.9196
2014.9699 -0.5555
2014.9726 3.0300
2014.9753 3.4160
2014.9781 3.7027
2014.9808 3.0900
2014.9836 -0.1318
2014.9863 3.4072
2014.9890 -2.8730
2014.9918 -3.1521
2014.9945 1.1198
2014.9973 0.3328
2015.0000 -1.0731
2015.0027 0.0017
2015.0055 0.2466
2015.0082 6.7315
2015.0110 0.0965
2015.0137 -2.8184
2015.0164 -3.2532
2015.0192 -1.3580
2015.0219 2.0872
2015.0247 0.7725
2015.0274 -1.4221
2015.0301 3.3733
2015.0329 -0.1513
2015.0356 -1.4258
2015.0384 0.8996
2015.0411 0.8851
2015.0438 0.5806
2015.0466 1.0861
2015.0493 5.6017
2015.0521 4.8972
2015.0548 5.0527
2015.0575 -0.4918
2015.0603 -1.8463
2015.0630 1.4991
2015.0658 3.5546
2015.0685 0.7100
2015.0712 -0.2447
2015.0740 -0.8093
2015.0767 0.4759
2015.0795 3.3112
2015.0822 -2.8637
2015.0849 2.2109
2015.0877 3.4649
2015.0904 5.2585
2015.0932 3.6517
2015.0959 2.9145
2015.0986 -1.0329
2015.1014 1.3694
2015.1041 3.7915
2015.1068 4.2835
2015.1096 4.6855
2015.1123 3.4375
2015.1151 1.6995
2015.1178 2.2017
2015.1205 2.1041
2015.1233 3.6467
2015.1260 4.5496
2015.1288 0.3428
2015.1315 2.9166
2015.1342 0.8207
2015.1370 -0.2945
2015.1397 2.3008
2015.1425 4.4968
2015.1452 1.6036
2015.1479 4.8911
2015.1507 -1.7506
2015.1534 5.8787
2015.1562 -2.6411
2015.1589 -2.0498
2015.1616 3.1325
2015.1644 2.4870
2015.1671 0.9844
2015.1699 1.3847
2015.1726 -0.0723
2015.1753 0.2233
2015.1781 -3.8688
2015.1808 5.5113
2015.1836 2.6336
2015.1863 2.7677
2015.1890 4.6737
2015.1918 2.8412
2015.1945 1.9503
2015.1973 7.8006
2015.2000 4.1322
2015.2027 7.1547
2015.2055 3.7781
2015.2082 5.5423
2015.2110 6.2570
2015.2137 4.8521
2015.2164 3.8374
2015.2192 5.0029
2015.2219 5.0183
2015.2247 4.2036
2015.2274 5.6784
2015.2301 3.8228
2015.2329 3.9565
2015.2356 0.3995
2015.2384 3.8714
2015.2411 3.6123
2015.2438 -0.3481
2015.2466 1.9003
2015.2493 0.7891
2015.2521 3.7885
2015.2548 2.6383
2015.2575 2.9986
2015.2603 3.1593
2015.2630 4.5303
2015.2658 -1.8684
2015.2685 -1.1269
2015.2712 -4.1052
2015.2740 1.2265
2015.2767 -0.3417
2015.2795 5.1301
2015.2822 -1.0481
2015.2849 5.1135
2015.2877 3.1749
2015.2904 2.4761
2015.2932 1.8470
2015.2959 3.5275
2015.2986 3.4377
2015.3014 0.2873
2015.3041 1.4665
2015.3068 5.1651
2015.3096 2.2030
2015.3123 4.1603
2015.3151 0.0568
2015.3178 0.3625
2015.3205 4.9673
2015.3233 2.6112
2015.3260 -0.9758
2015.3288 1.2061
2015.3315 2.1354
2015.3342 -1.1293
2015.3370 5.2921
2015.3397 10.6100
2015.3425 1.8045
2015.3452 -0.6241
2015.3479 -3.3356
2015.3507 -0.7197
2015.3534 0.5037
2015.3562 5.9249
2015.3589 0.1242
2015.3616 -2.4883
2015.3644 3.9577
2015.3671 2.6325
2015.3699 5.6962
2015.3726 7.5490
2015.3753 -0.1387
2015.3781 4.0333
2015.3808 -5.3849
2015.3836 12.8071
2015.3863 15.1093
2015.3890 11.2822
2015.3918 8.4759
2015.3945 3.5105
2015.3973 3.4765
2015.4000 6.8740
2015.4027 9.1231
2015.4055 6.5343
2015.4082 5.3776
2015.4110 6.2733
2015.4137 5.9814
2015.4164 4.5997
2015.4192 5.6581
2015.4219 3.6565
2015.4247 3.5549
2015.4274 5.5734
2015.4301 2.4019
2015.4329 4.1004
2015.4356 2.6790
2015.4384 1.1576
2015.4411 4.5562
2015.4438 1.6049
2015.4466 1.8136
2015.4493 -1.8077
2015.4521 1.5911
2015.4548 1.7000
2015.4575 5.3089
2015.4603 6.9879
2015.4630 5.4369
2015.4658 4.3960
2015.4685 3.3851
2015.4712 2.3143
2015.4740 2.5236
2015.4767 3.1830
2015.4795 2.4024
2015.4822 5.4219
2015.4849 5.0815
2015.4877 3.9411
2015.4904 5.4509
2015.4932 1.5707
2015.4959 -0.0994
2015.4986 0.9407
2015.5014 2.6908
2015.5041 -2.5989
2015.5068 -1.1685
2015.5096 -1.5479
2015.5123 0.0028
2015.5151 -1.5063
2015.5178 8.1947
2015.5205 -0.1041
2015.5233 1.1373
2015.5260 6.5988
2015.5288 3.8905
2015.5315 5.3923
2015.5342 5.8044
2015.5370 4.2166
2015.5397 6.6190
2015.5425 2.6716
2015.5452 2.5643
2015.5479 3.9073
2015.5507 3.1705
2015.5534 4.6539
2015.5562 3.0275
2015.5589 3.5813
2015.5616 5.3453
2015.5644 6.4296
2015.5671 5.2340
2015.5699 4.9087
2015.5726 1.2737
2015.5753 6.5988
2015.5781 2.7542
2015.5808 5.6099
2015.5836 7.0769
2015.5863 7.8862
2015.5890 10.0477
2015.5918 0.7213
2015.5945 7.9568
2015.5973 6.3340
2015.6000 2.7628
2015.6027 6.2130
2015.6055 6.4146
2015.6082 7.5372
2015.6110 9.3009
2015.6137 8.6755
2015.6164 6.0908
2015.6192 4.7666
2015.6219 6.6428
2015.6247 7.2293
2015.6274 8.5359
2015.6301 7.3925
2015.6329 6.2489
2015.6356 3.3049
2015.6384 3.2805
2015.6411 0.7655
2015.6438 5.3296
2015.6466 4.0729
2015.6493 4.2451
2015.6521 5.5861
2015.6548 7.1857
2015.6575 4.2538
2015.6603 6.5602
2015.6630 5.2848
2015.6658 7.7675
2015.6685 6.0184
2015.6712 3.3477
2015.6740 7.2554
2015.6767 5.8718
2015.6795 4.7169
2015.6822 4.5008
2015.6849 5.9538
2015.6877 8.0658
2015.6904 5.8771
2015.6932 8.3777
2015.6959 7.2878
2015.6986 8.7875
2015.7014 9.4069
2015.7041 9.8362
2015.7068 8.1054
2015.7096 10.3047
2015.7123 6.9442
2015.7151 7.9741
2015.7178 8.9845
2015.7205 12.8854
2015.7233 6.7970
2015.7260 8.8795
2015.7288 6.2229
2015.7315 7.5574
2015.7342 6.9731
2015.7370 2.9702
2015.7397 4.9587
2015.7425 6.3187
2015.7452 4.9105
2015.7479 4.2041
2015.7507 -1.8104
2015.7534 3.8370
2015.7562 1.2861
2015.7589 3.5768
2015.7616 2.7990
2015.7644 2.0925
2015.7671 1.7971
2015.7699 4.6228
2015.7726 8.7793
2015.7753 5.4066
2015.7781 0.1146
2015.7808 -0.3070
2015.7836 -0.4783
2015.7863 3.5306
2015.7890 0.8996
2015.7918 5.7085
2015.7945 2.8671
2015.7973 7.1354
2015.8000 8.0632
2015.8027 4.2503
2015.8055 2.6966
2015.8082 2.3720
2015.8110 5.3464
2015.8137 4.5995
2015.8164 1.9113
2015.8192 3.7716
2015.8219 6.8202
2015.8247 5.4371
2015.8274 0.3121
2015.8301 4.8850
2015.8329 3.0861
2015.8356 7.2067
2015.8384 6.1573
2015.8411 4.5278
2015.8438 3.7982
2015.8466 5.7885
2015.8493 4.6887
2015.8521 4.2487
2015.8548 6.3887
2015.8575 2.4786
2015.8603 5.4884
2015.8630 4.6281
2015.8658 4.5277
2015.8685 3.7871
2015.8712 1.2865
2015.8740 -2.8342
2015.8767 1.2649
2015.8795 4.0440
2015.8822 7.5129
2015.8849 5.1718
2015.8877 6.8605
2015.8904 7.3891
2015.8932 4.1676
2015.8959 7.4159
2015.8986 6.2342
2015.9014 8.2524
2015.9041 3.3204
2015.9068 1.8283
2015.9096 7.6461
2015.9123 10.4638
2015.9151 8.8513
2015.9178 10.3189
2015.9205 14.2765
2015.9233 7.2742
2015.9260 3.5919
2015.9288 -3.9703
2015.9315 7.1275
2015.9342 4.0454
2015.9370 0.7032
2015.9397 0.3310
2015.9425 5.0888
2015.9452 2.2465
2015.9479 2.6042
2015.9507 1.3919
2015.9534 3.3694
2015.9562 0.2369
2015.9589 -0.7758
2015.9616 1.0715
2015.9644 7.0186
2015.9671 0.3955
2015.9699 0.6223
2015.9726 0.6789
2015.9753 2.8153
2015.9781 1.2916
2015.9808 1.0576
2015.9836 3.0333
2015.9863 3.1089
2015.9890 4.2641
2015.9918 3.1291
2015.9945 1.6039
2015.9973 2.4283
2016.0000 -2.2076
2016.0027 3.3262
2016.0055 1.2296
2016.0082 4.8328
2016.0109 1.9256
2016.0137 1.8281
2016.0164 -0.0297
2016.0191 0.9423
2016.0219 -0.7260
2016.0246 0.9255
2016.0273 1.3068
2016.0301 1.0379
2016.0328 0.2889
2016.0355 1.8996
2016.0383 2.9903
2016.0410 0.3408
2016.0437 1.5912
2016.0464 0.9915
2016.0492 -1.3182
2016.0519 0.3419
2016.0546 2.7421
2016.0574 1.5922
2016.0601 0.4523
2016.0628 1.8325
2016.0656 0.7726
2016.0683 -3.7471
2016.0710 0.8431
2016.0738 0.7835
2016.0765 -3.1460
2016.0792 -0.6755
2016.0820 0.6552
2016.0847 1.6753
2016.0874 5.5249
2016.0902 1.3540
2016.0929 6.3927
2016.0956 6.0509
2016.0984 5.8288
2016.1011 7.2063
2016.1038 -0.5464
2016.1066 7.6107
2016.1093 4.7777
2016.1120 6.7945
2016.1148 3.9413
2016.1175 3.9081
2016.1202 3.3049
2016.1230 5.3118
2016.1257 7.4188
2016.1284 6.2560
2016.1311 2.5235
2016.1339 6.2713
2016.1366 2.0294
2016.1393 10.5479
2016.1421 7.5568
2016.1448 5.6762
2016.1475 7.8762
2016.1503 7.2367
2016.1530 4.5379
2016.1557 5.7198
2016.1585 4.0924
2016.1612 6.8058
2016.1639 5.2311
2016.1667 7.4099
2016.1694 5.9622
2016.1721 7.4476
2016.1749 8.7860
2016.1776 7.1272
2016.1803 9.3809
2016.1831 6.2369
2016.1858 10.1251
2016.1885 10.6051
2016.1913 11.0469
2016.1940 10.5902
2016.1967 13.3648
2016.1995 11.3604
2016.2022 6.6369
2016.2049 4.5940
2016.2077 7.8716
2016.2104 3.0994
2016.2131 9.8773
2016.2158 4.1549
2016.2186 4.9021
2016.2213 3.6388
2016.2240 3.1846
2016.2268 7.2693
2016.2295 9.4228
2016.2322 4.5449
2016.2350 5.2053
2016.2377 7.2238
2016.2404 1.6902
2016.2432 3.1543
2016.2459 3.4460
2016.2486 3.0668
2016.2514 2.8574
2016.2541 2.0277
2016.2568 3.6378
2016.2596 6.5877
2016.2623 6.4973
2016.2650 5.1667
2016.2678 12.5759
2016.2705 13.6248
2016.2732 8.6435
2016.2760 6.3220
2016.2787 7.5402
2016.2814 4.9482
2016.2842 6.2660
2016.2869 7.9036
2016.2896 9.8209
2016.2923 9.5580
2016.2951 9.0549
2016.2978 9.8615
2016.3005 7.3979
2016.3033 2.6541
2016.3060 5.2601
2016.3087 4.2158
2016.3115 4.0513
2016.3142 5.4766
2016.3169 9.2417
2016.3197 9.6365
2016.3224 9.1712
2016.3251 11.8156
2016.3279 9.4197
2016.3306 9.8033
2016.3333 13.7949
2016.3361 9.2047
2016.3388 10.3728
2016.3415 12.7493
2016.3443 8.4144
2016.3470 10.1481
2016.3497 9.0308
2016.3525 6.4524
2016.3552 9.8731
2016.3579 18.1731
2016.3880 1.6357
2016.3907 4.4880
2016.3934 3.6414
2016.3962 2.0261
2016.3989 3.6222
2016.4016 -5.8701
2016.4044 1.3592
2016.4071 1.8603
2016.4098 6.9834
2016.4126 7.1486
2016.4153 7.8971
2016.4180 10.1793
2016.4208 9.4450
2016.4235 9.0340
2016.4262 8.2059
2016.4290 7.8805
2016.4317 10.9376
2016.4344 10.4369
2016.4372 13.1181
2016.4399 16.6210
2016.4426 13.6052
2016.4454 13.8106
2016.4481 14.4068
2016.4508 13.0437
2016.4536 15.3709
2016.4563 7.9682
2016.4590 10.0553
2016.4617 8.1719
2016.4645 9.6278
2016.4672 11.0728
2016.4699 9.4465
2016.4727 4.5988
2016.4754 6.1992
2016.4781 5.9376
2016.4836 1.5574
2016.4918 1.0401
2016.5027 4.4010
2016.5055 5.6969
2016.5082 3.6125
2016.5109 3.4279
2016.5137 3.4230
2016.5164 6.7178
2016.5191 1.4824
2016.5219 -0.5132
2016.5246 4.8809
2016.5273 5.5049
2016.5301 6.4386
2016.5328 5.1422
2016.5355 2.0056
2016.5383 5.2489
2016.5437 8.8350
2016.5464 7.6379
2016.5492 11.7907
2016.5519 4.0835
2016.5546 4.2661
2016.5574 4.0587
2016.5601 1.1012
2016.5628 1.9237
2016.5656 3.2562
2016.5683 4.8887
2016.5710 10.1011
2016.5738 11.5136
2016.5765 13.1561
2016.5792 14.6987
2016.5820 11.4612
2016.5847 8.6230
2016.5874 5.5740
2016.5902 11.6941
2016.5929 2.6636
2016.5956 8.0224
2016.5984 7.8806
2016.6011 7.1683
2016.6038 8.7056
2016.6066 6.6125
2016.6093 4.4391
2016.6120 -1.9146
2016.6148 -10.1385
2016.6175 1.9575
2016.6202 -2.2466
2016.6230 3.1294
2016.6257 8.2754
2016.6284 8.1616
2016.6311 9.7880
2016.6339 6.4247
2016.6366 7.4216
2016.6393 6.0590
2016.6421 9.3469
2016.6448 7.9453
2016.6475 10.4443
2016.6503 13.6040
2016.6530 9.6344
2016.6585 12.3276
2016.6612 9.9506
2016.6639 9.2246
2016.6667 3.6441
2016.6694 14.8069
2016.6721 6.5923
2016.6749 12.0395
2016.6776 16.3775
2016.6803 9.2556
2016.6831 10.8728
2016.6858 9.8382
2016.6885 8.9911
2016.6913 11.6204
2016.6940 14.6853
2016.6967 14.7750
2016.6995 12.9987
2016.7022 13.7353
2016.7049 13.2940
2016.7077 6.4840
2016.7104 9.8345
2016.7131 11.8244
2016.7158 4.5429
2016.7186 6.9092
2016.7213 8.1224
2016.7240 8.2817
2016.7268 9.9260
2016.7295 9.8446
2016.7322 8.8066
2016.7350 8.3412
2016.7377 6.9074
2016.7404 6.0343
2016.7432 7.2111
2016.7459 6.4770
2016.7486 0.0115
2016.7514 3.9721
2016.7541 6.1220
2016.7568 8.6613
2016.7596 6.0297
2016.7623 6.2074
2016.7650 9.8243
2016.7678 7.2504
2016.7705 5.7457
2016.7732 5.3901
2016.7760 6.1536
2016.7787 6.1863
2016.7814 2.4280
2016.7842 5.8188
2016.7869 4.3986
2016.7896 4.4775
2016.7923 4.0853
2016.7951 6.2921
2016.7978 5.3879
2016.8005 12.5727
2016.8033 12.0163
2016.8060 12.9289
2016.8087 9.5803
2016.8115 11.6506
2016.8142 6.0797
2016.8169 5.4476
2016.8197 5.9643
2016.8224 4.6198
2016.8251 4.8740
2016.8279 7.8670
2016.8306 6.2286
2016.8333 5.3694
2016.8361 7.1905
2016.8388 8.0419
2016.8415 3.2136
2016.8443 5.7955
2016.8470 3.7375
2016.8497 3.1495
2016.8525 1.8415
2016.8552 -2.2167
2016.8579 -0.9750
2016.8607 3.7864
2016.8634 3.1074
2016.8661 3.1280
2016.8689 1.5381
2016.8716 2.7276
2016.8743 5.0764
2016.8770 2.4145
2016.8798 4.3917
2016.8825 4.7381
2016.8852 2.1135
2016.8880 9.0378
2016.8907 4.1510
2016.8934 4.3930
2016.8962 1.2737
2016.8989 0.4530
2016.9016 2.5209
2016.9044 0.6873
2016.9071 -0.8380
2016.9098 -0.0749
2016.9126 3.8164
2016.9153 4.4459
2016.9180 1.0943
2016.9208 0.7622
2016.9235 0.3097
2016.9262 1.5167
2016.9290 2.6033
2016.9317 1.1596
2016.9344 2.6355
2016.9372 1.0412
2016.9399 1.0166
2016.9426 2.6818
2016.9454 1.4168
2016.9481 1.8617
2016.9508 3.0964
2016.9536 0.1111
2016.9563 3.1757
2016.9590 6.7403
2016.9617 5.2449
2016.9645 -2.8204
2016.9672 -0.5756
2016.9699 1.9293
2016.9727 -0.1557
2016.9754 0.3395
2016.9781 -1.8450
2016.9809 -2.8392
2016.9836 2.3368
2016.9863 -0.3469
2016.9891 0.1499
2016.9918 -1.0530
2016.9945 1.2845
2016.9973 0.7526
2017.0000 -2.4489
2017.0027 -3.0701
2017.0055 -2.9712
2017.0082 -3.2422
2017.0110 -1.8231
2017.0137 0.7661
2017.0164 -2.9446
2017.0192 -1.9652
2017.0219 2.9542
2017.0247 2.3437
2017.0274 1.4033
2017.0301 0.5529
2017.0329 -0.0475
2017.0356 3.2222
2017.0384 -0.1881
2017.0411 -2.1685
2017.0438 -2.4188
2017.0466 -2.1491
2017.0493 -0.1294
2017.0521 4.0203
2017.0548 1.6099
2017.0575 -3.2705
2017.0603 1.1890
2017.0630 1.5985
2017.0658 1.9280
2017.0685 -2.4927
2017.0712 -0.8834
2017.0740 0.5458
2017.0767 -1.7850
2017.0795 4.1040
2017.0822 6.9328
2017.0849 2.6208
2017.0877 4.4679
2017.0904 2.0143
2017.0932 1.6499
2017.0959 2.3050
2017.0986 4.6094
2017.1014 -0.3167
2017.1041 -0.0232
2017.1068 5.6999
2017.1096 3.5927
2017.1123 4.2853
2017.1151 5.4177
2017.1178 1.2700
2017.1205 5.8923
2017.1233 -0.3955
2017.1260 0.0869
2017.1288 4.6395
2017.1315 3.8422
2017.1342 2.9153
2017.1370 4.1188
2017.1397 6.0026
2017.1425 2.6870
2017.1452 1.7120
2017.1479 0.7675
2017.1507 -1.3362
2017.1534 4.6309
2017.1562 2.2987
2017.1589 2.8075
2017.1616 1.5573
2017.1644 -1.8105
2017.1671 -0.5646
2017.1699 2.8647
2017.1726 3.2072
2017.1753 0.1827
2017.1781 1.0309
2017.1808 7.4017
2017.1836 3.0248
2017.1863 2.3899
2017.1890 4.1669
2017.1918 8.9655
2017.1945 5.1255
2017.1973 1.4967
2017.2000 1.1588
2017.2027 0.6616
2017.2055 8.4349
2017.2082 4.3885
2017.2110 3.6021
2017.2137 4.1855
2017.2164 5.9785
2017.2192 3.7208
2017.2219 -2.0577
2017.2247 -0.1573
2017.2274 -1.2483
2017.2301 -2.1908
2017.2329 4.7349
2017.2356 -1.1014
2017.2384 2.7501
2017.2411 -3.7708
2017.2438 3.1955
2017.2466 2.2590
2017.2493 2.4401
2017.2521 0.4790
2017.2548 4.1860
2017.2575 -0.1089
2017.2603 2.7447
2017.2630 8.3867
2017.2658 2.4675
2017.2685 -0.6628
2017.2712 2.7059
2017.2740 5.4540
2017.2767 7.1614
2017.2795 7.4885
2017.2822 6.1354
2017.2849 1.6722
2017.2877 10.7292
2017.2904 10.5165
2017.2932 6.2143
2017.2959 6.5228
2017.2986 7.5422
2017.3014 3.2526
2017.3041 5.3842
2017.3068 7.8072
2017.3096 9.5118
2017.3123 9.6981
2017.3151 10.5164
2017.3178 8.2468
2017.3205 8.2094
2017.3233 6.2345
2017.3260 6.7023
2017.3288 2.6829
2017.3315 8.6056
2017.3342 6.8196
2017.3370 2.3048
2017.3397 -1.8288
2017.3425 6.1485
2017.3452 5.9268
2017.3479 4.7960
2017.3507 7.9359
2017.3534 7.3465
2017.3562 8.4677
2017.3589 9.9494
2017.3616 6.4315
2017.3644 8.1440
2017.3671 7.9467
2017.3699 8.4596
2017.3726 6.7926
2017.3753 8.3555
2017.3781 7.3284
2017.3808 11.7111
2017.3836 5.1936
2017.3863 6.8757
2017.3890 6.0374
2017.3918 7.7985
2017.3945 2.7891
2017.3973 1.5689
2017.4000 1.7680
2017.4027 3.9562
2017.4055 4.5835
2017.4082 3.1298
2017.4110 1.8849
2017.4137 -0.5211
2017.4164 -0.7579
2017.4192 2.3246
2017.4219 5.8765
2017.4247 9.2078
2017.4274 3.9385
2017.4301 8.2488
2017.4329 8.4587
2017.4356 9.4783
2017.4384 7.6476
2017.4411 5.7566
2017.4438 4.7055
2017.4466 3.3743
2017.4493 2.6330
2017.4521 6.4518
2017.4548 6.1206
2017.4575 4.1295
2017.4603 10.1086
2017.4630 7.1280
2017.4658 9.9076
2017.4685 7.7877
2017.4712 5.6881
2017.4740 9.5290
2017.4767 13.4805
2017.4795 11.0626
2017.4822 9.9253
2017.4849 6.6287
2017.4877 8.5829
2017.4904 4.5079
2017.4932 4.9238
2017.4959 0.3707
2017.4986 6.4685
2017.5014 3.2773
2017.5041 6.8869
2017.5068 12.6074
2017.5096 9.4687
2017.5123 5.9407
2017.5151 7.7433
2017.5178 9.4765
2017.5205 9.2603
2017.5233 2.9146
2017.5260 1.7794
2017.5288 3.5145
2017.5315 6.2899
2017.5342 5.5857
2017.5370 4.1816
2017.5397 10.4278
2017.5425 9.0440
2017.5452 8.3503
2017.5479 8.5866
2017.5507 5.5129
2017.5534 5.5890
2017.5562 5.6450
2017.5589 4.3608
2017.5616 3.3663
2017.5644 4.8115
2017.5671 7.1963
2017.5699 7.2907
2017.5726 11.5745
2017.5753 13.5679
2017.5781 17.1106
2017.5808 9.6727
2017.5836 8.4637
2017.5863 7.5233
2017.5890 7.4217
2017.5918 4.5288
2017.5945 7.0449
2017.5973 7.2900
2017.6000 6.3743
2017.6027 6.5978
2017.6055 5.5706
2017.6082 11.5228
2017.6110 9.6046
2017.6137 12.6360
2017.6164 11.3672
2017.6192 13.8182
2017.6219 11.4391
2017.6247 12.3701
2017.6274 11.3313
2017.6301 10.2427
2017.6329 12.8945
2017.6356 12.9267
2017.6384 15.2594
2017.6411 12.3429
2017.6438 15.1771
2017.6466 15.1922
2017.6493 18.1282
2017.6521 18.1553
2017.6548 17.2436
2017.6575 13.7032
2017.6603 14.0341
2017.6630 14.9365
2017.6658 14.0310
2017.6685 11.4602
2017.6712 15.3843
2017.6740 10.6531
2017.6767 11.1361
2017.6795 12.3530
2017.6822 13.6135
2017.6849 5.1972
2017.6877 11.8439
2017.6904 13.7331
2017.6932 7.3346
2017.6959 8.7480
2017.6986 8.8729
2017.7014 12.1691
2017.7041 11.2262
2017.7068 16.9239
2017.7096 10.2718
2017.7123 11.5895
2017.7151 10.4669
2017.7178 9.9834
2017.7205 13.2089
2017.7233 11.5829
2017.7260 8.6651
2017.7288 9.8452
2017.7315 11.6828
2017.7342 9.2177
2017.7370 11.9094
2017.7397 10.8676
2017.7425 11.0721
2017.7452 9.2524
2017.7479 7.0783
2017.7507 4.5218
2017.7534 4.3750
2017.7562 5.3778
2017.7589 5.2404
2017.7616 6.8025
2017.7644 10.1043
2017.7671 8.7655
2017.7699 5.8763
2017.7726 10.0366
2017.7753 10.2362
2017.7781 11.6553
2017.7808 6.2537
2017.7836 7.6115
2017.7863 8.5285
2017.7890 2.7347
2017.7918 4.3202
2017.7945 4.7349
2017.7973 5.4686
2017.8000 8.0715
2017.8027 4.5034
2017.8055 8.4744
2017.8082 8.5043
2017.8110 9.5732
2017.8137 5.5310
2017.8164 7.4277
2017.8192 11.1732
2017.8219 9.6375
2017.8247 8.8605
2017.8274 8.7123
2017.8301 6.6828
2017.8329 10.4020
2017.8356 8.2910
2017.8384 6.3299
2017.8411 6.4986
2017.8438 7.1672
2017.8466 7.9256
2017.8493 8.5839
2017.8521 8.1621
2017.8548 15.7801
2017.8575 11.8779
2017.8603 14.4556
2017.8630 11.3831
2017.8658 11.5504
2017.8685 7.4576
2017.8712 5.9446
2017.8740 8.8114
2017.8767 5.5580
2017.8795 5.9745
2017.8822 5.8308
2017.8849 6.0469
2017.8877 5.9428
2017.8904 6.3485
2017.8932 6.8639
2017.8959 6.8092
2017.8986 6.4043
2017.9014 9.6292
2017.9041 5.8839
2017.9068 5.1283
2017.9096 2.8826
2017.9123 0.2266
2017.9151 6.9504
2017.9178 5.2341
2017.9205 7.0181
2017.9233 6.1522
2017.9260 7.5664
2017.9288 7.1308
2017.9315 8.0751
2017.9342 6.8695
2017.9370 7.4739
2017.9397 4.0182
2017.9425 7.0224
2017.9452 5.4965
2017.9479 4.6105
2017.9507 4.3343
2017.9534 9.2378
2017.9562 6.0611
2017.9589 10.6641
2017.9616 9.8268
2017.9644 5.1191
2017.9671 5.8211
2017.9699 6.1926
2017.9726 4.8737
2017.9753 6.3243
2017.9781 8.0343
2017.9808 1.1838
2017.9836 3.5027
2017.9863 5.6210
2017.9890 7.2486
2017.9918 6.3455
2017.9945 4.2417
2017.9973 2.7072
2018.0000 6.2218
2018.0027 4.9457
2018.0055 5.2790
2018.0082 2.3617
2018.0110 2.9439
2018.0137 4.7956
2018.0164 5.8968
2018.0192 4.6275
2018.0219 4.1779
2018.0247 2.1778
2018.0274 4.5575
2018.0301 4.7168
2018.0329 8.3259
2018.0356 8.6948
2018.0384 5.9235
2018.0411 4.7520
2018.0438 3.1504
2018.0466 4.5087
2018.0493 6.2570
2018.0521 9.6752
2018.0548 8.0335
2018.0575 9.2019
2018.0603 6.6503
2018.0630 5.7689
2018.0658 6.5376
2018.0685 6.8865
2018.0712 9.5557
2018.0740 6.9051
2018.0767 5.6249
2018.0795 5.6950
2018.0822 9.8753
2018.0849 12.3053
2018.0877 7.8250
2018.0904 5.2943
2018.0932 6.6533
2018.0959 0.1522
2018.0986 -3.5191
2018.1014 3.5296
2018.1041 11.3983
2018.1068 3.9971
2018.1096 10.2460
2018.1123 7.6251
2018.1151 5.9544
2018.1178 5.6641
2018.1205 5.9442
2018.1233 6.6648
2018.1260 1.0159
2018.1288 5.0475
2018.1315 6.9699
2018.1342 3.0229
2018.1370 3.6967
2018.1397 1.6314
2018.1425 4.1270
2018.1452 -0.0565
2018.1479 0.5012
2018.1507 3.2599
2018.1534 0.8998
2018.1562 1.0509
2018.1589 3.5733
2018.1616 6.9071
2018.1644 0.0637
2018.1671 1.0141
2018.1699 -4.9417
2018.1726 -2.0642
2018.1753 -0.5134
2018.1781 0.6104
2018.1808 -1.1130
2018.1836 0.9062
2018.1863 -1.7623
2018.1890 0.7113
2018.1918 1.1168
2018.1945 1.0040
2018.1973 -1.0474
2018.2000 1.2225
2018.2027 0.6134
2018.2055 2.0551
2018.2082 3.3574
2018.2110 6.6400
2018.2137 8.3328
2018.2164 11.5555
2018.2192 3.6078
2018.2219 -0.4304
2018.2247 6.0907
2018.2274 1.6308
2018.2301 0.0197
2018.2329 -1.8928
2018.2356 4.8030
2018.2384 0.5870
2018.2411 2.6590
2018.2438 6.3186
2018.2466 3.6460
2018.2493 6.9835
2018.2521 9.8712
2018.2548 1.7192
2018.2575 5.6975
2018.2603 3.6058
2018.2630 5.1743
2018.2658 2.1529
2018.2685 5.1115
2018.2712 6.3201
2018.2740 13.3886
2018.2767 11.5070
2018.2795 5.5653
2018.2822 7.3733
2018.2849 9.3011
2018.2877 6.0786
2018.2904 11.2458
2018.2932 8.7926
2018.2959 7.6989
2018.2986 6.9248
2018.3014 4.6602
2018.3041 7.4750
2018.3068 11.6792
2018.3096 9.1227
2018.3123 7.2655
2018.3151 5.4876
2018.3178 2.0289
2018.3205 5.8593
2018.3233 6.2889
2018.3260 9.9775
2018.3288 6.5551
2018.3315 8.2922
2018.3342 5.4091
2018.3370 2.3958
2018.3397 6.1224
2018.3425 7.9489
2018.3452 9.7052
2018.3479 7.2915
2018.3507 7.2876
2018.3534 6.9336
2018.3562 7.5395
2018.3589 10.0453
2018.3616 7.2511
2018.3644 16.3867
2018.3671 10.1523
2018.3699 10.2978
2018.3726 15.2733
2018.3753 12.0587
2018.3781 6.9140
2018.3808 5.6393
2018.3836 4.8946
2018.3863 10.7699
2018.3890 3.7051
2018.3918 9.2203
2018.3945 7.4755
2018.3973 9.7707
2018.4000 11.1759
2018.4027 11.5312
2018.4055 9.5364
2018.4082 8.4217
2018.4110 11.1370
2018.4137 9.7523
2018.4164 7.9773
2018.4192 8.1821
2018.4219 5.6467
2018.4247 9.1410
2018.4274 7.9052
2018.4301 9.0692
2018.4329 6.7430
2018.4356 9.1168
2018.4384 13.5104
2018.4411 9.5340
2018.4438 14.4875
2018.4466 9.0110
2018.4493 4.8445
2018.4521 8.6880
2018.4548 7.2816
2018.4575 4.4353
2018.4603 2.2990
2018.4630 1.6429
2018.4658 0.4769
2018.4685 1.6811
2018.4712 3.5555
2018.4740 4.4501
2018.4767 6.0750
2018.4795 8.5601
2018.4822 8.1155
2018.4849 6.9912
2018.4877 5.5572
2018.4904 8.0537
2018.4932 7.9205
2018.4959 8.0077
2018.4986 4.0964
2018.5014 7.0776
2018.5041 4.9912
2018.5068 8.1971
2018.5096 12.5050
2018.5123 10.4948
2018.5151 14.3065
2018.5178 14.8298
2018.5205 17.9647
2018.5233 14.5009
2018.5260 11.9683
2018.5288 7.6969
2018.5315 10.1364
2018.5342 12.8167
2018.5370 9.3876
2018.5397 12.1291
2018.5425 12.2510
2018.5452 12.1931
2018.5479 26.2253
2018.5507 20.0275
2018.5534 11.5395
2018.5562 19.8112
2018.5589 18.7924
2018.5616 15.6029
2018.5644 18.8128
2018.5671 18.9217
2018.5699 11.5096
2018.5726 12.3163
2018.5753 11.2717
2018.5781 11.5956
2018.5808 9.9580
2018.5836 10.7991
2018.5863 10.9997
2018.5890 17.8897
2018.5918 15.3192
2018.5945 14.6982
2018.5973 14.7668
2018.6000 12.8749
2018.6027 14.6628
2018.6055 14.7603
2018.6082 11.3376
2018.6110 6.6246
2018.6137 13.3715
2018.6164 16.9382
2018.6192 12.9348
2018.6219 10.4314
2018.6247 13.6080
2018.6274 13.3346
2018.6301 15.9413
2018.6329 12.9581
2018.6356 12.8051
2018.6384 11.9722
2018.6411 11.3397
2018.6438 11.9374
2018.6466 13.1555
2018.6493 8.7339
2018.6521 8.6528
2018.6548 11.1721
2018.6575 10.7219
2018.6603 13.2823
2018.6630 17.3533
2018.6658 15.0551
2018.6685 15.4090
2018.6712 14.4153
2018.6740 12.1235
2018.6767 16.2037
2018.6795 26.2857
2018.6822 18.4392
2018.6849 15.6741
2018.6877 12.1103
2018.6904 10.1477
2018.6932 12.3859
2018.6959 10.2149
2018.6986 5.9346
2018.7014 11.0847
2018.7041 8.5051
2018.7068 8.1656
2018.7096 9.5161
2018.7123 7.3464
2018.7151 7.7463
2018.7178 7.6758
2018.7205 7.2945
2018.7233 4.9925
2018.7260 3.3594
2018.7288 4.6952
2018.7315 7.2296
2018.7342 5.2826
2018.7370 5.3939
2018.7397 8.5134
2018.7452 12.3963
2018.7479 10.9195
2018.7507 9.2299
2018.7534 11.8474
2018.7562 6.1322
2018.7589 11.2345
2018.7616 7.5045
2018.7644 8.8124
2018.7671 13.5785
2018.7699 7.1328
2018.7726 9.5457
2018.7753 12.2572
2018.7781 11.2577
2018.7808 14.0573
2018.7836 15.9362
2018.7863 13.1446
2018.7890 8.8927
2018.7918 9.4707
2018.7945 13.6888
2018.7973 10.4473
2018.8000 7.5162
2018.8027 10.0159
2018.8055 13.5465
2018.8082 16.7081
2018.8110 12.0011
2018.8137 16.5157
2018.8164 9.2619
2018.8192 8.4100
2018.8219 8.6303
2018.8247 11.8028
2018.8274 7.0979
2018.8301 8.8457
2018.8329 8.9761
2018.8356 11.5779
2018.8384 7.1106
2018.8411 6.6143
2018.8438 8.8888
2018.8466 10.9041
2018.8493 10.5601
2018.8521 7.3367
2018.8548 7.1840
2018.8575 6.1618
2018.8603 8.3900
2018.8630 5.2286
2018.8658 7.6275
2018.8685 9.0166
2018.8712 9.4960
2018.8740 6.6554
2018.8767 6.6649
2018.8795 5.7244
2018.8822 6.4738
2018.8849 9.6431
2018.8877 5.7021
2018.8904 6.0208
2018.8932 7.4491
2018.8959 7.6071
2018.8986 8.8145
2018.9014 5.4714
2018.9041 9.5977
2018.9068 7.6732
2018.9096 4.4980
2018.9123 3.0520
2018.9151 7.2650
2018.9178 5.4182
2018.9205 7.5424
2018.9233 3.1475
2018.9260 -0.3667
2018.9288 2.7697
2018.9315 7.7765
2018.9342 5.0335
2018.9370 4.7406
2018.9397 5.6475
2018.9425 4.6243
2018.9452 5.0405
2018.9479 5.3862
2018.9507 4.0711
2018.9534 1.0051
2018.9562 8.4280
2018.9589 4.1597
2018.9616 5.1399
2018.9644 5.6886
2018.9671 6.6455
2018.9699 4.7705
2018.9726 4.3134
2018.9753 8.3040
2018.9781 5.3823
2018.9808 7.4079
2018.9836 5.9909
2018.9863 6.4409
2018.9890 10.2379
2018.9918 6.6016
2018.9945 11.2119
2018.9973 9.2687
2019.0000 13.5517
2019.0027 9.1426
2019.0055 7.4730
2019.0082 13.5430
2019.0110 12.7726
2019.0137 12.5018
2019.0164 10.5307
2019.0192 6.7293
2019.0219 5.6576
2019.0247 3.2556
2019.0274 6.3033
2019.0301 6.1609
2019.0329 9.3083
2019.0356 6.4755
2019.0384 8.3825
2019.0411 6.9095
2019.0438 8.8964
2019.0466 7.7732
2019.0493 6.7500
2019.0521 10.5868
2019.0548 7.0437
2019.0575 7.2606
2019.0603 8.8375
2019.0630 12.0046
2019.0658 10.9718
2019.0685 10.4492
2019.0712 10.4067
2019.0740 9.6944
2019.0767 10.6524
2019.0795 8.7407
2019.0822 4.8692
2019.0849 5.5077
2019.0877 6.5361
2019.0904 9.7045
2019.0932 6.1428
2019.0959 7.9811
2019.0986 12.9794
2019.1014 9.4477
2019.1041 10.2760
2019.1068 8.5343
2019.1096 9.7626
2019.1123 9.6410
2019.1151 6.1295
2019.1178 6.6280
2019.1205 6.8765
2019.1233 6.6752
2019.1260 9.0439
2019.1288 0.9728
2019.1315 3.5417
2019.1342 2.0308
2019.1370 2.4501
2019.1397 4.9094
2019.1425 2.7290
2019.1452 5.1287
2019.1479 4.4686
2019.1507 4.7386
2019.1534 5.3889
2019.1562 6.9594
2019.1589 2.1801
2019.1616 1.4311
2019.1644 4.9035
2019.1671 4.8386
2019.1699 6.2861
2019.1726 6.3960
2019.1753 4.7183
2019.1781 2.1327
2019.1808 7.4792
2019.1836 7.4978
2019.1863 8.1182
2019.1890 10.0905
2019.1918 9.0444
2019.1945 7.9400
2019.1973 8.9571
2019.2000 7.0356
2019.2027 6.2654
2019.2055 9.8064
2019.2082 5.3486
2019.2110 8.2718
2019.2137 9.6458
2019.2164 9.0808
2019.2192 8.5864
2019.2219 10.7027
2019.2247 12.5694
2019.2274 12.4867
2019.2301 14.7042
2019.2329 15.6520
2019.2356 14.6899
2019.2384 13.7578
2019.2411 13.5857
2019.2438 9.6935
2019.2466 12.3511
2019.2493 13.1693
2019.2521 11.2182
2019.2548 11.5077
2019.2575 7.7478
2019.2603 14.9985
2019.2630 13.8196
2019.2658 15.4211
2019.2685 15.6431
2019.2712 7.6153
2019.2740 17.0378
2019.2767 6.8105
2019.2795 7.9134
2019.2822 4.2064
2019.2849 4.3394
2019.2877 12.5424
2019.2904 11.6054
2019.2932 12.4683
2019.2959 10.2810
2019.2986 11.3935
2019.3014 8.6757
2019.3041 7.7277
2019.3068 10.6292
2019.3096 7.1703
2019.3123 11.3210
2019.3151 9.9311
2019.3178 9.5806
2019.3205 7.2695
2019.3233 13.8578
2019.3260 12.2752
2019.3288 9.4319
2019.3315 7.9981
2019.3342 9.1241
2019.3370 14.5999
2019.3397 11.4155
2019.3425 12.0009
2019.3452 16.1061
2019.3479 10.8810
2019.3507 12.4257
2019.3534 7.1601
2019.3562 8.3943
2019.3589 8.7181
2019.3616 8.9317
2019.3644 10.9549
2019.3671 9.4677
2019.3699 12.5203
2019.3726 14.0024
2019.3753 10.9642
2019.3781 13.8856
2019.3808 7.2666
2019.3836 2.0372
2019.3863 2.1473
2019.3890 5.0870
2019.3918 4.7963
2019.3945 4.0951
2019.3973 8.0733
2019.4000 6.4011
2019.4027 7.3184
2019.4055 6.7852
2019.4082 1.8714
2019.4110 6.2170
2019.4137 8.1221
2019.4164 8.2367
2019.4192 6.8607
2019.4219 8.1741
2019.4247 6.5070
2019.4274 7.9195
2019.4301 4.8814
2019.4329 1.6828
2019.4356 8.3938
2019.4384 7.6942
2019.4411 6.7543
2019.4438 12.1738
2019.4466 11.4530
2019.4493 10.1617
2019.4521 12.8200
2019.4548 18.4779
2019.4575 14.6254
2019.4603 12.6226
2019.4630 15.9593
2019.4658 15.2757
2019.4685 14.6718
2019.4712 16.5175
2019.4740 6.6429
2019.4767 17.3280
2019.4795 12.2728
2019.4822 14.9873
2019.4849 15.4015
2019.4877 15.4255
2019.4904 14.0092
2019.4932 13.9826
2019.4959 12.5558
2019.4986 12.1687
2019.5014 14.4113
2019.5041 12.9635
2019.5068 11.4853
2019.5096 15.2368
2019.5123 10.0380
2019.5151 10.7689
2019.5178 10.0094
2019.5205 13.7397
2019.5233 14.1496
2019.5260 16.3193
2019.5288 17.0787
2019.5315 18.3578
2019.5342 11.5067
2019.5370 11.8552
2019.5397 11.4536
2019.5425 11.8817
2019.5452 12.7796
2019.5479 13.1672
2019.5507 14.1547
2019.5534 15.2619
2019.5562 14.9490
2019.5589 17.4158
2019.5616 16.0625
2019.5644 19.6890
2019.5671 21.9853
2019.5699 19.8515
2019.5726 21.8875
2019.5753 16.3334
2019.5781 18.1192
2019.5808 16.5948
2019.5836 17.0894
2019.5863 15.4423
2019.5890 17.0935
2019.5918 16.5432
2019.5945 16.0515
2019.5973 17.7386
2019.6000 18.1846
2019.6027 18.0395
2019.6055 18.5237
2019.6082 17.7271
2019.6110 20.8200
2019.6137 20.4124
2019.6164 21.5945
2019.6192 20.9965
2019.6219 14.6983
2019.6247 20.4503
2019.6274 20.9325
2019.6301 19.2450
2019.6329 19.6181
2019.6356 15.2417
2019.6384 17.4861
2019.6411 17.8214
2019.6438 20.4577
2019.6466 20.6552
2019.6493 18.3039
2019.6521 20.6141
2019.6548 16.7758
2019.6575 16.0792
2019.6603 14.2844
2019.6630 9.1915
2019.6658 11.6207
2019.6685 12.7112
2019.6712 16.7231
2019.6740 18.4862
2019.6767 18.0105
2019.6795 18.8159
2019.6822 14.8425
2019.6849 13.5201
2019.6877 15.1088
2019.6904 20.7485
2019.6932 18.5291
2019.6959 13.2906
2019.6986 13.0130
2019.7014 15.2962
2019.7041 17.0702
2019.7068 17.8049
2019.7096 21.1803
2019.7123 19.8763
2019.7151 16.8930
2019.7178 16.1802
2019.7205 20.8179
2019.7233 17.7761
2019.7260 14.8248
2019.7288 16.9738
2019.7315 20.1232
2019.7342 15.8029
2019.7370 15.1629
2019.7397 13.2331
2019.7425 16.5035
2019.7452 22.2140
2019.7479 22.0946
2019.7507 25.4958
2019.7534 24.8882
2019.7562 22.7117
2019.7589 21.5761
2019.7616 21.1814
2019.7644 17.5576
2019.7671 19.6144
2019.7699 20.5619
2019.7726 16.1400
2019.7753 14.5186
2019.7781 14.4175
2019.7808 18.8468
2019.7836 17.3263
2019.7863 18.8260
2019.7890 14.3057
2019.7918 19.7755
2019.7945 21.5651
2019.7973 17.6746
2019.8000 16.4738
2019.8027 16.8527
2019.8055 9.5212
2019.8082 9.0892
2019.8110 4.4565
2019.8137 4.9133
2019.8164 10.3992
2019.8192 12.6144
2019.8219 12.5386
2019.8247 9.7519
2019.8274 4.9141
2019.8301 6.6651
2019.8329 5.1649
2019.8356 12.9638
2019.8384 13.2919
2019.8411 13.3890
2019.8438 13.4653
2019.8466 10.2907
2019.8493 11.2752
2019.8521 11.2788
2019.8548 12.0714
2019.8575 13.7832
2019.8603 12.2240
2019.8630 15.8839
2019.8658 12.2429
2019.8685 11.7209
2019.8712 16.4779
2019.8740 11.7340
2019.8767 11.2992
2019.8795 11.2533
2019.8822 11.7865
2019.8849 8.1587
2019.8877 9.3299
2019.8904 7.1801
2019.8932 9.0693
2019.8959 10.6775
2019.8986 10.8347
2019.9014 10.9708
2019.9041 9.8159
2019.9068 9.0600
2019.9096 8.5830
2019.9123 9.4150
2019.9151 7.2359
2019.9178 6.5860
2019.9205 7.8956
2019.9233 9.6546
2019.9260 6.5030
2019.9288 6.6208
2019.9315 8.5179
2019.9342 4.7543
2019.9370 6.8401
2019.9397 7.2250
2019.9425 11.0092
2019.9452 10.4326
2019.9479 10.2351
2019.9507 5.5068
2019.9534 5.2676
2019.9562 7.8174
2019.9589 6.0463
2019.9616 6.7742
2019.9644 4.2311
2019.9671 6.5270
2019.9699 11.0918
2019.9726 9.5955
2019.9753 12.2480
2019.9781 11.8794
2019.9808 11.9396
2019.9836 11.3486
2019.9863 10.8463
2019.9890 14.0527
2019.9918 12.2679
2019.9945 10.5516
2019.9973 4.7541
2020.0000 10.0351
2020.0027 4.7856
2020.0055 11.0660
2020.0082 10.8664
2020.0109 5.8169
2020.0137 6.5173
2020.0164 12.8877
2020.0191 10.4281
2020.0219 13.9586
2020.0246 12.9190
2020.0273 9.7894
2020.0301 10.4098
2020.0328 6.6302
2020.0355 13.3506
2020.0383 10.2510
2020.0410 9.1714
2020.0437 14.7818
2020.0464 8.7822
2020.0492 11.6326
2020.0519 10.4829
2020.0546 9.8233
2020.0574 8.3237
2020.0601 3.6241
2020.0628 11.2845
2020.0656 9.8548
2020.0683 7.1352
2020.0710 9.1556
2020.0738 8.1760
2020.0765 9.1763
2020.0792 10.0367
2020.0820 7.6571
2020.0847 10.3475
2020.0874 11.1678
2020.0902 10.5681
2020.0929 16.0585
2020.0956 9.7988
2020.0984 6.3791
2020.1011 6.0594
2020.1038 3.6597
2020.1066 1.2600
2020.1093 3.1703
2020.1120 9.0605
2020.1148 9.6608
2020.1175 7.3111
2020.1202 7.8014
2020.1230 9.1817
2020.1257 8.5919
2020.1284 3.8322
2020.1311 2.8625
2020.1339 5.4428
2020.1366 5.0131
2020.1393 4.4934
2020.1421 6.1337
2020.1448 9.3740
2020.1475 6.6344
2020.1503 7.3147
2020.1530 10.4251
2020.1557 7.4954
2020.1585 6.0458
2020.1612 4.0362
2020.1639 6.1680
2020.1667 5.3435
2020.1694 7.6827
2020.1721 5.1053
2020.1749 3.2513
2020.1776 3.0805
2020.1803 7.2628
2020.1831 11.1981
2020.1858 9.3462
2020.1885 10.0471
2020.1913 11.3605
2020.1940 9.3865
2020.1967 18.0547
2020.1995 8.0052
2020.2022 11.8177
2020.2049 12.1523
2020.2077 6.0486
2020.2104 10.6066
2020.2131 10.8162
2020.2158 14.2073
2020.2186 12.5796
2020.2213 7.5432
2020.2240 10.2978
2020.2268 19.9133
2020.2295 16.4297
2020.2322 18.8567
2020.2350 9.4042
2020.2377 14.1522
2020.2404 10.1405
2020.2432 10.2889
2020.2459 10.5175
2020.2486 5.3791
2020.2514 3.3046
2020.2541 11.9336
2020.2568 5.8259
2020.2596 12.2911
2020.2623 8.2989
2020.2650 17.7090
2020.2678 15.6412
2020.2705 12.8150
2020.2732 16.0702
2020.2760 20.4164
2020.2787 9.8034
2020.2814 10.7008
2020.2842 11.4384
2020.2869 7.8057
2020.2896 7.5125
2020.2923 9.9385
2020.2951 11.9833
2020.2978 10.6467
2020.3005 13.1484
2020.3033 12.6379
2020.3060 10.5551
2020.3087 13.0796
2020.3115 10.4810
2020.3142 15.5991
2020.3169 16.8336
2020.3197 15.1541
2020.3224 13.0703
2020.3251 14.5219
2020.3279 7.1587
2020.3306 7.7914
2020.3333 7.6137
2020.3361 11.9459
2020.3388 10.9180
2020.3415 10.8300
2020.3443 6.5819
2020.3470 10.8338
2020.3497 9.6255
2020.3525 10.6372
2020.3552 7.2188
2020.3579 8.3603
2020.3607 8.6817
2020.3634 9.3331
2020.3661 9.9244
2020.3689 10.4056
2020.3716 10.5367
2020.3743 7.6477
2020.3770 9.8687
2020.3798 10.9696
2020.3825 14.5505
2020.3852 11.7712
2020.3880 15.1319
2020.3907 11.4426
2020.3934 10.2031
2020.3962 10.3936
2020.3989 12.3141
2020.4016 8.3744
2020.4044 9.4347
2020.4071 11.5450
2020.4098 10.4652
2020.4126 17.0353
2020.4153 14.7655
2020.4180 16.4656
2020.4208 16.5358
2020.4235 18.9359
2020.4262 18.7461
2020.4290 18.8862
2020.4317 20.6664
2020.4344 22.8766
2020.4372 22.0067
2020.4399 11.5768
2020.4426 12.3370
2020.4454 7.2570
2020.4481 9.3271
2020.4508 8.9271
2020.4536 13.5171
2020.4563 13.8171
2020.4590 17.1570
2020.4617 19.4669
2020.4645 20.8067
2020.4672 14.9664
2020.4699 14.1461
2020.4727 14.5058
2020.4754 15.4254
2020.4781 12.3349
2020.4809 15.6543
2020.4836 13.4137
2020.4863 14.6829
2020.4891 14.4221
2020.4918 10.5912
2020.4945 10.5302
2020.4973 13.3190
2020.5000 12.6863
2020.5027 13.7723
2020.5055 14.8570
2020.5082 12.4904
2020.5109 12.8927
2020.5137 12.6739
2020.5164 13.2243
2020.5191 9.4937
2020.5219 17.5825
2020.5246 19.1006
2020.5273 15.1081
2020.5301 17.8452
2020.5328 18.8720
2020.5355 15.5085
2020.5383 21.1848
2020.5410 16.7011
2020.5437 20.2674
2020.5464 21.3739
2020.5492 19.1706
2020.5519 17.5676
2020.5546 14.0351
2020.5574 15.8530
2020.5601 17.1416
2020.5628 20.7109
2020.5656 20.8311
2020.5683 21.7821
2020.5710 18.9942
2020.5738 19.5873
2020.5765 19.2517
2020.5792 21.5874
2020.5820 18.9044
2020.5847 17.6725
2020.5874 17.0516
2020.5902 21.7416
2020.5929 26.1624
2020.5956 20.5639
2020.5984 18.1361
2020.6011 14.8790
2020.6038 13.5725
2020.6066 16.1364
2020.6093 16.4608
2020.6120 16.8856
2020.6148 16.4906
2020.6175 11.7759
2020.6202 12.9114
2020.6230 9.5370
2020.6257 10.8227
2020.6284 7.7483
2020.6311 15.9939
2020.6339 15.4393
2020.6366 16.4445
2020.6393 16.5394
2020.6421 13.2940
2020.6448 21.0882
2020.6475 22.1019
2020.6503 18.8251
2020.6530 15.5377
2020.6557 13.3797
2020.6585 14.5209
2020.6612 14.9513
2020.6639 18.0009
2020.6667 19.0596
2020.6694 20.7577
2020.6721 16.6952
2020.6749 17.4622
2020.6776 20.1086
2020.6803 19.0045
2020.6831 22.5200
2020.6858 22.0452
2020.6885 21.2799
2020.6913 20.6843
2020.6940 23.7185
2020.6967 25.6724
2020.6995 23.1261
2020.7022 24.6897
2020.7049 22.1831
2020.7077 22.9465
2020.7104 22.1898
2020.7131 18.3731
2020.7158 20.4865
2020.7186 21.4000
2020.7213 21.6836
2020.7240 17.2873
2020.7268 19.0012
2020.7295 17.7954
2020.7322 18.1199
2020.7350 16.7347
2020.7377 19.4399
2020.7404 14.3454
2020.7432 15.7215
2020.7459 17.9879
2020.7486 21.4850
2020.7514 19.1926
2020.7541 18.0409
2020.7568 18.2699
2020.7596 22.8695
2020.7623 19.5997
2020.7650 18.7507
2020.7678 18.7922
2020.7705 21.0145
2020.7732 21.5174
2020.7760 16.3910
2020.7787 21.9053
2020.7814 19.5102
2020.7842 21.1459
2020.7869 20.4922
2020.7896 22.2291
2020.7923 18.7268
2020.7951 17.6052
2020.7978 19.1443
2020.8005 16.3540
2020.8033 16.2045
2020.8060 17.8656
2020.8087 20.8275
2020.8115 20.9000
2020.8142 21.3633
2020.8169 18.1173
2020.8197 14.5920
2020.8224 13.8874
2020.8251 13.6135
2020.8279 17.5904
2020.8306 17.6079
2020.8333 19.5572
2020.8361 14.9911
2020.8388 21.9295
2020.8415 14.8621
2020.8443 20.0486
2020.8470 14.4887
2020.8497 14.3321
2020.8525 15.9583
2020.8552 12.6671
2020.8579 16.9683
2020.8607 13.6013
2020.8634 19.7161
2020.8661 10.6021
2020.8689 12.7491
2020.8716 12.1368
2020.8743 10.5348
2020.8770 10.7128
2020.8798 11.4206
2020.8825 12.9077
2020.8852 8.3939
2020.8880 2.3488
2020.8907 0.5021
2020.8934 1.9335
2020.8962 9.0427
2020.8989 10.1693
2020.9016 10.2830
2020.9044 9.8936
2020.9071 11.9706
2020.9098 11.2038
2020.9126 10.6228
2020.9153 9.5373
2020.9180 12.5694
2020.9208 7.3808
2020.9235 8.1116
2020.9262 12.0716
2020.9290 11.7310
2020.9317 8.2697
2020.9344 15.8478
2020.9372 16.2053
2020.9399 11.6521
2020.9426 8.0984
2020.9454 13.9241
2020.9481 12.0792
2020.9508 16.5938
2020.9536 18.2078
2020.9563 17.3013
2020.9590 15.5543
2020.9617 12.1268
2020.9645 12.8588
2020.9672 8.9104
2020.9699 20.5515
2020.9727 15.4521
2020.9754 15.5223
2020.9781 13.9821
2020.9809 17.6815
2020.9836 18.1805
2020.9863 15.4192
2020.9891 14.2274
2020.9918 18.3454
2020.9945 15.3630
2020.9973 14.7302
2021.0000 15.7672
2021.0027 14.3224
2021.0055 14.7147
2021.0082 21.1842
2021.0110 14.8213
2021.0137 12.1462
2021.0164 13.3993
2021.0192 12.8407
2021.0219 12.2008
2021.0247 13.4399
2021.0274 17.1082
2021.0301 12.1760
2021.0329 13.0135
2021.0356 13.0811
2021.0384 11.3391
2021.0411 8.1876
2021.0438 9.2870
2021.0466 13.6076
2021.0493 10.3196
2021.0521 11.6433
2021.0548 8.1389
2021.0575 9.1569
2021.0603 13.7573
2021.0630 15.6906
2021.0658 12.6970
2021.0685 16.6467
2021.0712 13.6900
2021.0740 11.2873
2021.0767 11.2087
2021.0795 11.5346
2021.0822 16.1048
2021.0849 12.7365
2021.0877 15.1291
2021.0904 14.2426
2021.0932 13.4070
2021.0959 13.3221
2021.0986 9.9780
2021.1014 11.9345
2021.1041 9.1916
2021.1068 6.6992
2021.1096 14.5773
2021.1123 11.3557
2021.1151 7.5545
2021.1178 11.3136
2021.1205 10.6628
2021.1233 13.6922
2021.1260 11.0817
2021.1288 9.6811
2021.1315 1.9606
2021.1342 8.9598
2021.1370 6.0589
2021.1397 10.8078
2021.1425 14.5963
2021.1452 15.3344
2021.1479 15.7021
2021.1507 14.7693
2021.1534 13.9159
2021.1562 17.1418
2021.1589 16.4071
2021.1616 19.1516
2021.1644 6.2257
2021.1671 10.4097
2021.1699 16.9338
2021.1726 14.6479
2021.1753 9.9719
2021.1781 13.3559
2021.1808 14.1700
2021.1836 10.9540
2021.1863 13.0080
2021.1890 18.4620
2021.1918 15.3960
2021.1945 13.8500
2021.1973 17.3240
2021.2000 15.8580
2021.2027 17.8220
2021.2055 17.6960
2021.2082 19.7000
2021.2110 13.9740
2021.2137 15.2780
2021.2164 15.2120
2021.2192 16.0060
2021.2219 9.2800
2021.2247 15.6740
2021.2274 15.4081
2021.2301 17.4221
2021.2329 20.1562
2021.2356 15.1902
2021.2384 14.4043
2021.2411 12.5884
2021.2438 16.5225
2021.2466 12.0866
2021.2493 14.8608
2021.2521 16.6449
2021.2548 13.3491
2021.2575 13.6634
2021.2603 15.3376
2021.2630 13.7620
2021.2658 13.4363
2021.2685 16.1607
2021.2712 19.2451
2021.2740 16.2596
2021.2767 16.5242
2021.2795 15.9488
2021.2822 15.8634
2021.2849 20.2581
2021.2877 19.3729
2021.2904 16.9177
2021.2932 15.9526
2021.2959 7.3875
2021.2986 8.4326
2021.3014 24.6677
2021.3041 13.9028
2021.3068 14.6681
2021.3096 16.2334
2021.3123 11.6888
2021.3151 10.7743
2021.3178 9.3699
2021.3205 12.1855
2021.3233 8.4013
2021.3260 10.6171
2021.3288 10.3131
2021.3315 5.5309
2021.3342 6.1524
2021.3370 9.7572
2021.3397 5.5852
2021.3425 9.2462
2021.3452 11.4699
2021.3479 9.1362
2021.3507 7.5447
2021.3534 6.6654
2021.3562 15.9079
2021.3589 12.6521
2021.3616 14.6677
2021.3644 16.9046
2021.3671 7.2324
2021.3699 6.4010
2021.3726 3.6003
2021.3753 6.2898
2021.3781 11.1695
2021.3808 6.7091
2021.3836 18.4185
2021.3863 15.2973
2021.3890 16.3153
2021.3918 11.5025
2021.3945 10.7884
2021.3973 12.3230
2021.4000 10.9560
2021.4027 9.5772
2021.4055 9.8563
2021.4082 11.3331
2021.4110 13.4475
2021.4137 11.7396
2021.4164 11.1011
2021.4192 10.0625
2021.4219 12.8935
2021.4247 14.3442
2021.4274 10.4546
2021.4301 14.2345
2021.4329 16.5740
2021.4356 18.8629
2021.4384 20.4014
2021.4411 22.2992
2021.4438 17.3364
2021.4466 15.8929
2021.4493 16.9187
2021.4521 18.0237
2021.4548 22.9180
2021.4575 17.7013
2021.4603 18.8338
2021.4630 19.8453
2021.4658 19.5557
2021.4685 23.2052
2021.4712 16.9736
2021.4740 22.0809
2021.4767 17.6070
2021.4795 17.9018
2021.4822 14.4854
2021.4849 18.3378
2021.4877 14.8787
2021.4904 8.1483
2021.4932 5.4464
2021.4959 17.8730
2021.4986 17.6381
2021.5014 18.0314
2021.5041 16.1332
2021.5068 16.0536
2021.5096 13.8726
2021.5123 8.8504
2021.5151 10.8970
2021.5178 8.3025
2021.5205 11.9471
2021.5233 11.7909
2021.5260 11.4139
2021.5288 8.7463
2021.5315 10.0482
2021.5342 9.1496
2021.5370 13.2507
2021.5397 11.7915
2021.5425 8.5822
2021.5452 15.0029
2021.5479 11.3037
2021.5507 11.4246
2021.5534 8.3458
2021.5562 8.8274
2021.5589 7.7395
2021.5616 7.9522
2021.5644 5.3555
2021.5671 3.8596
2021.5699 8.0746
2021.5726 12.8306
2021.5753 13.7777
2021.5781 7.7460
2021.5808 13.5056
2021.5836 18.8656
2021.5863 15.6652
2021.5890 17.2146
2021.5918 18.1537
2021.5945 24.2527
2021.5973 20.8117
2021.6000 16.8808
2021.6027 11.6200
2021.6356 6.6673
2021.6384 10.4771
2021.6411 12.6184
2021.6438 9.9612
2021.6466 11.6457
2021.6493 10.8719
2021.6521 11.9799
2021.6548 13.7399
2021.6575 17.1018
2021.6603 11.2259
2021.6630 13.9622
2021.6658 12.8907
2021.6685 17.2717
2021.6712 15.2549
2021.6740 13.9401
2021.6767 9.3973
2021.6795 16.9662
2021.6822 13.2468
2021.6849 12.7789
2021.6877 13.2623
2021.6904 15.9370
2021.6932 14.7027
2021.6959 15.0892
2021.6986 16.1266
2021.7014 19.8845
2021.7041 16.6029
2021.7068 15.6316
2021.7096 15.4005
2021.7123 14.8294
2021.7151 9.8282
2021.7178 15.4167
2021.7205 9.4448
2021.7233 16.7223
2021.7260 14.0191
2021.7288 14.3551
2021.7315 14.2300
2021.7342 22.7638
2021.7370 17.0862
2021.7397 16.6673
2021.7425 17.1667
2021.7452 12.3243
2021.7479 10.9901
2021.7507 10.5650
2021.7534 12.0398
2021.7562 14.5046
2021.7589 15.5794
2021.7616 16.5042
2021.7644 15.9291
2021.7671 18.8539
2021.7699 14.5887
2021.7726 16.7535
2021.7753 17.0583
2021.7781 13.9830
2021.7808 12.9278
2021.7836 14.0026
2021.7863 10.0373
2021.7890 13.1821
2021.7918 16.1068
2021.7945 18.6316
2021.7973 12.6963
2021.8000 9.1210
2021.8027 14.7157
2021.8055 13.2204
2021.8082 17.8150
2021.8110 15.1597
2021.8137 15.6644
2021.8164 15.9490
2021.8192 13.1536
2021.8219 13.3882
2021.8247 15.8028
2021.8274 12.2973
2021.8301 14.4318
2021.8329 7.6064
2021.8356 8.9808
2021.8384 9.4953
2021.8411 7.1697
2021.8438 13.7941
2021.8466 13.0684
2021.8493 11.9628
2021.8521 13.9271
2021.8548 2.5613
2021.8575 16.9156
2021.8603 12.6198
2021.8630 11.7440
2021.8658 12.0682
2021.8685 11.3124
2021.8712 9.5766
2021.8740 10.2508
2021.8767 14.4450
2021.8795 10.0291
2021.8822 12.9833
2021.8849 13.6975
2021.8904 11.9358
2021.8932 13.5400
2021.8959 15.6542
2021.8986 13.1585
2021.9014 13.7127
2021.9041 16.3870
2021.9068 17.4612
2021.9096 19.2455
2021.9123 18.7398
2021.9151 15.1642
2021.9178 23.5100
2021.9205 19.0387
2021.9233 11.9299
2021.9260 17.5535
2021.9288 17.2593
2021.9315 14.1569
2021.9342 12.8363
2021.9370 15.7871
2021.9397 19.1691
2021.9425 15.0321
2021.9452 16.3959
2021.9479 19.4602
2021.9507 16.2848
2021.9534 13.0495
2021.9562 10.8141
2021.9589 14.3282
2021.9616 16.9118
2021.9644 12.4945
2021.9671 16.2061
2021.9699 14.5065
2021.9726 9.7253
2021.9753 15.4124
2021.9781 10.8075
2021.9808 6.0303
2021.9836 8.0507
2021.9863 13.1485
2021.9890 15.1133
2021.9918 16.8750
2021.9945 16.5934
2021.9973 15.2382
2022.0000 16.6091
2022.0027 14.1363
2022.0055 16.8301
2022.0082 16.3207
2022.0110 12.3983
2022.0137 12.7832
2022.0164 15.0655
2022.0192 15.9855
2022.0219 16.6734
2022.0247 19.7093
2022.0274 17.1835
2022.0301 13.8862
2022.0329 12.8777
2022.0356 14.9980
2022.0384 14.9575
2022.0411 11.6963
2022.0438 12.2847
2022.0466 20.4828
2022.0493 12.3109
2022.0521 14.6892
2022.0548 10.4679
2022.0575 9.1771
2022.0603 8.8272
2022.0630 4.8084
2022.0658 11.3207
2022.0685 16.7145
2022.0712 11.0000
2022.0740 9.9973
2022.0767 9.1367
2022.0795 16.1984
2022.0822 18.9822
2022.0849 17.0563
2022.0877 14.5204
2022.0904 14.9945
2022.0932 15.9185
2022.0959 18.3026
2022.0986 12.9168
2022.1014 12.6010
2022.1041 8.6652
2022.1068 9.8996
2022.1096 10.9940
2022.1123 13.4486
2022.1151 16.9032
2022.1178 18.5380
2022.1205 13.1830
2022.1233 14.9082
2022.1260 11.1635
2022.1288 17.1190
2022.1315 14.5048
2022.1342 14.5308
2022.1370 11.0470
2022.1397 16.1935
2022.1425 12.1902
2022.1452 16.0273
2022.1479 14.8547
2022.1507 5.0124
2022.1534 12.4204
2022.1562 13.5387
2022.1589 8.8475
2022.1616 9.8566
2022.1644 12.9565
2022.1671 13.1573
2022.1699 14.6891
2022.1726 15.0417
2022.1753 16.2751
2022.1781 18.7592
2022.1808 15.3440
2022.1836 8.1693
2022.1863 15.0852
2022.1890 16.4415
2022.1918 12.6982
2022.1945 14.5352
2022.1973 13.0025
2022.2000 10.2399
2022.2027 11.0174
2022.2055 14.1850
2022.2082 12.3125
2022.2110 16.1300
2022.2137 21.8772
2022.2164 19.0543
2022.2192 13.3710
2022.2219 20.4474
2022.2247 21.6333
2022.2274 18.4487
2022.2301 14.7135
2022.2329 12.9177
2022.2356 16.0212
2022.2384 15.5739
2022.2411 19.1458
2022.2438 15.1367
2022.2466 14.8666
2022.2493 10.9247
2022.2521 16.3810
2022.2548 17.6758
2022.2575 14.8990
2022.2603 11.6510
2022.2630 13.8017
2022.2658 14.1713
2022.2685 13.6999
2022.2712 10.6777
2022.2740 7.5749
2022.2767 11.8714
2022.2795 12.9275
2022.2822 13.9033
2022.2849 12.8890
2022.2877 14.1545
2022.2904 9.9702
2022.2932 9.1861
2022.2959 10.8423
2022.2986 12.5490
2022.3014 14.1363
2022.3041 5.1944
2022.3068 1.2533
2022.3096 3.8232
2022.3123 3.4142
2022.3151 6.3765
2022.3178 8.3801
2022.3205 15.2053
2022.3233 18.6621
2022.3260 15.6207
2022.3288 13.8812
2022.3315 10.9430
2022.3342 12.8352
2022.3370 9.8679
2022.3397 10.5110
2022.3425 14.4246
2022.3452 11.8586
2022.3479 10.0431
2022.3507 12.7280
2022.3534 12.0534
2022.3562 12.6492
2022.3589 12.8554
2022.3616 13.5120
2022.3644 7.8491
2022.3671 12.9566
2022.3699 18.5245
2022.3726 16.1128
2022.3753 16.8016
2022.3781 14.0907
2022.3808 6.2403
2022.3836 16.2502
2022.3863 15.3505
2022.3890 20.3713
2022.3918 19.3324
2022.3945 12.3339
2022.3973 13.9158
2022.4000 4.4781
2022.4082 15.0372
2022.4110 15.3409
2022.6767 17.9870
2022.6877 19.0510
2022.6904 17.4580
2022.6932 20.3453
2022.6959 14.3928
2022.6986 24.7606
2022.7014 21.8585
2022.7041 16.7564
2022.7068 13.6743
2022.7151 12.8675
2022.7178 16.9249
2022.7205 18.6920
2022.7233 18.8387
2022.7260 18.0450
2022.7288 13.7709
2022.7315 19.8962
2022.7342 21.4710
2022.7370 25.4851
2022.7397 19.5185
2022.7425 21.1112
2022.7452 21.3630
2022.7479 18.4340
2022.7507 7.1534
2022.7534 15.9509
2022.7589 21.1601
