2010.0986 -23.7425
2010.1014 -18.1478
2010.1041 -18.6031
2010.1068 -12.4582
2010.1096 -12.1833
2010.1123 -14.2381
2010.1151 -15.4729
2010.1178 -13.9574
2010.1205 -15.8419
2010.1233 -18.4161
2010.1260 -15.3701
2010.1288 -13.1340
2010.1315 -14.6576
2010.1342 -17.9811
2010.1370 -18.8643
2010.1397 -18.9973
2010.1425 -15.9300
2010.1452 -15.1825
2010.1479 -12.2147
2010.1507 -13.1366
2010.1534 -12.2683
2010.1562 -12.5996
2010.1589 -11.2507
2010.1616 -9.8514
2010.1644 -14.7218
2010.1671 -12.7620
2010.1699 -12.7818
2010.1726 -14.5313
2010.1753 -14.2406
2010.1781 -17.2797
2010.1808 -10.0084
2010.1836 -9.1870
2010.1863 -17.6953
2010.1890 -16.4734
2010.1918 -18.0512
2010.1945 -18.4089
2010.1973 -17.5264
2010.2000 -18.1038
2010.2027 -19.7409
2010.2055 -22.3379
2010.2082 -21.8348
2010.2110 -18.0615
2010.2137 -22.0081
2010.2164 -15.8446
2010.2192 -18.9810
2010.2219 -19.5973
2010.2247 -19.9935
2010.2274 -19.1996
2010.2301 -18.6257
2010.2329 -15.8417
2010.2356 -16.4477
2010.2384 -18.9337
2010.2411 -18.0396
2010.2438 -18.1155
2010.2466 -19.0615
2010.2493 -17.2873
2010.2521 -15.2632
2010.2548 -13.1190
2010.2575 -15.3647
2010.2603 -10.5703
2010.2630 -15.8859
2010.2658 -16.8414
2010.2685 -16.5268
2010.2712 -12.9121
2010.2740 -9.2872
2010.2767 -15.5223
2010.2795 -17.1372
2010.2822 -11.7220
2010.2849 -17.9567
2010.2877 -18.0212
2010.2904 -13.2155
2010.2932 -17.9897
2010.2959 -19.2037
2010.2986 -16.0276
2010.3014 -11.1412
2010.3041 -12.2246
2010.3068 -12.6479
2010.3096 -13.4409
2010.3123 -10.5537
2010.3151 -12.2763
2010.3178 -13.4286
2010.3205 -15.8607
2010.3233 -17.0226
2010.3260 -16.4742
2010.3288 -15.7055
2010.3315 -13.5465
2010.3342 -12.0771
2010.3370 -14.2074
2010.3397 -14.6273
2010.3425 -14.3569
2010.3452 -13.1361
2010.3479 -15.2750
2010.3507 -19.3236
2010.3534 -13.7419
2010.3562 -10.7498
2010.3589 -11.8575
2010.3616 -14.4448
2010.3644 -12.3419
2010.3671 -6.8087
2010.3699 -5.5753
2010.3726 -1.5815
2010.3753 -2.9876
2010.3781 -4.4434
2010.3808 -3.8689
2010.3836 -2.2542
2010.3863 -2.9493
2010.3890 1.7858
2010.3918 -4.3489
2010.3945 -6.4834
2010.3973 -7.9477
2010.4000 3.4582
2010.4027 0.7142
2010.4055 -4.5795
2010.4082 -6.1032
2010.4110 -7.7066
2010.4137 -2.0099
2010.4164 1.9371
2010.4192 -1.5656
2010.4219 2.8121
2010.4247 0.4900
2010.4274 -3.0418
2010.4301 -3.8634
2010.4329 -6.3348
2010.4356 -1.5260
2010.4384 -2.5971
2010.4411 -4.9280
2010.4438 -5.0789
2010.4466 -2.5896
2010.4493 -4.1703
2010.4521 -6.5010
2010.4548 -2.6617
2010.4575 -5.6024
2010.4603 -0.7131
2010.4630 -3.9240
2010.4658 -4.3649
2010.4685 -6.0659
2010.4712 -4.3271
2010.4740 -3.8185
2010.4767 -2.2101
2010.4795 -0.7918
2010.4822 2.6561
2010.4849 2.7938
2010.4877 5.5012
2010.4904 2.9183
2010.4932 2.1650
2010.4959 1.9713
2010.4986 0.6375
2010.5014 2.0236
2010.5041 -1.3002
2010.5068 1.9559
2010.5096 3.7119
2010.5123 1.4780
2010.5151 -5.5161
2010.5178 -5.6402
2010.5205 -9.6244
2010.5233 -3.4987
2010.5260 -6.3530
2010.5288 -2.7175
2010.5315 0.7179
2010.5342 -0.1269
2010.5370 2.8982
2010.5397 -3.6968
2010.5425 3.5479
2010.5452 -0.1774
2010.5479 2.8070
2010.5507 0.6412
2010.5534 2.3952
2010.5562 1.1090
2010.5589 5.4526
2010.5616 5.2259
2010.5644 6.2790
2010.5671 2.5918
2010.5699 -1.2456
2010.5726 -1.4134
2010.5753 -2.8114
2010.5781 -3.9098
2010.5808 -3.6684
2010.5836 -5.7972
2010.5863 -4.8161
2010.5890 0.1050
2010.5918 -2.4940
2010.5945 0.3171
2010.5973 -5.4020
2010.6000 -5.2210
2010.6027 -2.4001
2010.6055 -2.7192
2010.6082 0.3817
2010.6110 0.8426
2010.6137 3.9534
2010.6164 -3.2058
2010.6192 -5.3350
2010.6219 -12.3942
2010.6247 -9.5834
2010.6274 -7.5827
2010.6301 -7.0119
2010.6329 1.0088
2010.6356 -3.8405
2010.6384 -1.6998
2010.6411 -1.6691
2010.6438 -2.6584
2010.6466 -5.8576
2010.6493 -1.6869
2010.6521 -5.3362
2010.6548 -5.1855
2010.6575 -5.8248
2010.6603 -7.4541
2010.6630 -4.2933
2010.6658 -4.5026
2010.6685 0.5680
2010.6712 -3.4716
2010.6740 -4.8613
2010.6767 -9.5611
2010.6795 -7.2611
2010.6822 -1.6211
2010.6849 -3.8212
2010.6877 1.5987
2010.6904 0.9984
2010.6932 -1.7918
2010.6959 -2.3320
2010.6986 -5.0323
2010.7014 -3.2525
2010.7041 1.5973
2010.7068 1.3071
2010.7096 2.8470
2010.7123 6.7370
2010.7151 2.4970
2010.7178 4.4072
2010.7205 0.3075
2010.7233 -2.3221
2010.7260 -2.3515
2010.7288 -2.9208
2010.7315 -9.0599
2010.7342 -7.6888
2010.7370 -6.2375
2010.7397 -4.3859
2010.7425 -5.0841
2010.7452 2.2179
2010.7479 -3.6298
2010.7507 -2.8466
2010.7534 -4.2019
2010.7562 -2.9059
2010.7589 -2.9986
2010.7616 -3.4701
2010.7644 2.2396
2010.7671 -2.1297
2010.7699 -1.6380
2010.7726 -5.0455
2010.7753 -4.2321
2010.7781 -4.1879
2010.7808 -5.7232
2010.7836 -5.5278
2010.7863 -5.9519
2010.7890 -8.9456
2010.7918 1.3510
2010.7945 -1.3821
2010.7973 -5.4650
2010.8000 -7.1878
2010.8027 -6.2006
2010.8055 -1.4134
2010.8082 -2.0264
2010.8110 -3.2695
2010.8137 -3.3029
2010.8164 -1.1967
2010.8192 -7.7910
2010.8219 -5.1457
2010.8247 -0.9110
2010.8274 -0.7771
2010.8301 -6.1438
2010.8329 1.5887
2010.8356 5.1311
2010.8384 -6.4966
2010.8411 -9.9242
2010.8438 -5.4518
2010.8466 -3.1895
2010.8493 -5.6772
2010.8521 -0.6650
2010.8548 0.8472
2010.8575 -1.3806
2010.8603 2.1614
2010.8630 1.9634
2010.8658 -2.4447
2010.8685 -1.3729
2010.8712 -5.3612
2010.8740 -5.1595
2010.8767 -0.1980
2010.8795 -2.6467
2010.8822 0.5946
2010.8849 -7.4243
2010.8877 2.5967
2010.8904 1.5375
2010.8932 1.0482
2010.8959 -1.2013
2010.8986 -2.2810
2010.9014 -4.3709
2010.9041 -0.1609
2010.9068 -2.0312
2010.9096 -3.4716
2010.9123 -0.7422
2010.9151 -1.1831
2010.9178 -2.6346
2010.9205 -6.5471
2010.9233 -5.4705
2010.9260 -6.2949
2010.9288 -10.2902
2010.9315 -6.5464
2010.9342 -6.5734
2010.9370 -9.2712
2010.9397 -6.2298
2010.9425 -2.9291
2010.9452 -2.2891
2010.9479 -2.5398
2010.9507 -5.1611
2010.9534 -7.0631
2010.9562 -7.5256
2010.9589 -2.9886
2010.9616 -7.4821
2010.9644 -6.0262
2010.9671 -6.9406
2010.9699 -7.8255
2010.9726 -11.3207
2010.9753 -6.1263
2010.9781 -5.3122
2010.9808 -2.2083
2010.9836 -3.6747
2010.9863 -1.7613
2010.9890 -7.1581
2010.9918 -4.7150
2010.9945 -7.7021
2010.9973 -2.5192
2011.0000 -6.6463
2011.0027 -6.8841
2011.0055 -1.7631
2011.0082 -6.9432
2011.0110 -2.2742
2011.0137 -2.5062
2011.0164 -6.3990
2011.0192 -4.9326
2011.0219 -4.4467
2011.0247 -6.7713
2011.0274 -7.1764
2011.0301 -7.9318
2011.0329 -7.7974
2011.0356 -5.4332
2011.0384 -3.7190
2011.0411 -7.3547
2011.0438 -5.3902
2011.0466 -6.0255
2011.0493 -5.4205
2011.0521 -1.7350
2011.0548 -2.0489
2011.0575 -2.5122
2011.0603 -3.1347
2011.0630 -2.1365
2011.0658 -3.2372
2011.0685 -4.1970
2011.0712 -4.5856
2011.0740 -2.0029
2011.0767 -4.2290
2011.0795 -6.1436
2011.0822 -6.4569
2011.0849 -6.7698
2011.0877 -5.9424
2011.0904 -4.8049
2011.0932 -1.3771
2011.0959 -3.5891
2011.0986 -2.3009
2011.1014 -6.2824
2011.1041 -2.7838
2011.1068 -4.7450
2011.1096 -5.9159
2011.1123 -4.5467
2011.1151 -4.4273
2011.1178 -3.6976
2011.1205 -6.7778
2011.1233 -2.0878
2011.1260 -3.4776
2011.1288 0.1427
2011.1315 1.3633
2011.1342 -3.2960
2011.1370 -3.0351
2011.1397 -3.5841
2011.1425 0.3971
2011.1452 -1.8015
2011.1479 0.5300
2011.1507 -3.0683
2011.1534 1.7336
2011.1562 2.4456
2011.1589 -1.1323
2011.1616 -1.6300
2011.1644 -2.8876
2011.1671 0.0850
2011.1699 -4.0022
2011.1726 0.2407
2011.1753 -1.9562
2011.1781 -3.7131
2011.1808 -3.4898
2011.1836 -2.8164
2011.1863 -2.5030
2011.1890 -3.1894
2011.1918 -5.6358
2011.1945 -6.2822
2011.1973 -6.2585
2011.2000 -3.0648
2011.2027 -3.8611
2011.2055 -3.3974
2011.2082 -6.3837
2011.2110 -2.5500
2011.2137 2.8837
2011.2164 0.1173
2011.2192 -0.2692
2011.2219 -5.1757
2011.2247 -2.5923
2011.2274 -1.5790
2011.2301 -2.8759
2011.2329 -6.1628
2011.2356 -3.2799
2011.2384 -2.4671
2011.2411 -3.9544
2011.2438 -6.2119
2011.2466 -4.2097
2011.2493 -2.8482
2011.2521 -3.7875
2011.2548 -5.3474
2011.2575 -5.3479
2011.2603 -4.4290
2011.2630 -4.8605
2011.2658 -2.4025
2011.2685 -5.9049
2011.2712 -5.8776
2011.2740 -4.2906
2011.2767 -8.3838
2011.2795 -4.8671
2011.2822 -7.8205
2011.2849 -0.0839
2011.2877 -3.6273
2011.2904 -3.5706
2011.2932 -2.7037
2011.2959 -4.0766
2011.2986 -4.9592
2011.3014 -2.6315
2011.3041 0.3065
2011.3068 -2.4549
2011.3096 -5.0559
2011.3123 -1.4263
2011.3151 -1.1360
2011.3178 -2.0151
2011.3205 0.7066
2011.3233 0.8391
2011.3260 -1.0176
2011.3288 0.1567
2011.3315 5.5620
2011.3342 7.5781
2011.3370 2.4151
2011.3397 2.1029
2011.3425 2.5614
2011.3452 6.4206
2011.3479 10.6605
2011.3507 12.7409
2011.3534 15.8219
2011.3562 10.2633
2011.3589 11.9151
2011.3616 12.6873
2011.3644 12.1198
2011.3671 13.7125
2011.3699 7.2955
2011.3726 6.5485
2011.3753 8.0617
2011.3781 4.8948
2011.3808 8.2380
2011.3836 9.3010
2011.3863 10.5740
2011.3890 12.9367
2011.3918 11.3992
2011.3945 8.0213
2011.3973 7.1531
2011.4000 9.2045
2011.4027 13.4255
2011.4055 3.6258
2011.4082 8.5157
2011.4110 7.8349
2011.4137 8.2535
2011.4164 6.7523
2011.4192 6.4815
2011.4219 7.0809
2011.4247 4.2704
2011.4274 6.8301
2011.4301 10.3899
2011.4329 11.4998
2011.4356 10.3596
2011.4384 12.3994
2011.4411 10.8791
2011.4438 3.2586
2011.4466 0.8479
2011.4493 7.8869
2011.4521 8.0857
2011.4548 11.3741
2011.4575 11.4320
2011.4603 8.7496
2011.4630 12.8066
2011.4658 15.3831
2011.4685 9.8490
2011.4712 14.3042
2011.4740 14.8187
2011.4767 12.3425
2011.4795 15.1754
2011.4822 11.4975
2011.4849 12.4587
2011.4877 11.1890
2011.4904 13.5183
2011.4932 8.2565
2011.4959 7.7136
2011.4986 14.5501
2011.5014 14.3965
2011.5041 17.8428
2011.5068 16.3391
2011.5096 14.0052
2011.5123 15.8713
2011.5151 11.8273
2011.5178 8.1533
2011.5205 9.0192
2011.5233 6.2751
2011.5260 7.7509
2011.5288 9.4366
2011.5315 8.4423
2011.5342 7.7280
2011.5370 11.7336
2011.5397 12.7692
2011.5425 12.4047
2011.5452 8.9503
2011.5479 10.8158
2011.5507 7.0213
2011.5534 5.6767
2011.5562 6.0822
2011.5589 9.2476
2011.5616 10.6331
2011.5644 8.7185
2011.5671 9.0640
2011.5699 12.2995
2011.5726 6.7449
2011.5753 8.5004
2011.5781 9.1359
2011.5808 10.0614
2011.5836 10.1869
2011.5863 4.8623
2011.5890 9.6177
2011.5918 10.6429
2011.5945 9.5381
2011.5973 11.5232
2011.6000 8.2683
2011.6027 11.5234
2011.6055 13.3584
2011.6082 10.6234
2011.6110 10.4583
2011.6137 7.3933
2011.6164 8.9483
2011.6192 6.2833
2011.6219 8.3283
2011.6247 10.8334
2011.6274 10.0484
2011.6301 16.0636
2011.6329 13.4988
2011.6356 19.2440
2011.6384 20.9193
2011.6411 20.0347
2011.6438 17.1002
2011.6466 16.8658
2011.6493 14.4815
2011.6521 15.6273
2011.6548 15.4833
2011.6575 12.5393
2011.6603 11.2556
2011.6630 14.3219
2011.6658 12.5585
2011.6685 15.2259
2011.6712 13.8242
2011.6740 11.3233
2011.6767 12.7731
2011.6795 14.2637
2011.6822 9.8350
2011.6849 15.4070
2011.6877 14.8896
2011.6904 13.6828
2011.6932 12.2166
2011.6959 11.1208
2011.6986 9.3656
2011.7014 10.4408
2011.7041 10.4564
2011.7068 8.8023
2011.7096 7.2186
2011.7123 9.5852
2011.7151 9.1421
2011.7178 8.9492
2011.7205 11.5364
2011.7233 9.2938
2011.7260 12.2513
2011.7288 15.4189
2011.7315 9.6865
2011.7342 13.5141
2011.7370 11.1216
2011.7397 12.8691
2011.7425 10.8065
2011.7452 9.6537
2011.7479 11.1907
2011.7507 7.1476
2011.7534 2.4045
2011.7562 3.7215
2011.7589 9.5285
2011.7616 11.3455
2011.7644 14.5325
2011.7671 14.8295
2011.7699 15.2566
2011.7726 10.0337
2011.7753 13.1108
2011.7781 11.8279
2011.7808 11.1451
2011.7836 10.0222
2011.7863 10.3494
2011.7890 10.2166
2011.7918 11.1739
2011.7945 14.2311
2011.7973 16.3483
2011.8000 14.2656
2011.8027 13.3329
2011.8055 14.0602
2011.8082 13.9076
2011.8110 15.2149
2011.8137 16.9623
2011.8164 18.5196
2011.8192 13.0770
2011.8219 11.5844
2011.8247 17.2118
2011.8274 18.1693
2011.8301 17.6467
2011.8329 12.6842
2011.8356 14.0218
2011.8384 10.8196
2011.8411 9.4476
2011.8438 13.6057
2011.8466 11.0239
2011.8493 13.8022
2011.8521 16.6407
2011.8548 14.7892
2011.8575 17.6678
2011.8603 21.7265
2011.8630 17.8753
2011.8658 16.0441
2011.8685 16.4529
2011.8712 17.0117
2011.8740 13.0006
2011.8767 12.9295
2011.8795 15.8383
2011.8822 16.6172
2011.8849 19.0860
2011.8877 13.0147
2011.8904 15.8734
2011.8932 15.2921
2011.8959 15.4606
2011.8986 11.0691
2011.9014 15.4175
2011.9041 14.8257
2011.9068 18.1238
2011.9096 18.0018
2011.9123 17.0196
2011.9151 19.2373
2011.9178 16.5145
2011.9205 16.0710
2011.9233 15.6168
2011.9260 6.9718
2011.9288 12.8562
2011.9315 18.8599
2011.9342 17.0729
2011.9370 19.1454
2011.9397 15.1072
2011.9425 17.9384
2011.9452 17.8390
2011.9479 16.7691
2011.9507 16.1486
2011.9534 17.3775
2011.9562 23.1460
2011.9589 14.9540
2011.9616 14.8015
2011.9644 15.9085
2011.9671 15.7451
2011.9699 15.6913
2011.9726 13.7670
2011.9753 15.6824
2011.9781 14.7574
2011.9808 14.4220
2011.9836 14.3563
2011.9863 16.0003
2011.9890 18.8139
2011.9918 18.4873
2011.9945 16.0204
2011.9973 14.8533
2012.0000 12.4859
2012.0027 15.9277
2012.0055 10.9681
2012.0082 12.1974
2012.0109 9.8554
2012.0137 16.1924
2012.0164 13.8685
2012.0191 11.8937
2012.0219 13.2982
2012.0246 12.4821
2012.0273 14.9154
2012.0301 11.8082
2012.0328 13.2907
2012.0355 13.7530
2012.0383 13.9751
2012.0410 11.8572
2012.0437 13.0693
2012.0464 10.7516
2012.0492 12.4841
2012.0519 11.2070
2012.0546 10.4604
2012.0574 14.9343
2012.0601 12.1788
2012.0628 13.3241
2012.0656 15.4503
2012.0683 12.6974
2012.0710 15.7756
2012.0738 11.7249
2012.0765 13.6955
2012.0792 11.4974
2012.0820 12.2307
2012.0847 14.5743
2012.0874 16.5780
2012.0902 14.3019
2012.0929 14.1558
2012.0956 13.3200
2012.0984 14.5142
2012.1011 10.9887
2012.1038 15.6133
2012.1066 12.6681
2012.1093 12.7231
2012.1120 13.5384
2012.1148 14.4138
2012.1175 11.5795
2012.1202 11.4154
2012.1230 8.7515
2012.1257 10.9979
2012.1284 9.5346
2012.1311 8.9915
2012.1339 10.1388
2012.1366 9.3763
2012.1393 11.9141
2012.1421 10.5623
2012.1448 8.7007
2012.1475 8.5096
2012.1503 12.2487
2012.1530 9.9482
2012.1557 13.8081
2012.1585 12.0884
2012.1612 13.3990
2012.1639 13.7299
2012.1667 16.2608
2012.1694 10.9617
2012.1721 12.2026
2012.1749 21.5135
2012.1776 16.5045
2012.1803 16.3154
2012.1831 12.3264
2012.1858 7.4274
2012.1885 8.8985
2012.1913 9.2795
2012.1940 8.6406
2012.1967 12.8618
2012.1995 10.4030
2012.2022 12.0042
2012.2049 8.8455
2012.2077 10.8068
2012.2104 9.9882
2012.2131 9.7697
2012.2158 9.3712
2012.2186 10.4028
2012.2213 6.5444
2012.2240 6.2662
2012.2268 5.4380
2012.2295 5.0299
2012.2322 9.7819
2012.2350 10.3340
2012.2377 14.4361
2012.2404 5.1384
2012.2432 3.9107
2012.2459 5.8932
2012.2486 7.2057
2012.2514 5.0981
2012.2541 7.3006
2012.2568 5.8730
2012.2596 5.8754
2012.2623 2.0778
2012.2650 5.7003
2012.2678 8.1827
2012.2705 8.8651
2012.2732 8.6075
2012.2760 14.4300
2012.2787 11.1324
2012.2814 13.2549
2012.2842 11.8374
2012.2869 9.8800
2012.2896 11.4625
2012.2923 11.0651
2012.2951 11.3378
2012.2978 11.9805
2012.3005 14.6932
2012.3033 18.9460
2012.3060 20.4688
2012.3087 23.9017
2012.3115 22.2946
2012.3142 18.7476
2012.3169 20.6707
2012.3197 23.6238
2012.3224 21.4771
2012.3251 19.7004
2012.3279 20.2337
2012.3306 21.8972
2012.3333 17.3806
2012.3361 18.8941
2012.3388 18.1976
2012.3415 20.2111
2012.3443 17.0346
2012.3470 23.6381
2012.3497 25.5717
2012.3525 26.5452
2012.3552 25.8788
2012.3579 29.1723
2012.3607 26.4259
2012.3634 29.6395
2012.3661 25.2431
2012.3689 26.1167
2012.3716 22.6604
2012.3743 16.5040
2012.3770 19.3277
2012.3798 19.0713
2012.3825 19.8650
2012.3852 18.1287
2012.3880 21.0323
2012.3907 21.6660
2012.3934 23.8297
2012.3962 25.7834
2012.3989 23.8072
2012.4016 19.7809
2012.4044 21.0646
2012.4071 18.8184
2012.4098 21.1121
2012.4126 19.8558
2012.4153 25.4196
2012.4180 26.1634
2012.4208 23.7872
2012.4235 23.4010
2012.4262 25.5649
2012.4290 25.8087
2012.4317 25.6426
2012.4344 29.5964
2012.4372 21.9103
2012.4399 25.5542
2012.4426 19.0981
2012.4454 22.4720
2012.4481 21.4960
2012.4508 17.9699
2012.4536 26.9539
2012.4563 24.4178
2012.4590 24.4418
2012.4617 26.4757
2012.4645 26.8797
2012.4672 23.8737
2012.4699 28.9776
2012.4727 30.3516
2012.4754 30.2056
2012.4781 28.0795
2012.4809 26.9435
2012.4836 23.0175
2012.4863 20.3715
2012.4891 24.1654
2012.4918 21.4194
2012.4945 20.5233
2012.4973 24.3673
2012.5000 22.6313
2012.5027 21.7654
2012.5055 28.2295
2012.5082 32.0337
2012.5109 32.3680
2012.5137 32.7023
2012.5164 31.8867
2012.5191 28.8912
2012.5219 28.9458
2012.5246 27.4404
2012.5273 26.5150
2012.5301 27.3998
2012.5328 24.7746
2012.5355 23.1095
2012.5383 28.3745
2012.5410 30.4495
2012.5437 29.5246
2012.5464 25.6298
2012.5492 29.4550
2012.5519 31.6803
2012.5546 25.9557
2012.5574 26.7312
2012.5601 23.7067
2012.5628 29.8323
2012.5656 26.6380
2012.5683 28.9938
2012.5710 26.8597
2012.5738 26.4956
2012.5765 26.4116
2012.5792 22.6577
2012.5820 20.8839
2012.5847 28.9514
2012.5874 29.1102
2012.5902 24.3102
2012.5929 25.6114
2012.5956 25.3736
2012.5984 23.4168
2012.6011 26.7409
2012.6038 22.6158
2012.6066 26.2114
2012.6093 24.5376
2012.6120 26.1543
2012.6148 27.3014
2012.6175 27.6289
2012.6202 26.8867
2012.6230 35.2047
2012.6257 28.7527
2012.6284 26.2807
2012.6311 32.0987
2012.6339 29.3164
2012.6366 30.6439
2012.6393 25.2610
2012.6421 26.6477
2012.6448 24.1239
2012.6475 25.1494
2012.6503 21.1142
2012.6530 26.1182
2012.6557 25.6514
2012.6585 27.7735
2012.6612 27.0446
2012.6639 33.9945
2012.6667 26.2436
2012.6694 25.0926
2012.6721 24.4814
2012.6749 30.9302
2012.6776 28.8388
2012.6803 27.6472
2012.6831 27.3555
2012.6858 24.0837
2012.6885 22.0817
2012.6913 29.0896
2012.6940 29.8973
2012.6967 26.9148
2012.6995 26.7321
2012.7022 30.8092
2012.7049 29.5462
2012.7077 30.0929
2012.7104 29.7795
2012.7131 30.8458
2012.7158 24.1419
2012.7186 22.7378
2012.7213 22.9435
2012.7240 18.6089
2012.7268 21.1641
2012.7295 28.2490
2012.7322 27.5036
2012.7350 28.0681
2012.7377 30.4022
2012.7404 28.2060
2012.7432 25.7396
2012.7459 26.8029
2012.7486 28.1159
2012.7514 25.8986
2012.7541 27.4813
2012.7568 26.5438
2012.7596 25.3461
2012.7623 25.5384
2012.7650 27.5105
2012.7678 29.5225
2012.7705 30.4644
2012.7732 29.3863
2012.7760 27.9080
2012.7787 27.9997
2012.7814 30.1814
2012.7842 27.9430
2012.7869 26.1746
2012.7896 28.7462
2012.7923 28.5377
2012.7951 30.0793
2012.7978 26.4808
2012.8005 26.7924
2012.8033 26.8540
2012.8060 27.8056
2012.8087 34.2373
2012.8115 30.2091
2012.8142 35.5709
2012.8169 35.3728
2012.8197 34.1948
2012.8224 29.9169
2012.8251 26.5692
2012.8279 30.7915
2012.8306 30.0740
2012.8333 30.2867
2012.8361 29.6401
2012.8388 29.8941
2012.8415 29.8287
2012.8443 32.7838
2012.8470 30.6894
2012.8497 31.4653
2012.8525 34.1315
2012.8552 30.6380
2012.8579 27.7647
2012.8607 28.4216
2012.8634 29.3584
2012.8661 29.0853
2012.8689 31.9322
2012.8716 28.9789
2012.8743 29.1755
2012.8770 27.3918
2012.8798 28.7978
2012.8825 32.1334
2012.8852 32.3186
2012.8880 33.4533
2012.8907 35.6575
2012.8934 31.5511
2012.8962 25.2939
2012.8989 30.2561
2012.9016 28.4874
2012.9044 28.0979
2012.9071 29.3274
2012.9098 30.3059
2012.9126 34.2034
2012.9153 30.4698
2012.9180 31.4456
2012.9208 28.6010
2012.9235 31.3162
2012.9262 30.2411
2012.9290 29.7957
2012.9317 32.0501
2012.9344 32.6643
2012.9372 34.0383
2012.9399 31.4021
2012.9426 30.4657
2012.9454 28.3091
2012.9481 28.2323
2012.9508 29.8854
2012.9536 33.2184
2012.9563 29.9312
2012.9590 29.4240
2012.9617 32.5266
2012.9645 31.6091
2012.9672 26.5816
2012.9699 26.3640
2012.9727 26.2163
2012.9754 28.8286
2012.9809 27.6532
2012.9836 27.3254
2012.9863 29.3977
2012.9891 27.5700
2012.9918 29.8723
2012.9945 28.7347
2012.9973 27.6871
2013.0000 26.5496
2013.0027 28.3621
2013.0055 24.6247
2013.0082 28.3372
2013.0110 25.8898
2013.0137 24.9223
2013.0164 25.8048
2013.0192 31.4374
2013.0219 29.2599
2013.0247 29.9024
2013.0274 25.8049
2013.0301 25.8975
2013.0329 26.8300
2013.0356 27.5125
2013.0384 27.7450
2013.0411 24.1275
2013.0438 26.2301
2013.0466 26.8326
2013.0493 25.9951
2013.0521 22.7576
2013.0548 26.0702
2013.0575 26.5227
2013.0603 26.2552
2013.0630 24.9478
2013.0658 24.0203
2013.0685 28.8028
2013.0712 30.8254
2013.0740 24.2079
2013.0767 28.7005
2013.0795 25.2330
2013.0822 23.3956
2013.0849 22.3482
2013.0877 25.8108
2013.0904 29.2035
2013.0932 26.7061
2013.0959 28.1488
2013.0986 28.9615
2013.1014 28.0542
2013.1041 29.5570
2013.1068 26.9197
2013.1096 28.2825
2013.1123 29.0553
2013.1151 25.8981
2013.1178 25.4710
2013.1205 28.2538
2013.1233 24.5467
2013.1260 27.2095
2013.1288 25.5824
2013.1315 26.1153
2013.1342 25.8382
2013.1370 24.3910
2013.1397 24.2040
2013.1425 22.4369
2013.1452 18.4498
2013.1479 21.3327
2013.1507 24.1256
2013.1534 26.4385
2013.1562 24.6814
2013.1589 27.8843
2013.1616 24.3272
2013.1644 24.0303
2013.1671 22.0438
2013.1699 25.7576
2013.1726 22.1917
2013.1753 19.8962
2013.1781 24.5311
2013.1808 20.7763
2013.1836 21.8819
2013.1863 24.3378
2013.1890 23.4042
2013.1918 18.7308
2013.1945 20.0478
2013.1973 28.8852
2013.2000 20.9230
2013.2027 22.6411
2013.2055 25.9896
2013.2082 28.0784
2013.2110 25.4677
2013.2137 26.0273
2013.2164 27.7372
2013.2192 21.2776
2013.2219 24.2183
2013.2247 23.4993
2013.2274 25.1008
2013.2301 26.9926
2013.2329 24.9548
2013.2356 28.3174
2013.2384 26.6704
2013.2411 25.2637
2013.2438 29.1174
2013.2466 26.6517
2013.2493 31.9976
2013.2521 29.5952
2013.2548 28.4044
2013.2575 26.6651
2013.2603 28.3371
2013.2630 29.2803
2013.2658 28.7746
2013.2685 26.6599
2013.2712 30.4260
2013.2740 31.9429
2013.2767 30.7903
2013.2795 24.9783
2013.2822 30.3867
2013.2849 28.9352
2014.1452 33.2550
2014.1479 37.7155
2014.1507 38.2666
2014.1534 41.0683
2014.1562 38.8507
2014.1589 39.1338
2014.1616 36.4875
2014.1644 38.0519
2014.1671 37.3967
2014.1699 35.6319
2014.1726 34.0375
2014.1753 38.5634
2014.1781 41.2197
2014.1808 35.0362
2014.1836 34.7530
2014.1863 33.6201
2014.1890 34.8773
2014.1918 32.9648
2014.1973 28.8401
2014.2000 29.9479
2014.2027 28.2458
2014.2055 27.6137
2014.2082 32.3016
2014.2110 37.4594
2014.2137 32.6873
2014.2164 31.9850
2014.2192 26.4826
2014.2219 33.8901
2014.2247 32.6775
2014.2274 34.0646
2014.2301 31.2515
2014.2329 34.1381
2014.2356 31.7845
2014.2384 31.5105
2014.2411 30.4262
2014.2438 34.3315
2014.2466 35.6864
2014.2493 36.9510
2014.2521 34.8951
2014.2548 35.3989
2014.2575 39.9825
2014.2603 36.0057
2014.2630 38.7188
2014.2658 41.9016
2014.2685 35.2443
2014.2712 42.2069
2014.2740 40.3594
2014.2767 34.5918
2014.2795 40.2542
2014.2822 41.1166
2014.2849 39.2691
2014.2877 38.0517
2014.2904 42.0344
2014.2932 44.7572
2014.2959 39.9702
2014.2986 40.1835
2014.3014 43.9070
2014.3041 39.7608
2014.3068 32.4549
2014.3096 41.6795
2014.3123 34.3344
2014.3151 40.4997
2014.3178 38.4255
2014.3205 33.6218
2014.3233 36.0986
2014.3260 36.7661
2014.3288 36.6841
2014.3315 35.5125
2014.3342 38.8711
2014.3370 38.9098
2014.3397 35.1887
2014.3425 33.8177
2014.3452 35.7968
2014.3479 35.4960
2014.3507 34.6454
2014.3534 33.8648
2014.3562 37.8043
2014.3589 37.5439
2014.3616 38.9435
2014.3644 41.0932
2014.3671 42.6029
2014.3699 43.1827
2014.3726 42.2325
2014.3753 40.0623
2014.3781 41.7621
2014.3808 39.0019
2014.3836 42.2317
2014.3863 41.5414
2014.3890 39.5311
2014.3918 40.3808
2014.3945 40.9304
2014.3973 42.2500
2014.4000 43.1095
2014.4027 39.7289
2014.4055 42.4282
2014.4082 42.0074
2014.4110 42.9365
2014.4137 39.2155
2014.4164 40.8744
2014.4192 40.5633
2014.4219 38.1422
2014.4247 45.0410
2014.4274 43.0097
2014.4301 41.1385
2014.4329 41.3172
2014.4356 39.2359
2014.4384 41.0846
2014.4411 41.8433
2014.4438 45.8819
2014.4466 43.0606
2014.4493 43.8792
2014.4521 49.1078
2014.4548 50.6964
2014.4575 45.4950
2014.4603 44.4837
2014.4630 47.0023
2014.4658 44.3009
2014.4685 44.2595
2014.4712 43.5282
2014.4740 43.9869
2014.4767 41.3955
2014.4795 40.0843
2014.4822 39.6430
2014.4849 44.7118
2014.4877 45.0605
2014.4904 41.5994
2014.4932 44.8282
2014.4959 46.0671
2014.4986 44.1565
2014.5014 47.5968
2014.5041 44.9079
2014.5068 52.3197
2014.5096 46.5622
2014.5123 43.1852
2014.5151 44.5788
2014.5178 48.3028
2014.5205 47.3472
2014.5233 44.5818
2014.5260 45.5867
2014.5288 43.7317
2014.5315 43.0468
2014.5342 47.2719
2014.5370 52.2469
2014.5397 40.9017
2014.5425 42.2263
2014.5452 42.2206
2014.5479 42.0145
2014.5507 40.3580
2014.5534 41.8209
2014.5562 39.5033
2014.5589 42.6849
2014.5616 46.7158
2014.5644 46.8759
2014.5671 49.5151
2014.5699 46.6433
2014.5726 41.1305
2014.5753 44.7065
2014.5781 44.0113
2014.5808 40.2649
2014.5836 41.0377
2014.5863 45.4204
2014.5890 45.4129
2014.5918 49.0152
2014.5945 48.9274
2014.5973 49.3994
2014.6000 47.6213
2014.6027 46.8531
2014.6055 44.2648
2014.6082 45.6264
2014.6110 45.5079
2014.6137 46.3593
2014.6164 39.7507
2014.6192 43.7220
2014.6219 48.2532
2014.6247 44.8445
2014.6274 43.0857
2014.6301 44.3468
2014.6329 44.1380
2014.6356 43.3192
2014.6384 41.5303
2014.6411 38.8616
2014.6438 44.6528
2014.6466 47.0541
2014.6493 35.3354
2014.6521 41.0668
2014.6548 38.8283
2014.6575 43.8698
2014.6603 43.4815
2014.6630 48.9032
2014.6658 48.7751
2014.6685 50.0069
2014.6712 51.2588
2014.6740 49.1307
2014.6767 47.8425
2014.6795 47.1244
2014.6822 51.9863
2014.6849 49.7082
2014.6877 51.7501
2014.6904 49.5720
2014.6932 53.9640
2014.6959 50.2959
2014.6986 48.7179
2014.7014 44.9399
2014.7041 46.6619
2014.7068 48.9539
2014.7096 46.3460
2014.7123 48.3180
2014.7151 48.8401
2014.7178 48.2522
2014.7205 48.6644
2014.7233 53.2065
2014.7260 53.8287
2014.7288 46.0109
2014.7315 47.4932
2014.7342 47.4554
2014.7370 44.7677
2014.7397 48.5601
2014.7425 47.3425
2014.7452 46.1849
2014.7479 48.2673
2014.7507 44.8806
2014.7534 50.3552
2014.7562 50.3513
2014.7589 48.2386
2014.7616 46.7970
2014.7644 48.1466
2014.7671 53.1170
2014.7699 52.6884
2014.7726 49.7405
2014.7753 47.7733
2014.7781 48.1567
2014.7808 46.7005
2014.7836 49.2647
2014.7863 51.2393
2014.7890 50.3840
2014.7918 48.6588
2014.7945 47.6435
2014.7973 51.4182
2014.8000 50.4827
2014.8027 53.2969
2014.8055 50.7307
2014.8082 50.7740
2014.8110 51.0867
2014.8137 50.0688
2014.8164 50.5400
2014.8192 49.5404
2014.8219 49.7098
2014.8247 51.7181
2014.8274 49.1453
2014.8301 53.9312
2014.8329 54.6959
2014.8356 51.6401
2014.8384 49.0441
2014.8411 48.5979
2014.8438 43.9913
2014.8466 44.9145
2014.8493 44.9875
2014.8521 45.5602
2014.8548 49.4326
2014.8575 46.6348
2014.8603 47.9968
2014.8630 47.1986
2014.8658 47.5301
2014.8685 46.5014
2014.8712 42.8325
2014.8740 46.0334
2014.8767 49.6641
2014.8795 44.1746
2014.8822 42.9449
2014.8849 44.4151
2014.8877 42.2450
2014.8904 46.2748
2014.8932 41.9843
2014.8959 44.8838
2014.8986 46.4630
2014.9014 40.2521
2014.9041 44.3411
2014.9068 47.6299
2014.9096 48.8486
2014.9123 46.2271
2014.9151 49.5755
2014.9178 50.9039
2014.9205 44.2023
2014.9233 46.3607
2014.9260 47.8691
2014.9288 49.5875
2014.9315 49.0358
2014.9342 55.5441
2014.9370 50.3824
2014.9397 51.8705
2014.9425 46.2185
2014.9452 46.9464
2014.9479 46.4041
2014.9507 51.2017
2014.9534 49.0791
2014.9562 53.7163
2014.9589 49.1732
2014.9616 51.7099
2014.9644 49.1264
2014.9671 53.6126
2016.1311 47.3694
2016.1339 54.3708
2016.1366 52.1626
2016.1393 55.7448
2016.1421 54.0975
2016.1448 55.8406
2016.1475 54.9043
2016.1503 53.5785
2016.1530 54.6233
2016.1557 54.7186
2016.1585 50.5246
2016.1612 50.5912
2016.1639 52.0486
2016.1667 54.6970
2016.1694 58.7863
2016.1721 51.2265
2016.1749 59.4475
2016.1776 59.9093
2016.1803 60.2718
2016.1831 57.3349
2016.1858 57.7285
2016.1885 58.8826
2016.1913 58.9871
2016.1940 57.3820
2016.1967 60.5672
2016.1995 60.1027
2016.2022 54.2183
2016.2049 52.4940
2016.2077 54.4597
2016.2104 48.3554
2016.2131 53.6810
2016.2158 50.1164
2016.2186 50.9617
2016.2213 55.1866
2016.2240 55.8612
2016.2268 52.7654
2016.2295 56.0291
2016.2322 53.0422
2016.2350 59.1047
2016.2377 54.0666
2016.2404 49.8477
2016.2432 47.1980
2016.2459 45.0375
2016.2486 43.6866
2016.2514 46.5757
2016.2541 45.0147
2016.2568 45.3637
2016.2596 54.4125
2016.2623 48.1413
2016.2650 50.8000
2016.2678 55.0487
2016.2705 57.0572
2016.2732 53.8757
2016.2760 52.0141
2016.2787 52.1924
2016.2814 52.1807
2016.2842 49.9289
2016.2869 50.8470
2016.2896 51.4350
2016.2923 51.1929
2016.2951 50.7508
2016.2978 53.8286
2016.3005 49.9263
2016.3033 48.2040
2016.3060 46.9815
2016.3087 48.8390
2016.3115 50.4364
2016.3142 52.2238
2016.3169 58.6710
2016.3197 55.3182
2016.3224 49.1053
2016.3251 55.4523
2016.3279 52.7893
2016.3306 52.2460
2016.3333 55.7323
2016.3361 54.6582
2016.3388 54.8236
2016.3415 57.1386
2016.3443 58.2333
2016.3470 58.6577
2016.3497 61.4718
2016.3525 54.8856
2016.3552 55.4792
2016.3579 57.2727
2016.3607 58.4460
2016.3634 58.8192
2016.3661 57.9623
2016.3689 57.8554
2016.3716 55.6484
2016.3743 53.7816
2016.3770 59.3447
2016.3798 57.5780
2016.3825 59.3415
2016.3852 60.0550
2016.3880 63.0989
2016.3907 60.6329
2016.3934 61.0372
2016.3962 59.0319
2016.3989 58.3168
2016.4016 53.2522
2016.4044 57.2080
2016.4071 53.3443
2016.4098 53.8510
2016.4126 56.6782
2016.4153 58.9766
2016.4180 59.9364
2016.4208 59.5775
2016.4235 61.7398
2016.4262 56.7633
2016.4290 58.8477
2016.4317 56.8831
2016.4344 59.6092
2016.4372 58.8461
2016.4399 61.2736
2016.4426 59.9916
2016.4454 59.6800
2016.4481 62.6986
2016.4508 59.2475
2016.4536 58.1765
2016.4563 59.1655
2016.4590 58.8143
2016.4617 56.2930
2016.4645 59.2513
2016.4672 60.5092
2016.4699 63.0666
2016.4727 55.7334
2016.4754 57.7894
2016.4781 57.2747
2016.4809 58.5490
2016.4836 55.9923
2016.4863 55.9744
2016.4891 55.2453
2016.4918 53.8949
2016.4945 57.5131
2016.4973 59.5599
2016.5000 62.1764
2016.5027 54.8729
2016.5055 58.8193
2016.5082 57.9156
2016.5109 56.8218
2016.5137 58.3480
2016.5164 57.6741
2016.5191 56.6202
2016.5219 54.6262
2016.5246 58.8022
2016.5273 61.2981
2016.5301 61.0440
2016.5328 59.6099
2016.5355 58.6457
2016.5383 63.2616
2016.5410 60.2774
2016.5437 65.6032
2016.5464 64.2990
2016.5492 64.7848
2016.5519 59.9406
2016.5546 57.7665
2016.5574 54.1223
2016.5601 53.5682
2016.5628 55.5441
2016.5656 56.8200
2016.5683 57.2260
2016.5710 59.4220
2016.5738 65.1280
2016.5765 62.7841
2016.5792 63.3702
2016.5820 55.7265
2016.5847 60.7927
2016.5874 59.2589
2016.5902 59.3952
2016.5929 55.9515
2016.5956 61.6979
2016.5984 58.3642
2016.6011 60.6906
2016.6038 63.0070
2016.6066 60.0335
2016.6093 58.9800
2016.6120 58.4665
2016.6148 61.0131
2016.6175 58.9497
2016.6202 57.6764
2016.6230 59.5331
2016.6257 60.0698
2016.6284 59.5866
2016.6311 58.9734
2016.6339 60.0903
2016.6366 61.1573
2016.6393 60.9143
2016.6421 63.7813
2016.6448 61.7984
2016.6475 63.1056
2016.6503 66.8128
2016.6530 67.4501
2016.6557 73.2375
2016.6585 70.0149
2016.6612 66.7524
2016.6639 64.3200
2016.6667 60.1592
2016.6694 60.8627
2016.6721 64.7402
2016.6749 67.3216
2016.6776 71.6765
2016.6803 65.1746
2016.6831 65.4756
2016.6858 67.9593
2016.6885 66.3253
2016.6913 68.3034
2016.6940 68.8533
2016.6967 68.2847
2016.6995 69.7073
2016.7022 68.0608
2016.7049 66.8849
2016.7077 65.9694
2016.7104 69.8240
2016.7131 64.8482
2016.7186 66.7250
2016.7213 70.5368
2016.7240 63.2973
2016.7295 66.5930
2016.7322 68.5476
2016.7350 63.8996
2016.7377 63.4388
2016.7404 64.1550
2016.7432 63.6477
2016.7459 61.1867
2016.7486 60.0419
2016.7514 54.9158
2016.7541 62.2894
2016.7568 63.0827
2016.7596 61.0358
2016.7623 65.2886
2016.7650 68.4812
2016.7678 68.6435
2016.7705 65.1455
2016.7732 64.4372
2016.7760 65.0587
2016.7787 61.9999
2016.7814 60.6809
2016.7842 59.7316
2016.7869 59.1820
2016.7896 60.3522
2016.7923 59.7721
2016.7951 63.3017
2016.7978 62.5811
2016.8005 68.3902
2016.8033 67.6090
2016.8060 65.9276
2016.8087 64.2459
2016.8115 67.2740
2016.8142 62.7118
2016.8169 63.7093
2016.8197 60.9766
2016.8224 61.3436
2016.8251 61.9304
2016.8279 58.5869
2016.8306 63.5131
2016.8333 61.7492
2016.8361 59.1554
2016.8388 61.7119
2016.8415 56.6484
2016.8443 62.2051
2016.8470 58.1418
2016.8497 59.3486
2016.8525 56.6253
2016.8552 52.9021
2016.8579 56.2288
2016.8607 60.3154
2016.8634 59.8818
2016.8661 56.6782
2016.8689 53.7343
2016.8716 57.3802
2016.8743 58.2559
2016.8770 55.7713
2016.8798 58.0565
2016.8825 61.6512
2016.8852 57.6956
2016.8880 62.3296
2016.8907 61.1832
2016.8934 60.0163
2016.8962 54.1688
2016.8989 58.2709
2016.9016 55.9124
2016.9044 59.7333
2016.9071 54.1936
2016.9098 57.5833
2016.9126 56.6222
2016.9153 58.9804
2016.9180 56.8981
2016.9208 54.6154
2016.9235 58.2023
2016.9262 57.0889
2016.9290 56.5651
2016.9317 57.2511
2016.9344 55.8567
2016.9372 56.2121
2016.9399 57.1373
2016.9426 58.2823
2016.9454 56.4671
2016.9481 55.8117
2016.9508 57.6762
2016.9536 54.5206
2016.9563 55.5249
2016.9590 57.6291
2016.9617 56.5833
2016.9645 51.6175
2016.9672 55.2516
2016.9699 55.8859
2016.9727 55.7701
2016.9754 56.1545
2016.9781 53.3189
2016.9809 55.7735
2016.9836 59.8282
2016.9863 57.0431
2016.9891 53.5082
2016.9918 56.9835
2016.9945 57.2891
2016.9973 56.2549
2017.0000 55.4110
2017.0027 54.1474
2017.0055 56.6141
2017.0082 57.9910
2017.0110 55.9082
2017.0137 55.6555
2017.0164 54.5731
2017.0192 56.1608
2017.0219 54.7787
2017.0247 55.9066
2017.0274 54.3647
2017.0301 54.4429
2017.0329 56.1011
2017.0356 56.7894
2017.0384 57.5977
2017.0411 53.7060
2017.0438 54.7343
2017.0466 52.3925
2017.0493 55.3307
2017.0521 55.0488
2017.0548 57.7267
2017.0575 53.5246
2017.0603 53.6823
2017.0630 54.8498
2017.0658 58.6072
2017.0685 56.4243
2017.0712 57.7012
2017.0740 60.3178
2017.0767 58.2442
2017.0795 57.3602
2017.0822 63.3158
2017.0849 58.9598
2017.0877 60.1522
2017.0904 57.8030
2017.0932 57.6025
2017.0959 56.1507
2017.0986 57.1678
2017.1014 57.4238
2017.1041 56.3389
2017.1068 62.2733
2017.1096 61.3670
2017.1123 56.9102
2017.1151 65.0930
2017.1178 61.5454
2017.1205 61.3077
2017.1233 60.2500
2017.1260 58.6724
2017.1288 58.9649
2017.1315 61.5778
2017.1342 60.8911
2017.1370 58.7450
2017.1397 62.1295
2017.1425 62.7549
2017.1452 61.9812
2017.1479 58.1486
2017.1507 59.3071
2017.1534 62.5169
2017.1562 58.0882
2017.1589 57.8110
2017.1616 58.9054
2017.1644 54.0110
2017.1671 54.8672
2017.1699 53.7439
2017.1726 56.4710
2017.1753 56.0787
2017.1781 55.5467
2017.1808 62.7051
2017.1836 57.4438
2017.1863 61.1229
2017.1890 58.8322
2017.1918 60.5117
2017.1945 62.5315
2017.1973 59.5614
2017.2000 58.4914
2017.2027 56.2515
2017.2055 63.6417
2017.2082 59.8018
2017.2110 58.1520
2017.2137 62.5821
2017.2164 58.4821
2017.2192 61.4319
2017.2219 55.9616
2017.2247 54.9411
2017.2274 57.6404
2017.2301 53.8693
2017.2329 57.5080
2017.2356 56.8563
2017.2384 65.5042
2017.2411 57.9617
2017.2438 59.6688
2017.2466 56.2953
2017.2493 61.0412
2017.2521 56.7366
2017.2548 62.1115
2017.2575 56.9660
2017.2603 57.3700
2017.2630 62.6537
2017.2658 64.3570
2017.2685 58.4201
2017.2712 64.4730
2017.2740 61.8857
2017.2767 62.1283
2017.2795 64.3408
2017.2822 61.6132
2017.2849 61.4957
2017.2877 69.0783
2017.2904 67.4709
2017.2932 62.8938
2017.2959 61.2068
2017.2986 61.8001
2017.3014 57.9237
2017.3041 60.0976
2017.3068 66.4919
2017.3096 66.0467
2017.3123 63.5520
2017.3151 64.7878
2017.3178 62.8342
2017.3205 64.1112
2017.3233 61.2989
2017.3260 63.2974
2017.3288 60.2866
2017.3315 66.4467
2017.3342 65.8279
2017.3370 60.1699
2017.3397 60.4628
2017.3425 65.6566
2017.3452 63.1511
2017.3479 62.0162
2017.3507 67.2020
2017.3534 66.8884
2017.3562 66.3052
2017.3589 62.0525
2017.3616 62.9901
2017.3644 70.6981
2017.3671 71.4663
2017.3699 69.0348
2017.3726 68.8933
2017.3753 69.8619
2017.3781 71.2905
2017.3808 65.8291
2017.3836 65.1475
2017.3863 67.4058
2017.3890 64.3038
2017.3918 64.6816
2017.3945 62.0589
2017.3973 61.2259
2017.4000 59.8923
2017.4027 64.5682
2017.4055 66.3035
2017.4082 67.2681
2017.4110 62.5420
2017.4137 64.2051
2017.4164 60.7875
2017.4192 63.0494
2017.4219 65.3107
2017.4247 66.8915
2017.4274 70.4219
2017.4301 70.5419
2017.4329 73.4815
2017.4356 73.9009
2017.4384 71.4300
2017.4411 67.6589
2017.4438 65.4877
2017.4466 67.0664
2017.4493 66.5351
2017.4521 69.3338
2017.4548 71.9025
2017.4575 67.1714
2017.4603 63.5304
2017.4630 64.6296
2017.4658 68.2192
2017.4685 66.7290
2017.4712 68.6792
2017.4740 69.5398
2017.4767 73.0609
2017.4795 67.0625
2017.4822 70.8047
2017.4849 66.9876
2017.4877 69.2910
2017.4904 68.6153
2017.4932 69.7603
2017.4959 65.5861
2017.4986 67.9326
2017.5014 68.3597
2017.5041 70.1172
2017.5068 70.7752
2017.5096 70.8236
2017.5123 71.7925
2017.5151 72.6517
2017.5178 70.1912
2017.5205 69.5211
2017.5233 67.5812
2017.5260 65.6016
2017.5288 65.9821
2017.5315 69.1529
2017.5342 66.5138
2017.5370 66.5248
2017.5397 69.5559
2017.5425 71.4971
2017.5452 66.1582
2017.5479 71.4294
2017.5507 71.4005
2017.5534 72.3716
2017.5562 70.9925
2017.5589 71.5033
2017.5616 73.3239
2017.5644 76.5044
2017.5671 73.9546
2017.5699 72.9945
2017.5726 78.3741
2017.5753 79.3834
2017.5781 78.6224
2017.5808 76.0610
2017.5836 72.7390
2017.5863 73.6266
2017.5890 73.3037
2017.5918 69.2503
2017.5945 71.2465
2017.5973 75.6923
2017.6000 70.8779
2017.6027 68.7632
2017.6055 71.4782
2017.6082 71.2931
2017.6110 70.2278
2017.6137 76.1524
2017.6164 71.6870
2017.6192 75.0816
2017.6219 71.5562
2017.6247 73.0808
2017.6274 73.7256
2017.6301 70.6506
2017.6329 71.3157
2017.6356 70.6311
2017.6384 73.5168
2017.6411 73.9529
2017.6438 74.3093
2017.6466 74.2161
2017.6493 76.3635
2017.6521 77.8113
2017.6548 77.8597
2017.6575 73.9886
2017.6603 75.4482
2017.6630 79.6585
2017.6658 75.4096
2017.6685 74.1918
2017.6712 76.1152
2017.6740 73.2696
2017.6767 73.7050
2017.6795 74.7814
2017.6822 82.1286
2017.6849 67.1666
2017.6877 72.2053
2017.6904 70.3546
2017.6932 70.7445
2017.6959 75.0649
2017.6986 73.1057
2017.7014 76.0268
2017.7041 71.2883
2017.7068 79.4599
2017.7096 72.9517
2017.7123 71.8835
2017.7151 70.0854
2017.7178 73.3571
2017.7205 74.9987
2017.7233 67.3601
2017.7260 75.6112
2017.7288 75.6719
2017.7315 76.5522
2017.7342 76.0819
2017.7370 77.1711
2017.7397 76.9196
2017.7425 72.2874
2017.7452 75.2244
2017.7479 74.4806
2017.7507 72.8364
2017.7534 70.8025
2017.7562 73.1289
2017.7589 71.8354
2017.7616 76.5020
2017.7644 73.3388
2017.7671 73.3755
2017.7699 72.9722
2017.7726 74.2489
2017.7753 77.6154
2017.7781 74.6018
2017.7808 75.9279
2017.7836 73.6638
2017.7863 74.4494
2017.7890 71.2446
2017.7918 71.9894
2017.7945 70.8938
2017.7973 72.9376
2017.8000 74.1809
2017.8027 72.3335
2017.8055 76.8855
2017.8082 79.7268
2017.8110 79.4474
2017.8137 75.0271
2017.8164 75.0160
2017.8192 78.7840
2017.8219 76.4210
2017.8247 76.2870
2017.8274 77.9220
2017.8301 74.2259
2017.8329 75.1188
2017.8356 74.9515
2017.8384 74.3042
2017.8411 72.7669
2017.8438 75.0595
2017.8466 75.3621
2017.8493 77.7747
2017.8521 75.8773
2017.8548 78.8499
2017.8575 76.9325
2017.8603 76.7150
2017.8630 73.4176
2017.8658 76.5801
2017.8685 73.5626
2017.8712 76.3951
2017.8740 75.6076
2017.8767 75.3101
2017.8795 73.3226
2017.8822 72.5851
2017.8849 71.8776
2017.8877 71.5801
2017.8904 73.3427
2017.8932 76.2752
2017.8959 74.0977
2017.8986 74.4502
2017.9014 67.6228
2017.9041 71.2253
2017.9068 72.1579
2017.9096 74.3505
2017.9123 67.9531
2017.9151 76.2557
2017.9178 68.6483
2017.9205 71.1210
2017.9233 74.4437
2017.9260 71.0565
2017.9288 75.8993
2017.9315 74.8521
2017.9342 73.4550
2017.9370 73.5978
2017.9397 68.5707
2017.9425 69.4336
2017.9452 67.0065
2017.9479 67.1194
2017.9507 67.5923
2017.9534 70.0752
2017.9562 67.3780
2017.9589 70.6109
2017.9616 71.7937
2017.9644 68.3165
2017.9671 69.7893
2017.9699 70.2820
2017.9726 71.0147
2017.9753 68.4473
2017.9781 67.5699
2017.9808 66.0125
2017.9836 63.1450
2017.9863 63.9274
2017.9890 66.0197
2017.9918 66.1920
2017.9945 66.1542
2017.9973 64.9364
2018.0000 69.1984
2018.0027 69.4699
2018.0055 70.5904
2018.0082 68.5301
2018.0110 66.3289
2018.0137 65.1268
2018.0164 65.8440
2018.0192 66.3506
2018.0219 66.6364
2018.0247 68.1816
2018.0274 67.6463
2018.0301 66.5805
2018.0329 70.3542
2018.0356 70.5975
2018.0384 68.9505
2018.0411 67.3231
2018.0438 70.0255
2018.0466 69.8977
2018.0493 71.8698
2018.0521 72.8717
2018.0548 71.4436
2018.0575 70.0454
2018.0603 69.3174
2018.0630 69.6494
2018.0658 68.9415
2018.0685 70.8839
2018.0712 73.9365
2018.0740 70.2894
2018.0767 71.9726
2018.0795 71.6063
2018.0822 73.5202
2018.0849 73.5137
2018.0877 69.0468
2018.0904 67.5594
2018.0932 69.8315
2018.0959 65.8534
2018.0986 68.3149
2018.1014 72.1663
2018.1041 69.7374
2018.1068 67.7684
2018.1096 72.1994
2018.1123 70.9803
2018.1151 73.1713
2018.1178 73.7723
2018.1205 71.7235
2018.1233 70.0848
2018.1260 65.5065
2018.1288 68.1684
2018.1315 70.3506
2018.1342 66.6233
2018.1370 66.8064
2018.1397 68.6200
2018.1425 71.3842
2018.1452 64.0690
2018.1479 69.6245
2018.1507 64.9907
2018.1534 65.9477
2018.1562 65.8855
2018.1589 66.9642
2018.1616 71.7938
2018.1644 67.9050
2018.1671 68.9281
2018.1699 66.5931
2018.1726 66.1099
2018.1753 65.9084
2018.1781 64.8984
2018.1808 63.8899
2018.1836 64.6626
2018.1863 61.6366
2018.1890 65.7618
2018.1918 64.5779
2018.1945 62.4049
2018.1973 63.9226
2018.2000 61.9811
2018.2027 62.4401
2018.2055 60.1295
2018.2082 63.1493
2018.2110 65.2293
2018.2137 67.8694
2018.2164 67.2295
2018.2192 65.1695
2018.2219 60.2593
2018.2247 63.7288
2018.2274 65.8678
2018.2301 63.1063
2018.2329 66.9941
2018.2356 66.4611
2018.2384 64.5873
2018.2411 68.8625
2018.2438 67.0165
2018.2466 66.6396
2018.2493 67.0825
2018.2521 66.9855
2018.2548 64.9786
2018.2575 67.2718
2018.2603 67.2549
2018.2630 69.1981
2018.2658 67.5413
2018.2685 69.2045
2018.2712 67.6478
2018.2740 72.8809
2018.2767 71.7841
2018.2795 68.8172
2018.2822 71.7003
2018.2849 75.5833
2018.2877 72.9163
2018.2904 71.2491
2018.2932 73.3419
2018.2959 70.0646
2018.2986 70.8871
2018.3014 70.3596
2018.3041 77.5919
2018.3068 78.2840
2018.3096 76.0960
2018.3123 72.8078
2018.9644 74.1224
2018.9671 75.0044
2018.9699 77.4457
2018.9726 74.6963
2018.9753 78.2960
2018.9781 77.7948
2018.9808 75.2327
2018.9836 74.6196
2018.9863 73.1955
2018.9890 76.9702
2018.9918 76.8337
2018.9945 74.5761
2018.9973 71.9871
2019.0000 74.8168
2019.0027 77.1658
2019.0055 74.7248
2019.0082 77.8337
2019.0110 77.1926
2019.0137 80.9415
2019.0164 77.8903
2019.0192 76.5892
2019.0219 79.3880
2019.0247 74.6568
2019.0274 79.1255
2019.0301 74.4043
2019.0329 79.1430
2019.0356 77.8018
2019.0384 77.1605
2019.0411 74.4692
2019.0438 78.5879
2019.0466 82.0665
2019.0493 79.0552
2019.0521 77.1939
2019.0548 79.0625
2019.0575 77.7512
2019.0603 77.9299
2019.0630 78.7485
2019.0658 81.4472
2019.0685 77.0358
2019.0712 78.1545
2019.0740 79.1631
2019.0767 77.0018
2019.0795 75.7305
2019.0822 75.3991
2019.0849 74.0278
2019.0877 75.0764
2019.0904 76.4351
2019.0932 75.2237
2019.0959 77.3323
2019.0986 82.6909
2019.1014 77.2295
2019.1041 76.6681
2019.1068 75.1267
2019.1096 77.3053
2019.1123 77.6539
2019.1151 77.4825
2019.1178 77.2411
2019.1205 76.6596
2019.1233 76.7482
2019.1260 77.3968
2019.1288 70.4454
2019.1315 70.5540
2019.1342 67.1326
2019.1370 69.3712
2019.1397 72.0598
2019.1425 71.4884
2019.1452 74.9271
2019.1479 75.0957
2019.1507 70.5144
2019.1534 71.5331
2019.1562 72.2918
2019.1589 71.4505
2019.1616 69.0492
2019.1644 72.4384
2019.1671 73.8184
2019.1699 76.4593
2019.1726 73.9409
2019.1753 72.7834
2019.1781 70.2166
2019.1808 75.3406
2019.1836 76.1553
2019.1863 76.6707
2019.1890 77.1768
2019.1918 76.1935
2019.1945 76.9309
2019.1973 79.9189
2019.2000 78.4275
2019.2027 78.4067
2019.2055 77.9464
2019.2082 74.4866
2019.2110 79.6074
2019.2137 78.0387
2019.2164 76.5204
2019.2192 81.6225
2019.2219 78.0651
2019.2247 81.7981
2019.2274 81.4015
2019.2301 82.7852
2019.2329 83.0493
2019.2356 76.3137
2019.2384 79.3984
2019.2411 80.7233
2019.2438 78.8485
2019.2466 79.4141
2019.2493 81.8405
2019.2521 80.0978
2019.2548 78.6060
2019.2575 76.1849
2019.2603 81.6246
2019.2630 81.2248
2019.2658 84.5156
2019.2685 82.8970
2019.2712 82.6387
2019.2740 83.5308
2019.2767 77.0132
2019.2795 77.2259
2019.2822 73.8086
2019.2849 74.5015
2019.2877 79.3644
2019.2904 78.2472
2019.2932 81.8799
2019.2959 80.2524
2019.2986 78.0446
2019.3014 78.2065
2019.3041 78.1580
2019.3068 82.3091
2019.3096 80.4296
2019.3123 80.8095
2019.3151 81.8387
2019.3178 82.6272
2019.3205 81.3949
2019.3233 83.9517
2019.3260 82.1176
2019.3288 82.1024
2019.3315 80.3967
2019.3342 85.5109
2019.3370 90.9150
2019.3397 89.2691
2019.3425 87.2731
2019.3452 88.0370
2019.3479 85.9709
2019.3507 85.4346
2019.3534 83.9083
2019.3562 81.9919
2019.3589 85.0454
2019.3616 86.7088
2019.3644 87.4222
2019.3671 83.7054
2019.3699 88.1886
2019.3726 89.4716
2019.3753 85.0546
2019.3781 85.9675
2019.3808 84.3802
2019.3836 80.4029
2019.3863 78.4354
2019.3890 80.3379
2019.3918 77.9502
2019.3945 79.2724
2019.3973 79.1145
2019.4000 78.9965
2019.4027 78.8884
2019.4055 80.7001
2019.4082 78.0517
2019.4110 83.2632
2019.4137 83.6546
2019.4164 85.5460
2019.4192 84.2575
2019.4219 90.3790
2019.4247 84.5905
2019.4274 84.3919
2019.4301 85.8934
2019.4329 77.6249
2019.4356 80.3964
2019.4384 79.3678
2019.4411 80.9391
2019.4438 85.4904
2019.4466 83.3516
2019.4493 84.8727
2019.4521 85.9638
2019.4548 86.7547
2019.4575 85.4055
2019.4603 84.1662
2019.4630 85.9168
2019.4658 85.4772
2019.4685 86.0174
2019.4712 89.2175
2019.4740 87.1673
2019.4767 89.9870
2019.4795 87.0665
2019.4822 90.9258
2019.4849 91.8148
2019.4877 93.4536
2019.4904 94.6022
2019.4932 93.4705
2019.4959 91.2985
2019.4986 91.9163
2019.5014 92.5340
2019.5041 87.7716
2019.5068 89.1890
2019.5096 92.0063
2019.5123 89.3436
2019.5151 88.5207
2019.5178 88.9377
2019.5205 94.4347
2019.5233 93.9615
2019.5260 95.4383
2019.5288 94.4749
2019.5315 95.7815
2019.5342 94.4380
2019.5370 93.3945
2019.5397 90.1108
2019.5425 91.5571
2019.5452 92.1734
2019.5479 90.1196
2019.5507 89.9457
2019.5534 92.7318
2019.5562 91.8079
2019.5589 93.8639
2019.5616 94.7499
2019.5644 98.1759
2019.5671 99.9018
2019.5699 101.3477
2019.5726 99.9836
2019.5753 97.5495
2019.5781 97.7454
2019.5808 98.8812
2019.5836 97.8071
2019.5863 100.0128
2019.5890 96.2084
2019.5918 92.6839
2019.5945 93.1793
2019.5973 91.6747
2019.6000 93.1199
2019.6027 92.6452
2019.6055 98.9803
2019.6082 101.8554
2019.6110 103.1305
2019.6137 101.4355
2019.6164 93.3705
2019.6192 96.0555
2019.6219 91.5305
2019.6247 97.4054
2019.6274 99.0304
2019.6301 98.8254
2019.6329 96.4003
2019.6356 94.7554
2019.6384 95.9504
2019.6411 97.4555
2019.6438 98.6806
2019.6466 100.2257
2019.6493 96.5310
2019.6521 99.1163
2019.6548 98.5016
2019.6575 93.6971
2019.6603 91.9626
2019.6630 90.3882
2019.6658 93.4040
2019.6685 96.0699
2019.6712 98.5662
2019.6740 99.9127
2019.6767 97.6694
2019.6795 95.8264
2019.6822 90.7336
2019.6849 92.2110
2019.6877 94.8687
2019.6904 97.3466
2019.6932 96.8147
2019.6959 89.3129
2019.6986 93.8015
2019.7014 93.3302
2019.7041 97.0890
2019.7068 97.8581
2019.7096 99.8874
2019.7123 101.4868
2019.7151 95.9964
2019.7178 97.3462
2019.7205 102.8661
2019.7233 102.4862
2019.7260 93.6265
2019.7288 97.4769
2019.7315 97.0074
2019.7342 96.6581
2019.7370 95.2088
2019.7397 93.3498
2019.7425 93.6108
2019.7452 97.8519
2019.7479 99.5932
2019.7507 99.9150
2019.7534 98.6080
2019.7562 98.4518
2019.7589 97.2566
2019.7616 93.6122
2019.7644 95.1985
2019.7671 94.8156
2019.7699 96.2733
2019.7726 91.3815
2019.7753 92.0202
2019.7781 91.5894
2019.7808 91.9489
2019.7836 93.1486
2019.7863 96.8186
2019.7890 96.2087
2019.7918 97.0890
2019.7945 103.2492
2019.7973 98.8693
2019.8000 96.7493
2019.8027 96.5792
2019.8055 92.1487
2019.8082 90.9479
2019.8110 85.6367
2019.8137 86.6051
2019.8164 89.1428
2019.8192 92.1800
2019.8219 92.1665
2019.8247 90.6823
2019.8274 92.8472
2019.8301 92.5713
2019.8329 93.6344
2019.8356 91.2570
2019.8384 93.2092
2019.8411 89.3209
2019.8438 90.4022
2019.8466 87.5831
2019.8493 91.2236
2019.8521 90.4337
2019.8548 92.7334
2019.8575 92.5128
2019.8603 92.9118
2019.8630 94.8304
2019.8658 95.0488
2019.8685 96.7868
2019.8712 95.6145
2019.8740 92.8720
2019.8767 91.3292
2019.8795 90.4061
2019.8822 89.9528
2019.8849 90.4993
2019.8877 85.8255
2019.8904 88.6216
2019.8932 91.3474
2019.8959 88.9431
2019.8986 92.8686
2019.9014 88.2040
2019.9041 87.9293
2019.9068 91.0144
2019.9096 89.7694
2019.9123 87.7643
2019.9151 86.6891
2019.9178 90.6241
2019.9205 90.2992
2019.9233 89.1645
2019.9260 84.6899
2019.9288 83.7352
2019.9315 87.2405
2019.9342 83.1157
2019.9370 83.7406
2019.9397 82.8853
2019.9425 85.4996
2019.9452 86.9835
2019.9479 83.1169
2019.9507 82.6497
2019.9534 82.7019
2019.9562 82.4333
2019.9589 81.0240
2019.9616 84.2739
2019.9644 83.8828
2019.9671 81.5907
2019.9699 87.3975
2019.9726 85.5932
2019.9753 88.2577
2019.9781 84.9109
2019.9808 83.2427
2019.9836 87.5832
2019.9863 91.1121
2019.9890 91.0895
2019.9918 86.9952
2019.9945 90.3192
2019.9973 84.6214
2020.0000 86.5318
2020.0027 86.6810
2020.0055 89.2398
2020.0082 88.5481
2020.0109 89.4861
2020.0137 87.9236
2020.0164 90.2208
2020.0191 89.9776
2020.0219 90.7142
2020.0246 88.7305
2020.0273 85.5465
2020.0301 86.1223
2020.0328 84.6280
2020.0355 86.4535
2020.0383 85.5689
2020.0410 87.1941
2020.0437 86.9693
2020.0464 83.2145
2020.0492 85.9896
2020.0519 85.4848
2020.0546 85.3300
2020.0574 84.9153
2020.0601 83.8706
2020.0628 84.5261
2020.0656 87.5018
2020.0683 82.2276
2020.0710 85.8137
2020.0738 82.3300
2020.0765 83.8765
2020.0792 85.5634
2020.0820 83.8206
2020.0847 84.8277
2020.0874 83.7248
2020.0902 87.8818
2020.0929 89.8488
2020.0956 86.8058
2020.0984 81.7327
2020.1011 85.2497
2020.1038 87.2067
2020.1066 75.8537
2020.1093 81.7208
2020.1120 85.5579
2020.1148 87.9751
2020.1175 83.9925
2020.1202 83.2299
2020.1230 84.2774
2020.1257 85.4451
2020.1284 79.4429
2020.1311 80.8909
2020.1339 80.5890
2020.1366 78.9674
2020.1393 82.4259
2020.1421 80.5747
2020.1448 84.3937
2020.1475 81.3830
2020.1503 81.8825
2020.1530 85.8823
2020.1557 83.0324
2020.1585 82.1428
2020.1612 85.0635
2020.1639 85.8550
2020.1667 81.8582
2020.1694 82.4329
2020.1721 82.9891
2020.1749 83.9568
2020.1776 79.4558
2020.1803 84.9962
2020.1831 87.1678
2020.1858 84.2906
2020.1885 87.3245
2020.1913 87.1595
2020.1940 88.7955
2020.1967 89.7124
2020.1995 88.9102
2020.2022 89.3688
2020.2049 90.5181
2020.2077 84.7381
2020.2104 86.1087
2020.2131 86.4499
2020.2158 87.4915
2020.2186 85.6636
2020.2213 84.4961
2020.2240 87.3288
2020.2268 87.9018
2020.2295 89.6549
2020.2322 91.2182
2020.2350 90.7515
2020.2377 89.7547
2020.2404 88.3279
2020.2432 87.6310
2020.2459 80.6238
2020.2486 81.9174
2020.2514 85.9920
2020.2541 84.5374
2020.2568 77.8637
2020.2596 84.3707
2020.2623 84.1983
2020.2650 87.5565
2020.2678 87.8052
2020.2705 89.9543
2020.2732 89.5938
2020.2760 90.0034
2020.2787 81.3632
2020.2814 83.4231
2020.2842 82.8729
2020.2869 79.3327
2020.2896 79.5123
2020.2923 80.7616
2020.2951 87.1506
2020.2978 86.0791
2020.3005 86.0071
2020.3033 84.2046
2020.3060 80.5513
2020.3087 84.0373
2020.3115 83.6525
2020.3142 86.4867
2020.3169 86.4799
2020.3197 83.7220
2020.3224 83.5329
2020.3251 84.9026
2020.3279 85.1009
2020.3306 78.8380
2020.3333 81.2047
2020.3361 77.9610
2020.3388 83.7070
2020.3415 82.7527
2020.3443 81.8581
2020.3470 82.9033
2020.3497 81.5182
2020.3525 82.5229
2020.3552 80.7974
2020.3579 78.8917
2020.3607 84.0560
2020.3634 81.8901
2020.3661 81.0541
2020.3689 82.1481
2020.3716 82.3820
2020.3743 81.9359
2020.3770 85.1398
2020.3798 84.6238
2020.3825 88.2078
2020.3852 87.9920
2020.3880 91.6062
2020.3907 89.2806
2020.3934 88.4751
2020.3962 87.6298
2020.3989 89.6247
2020.4016 87.0599
2020.4044 82.9553
2020.4071 84.5011
2020.4098 89.9071
2020.4126 90.6735
2020.4153 92.1601
2020.4180 92.0568
2020.4208 92.7938
2020.4235 95.7708
2020.4262 95.7880
2020.4290 99.8154
2020.4317 99.7628
2020.4344 99.8103
2020.4372 101.7578
2020.4399 97.0155
2020.4426 95.2831
2020.4454 91.6508
2020.4481 93.7586
2020.4508 96.7863
2020.4536 98.3841
2020.4563 98.4018
2020.4590 100.8095
2020.4617 96.7871
2020.4645 99.6347
2020.4672 94.0522
2020.4699 91.3296
2020.4727 90.2269
2020.4754 91.9342
2020.4781 88.9213
2020.4809 87.6582
2020.4836 92.2950
2020.4863 91.6116
2020.4891 90.1081
2020.4918 90.3244
2020.4945 91.6604
2020.4973 94.4662
2020.5000 94.0713
2020.5027 95.3056
2020.5055 92.3393
2020.5082 93.0023
2020.5109 91.9248
2020.5137 92.3467
2020.5164 94.2782
2020.5191 94.1493
2020.5219 94.3501
2020.5246 95.5606
2020.5273 91.8808
2020.5301 95.8309
2020.5328 98.2508
2020.5355 94.7007
2020.5383 100.5007
2020.5410 92.6506
2020.5437 94.1707
2020.5464 96.4809
2020.5492 89.9413
2020.5519 90.9821
2020.5546 91.9831
2020.5574 93.7246
2020.5601 94.7065
2020.5628 98.8589
2020.5656 97.7719
2020.5683 97.1254
2020.5710 96.9597
2020.5738 95.9747
2020.5765 95.9504
2020.5792 97.8270
2020.5820 97.1745
2020.5847 96.2421
2020.5874 96.8398
2020.5902 100.6775
2020.5929 99.5553
2020.5956 95.4232
2020.5984 92.0911
2020.6011 93.3191
2020.6038 95.1272
2020.6066 94.5453
2020.6093 95.8335
2020.6120 94.7117
2020.6148 96.6200
2020.6175 90.8183
2020.6202 90.4567
2020.6230 90.2151
2020.6257 89.1336
2020.6284 87.4822
2020.6311 92.4508
2020.6339 91.7695
2020.6366 93.8982
2020.6393 89.6970
2020.6421 92.6858
2020.6448 101.9747
2020.6475 102.5336
2020.6503 97.5525
2020.6530 94.6316
2020.6557 92.7406
2020.6585 96.6298
2020.6612 95.1589
2020.6639 98.4181
2020.6667 97.8274
2020.6694 99.5166
2020.6721 97.2359
2020.6749 97.8651
2020.6776 100.5144
2020.6803 102.8436
2020.6831 102.9829
2020.6858 102.1721
2020.6885 99.7314
2020.6913 102.8107
2020.6940 103.1499
2020.6967 104.1892
2020.6995 102.2985
2020.7022 102.2577
2020.7049 97.5270
2020.7077 100.0363
2020.7104 99.1055
2020.7131 95.0348
2020.7158 99.7941
2020.7186 100.6734
2020.7213 100.7927
2020.7240 97.4419
2020.7268 100.3312
2020.7295 93.4905
2020.7322 94.7198
2020.7350 93.4291
2020.7377 94.0584
2020.7404 91.7076
2020.7432 94.8769
2020.7459 95.2562
2020.7486 97.8055
2020.7514 97.6748
2020.7541 100.9741
2020.7568 98.6835
2020.7596 98.4328
2020.7623 101.2622
2020.7650 97.1716
2020.7678 98.9810
2020.7705 103.3604
2020.7732 99.6798
2020.7760 94.0093
2020.7787 97.6287
2020.7814 96.2382
2020.7842 98.4577
2020.7869 97.9872
2020.7896 99.2667
2020.7923 96.4462
2020.7951 98.7357
2020.7978 96.6052
2020.8005 91.9848
2020.8033 99.1843
2020.8060 94.5138
2020.8087 96.8034
2020.8115 98.7530
2020.8142 98.0425
2020.8169 94.2221
2020.8197 94.4817
2020.8224 91.8213
2020.8251 92.3809
2020.8279 93.6504
2020.8306 94.8100
2020.8333 97.3699
2020.8361 94.6511
2020.8388 104.0236
2020.8415 96.2072
2020.8443 92.2820
2020.8470 90.3177
2020.8497 99.6843
2020.8525 90.7018
2020.8552 90.8000
2020.8579 94.7588
2020.8607 92.4982
2020.8634 97.1881
2020.8661 96.0784
2020.8689 94.5289
2020.8716 93.8996
2020.8743 94.4205
2020.8770 91.1314
2020.8798 91.8722
2020.8825 88.5528
2020.8852 86.0932
2020.8880 84.1233
2020.8907 87.0029
2020.8934 85.7621
2020.8962 87.3506
2020.8989 90.7684
2020.9016 89.6755
2020.9044 89.1717
2020.9071 91.7369
2020.9098 88.9911
2020.9126 95.1442
2020.9153 83.4860
2020.9180 88.5569
2020.9208 85.8370
2020.9235 86.5765
2020.9262 93.1154
2020.9290 95.8035
2020.9317 89.2411
2020.9344 91.0679
2020.9372 91.4142
2020.9399 97.9498
2020.9426 96.3148
2020.9454 94.3593
2020.9481 91.4131
2020.9508 93.5664
2020.9536 94.6591
2020.9563 95.6112
2020.9590 94.2128
2020.9617 91.1539
2020.9645 91.8545
2020.9672 92.4245
2020.9699 94.0741
2020.9727 92.9832
2020.9754 92.7318
2020.9781 94.0499
2020.9809 91.2776
2020.9836 96.9448
2020.9863 90.9216
2020.9891 91.6980
2020.9918 97.4339
2020.9945 95.7595
2020.9973 92.0247
2021.0000 95.9395
2021.0027 95.2936
2021.0055 97.4869
2021.0082 97.8294
2021.0110 93.4412
2021.0137 91.4023
2021.0164 95.7928
2021.0192 95.8528
2021.0219 92.4523
2021.0247 92.0114
2021.0274 96.1901
2021.0301 92.2885
2021.0329 94.3767
2021.0356 91.4247
2021.0384 88.8527
2021.0411 85.7105
2021.0438 89.9484
2021.0466 90.8664
2021.0493 91.1445
2021.0521 87.5328
2021.0548 86.8814
2021.0575 87.3403
2021.0603 90.2695
2021.0630 92.9792
2021.0658 91.9095
2021.0685 92.9003
2021.0712 90.7617
2021.0740 86.8638
2021.0767 88.7067
2021.0795 87.3604
2021.0822 97.5048
2021.0849 92.0092
2021.0877 92.9135
2021.0904 91.7977
2021.0932 90.5718
2021.0959 89.7960
2021.0986 88.0503
2021.1014 88.4647
2021.1041 85.8694
2021.1068 91.2342
2021.1096 85.9994
2021.1123 93.9450
2021.1151 91.3309
2021.1178 88.4873
2021.1205 89.6843
2021.1233 91.5418
2021.1260 87.8099
2021.1288 88.9787
2021.1315 88.8483
2021.1342 85.8886
2021.1370 83.0598
2021.1397 87.7518
2021.1425 92.0149
2021.1452 94.9789
2021.1479 90.8440
2021.1507 89.1602
2021.1534 91.1075
2021.1562 94.8861
2021.1589 93.4560
2021.1616 90.8471
2021.1644 93.9990
2021.1671 90.7408
2021.1699 95.2627
2021.1726 94.9547
2021.1753 88.6166
2021.1781 96.4485
2021.1808 96.5005
2021.1836 94.6525
2021.1863 93.7245
2021.1890 98.6065
2021.1918 95.6585
2021.1945 93.1705
2021.1973 95.0725
2021.2000 96.7146
2021.2027 93.7566
2021.2055 95.9387
2021.2082 92.1707
2021.2110 94.0728
2021.2137 92.6548
2021.2164 89.5368
2021.2192 93.1789
2021.2219 86.8009
2021.2247 89.8729
2021.2274 92.4349
2021.2301 91.6469
2021.2329 95.3689
2021.2356 95.2709
2021.2384 93.6929
2021.2411 91.4848
2021.2438 90.7667
2021.2466 93.1587
2021.2493 89.7506
2021.2521 93.2224
2021.2548 87.3643
2021.2575 87.2262
2021.2603 88.7980
2021.2630 85.8099
2021.2658 89.7517
2021.2685 90.0336
2021.2712 92.6454
2021.2740 91.8773
2021.2767 90.0891
2021.2795 89.7709
2021.2822 89.7228
2021.2849 93.2946
2021.2877 92.2264
2021.2904 91.1983
2021.2932 90.8301
2021.2959 83.5120
2021.2986 91.3138
2021.3014 94.4157
2021.3041 85.2676
2021.3068 88.3494
2021.3096 91.3813
2021.3123 85.3632
2021.3151 85.7251
2021.3178 90.6670
2021.3205 86.5990
2021.3233 84.9509
2021.3260 84.8429
2021.3288 84.9149
2021.3315 81.1573
2021.3342 82.6506
2021.3370 84.3847
2021.3397 81.7896
2021.3425 84.2951
2021.3452 88.0713
2021.3479 88.9181
2021.3507 89.5854
2021.3534 90.6132
2021.3562 97.5214
2021.3589 90.5099
2021.3616 90.1588
2021.3644 99.8279
2021.3671 91.7071
2021.3699 88.7965
2021.3726 85.4460
2021.3753 90.3855
2021.3781 91.1449
2021.3808 88.1643
2021.3836 86.4934
2021.3863 88.5724
2021.3890 93.1511
2021.3918 91.0194
2021.3945 89.2574
2021.3973 90.0350
2021.4000 89.5320
2021.4027 85.2485
2021.4055 86.3143
2021.4082 89.6995
2021.4110 92.2540
2021.4137 91.8078
2021.4164 90.0414
2021.4192 89.4849
2021.4219 89.8883
2021.4247 93.7016
2021.4274 89.9348
2021.4301 91.2580
2021.4329 96.2810
2021.4356 97.6039
2021.4384 101.4068
2021.4411 97.9995
2021.4438 97.0021
2021.4466 98.9546
2021.4493 95.0671
2021.4521 96.3094
2021.4548 98.3216
2021.4575 95.6537
2021.4603 99.3156
2021.4630 100.5475
2021.4658 102.4393
2021.4685 104.8009
2021.4712 99.6124
2021.4740 102.3939
2021.4767 98.5052
2021.4795 99.7063
2021.4822 95.9974
2021.4849 98.5183
2021.4877 95.8191
2021.4904 96.0198
2021.4932 95.3304
2021.4959 99.2008
2021.4986 103.4311
2021.5014 104.3314
2021.5041 99.2315
2021.5068 97.8916
2021.5096 98.5016
2021.5123 97.9115
2021.5151 96.9514
2021.5178 96.1312
2021.5205 95.5410
2021.5233 103.5007
2021.5260 97.7504
2021.5288 94.5700
2021.5315 99.5596
2021.5342 96.9092
2021.5370 102.8588
2021.5397 100.5083
2021.5425 102.4479
2021.5452 101.4174
2021.5479 95.1169
2021.5507 95.3765
2021.5534 96.1760
2021.5562 94.1856
2021.5589 93.0452
2021.5616 90.3548
2021.5644 90.9345
2021.5671 93.4442
2021.5699 93.7039
2021.5726 97.8837
2021.5753 99.5535
2021.5781 97.9934
2021.5808 103.7434
2021.5836 102.8332
2021.5863 99.0726
2021.5890 100.3417
2021.5918 101.8205
2021.5945 101.2592
2021.5973 98.0476
2021.6000 100.7559
2021.6027 100.3042
2021.6055 96.3125
2021.6082 96.4708
2021.6110 93.8892
2021.6137 97.2677
2021.6164 99.1565
2021.6192 104.2855
2021.6219 94.3047
2021.6247 94.2744
2021.6274 92.8644
2021.6301 95.5649
2021.6329 95.7059
2021.6356 95.0774
2021.6384 97.1796
2021.6411 100.7724
2021.6438 99.5359
2021.6466 99.1802
2021.6493 95.3953
2021.6521 95.5313
2021.6548 97.7881
2021.6575 105.3460
2021.6603 98.8748
2021.6630 99.9848
2021.6658 101.0558
2021.6685 97.3776
2021.6712 101.6903
2021.6740 101.0636
2021.6767 100.7777
2021.6795 105.0524
2021.6822 93.8576
2021.6849 104.3435
2021.6877 99.5898
2021.6904 102.6166
2021.6932 100.7039
2021.6959 106.6215
2021.6986 101.9994
2021.7014 101.7076
2021.7041 101.5061
2021.7068 101.6348
2021.7096 100.1936
2021.7123 96.1526
2021.7151 95.5816
2021.7178 98.9306
2021.7205 97.9497
2021.7233 103.1786
2021.7260 101.5775
2021.7288 100.1362
2021.7315 104.5647
2021.7342 102.6930
2021.7370 99.8410
2021.7397 102.3887
2021.7425 98.3160
2021.7452 98.8029
2021.7479 97.0294
2021.7507 97.4756
2021.7534 97.0619
2021.7562 100.6082
2021.7589 102.2346
2021.7616 102.2509
2021.7644 102.1073
2021.7671 106.3837
2021.7699 99.9701
2021.7726 98.2865
2021.7753 101.7529
2021.7781 99.9393
2021.7808 100.8056
2021.7836 99.9219
2021.7863 98.3182
2021.7890 99.1044
2021.7918 102.9806
2021.7945 101.9367
2021.7973 100.4728
2021.8000 95.4787
2021.8027 100.3246
2021.8055 101.8704
2021.8082 102.6961
2021.8110 99.1717
2021.8137 100.3772
2021.8164 101.1126
2021.8192 93.9778
2021.8219 97.9929
2021.8247 101.8279
2021.8274 97.5928
2021.8301 96.5575
2021.8329 96.8819
2021.8356 100.0460
2021.8384 93.3695
2021.8411 96.6027
2021.8438 100.5654
2021.8466 101.4277
2021.8493 98.4696
2021.8521 98.6111
2021.8548 94.3723
2021.8575 104.3232
2021.8603 99.7938
2021.8630 99.5842
2021.8658 101.6742
2021.8685 97.9941
2021.8712 95.5637
2021.8740 97.8031
2021.8767 99.4724
2021.8795 95.7415
2021.8822 98.7105
2021.8849 98.7594
2021.8904 96.8370
2021.8932 99.2157
2021.8959 99.1844
2021.8986 98.7031
2021.9014 99.7119
2021.9041 100.8107
2021.9068 101.8895
2021.9096 102.9684
2021.9123 101.9575
2021.9151 104.8067
2021.9178 103.7061
2021.9205 101.1557
2021.9233 103.3255
2021.9260 103.1555
2021.9288 104.4456
2021.9315 99.7457
2021.9342 97.7858
2021.9370 104.0960
2021.9397 106.1160
2021.9425 100.3760
2021.9452 102.3158
2021.9479 100.7355
2021.9507 100.1149
2021.9534 101.8940
2021.9562 98.1228
2021.9589 99.6813
2021.9616 103.6393
2021.9644 100.8270
2021.9671 97.4941
2021.9699 101.5907
2021.9726 93.9868
2021.9753 103.5722
2021.9781 98.5770
2021.9808 98.5511
2021.9836 104.8145
2021.9863 104.6771
2021.9890 103.9688
2021.9918 103.2197
2021.9945 104.1798
2021.9973 100.6288
2022.0000 103.3669
2022.0027 101.8041
2022.0055 101.6405
2022.0082 98.7961
2022.0110 97.6211
2022.0137 96.9254
2022.0164 99.0892
2022.0192 101.9423
2022.0219 100.1650
2022.0247 101.3873
2022.0274 98.3491
2022.0301 97.6306
2022.0329 95.7217
2022.0356 98.1926
2022.0384 98.4032
2022.0411 97.4337
2022.0438 99.3541
2022.0466 97.7943
2022.0493 97.5345
2022.0521 101.2848
2022.0548 93.3750
2022.0575 100.4354
2022.0603 99.3860
2022.0630 97.7667
2022.0658 99.0776
2022.0685 100.8489
2022.0712 97.4004
2022.0740 96.6424
2022.0767 97.3347
2022.0795 103.9975
2022.0822 105.4908
2022.0849 95.1238
2022.0877 98.7966
2022.0904 99.8292
2022.0932 97.0517
2022.0959 99.7840
2022.0986 96.4562
2022.1014 96.5683
2022.1041 100.7404
2022.1068 97.0525
2022.1096 97.6146
2022.1123 99.4369
2022.1151 100.2792
2022.1178 102.3817
2022.1205 101.7144
2022.1233 101.2173
2022.1260 96.1605
2022.1288 100.7739
2022.1315 101.0877
2022.1342 99.8819
2022.1370 98.9365
2022.1397 106.3115
2022.1425 100.9070
2022.1452 101.8130
2022.1479 97.8695
2022.1507 95.9967
2022.1534 99.6044
2022.1562 101.2729
2022.1589 98.7820
2022.1616 100.3518
2022.1644 101.8723
2022.1671 100.3533
2022.1699 101.2848
2022.1726 100.5567
2022.1753 99.8291
2022.1781 102.3318
2022.1808 99.9349
2022.1836 101.5284
2022.1863 98.7822
2022.1890 100.9762
2022.1918 95.8905
2022.1945 101.7050
2022.1973 98.7497
2022.2000 96.8246
2022.2027 94.7696
2022.2055 99.2047
2022.2082 98.0698
2022.2110 105.6750
2022.2137 106.6803
2022.2164 104.7355
2022.2192 92.7606
2022.2219 99.8157
2022.2247 99.8207
2022.2274 101.1755
2022.2301 99.4802
2022.2329 96.2947
2022.2356 97.4890
2022.2384 97.4630
2022.2411 98.2767
2022.2438 98.1701
2022.2466 103.4432
2022.2493 98.5062
2022.2521 103.0191
2022.2548 98.1719
2022.2575 94.3446
2022.2603 93.1773
2022.2630 94.1899
2022.2658 93.4924
2022.2685 94.7249
2022.2712 93.6274
2022.2740 94.1298
2022.2767 96.1722
2022.2795 95.0446
2022.2822 97.8370
2022.2849 95.9394
2022.2877 96.8718
2022.2904 96.9241
2022.2932 96.0066
2022.2959 92.4590
2022.2986 94.7215
2022.3014 94.6440
2022.3041 87.4966
2022.3068 86.1492
2022.3096 88.9919
2022.3123 87.3746
2022.3151 88.3675
2022.3178 92.9304
2022.3205 94.3734
2022.3233 100.0066
2022.3260 95.7298
2022.3288 97.5132
2022.3315 95.6267
2022.3342 93.4506
2022.3370 90.0849
2022.3397 93.3694
2022.3425 94.1942
2022.3452 93.2394
2022.3479 92.6348
2022.3507 87.9405
2022.3534 91.1465
2022.3562 91.2928
2022.3589 92.6493
2022.3616 99.4661
2022.3644 98.3831
2022.3671 101.3703
2022.3699 101.3178
2022.3726 100.8556
2022.3753 101.3235
2022.3781 103.6316
2022.3808 103.1300
2022.3836 101.4485
2022.3863 101.8673
2022.3890 105.4862
2022.3918 102.5553
2022.3945 100.0645
2022.3973 101.4240
2022.4000 98.4435
2022.4027 102.4533
2022.4055 107.1731
2022.4082 102.6531
2022.4110 103.3032
2022.4137 105.2735
2022.4164 105.6244
2022.4192 101.5460
2022.4219 103.1381
2022.4247 102.2208
2022.4274 106.2040
2022.4301 102.7277
2022.4329 104.8918
2022.4356 103.3562
2022.4384 104.3210
2022.4411 107.0660
2022.4438 109.0513
2022.4466 103.6968
2022.4493 98.8625
2022.4521 96.9482
2022.4548 96.6140
2022.4575 96.5398
2022.4603 96.0356
2022.4630 101.4313
2022.4658 102.3369
2022.4685 103.4223
2022.4712 103.3176
2022.4740 103.7425
2022.4767 106.6172
2022.4795 107.4316
2022.4822 108.4655
2022.4849 106.8490
2022.4877 105.5921
2022.4904 107.3546
2022.4932 105.6666
2022.4959 106.7980
2022.4986 107.2687
2022.5014 107.4087
2022.5041 109.0482
2022.5068 110.3071
2022.5096 108.4455
2022.5123 111.1735
2022.5151 113.8810
2022.5178 111.5882
2022.5205 112.2850
2022.5233 109.6116
2022.5260 107.6180
2022.5288 107.1941
2022.5315 109.6101
2022.5342 109.7860
2022.5370 110.4819
2022.5397 109.6178
2022.5425 110.4537
2022.5452 108.6297
2022.5479 104.6058
2022.5507 105.9521
2022.5534 106.4487
2022.5562 104.2955
2022.5589 103.1526
2022.5616 111.0701
2022.5644 107.8380
2022.5671 107.5964
2022.5699 104.8552
2022.5726 102.0347
2022.5753 101.6246
2022.5781 101.4353
2022.6055 108.1290
2022.6082 101.5625
2022.6110 103.2162
2022.6137 106.8502
2022.6164 103.0744
2022.6192 105.9788
2022.6219 106.2235
2022.6247 106.5584
2022.6274 107.7135
2022.6301 106.7290
2022.6329 102.1347
2022.6356 105.8806
2022.6384 111.4969
2022.6411 112.1734
2022.6438 104.8203
2022.6466 104.8474
2022.6493 101.1948
2022.6521 105.4325
2022.6548 107.7905
2022.6575 113.0289
2022.6603 109.7576
2022.6630 107.5666
2022.6658 113.5459
2022.6685 112.7454
2022.6712 110.3852
2022.6740 107.5151
2022.6767 108.7053
2022.6795 110.6756
2022.6822 115.8260
2022.6849 114.3166
2022.6877 110.9072
2022.6904 105.9280
2022.6932 111.1389
2022.6959 107.8599
2022.6986 117.6809
2022.7014 113.0019
2022.7041 108.9930
2022.7068 107.8441
2022.7096 109.8952
2022.7123 108.2663
2022.7151 110.1574
2022.7178 110.5384
2022.7205 111.5494
2022.7233 121.5203
2022.7260 112.5611
2022.7288 110.9918
2022.7315 109.4724
2022.7342 110.9729
2022.7370 113.2832
2022.7397 119.6233
2022.7425 110.4233
2022.7452 112.6031
2022.7479 109.6527
2022.7507 109.3121
2022.7534 107.1014
2022.7562 107.4605
2022.7589 108.1195
2022.7616 107.8483
2022.7644 113.5670
2022.7671 110.8356
2022.7699 115.9242
2022.7726 115.6826
2022.7753 112.9509
2022.7781 116.7192
2022.7808 111.6774
2022.7836 110.9056
2022.7863 117.4637
2022.7890 114.4019
2022.7918 114.7899
2022.7945 112.7680
2022.7973 111.3461
2022.8000 109.7441
2022.8027 107.5222
2022.8055 107.7303
2022.8082 107.9985
2022.8110 107.7467
2022.8137 107.0750
2022.8164 106.1133
2022.8192 109.2317
2022.8219 103.4702
2022.8247 101.1187
2022.8274 102.2674
2022.8301 108.4762
2022.8329 102.5552
2022.8356 106.4850
2022.8384 107.6157
2022.8411 106.4972
2022.8438 107.9193
2022.8466 104.7722
2022.8493 101.8156
2022.8521 110.5796
2022.8548 107.7241
2022.8575 105.9590
2022.8603 103.9342
2022.8630 109.0098
2022.8658 112.4456
2022.8685 110.3216
2022.8712 112.8277
2022.8740 112.2339
2022.8767 105.7301
2022.8795 115.6762
2022.8822 107.7822
2022.8849 110.7781
2022.8877 109.4337
2022.8904 114.7590
2022.8932 116.2039
2022.8959 110.9885
2022.8986 110.7825
2022.9014 108.9361
2022.9041 108.7990
2022.9068 109.3613
2022.9096 116.6728
2022.9123 108.2036
2022.9151 112.1536
2022.9178 109.0723
2022.9205 111.4595
2022.9233 110.8651
2022.9260 104.7692
2022.9288 104.9819
2022.9315 109.0432
2022.9342 107.3632
2022.9370 110.2518
2022.9397 109.0792
2022.9425 110.6453
2022.9452 108.6203
2022.9479 109.8141
2022.9507 111.2869
2022.9534 106.8085
2022.9562 106.4092
2022.9589 105.5889
2022.9616 107.8976
2022.9644 107.9755
2022.9671 107.5226
2022.9699 106.3588
2022.9726 108.5743
2022.9753 104.3291
2022.9781 108.7032
2022.9808 105.0767
2022.9836 105.3296
2022.9863 105.8919
2022.9890 105.7138
2022.9918 105.6452
2022.9945 105.1962
2022.9973 103.3369
2023.0000 109.5472
