2010.0055 -3.4248
2010.0082 -2.2789
2010.0110 -10.4845
2010.0219 -6.4692
2010.0247 -4.6205
2010.0274 -1.1727
2010.0301 -2.8256
2010.0329 -2.6492
2010.0356 -3.2934
2010.0384 -1.0781
2010.0411 -8.0332
2010.0466 -10.0241
2010.0493 -11.5498
2010.0521 -4.8855
2010.0548 -0.6912
2010.0575 1.9433
2010.0603 -2.1719
2010.0630 -5.0968
2010.0658 -3.6512
2010.0685 -2.6951
2010.0712 0.6617
2010.0740 -6.2709
2010.0986 -7.0164
2010.1041 -6.5879
2010.1068 -0.0385
2010.1096 -3.0690
2010.1123 -2.0093
2010.1205 -0.9686
2010.1233 0.1823
2010.1260 19.4237
2010.1288 1.9554
2010.1315 -0.4823
2010.1342 -2.1194
2010.1370 -3.9160
2010.1397 -2.8519
2010.1425 -2.7771
2010.1452 -2.9015
2010.1479 -5.2552
2010.1507 -0.8281
2010.1534 -2.8401
2010.1562 -4.8111
2010.1589 -3.0412
2010.1616 1.2697
2010.1671 11.7744
2010.1699 3.7480
2010.1726 1.5425
2010.1753 0.9377
2010.1781 -3.2664
2010.1808 12.4603
2010.1836 20.2475
2010.1863 -1.7146
2010.1890 -0.9862
2010.1918 -9.1472
2010.1973 0.8420
2010.2000 -7.2277
2010.2027 1.4729
2010.2055 -5.7562
2010.2082 -5.1550
2010.2110 -0.9036
2010.2137 -3.8720
2010.2164 0.7898
2010.2192 -3.5884
2010.2219 -6.0064
2010.2247 1.4055
2010.2274 -5.0526
2010.2301 -2.8207
2010.2329 -0.0589
2010.2356 2.2327
2010.2384 -7.4659
2010.2411 -2.6446
2010.2438 -5.2037
2010.2466 -6.9230
2010.2493 -3.3726
2010.2521 -2.1723
2010.2548 -0.6222
2010.2575 6.6778
2010.2603 9.2078
2010.2630 -7.5623
2010.2658 -4.4323
2010.2685 -9.8023
2010.2712 -3.4723
2010.2740 15.5180
2010.2767 14.1883
2010.2795 16.2489
2010.2822 22.6997
2010.2849 21.0308
2010.2877 20.3622
2010.2904 3.9540
2010.2932 -4.1639
2010.2959 -8.5813
2010.2986 -4.8983
2010.3205 -13.2328
2010.3233 -6.0139
2010.3260 -7.9641
2010.3288 -4.3635
2010.3315 -6.6014
2010.3342 -4.7573
2010.3370 -4.4813
2010.3397 -4.7735
2010.3425 -5.8239
2010.3452 -7.5027
2010.3479 -5.9098
2010.3507 -7.8254
2010.3534 -7.7397
2010.3562 -7.4625
2010.3589 -8.2141
2010.3616 -9.2545
2010.3644 -8.5638
2010.3671 2.2780
2010.3726 -1.9758
2010.3753 0.5986
2010.3781 -3.3163
2010.3808 3.1394
2010.3836 0.5956
2010.3863 0.1223
2010.3890 4.1994
2010.3918 20.5668
2010.3945 21.0544
2010.3973 24.9322
2010.4000 25.3400
2010.4027 25.7678
2010.4055 26.1155
2010.4082 25.1631
2010.4110 16.6404
2010.4137 25.2874
2010.4164 22.2348
2010.4192 8.7025
2010.4219 9.8106
2010.4247 2.5489
2010.4274 0.5576
2010.4301 4.9165
2010.4329 -3.9343
2010.4384 3.5845
2010.4411 5.3442
2010.4438 9.2240
2010.4493 9.4139
2010.4521 3.8939
2010.4603 2.0739
2010.4630 2.1038
2010.4658 5.2336
2010.4685 14.7933
2010.4712 16.2528
2010.4740 2.1522
2010.4767 3.2513
2010.4795 5.6502
2010.4822 15.6389
2010.4849 6.5973
2010.4877 12.2853
2010.4904 11.9031
2010.4932 8.4504
2010.4959 7.1174
2010.4986 9.1640
2010.5014 5.7404
2010.5041 7.0165
2010.5068 3.7824
2010.5096 3.3379
2010.5123 0.4731
2010.5151 0.5580
2010.5178 2.5025
2010.5205 1.9167
2010.5233 6.1406
2010.5260 6.5740
2010.5288 10.5271
2010.5315 -7.1203
2010.5342 7.1719
2010.5370 7.7437
2010.5397 15.2051
2010.5425 9.2059
2010.5452 -0.5637
2010.5479 28.7462
2010.5507 17.7656
2010.5534 10.8345
2010.5562 18.3928
2010.5589 10.4206
2010.5616 10.5179
2010.5644 -2.7255
2010.5671 2.5806
2010.5699 -4.0539
2010.5726 0.1010
2010.5753 -5.7248
2010.5781 -6.3612
2010.5808 -6.0083
2010.5836 -13.7770
2010.5863 -8.0480
2010.5890 -6.7914
2010.5918 -4.4568
2010.5945 -4.5242
2010.5973 -6.8133
2010.6000 -5.4841
2010.6027 -10.0164
2010.6055 -9.9101
2010.6082 -8.2149
2010.6110 -8.7708
2010.6137 -8.4375
2010.6164 -8.5150
2010.6192 -4.5831
2010.6301 -11.0481
2010.6329 -2.9368
2010.6356 -7.2452
2010.6384 -9.5431
2010.6411 3.8096
2010.6438 -4.9169
2010.6466 -1.5724
2010.6493 -0.5069
2010.6521 -0.3001
2010.6548 1.8781
2010.6575 1.8878
2010.6603 2.5692
2010.6630 5.9424
2010.6658 5.6874
2010.6685 15.6425
2010.6712 4.4575
2010.6740 5.6424
2010.6767 3.4174
2010.6795 6.2226
2010.6822 11.8378
2010.6849 9.5934
2010.6877 15.8292
2010.6904 1.7054
2010.6932 27.0221
2010.6959 22.8992
2010.6986 9.3269
2010.7014 20.1753
2010.7041 -4.7857
2010.7178 7.2025
2010.7205 -1.3328
2010.7233 -1.7069
2010.7260 -4.0098
2010.7288 -3.1514
2010.7315 -8.9117
2010.7342 -11.7805
2010.7370 -5.0278
2010.7397 1.4365
2010.7425 5.2124
2010.7452 3.4400
2010.7479 -6.5906
2010.7507 -6.0601
2010.7534 -9.0690
2010.7562 -8.8574
2010.7589 -4.2453
2010.7616 6.7972
2010.7644 6.0002
2010.7671 0.2535
2010.7699 6.0271
2010.7726 17.1411
2010.7753 -4.4946
2010.7781 -4.3401
2010.7808 -4.1753
2010.7836 -3.4203
2010.7863 -4.7552
2010.7890 -7.9700
2010.7918 9.1153
2010.7945 0.7007
2010.7973 15.4462
2010.8000 10.8916
2010.8027 -0.7830
2010.8055 5.6124
2010.8082 0.0176
2010.8110 -0.4072
2010.8137 -0.3522
2010.8164 0.6125
2010.8192 -0.3029
2010.8219 -5.7086
2010.8247 0.2355
2010.8274 11.6392
2010.8301 -1.8175
2010.8329 11.2557
2010.8356 11.1293
2010.8384 13.5035
2010.8411 14.1683
2010.8438 -6.8666
2010.8466 -0.2012
2010.8493 -6.3655
2010.8521 -0.6397
2010.8575 4.8222
2010.8603 6.8180
2010.8630 12.8436
2010.8658 8.4390
2010.8685 10.5140
2010.8712 13.6486
2010.8740 16.9527
2010.8767 -3.3638
2010.8795 0.6891
2010.8822 4.5911
2010.8849 -5.2976
2010.8877 -0.6273
2010.8904 1.6620
2010.8932 2.0502
2010.8959 0.4272
2010.8986 0.7930
2010.9014 5.7374
2010.9041 1.3804
2010.9068 -1.4781
2010.9096 0.9418
2010.9123 1.2201
2010.9151 1.1065
2010.9178 2.2204
2010.9205 -0.3392
2010.9233 -2.8519
2010.9260 -3.3778
2010.9288 -6.3065
2010.9315 -2.4979
2010.9342 -2.6820
2010.9370 -2.8985
2010.9397 -5.3672
2010.9425 0.1019
2010.9452 0.3191
2010.9479 -2.1555
2010.9507 -0.9217
2010.9534 -2.2894
2010.9562 -6.9984
2010.9589 -1.4386
2010.9616 -4.6298
2010.9644 -1.4418
2010.9671 1.7956
2010.9699 -2.5476
2010.9726 -5.1212
2010.9753 6.6850
2010.9781 1.6812
2010.9808 5.0376
2010.9836 4.2441
2010.9863 1.9112
2010.9890 0.4288
2010.9918 4.6172
2010.9945 0.2665
2011.0000 0.0484
2011.0027 0.3401
2011.0055 3.9708
2011.0082 -10.2294
2011.0110 1.7495
2011.0137 1.1177
2011.0164 -3.5348
2011.0192 2.0422
2011.0219 1.4788
2011.0247 -1.9050
2011.0274 -0.0090
2011.0301 -2.5132
2011.0329 -2.6475
2011.0384 0.5242
2011.0411 -8.8497
2011.0438 0.5768
2011.0466 1.4037
2011.0493 2.8911
2011.0548 1.7878
2011.0575 4.1873
2011.0630 3.2091
2011.0685 0.3754
2011.0712 1.1803
2011.0740 1.9867
2011.0767 -2.1454
2011.0795 -3.4860
2011.0822 -1.2748
2011.0849 3.7791
2011.0959 1.9894
2011.0986 0.6748
2011.1123 7.1648
2011.1233 2.6423
2011.1260 4.7976
2011.1288 10.2030
2011.1342 6.3533
2011.1397 2.7516
2011.1425 15.2747
2011.1452 23.0768
2011.1479 30.3877
2011.1507 9.1973
2011.1534 3.8153
2011.1562 32.9517
2011.1589 12.8763
2011.1644 -3.9498
2011.1671 16.8215
2011.1699 3.8425
2011.1726 12.9934
2011.1753 2.9342
2011.1781 3.1247
2011.1808 1.5851
2011.1836 0.0753
2011.1863 11.1553
2011.1890 4.2851
2011.1918 1.6047
2011.1945 -1.0458
2011.1973 -0.6165
2011.2000 3.1326
2011.2027 2.0715
2011.2055 3.6402
2011.2082 3.9887
2011.2110 2.6370
2011.2137 -6.8549
2011.2164 -1.2569
2011.2192 3.7208
2011.2219 -0.2317
2011.2247 2.7057
2011.2274 -0.9572
2011.2301 -1.8803
2011.2329 1.3065
2011.2356 2.4030
2011.2384 0.9493
2011.2411 0.5354
2011.2438 -2.7887
2011.2466 -1.0632
2011.2493 -0.2992
2011.2521 0.6633
2011.2548 0.5942
2011.2575 1.0339
2011.2603 1.9724
2011.2630 3.0697
2011.2658 6.3261
2011.2685 8.0717
2011.2712 0.2865
2011.2740 1.9307
2011.2767 1.5744
2011.2795 2.9077
2011.2822 5.0008
2011.2849 6.3738
2011.2877 3.7267
2011.2904 5.9297
2011.2932 2.1530
2011.2959 8.3766
2011.2986 0.4106
2011.3014 9.1052
2011.3041 3.9406
2011.3068 5.6667
2011.3096 2.1538
2011.3123 0.8119
2011.3151 3.0213
2011.3178 -0.6581
2011.3205 7.8939
2011.3233 5.3574
2011.3260 3.8027
2011.3288 3.3196
2011.3315 6.4990
2011.3342 13.0111
2011.3370 7.4259
2011.3397 4.8430
2011.3425 12.7524
2011.3452 1.7939
2011.3479 7.1472
2011.3507 7.0223
2011.3534 7.8388
2011.3562 6.8966
2011.3589 5.5656
2011.3616 6.7656
2011.3644 13.6563
2011.3671 25.1576
2011.3699 16.3593
2011.3726 17.1912
2011.3753 9.0431
2011.3781 5.1549
2011.3808 5.7563
2011.3836 6.6473
2011.3863 5.4675
2011.3890 14.9968
2011.3918 7.8351
2011.3945 5.6421
2011.3973 4.0577
2011.4000 9.2216
2011.4027 11.9538
2011.4055 14.7639
2011.4082 23.3519
2011.4110 24.3075
2011.4137 20.7908
2011.4164 14.8536
2011.4192 21.8662
2011.4219 14.6683
2011.4247 12.0802
2011.4274 7.2817
2011.4301 6.5429
2011.4329 9.8136
2011.4356 9.2440
2011.4384 10.7140
2011.4411 9.0536
2011.4438 4.5628
2011.4466 1.2215
2011.4493 4.2398
2011.4521 5.7176
2011.4575 4.1317
2011.4603 0.8180
2011.4630 5.8138
2011.4658 18.2590
2011.4685 13.6637
2011.4712 17.3479
2011.4740 16.4114
2011.4767 17.2344
2011.4795 13.5567
2011.4822 17.3085
2011.4849 12.4796
2011.4877 12.2800
2011.4932 6.2389
2011.4959 6.0673
2011.4986 13.3848
2011.5014 8.4609
2011.5041 11.3658
2011.5068 19.1597
2011.5096 9.6625
2011.5123 5.4644
2011.5151 13.5155
2011.5178 12.6359
2011.5205 13.8857
2011.5233 11.0349
2011.5260 14.5436
2011.5288 18.2520
2011.5315 14.9402
2011.5342 14.9682
2011.5370 16.1061
2011.5397 18.8240
2011.5425 16.8220
2011.5452 16.4903
2011.5479 16.4388
2011.5507 14.7577
2011.5534 9.5871
2011.5562 9.3271
2011.5589 10.4977
2011.5616 10.4491
2011.5644 8.0514
2011.5671 10.9646
2011.5699 11.1588
2011.5726 8.6042
2011.5753 8.2308
2011.5781 11.5887
2011.5808 12.3280
2011.5836 10.4082
2011.5863 7.4286
2011.5890 8.5292
2011.5918 9.6500
2011.5945 11.0112
2011.5973 10.4626
2011.6000 11.1043
2011.6027 21.4562
2011.6055 20.6786
2011.6082 22.6712
2011.6110 19.2442
2011.6137 16.8975
2011.6164 14.8511
2011.6192 7.4852
2011.6219 14.0896
2011.6247 23.3945
2011.6274 21.9097
2011.6301 20.7454
2011.6329 23.4415
2011.6356 18.4081
2011.6384 30.0951
2011.6411 14.7726
2011.6438 7.0806
2011.6466 6.8291
2011.6493 6.0381
2011.6521 7.6376
2011.6548 7.9377
2011.6575 3.6783
2011.6603 6.5495
2011.6630 13.4712
2011.6658 1.5235
2011.6685 35.8760
2011.6712 24.9287
2011.6740 19.9015
2011.6767 14.0945
2011.6795 5.4877
2011.6822 2.2111
2011.6849 5.1545
2011.6877 6.3582
2011.6904 8.5420
2011.6932 13.3659
2011.6959 9.0900
2011.6986 6.9142
2011.7014 3.7985
2011.7041 11.1930
2011.7068 15.8076
2011.7096 13.1623
2011.7123 13.5671
2011.7151 9.9621
2011.7178 10.5471
2011.7205 10.5623
2011.7233 11.9275
2011.7260 14.1929
2011.7288 4.8283
2011.7315 14.2339
2011.7342 12.1895
2011.7370 0.7452
2011.7397 8.2110
2011.7425 3.0369
2011.7452 0.1628
2011.7479 3.9688
2011.7507 2.4252
2011.7534 1.4723
2011.7562 -0.9400
2011.7589 4.9783
2011.7616 1.4371
2011.7644 9.4164
2011.7671 5.6061
2011.7699 11.8861
2011.7726 6.9064
2011.7753 7.5970
2011.7781 4.4577
2011.7808 4.7885
2011.7863 3.5603
2011.7890 0.0012
2011.7918 4.8819
2011.7945 21.0725
2011.7973 21.0929
2011.8000 9.6029
2011.8027 9.8927
2011.8055 6.9720
2011.8082 6.0909
2011.8110 10.3793
2011.8137 12.5371
2011.8164 18.7343
2011.8192 12.2208
2011.8219 9.8666
2011.8247 12.6216
2011.8274 8.4257
2011.8301 13.3889
2011.8329 6.8912
2011.8356 4.5521
2011.8384 7.1919
2011.8411 3.1505
2011.8438 12.0980
2011.8466 2.6745
2011.8493 6.5501
2011.8521 3.0849
2011.8548 6.8789
2011.8575 24.7121
2011.8603 21.0848
2011.8630 6.1369
2011.8658 11.1485
2011.8685 10.1597
2011.8712 6.6306
2011.8740 2.3012
2011.8767 2.6717
2011.8795 1.3320
2011.8822 3.4924
2011.8849 6.3927
2011.8877 2.7933
2011.8904 6.1939
2011.8932 7.4949
2011.8959 5.6862
2011.8986 1.2380
2011.9014 4.2202
2011.9041 2.5030
2011.9068 8.6865
2011.9096 9.5306
2011.9123 9.5656
2011.9151 12.3714
2011.9178 11.4582
2011.9205 5.7257
2011.9233 21.7139
2011.9260 22.4028
2011.9288 15.0423
2011.9315 11.4423
2011.9342 12.1628
2011.9370 18.0737
2011.9397 3.9649
2011.9425 7.4964
2011.9452 9.6181
2011.9479 8.4199
2011.9507 9.3019
2011.9534 21.8638
2011.9562 19.6457
2011.9589 11.9675
2011.9616 5.3491
2011.9644 7.1204
2011.9671 9.9715
2011.9699 5.4422
2011.9726 9.2724
2011.9753 7.9621
2011.9781 2.0913
2011.9808 9.4598
2011.9836 8.6677
2011.9863 4.7648
2011.9890 11.1510
2011.9918 13.1064
2011.9945 10.7208
2011.9973 10.2942
2012.0000 5.5165
2012.0027 10.9076
2012.0055 7.4675
2012.0109 9.6338
2012.0137 9.8804
2012.0164 11.3560
2012.0191 7.2809
2012.0219 9.7749
2012.0246 7.7683
2012.0273 11.3610
2012.0301 7.8032
2012.0328 12.3650
2012.0355 7.7465
2012.0383 9.2576
2012.0410 9.1985
2012.0437 19.2593
2012.0464 21.9701
2012.0492 8.3809
2012.0519 10.4118
2012.0546 10.4929
2012.0574 11.9643
2012.0601 7.2661
2012.0628 8.8783
2012.0656 14.6810
2012.0683 11.7443
2012.0710 13.6183
2012.0738 8.8331
2012.0765 11.9587
2012.0792 5.9653
2012.0820 11.7627
2012.0847 11.3004
2012.0874 13.5581
2012.0902 14.3959
2012.0929 22.1138
2012.0956 19.8518
2012.0984 15.3498
2012.1011 8.6680
2012.1038 15.7064
2012.1066 10.5648
2012.1093 12.6434
2012.1120 10.3222
2012.1148 12.4912
2012.1175 13.8203
2012.1202 11.2896
2012.1230 7.7392
2012.1257 7.9289
2012.1284 7.2489
2012.1311 8.2091
2012.1339 11.3596
2012.1366 7.0604
2012.1393 10.2414
2012.1421 11.8827
2012.1448 7.6143
2012.1475 5.8762
2012.1503 8.7384
2012.1530 22.4109
2012.1557 31.0138
2012.1585 35.8771
2012.1612 7.9707
2012.1639 9.2449
2012.1667 9.1200
2012.1694 9.3560
2012.1721 10.0927
2012.1749 13.4102
2012.1776 9.9083
2012.1803 5.5071
2012.1831 13.7464
2012.1858 6.3762
2012.1885 8.7765
2012.1913 7.1671
2012.1940 7.8980
2012.1967 11.9892
2012.1995 8.2006
2012.2022 7.7921
2012.2049 4.6136
2012.2077 9.0952
2012.2104 8.4867
2012.2131 7.8882
2012.2158 7.2094
2012.2186 6.6304
2012.2213 4.9111
2012.2240 3.9415
2012.2268 4.5715
2012.2295 2.7810
2012.2322 14.1299
2012.2350 12.2083
2012.2377 10.3660
2012.2404 4.8530
2012.2432 2.7292
2012.2459 3.0546
2012.2486 7.3590
2012.2514 13.2424
2012.2541 8.0549
2012.2568 6.3265
2012.2596 3.6174
2012.2623 2.7276
2012.2650 4.0772
2012.2678 7.6362
2012.2705 5.9649
2012.2732 7.0832
2012.2760 12.9912
2012.2787 11.7890
2012.2814 10.1768
2012.2842 9.8244
2012.2869 6.8922
2012.2896 9.2900
2012.2923 7.5981
2012.2951 8.9664
2012.2978 6.2051
2012.3005 10.5243
2012.3033 10.5840
2012.3060 16.6043
2012.3087 30.6653
2012.3115 19.0070
2012.3142 31.8496
2012.3169 26.1831
2012.3197 21.4577
2012.3224 33.6733
2012.3251 14.1401
2012.3279 12.8082
2012.3306 13.4473
2012.3333 10.8668
2012.3361 6.4266
2012.3388 6.3066
2012.3415 13.3069
2012.3443 16.2374
2012.3470 14.5181
2012.3497 12.2189
2012.3525 11.1099
2012.3552 9.5011
2012.3579 18.0923
2012.3607 19.5937
2012.3634 33.3951
2012.3689 19.6981
2012.3716 33.0697
2012.3743 28.6012
2012.3770 26.1527
2012.3798 20.5242
2012.3825 20.2056
2012.3852 16.7669
2012.3880 16.6382
2012.3907 17.7693
2012.3934 15.6902
2012.3962 16.7510
2012.3989 12.6716
2012.4016 12.0120
2012.4044 9.3622
2012.4071 8.2722
2012.4098 10.9218
2012.4126 10.4712
2012.4153 15.5205
2012.4180 34.2198
2012.4208 33.6990
2012.4235 24.0583
2012.4262 24.2175
2012.4290 26.6967
2012.4317 26.1259
2012.4344 26.5751
2012.4372 20.5343
2012.4399 19.9535
2012.4426 17.6526
2012.4454 16.7318
2012.4481 19.8110
2012.4508 16.6701
2012.4536 25.9093
2012.4563 19.9884
2012.4590 23.8875
2012.4617 23.4466
2012.4645 21.5358
2012.4672 24.9549
2012.4699 25.0740
2012.4727 26.0831
2012.4754 26.2822
2012.4781 23.6613
2012.4809 19.6104
2012.4836 12.1494
2012.4863 11.1385
2012.4891 10.7976
2012.4918 8.8167
2012.4945 11.2158
2012.4973 11.2948
2012.5000 11.0635
2012.5027 9.2019
2012.5055 12.0001
2012.5082 11.4880
2012.5109 14.4856
2012.5137 12.6231
2012.5164 17.1204
2012.5191 4.4276
2012.5219 8.0046
2012.5246 6.1316
2012.5273 8.2586
2012.5301 6.5155
2012.5328 5.1724
2012.5355 2.5694
2012.5383 4.6665
2012.6257 13.9646
2012.6448 6.8654
2012.6475 5.4534
2012.6557 11.9246
2012.6585 19.0704
2012.6612 24.0855
2012.6694 18.1976
2012.7322 11.7041
2012.7350 28.0112
2012.7377 22.8673
2012.7404 19.4022
2012.7432 16.7760
2012.7459 4.4885
2012.7486 6.7497
2012.7514 3.4595
2012.7541 4.5581
2012.7568 4.4153
2012.7596 10.3914
2012.7623 8.5764
2012.7650 11.0203
2012.7678 13.0033
2012.7705 13.4353
2012.7732 14.5164
2012.7760 14.9267
2012.7787 9.9663
2012.7814 11.6052
2012.7842 18.1735
2012.7869 21.2313
2012.7896 25.9586
2012.7923 19.2454
2012.7951 22.0119
2012.7978 17.5181
2012.8005 21.2641
2012.8033 20.3998
2012.8060 19.7555
2012.8087 26.1512
2012.8115 13.8968
2012.8142 14.7326
2012.8169 14.3985
2012.8197 13.2346
2012.8224 10.3910
2012.8251 9.9277
2012.8279 8.5148
2012.8306 6.7224
2012.8333 12.3604
2012.8361 10.3787
2012.8388 10.0871
2012.8415 7.3057
2012.8443 10.7344
2012.8470 10.1132
2012.8497 21.4820
2012.8525 14.0309
2012.8552 9.4398
2012.8579 6.5186
2012.8607 9.8074
2012.8634 11.0661
2012.8661 15.5146
2012.8689 10.3430
2012.8716 10.7412
2012.8743 6.1592
2012.8770 8.4670
2012.8798 11.4944
2012.8825 13.3616
2012.8852 10.7284
2012.8880 12.1249
2012.8907 12.2009
2012.8934 11.7065
2012.8962 7.3517
2012.8989 10.1864
2012.9016 9.2005
2012.9044 10.5741
2012.9071 10.8071
2012.9098 13.8895
2012.9126 15.5513
2012.9153 12.2424
2012.9180 10.8821
2012.9208 11.0101
2012.9235 11.9465
2012.9262 14.6013
2012.9290 10.3446
2012.9317 13.7867
2012.9344 14.4474
2012.9372 15.8971
2012.9399 13.0456
2012.9426 12.5133
2012.9454 8.6701
2012.9481 7.8762
2012.9508 7.3816
2012.9536 9.8564
2012.9563 11.6009
2012.9590 13.0950
2012.9617 14.1288
2012.9645 10.8025
2012.9672 10.4262
2012.9699 7.8299
2012.9727 9.9038
2012.9754 11.4080
2012.9781 12.0925
2012.9809 12.8175
2012.9836 11.5530
2012.9863 12.2893
2012.9891 13.2862
2012.9918 10.5541
2012.9945 11.2729
2012.9973 11.7828
2013.0000 -0.0362
2013.0027 12.4554
2013.0055 7.7473
2013.0082 11.3492
2013.0110 12.2913
2013.0137 13.3135
2013.0164 10.6459
2013.0192 12.0084
2013.0219 10.9611
2013.0247 12.4240
2013.0274 14.6170
2013.0301 16.0101
2013.0329 14.1434
2013.0356 15.7769
2013.0384 17.5805
2013.0411 10.9242
2013.0438 12.0881
2013.0466 11.4622
2013.0493 15.2065
2013.0521 14.7108
2013.0548 13.3154
2013.0575 17.6201
2013.0603 7.6550
2013.0630 15.1401
2013.0658 16.7253
2013.0685 13.3006
2013.0712 16.4562
2013.0740 9.9819
2013.0767 19.6978
2013.0795 15.9938
2013.0822 14.6201
2013.0849 15.0071
2013.0877 14.2748
2013.0904 15.6332
2013.0932 13.5624
2013.0959 17.0523
2013.0986 19.8129
2013.1014 18.8041
2013.1041 14.8260
2013.1068 23.1586
2013.1096 18.6619
2013.1123 19.5858
2013.1151 17.0103
2013.1178 13.8754
2013.1205 17.5211
2013.1233 12.1775
2013.1260 13.0944
2013.1288 13.6619
2013.1315 14.6599
2013.1342 15.1385
2013.1370 13.8777
2013.1616 11.3623
2013.1644 32.6567
2013.1671 20.4525
2013.1699 22.8696
2013.1726 29.6180
2013.1753 11.4276
2013.1781 13.6385
2013.1808 7.9105
2013.1836 10.8637
2013.1863 10.7779
2013.1890 10.3132
2013.1918 10.4895
2013.1945 15.7968
2013.1973 13.6249
2013.2000 11.9640
2013.2027 13.0539
2013.2055 15.8047
2013.2082 26.6962
2013.2110 19.7384
2013.2137 11.6013
2013.2164 23.0248
2013.2192 12.9690
2013.2219 11.7737
2013.2247 13.5990
2013.2274 13.3547
2013.2301 18.2409
2013.2329 16.3374
2013.2356 18.7444
2013.2384 15.4616
2013.2411 17.6292
2013.2438 32.0170
2013.2466 21.8954
2013.2493 14.6074
2013.2521 18.9930
2013.2548 17.9720
2013.2575 16.1440
2013.2603 18.2487
2013.2630 18.0658
2013.2658 18.5450
2013.2685 4.0659
2013.2712 32.6283
2013.2740 22.9519
2013.2767 36.2762
2013.2795 24.1310
2013.2822 32.2160
2013.2877 33.5353
2013.2932 23.1315
2013.2959 31.4427
2013.2986 27.1621
2013.3014 17.9195
2013.3041 16.3146
2013.3068 26.9969
2013.3096 17.5363
2013.3123 17.2524
2013.3151 23.4249
2013.3178 17.6634
2013.3205 28.2577
2013.3233 28.8974
2013.3260 37.0622
2013.3288 31.4418
2013.3315 37.8087
2013.3452 15.6917
2013.3479 17.9981
2013.3507 13.1245
2013.3534 15.5508
2013.3562 18.0070
2013.3589 11.6732
2013.3616 8.6393
2013.3644 14.7154
2013.3671 18.1015
2013.3699 13.3175
2013.3726 9.9134
2013.3753 9.1593
2013.3781 17.7652
2013.3808 35.6210
2013.3836 29.3268
2013.3863 20.0526
2013.3890 21.0483
2013.3918 19.0740
2013.3945 19.1997
2013.3973 20.4154
2013.4000 16.8010
2013.4027 19.9866
2013.4055 23.0222
2013.4082 19.2878
2013.4110 16.7734
2013.4137 9.9389
2013.4164 16.7144
2013.4192 14.3699
2013.4219 14.9753
2013.4247 12.3107
2013.4274 23.6261
2013.4301 20.7615
2013.4329 21.0968
2013.4356 17.1921
2013.4384 19.4074
2013.4411 17.9527
2013.4438 16.6680
2013.4466 11.9533
2013.4493 17.6587
2013.4521 14.1140
2013.4548 10.9193
2013.4575 11.8647
2013.4603 9.0101
2013.4630 9.0455
2013.4658 7.7910
2013.4685 20.4864
2013.4712 22.2220
2013.4740 21.9275
2013.4767 20.5132
2013.4795 18.8088
2013.4822 16.7146
2013.4849 17.3204
2013.4877 20.6463
2013.4904 17.8322
2013.4932 6.4682
2013.4959 19.6643
2013.4986 21.7206
2013.5014 19.6372
2013.5041 22.8541
2013.5068 24.7112
2013.5096 23.0285
2013.5123 29.6262
2013.5151 28.1040
2013.5178 27.7220
2013.5205 27.8802
2013.5233 29.8985
2013.5260 23.1471
2013.5288 20.8957
2013.5315 20.3945
2013.5342 21.5934
2013.5370 22.2123
2013.5397 19.7613
2013.5425 14.4804
2013.5452 11.8296
2013.5479 18.6787
2013.5507 20.9179
2013.5534 21.9370
2013.5562 17.8461
2013.5589 23.4752
2013.5616 19.9843
2013.5644 19.5932
2013.5671 19.1821
2013.5699 16.4909
2013.5726 15.5795
2013.5753 15.9280
2013.5781 18.2764
2013.5808 17.0146
2013.5836 19.9125
2013.5863 24.2401
2013.5890 24.6074
2013.5918 22.2745
2013.5945 28.6513
2013.5973 18.0478
2013.6000 16.4742
2013.6027 16.1904
2013.6055 18.8664
2013.6082 13.4823
2013.6110 15.0180
2013.6137 13.0837
2013.6164 17.7093
2013.6192 21.5649
2013.6219 23.9405
2013.6247 25.5761
2013.6274 22.9317
2013.6301 23.9873
2013.6329 25.7931
2013.6356 26.0989
2013.6384 26.1649
2013.6411 27.1010
2013.6438 29.9473
2013.6466 14.0938
2013.6493 26.6605
2013.6521 28.2675
2013.6548 26.4547
2013.6575 22.7122
2013.6603 22.3700
2013.6630 22.3182
2013.6658 22.4370
2013.6685 29.3179
2013.6712 22.0510
2013.6740 14.8863
2013.6767 25.4934
2013.6795 7.1624
2013.6822 22.3630
2013.6849 17.2151
2013.6877 12.6085
2013.6904 13.8131
2013.6932 16.5988
2013.6959 13.7853
2013.6986 12.2225
2013.7014 12.2703
2013.7041 19.8286
2013.7068 14.0471
2013.7096 22.3457
2013.7123 4.0843
2013.7151 19.6827
2013.7178 22.1207
2013.7205 22.0083
2013.7233 22.2953
2013.7260 19.6014
2013.7288 21.2766
2013.7315 11.7308
2013.7342 10.8436
2013.7370 10.0451
2013.7397 12.5150
2013.7452 21.0496
2013.7479 31.6240
2013.7507 13.0071
2013.7534 12.5800
2013.7562 8.7925
2013.7616 17.4066
2013.7644 10.6882
2013.7671 13.8895
2013.7699 14.4905
2013.7726 17.4613
2013.7753 20.6718
2013.7781 23.6020
2013.7808 19.5920
2013.7836 23.3418
2013.7863 20.3913
2013.7890 20.6906
2013.7918 21.3197
2013.7945 18.5486
2013.7973 22.2172
2013.8000 21.2557
2013.8027 20.7940
2013.8055 21.0921
2013.8082 27.1501
2013.8110 27.6579
2013.8137 17.6755
2013.8164 20.3030
2013.8192 17.2803
2013.8219 23.2276
2013.8247 31.5647
2013.8274 37.1417
2013.8301 18.5986
2013.8329 27.6254
2013.8356 20.1025
2013.8384 24.8398
2013.8411 23.7873
2013.8438 23.2449
2013.8466 21.4625
2013.8493 18.0802
2013.8521 19.4378
2013.8548 18.9853
2013.8575 23.5826
2013.8603 18.7396
2013.8630 20.7164
2013.8658 28.2428
2013.8685 18.7089
2013.8712 16.0244
2013.8740 16.8995
2013.8767 19.2040
2013.8795 17.3578
2013.8822 18.7510
2013.8849 15.7234
2013.8877 23.7450
2013.8904 10.1657
2013.8932 27.5656
2013.8959 26.6744
2013.8986 15.6622
2013.9014 19.8090
2013.9041 12.4645
2013.9068 12.4689
2013.9096 13.9320
2013.9123 14.0438
2013.9151 14.2442
2013.9178 12.3534
2013.9205 11.7915
2013.9233 13.5486
2013.9260 13.5848
2013.9288 14.1901
2013.9315 11.6346
2013.9342 14.7784
2013.9370 15.5015
2013.9397 10.5539
2013.9425 17.5558
2013.9452 15.3572
2013.9479 14.5281
2013.9507 11.2386
2013.9534 16.4688
2013.9562 15.4588
2013.9589 8.5385
2013.9616 11.9181
2013.9644 11.7276
2013.9671 13.1671
2013.9699 16.4366
2013.9726 15.1762
2013.9753 15.5260
2014.0137 12.5166
2014.0164 14.0288
2014.0192 11.5809
2014.0219 14.3828
2014.0247 13.5048
2014.0274 15.4069
2014.0301 16.7590
2014.0329 31.0114
2014.0356 24.1741
2014.0384 18.3571
2014.0411 14.2005
2014.0438 12.5044
2014.0466 15.3989
2014.0493 17.3740
2014.0521 12.7397
2014.0548 20.7663
2014.0575 14.0737
2014.0603 12.2419
2014.0630 17.9112
2014.0658 18.2215
2014.0685 13.6129
2014.0712 14.5255
2014.0740 14.7794
2014.0767 20.3746
2014.0795 14.4612
2014.0822 16.3691
2014.0849 18.0478
2014.0877 20.5372
2014.0904 19.6672
2014.0932 16.8377
2014.0959 18.7389
2014.0986 15.1305
2014.1014 14.2126
2014.1041 19.0552
2014.1068 14.6182
2014.1096 15.5116
2014.1123 17.1954
2014.1151 18.8395
2014.1178 25.7038
2014.1205 26.4185
2014.1233 18.6834
2014.1288 20.8937
2014.1315 17.5891
2014.1342 16.6745
2014.1370 16.3301
2014.1397 18.3257
2014.1425 17.2213
2014.1452 14.4468
2014.1479 34.2123
2014.1507 21.8178
2014.1562 20.4682
2014.1589 28.6032
2014.1616 18.9979
2014.1644 19.3024
2014.1671 22.2267
2014.1699 30.2108
2014.1726 27.2347
2014.1753 29.3886
2014.1781 20.8823
2014.1808 17.3959
2014.1836 17.8895
2014.1863 18.1032
2014.1890 18.9168
2014.1918 16.8205
2014.1945 14.3842
2014.1973 17.0881
2014.2000 14.3221
2014.2027 11.8363
2014.2055 12.6807
2014.2082 14.4153
2014.2110 22.1902
2014.2137 16.4554
2014.2164 16.9609
2014.2192 13.7667
2014.2219 19.2930
2014.2247 18.8896
2014.2274 15.5567
2014.2301 20.3443
2014.2329 17.2123
2014.2356 16.2609
2014.2384 19.4101
2014.2411 18.7898
2014.2438 25.5402
2014.2466 28.7613
2014.2493 19.2638
2014.2521 26.9676
2014.2548 19.1628
2014.2575 31.3592
2014.2603 22.2468
2014.2630 28.1253
2014.2658 30.6749
2014.2712 35.6866
2014.2740 25.2886
2014.2767 18.0113
2014.2795 23.2845
2014.2822 25.2382
2014.2849 21.7323
2014.2877 19.6267
2014.2904 22.0713
2014.2932 22.4161
2014.2959 24.8109
2014.2986 34.4458
2014.3014 20.6105
2014.3041 16.9651
2014.3068 18.0693
2014.3096 29.7633
2014.3260 37.3152
2014.3288 34.2444
2014.3315 31.4230
2014.3370 27.1798
2014.3397 15.6479
2014.3425 14.5359
2014.3452 13.5637
2014.3479 28.1514
2014.3507 21.9891
2014.3534 14.5466
2014.3562 18.5341
2014.3589 20.8115
2014.3616 19.7088
2014.3644 17.5361
2014.3671 20.5334
2014.3699 24.5607
2014.3726 17.4880
2014.3753 21.5854
2014.3781 40.5027
2014.3808 35.4902
2014.3836 32.1777
2014.3863 31.7252
2014.3890 27.6029
2014.3918 26.4706
2014.3945 28.8585
2014.3973 25.7865
2014.4000 22.4047
2014.4055 28.1516
2014.4082 18.6603
2014.4110 18.8392
2014.4137 17.6083
2014.4164 19.7679
2014.4192 18.4178
2014.4219 18.6082
2014.4247 17.6889
2014.4274 18.4700
2014.4301 14.1314
2014.4329 14.0932
2014.4356 14.4252
2014.4384 12.8376
2014.4411 12.4003
2014.4438 14.8932
2014.4466 14.7164
2014.4493 16.8799
2014.4521 24.4335
2014.4548 19.5374
2014.4575 27.9615
2014.4603 30.7858
2014.4630 39.2402
2014.4658 22.5648
2014.4685 26.3695
2014.4712 22.2444
2014.4740 22.0293
2014.4767 21.1344
2014.4795 21.1395
2014.4822 18.6647
2014.4849 24.3499
2014.4877 25.3352
2014.4904 23.1505
2014.4932 19.8258
2014.4959 20.6510
2014.4986 21.6876
2014.5014 22.9764
2014.5041 17.2275
2014.5068 15.6905
2014.5096 23.3153
2014.5123 21.7117
2014.5151 22.8696
2014.5178 30.7187
2014.5205 25.2588
2014.5233 31.6898
2014.5260 20.8615
2014.5342 37.3887
2014.5370 17.4811
2014.5397 17.7234
2014.5425 15.8951
2014.5452 19.6463
2014.5507 15.5158
2014.5534 15.2339
2014.5562 16.7706
2014.5589 19.7257
2014.5616 18.4291
2014.5644 17.7504
2014.5671 20.6097
2014.5699 23.0166
2014.5726 22.9710
2014.5753 23.6727
2014.5781 25.5715
2014.5808 22.3272
2014.5836 23.2710
2014.5863 29.7541
2014.5890 29.7765
2014.5918 28.8583
2014.5945 29.8094
2014.5973 28.5900
2014.6000 31.6500
2014.6027 32.6495
2014.6055 31.0185
2014.6082 29.1670
2014.6110 26.9051
2014.6137 27.9228
2014.6164 26.8901
2014.6192 26.1670
2014.6219 29.1037
2014.6247 29.1100
2014.6274 29.9361
2014.6301 34.6419
2014.6329 32.0676
2014.6356 28.4231
2014.6384 28.9084
2014.6411 28.9636
2014.6438 23.5888
2014.6466 18.9339
2014.6493 20.6990
2014.6521 15.5940
2014.6548 14.4391
2014.6575 18.5643
2014.6603 16.6196
2014.6630 20.6150
2014.6658 19.8905
2014.6685 19.8857
2014.6712 18.1405
2014.6740 17.6951
2014.6767 15.1694
2014.6795 23.4234
2014.6822 32.9772
2014.6849 15.5509
2014.6877 17.7043
2014.6904 13.7376
2014.6932 16.2208
2014.6959 15.0538
2014.6986 13.1668
2014.7014 13.9598
2014.7041 14.6627
2014.7068 15.7256
2014.7096 20.4186
2014.7123 19.4216
2014.7151 19.5747
2014.7178 16.4479
2014.7205 20.1812
2014.7233 13.7747
2014.7260 19.1184
2014.7288 12.9623
2014.7315 14.7364
2014.7342 15.4307
2014.7370 17.1854
2014.7397 15.7203
2014.7425 14.2956
2014.7452 14.2512
2014.7479 18.4872
2014.7644 17.3594
2014.7671 26.7267
2014.7699 22.9861
2014.7726 24.8074
2014.7753 25.6804
2014.8603 17.7057
2014.8630 16.8716
2014.8658 21.6970
2014.8685 16.5120
2014.8712 13.7366
2014.8740 15.3908
2014.8767 15.4446
2014.8795 15.5980
2014.8822 14.2111
2014.8849 15.1738
2014.8877 17.0262
2014.8904 15.6983
2014.8932 12.0200
2014.8959 16.1115
2014.9014 9.6638
2014.9041 19.3645
2014.9068 17.7851
2014.9096 19.1055
2014.9123 17.3456
2014.9178 22.9352
2014.9205 17.7040
2014.9233 16.1622
2014.9260 17.2197
2014.9288 16.7067
2014.9342 23.0794
2014.9370 22.0153
2014.9397 14.0608
2014.9425 22.0261
2014.9452 25.1113
2014.9479 14.6364
2014.9507 20.8515
2014.9534 26.6466
2014.9562 20.4519
2014.9589 15.1173
2014.9616 22.9830
2014.9644 20.8490
2014.9671 22.2753
2014.9699 20.5321
2014.9726 23.5494
2014.9753 17.3173
2014.9781 21.9458
2014.9808 20.8350
2014.9863 16.8258
2014.9890 19.5675
2014.9918 15.8501
2014.9945 15.6438
2014.9973 16.7786
2015.0000 13.7845
2015.0027 18.2313
2015.0055 16.9087
2015.0082 21.0666
2015.0110 19.6849
2015.0137 15.7738
2015.0164 9.4630
2015.0192 13.8127
2015.0219 20.3127
2015.0247 16.9430
2015.0274 17.1037
2015.0301 13.7546
2015.0329 16.1957
2015.0356 16.2170
2015.0384 14.6685
2015.0411 15.7501
2015.0438 16.9818
2015.0466 18.0835
2015.0493 30.5653
2015.0521 19.7871
2015.0548 32.0289
2015.0575 13.9805
2015.0603 22.2521
2015.0630 23.7236
2015.0658 24.4848
2015.0685 32.7459
2015.0740 34.8873
2015.0767 41.0476
2015.0795 20.2676
2015.0822 27.9969
2015.0849 22.4844
2015.0877 23.2000
2015.0904 27.7539
2015.0932 23.7763
2015.0986 39.9176
2015.1014 25.2569
2015.1041 18.6755
2015.1068 21.1737
2015.1096 21.5017
2015.1123 26.0497
2015.1151 21.7078
2015.1178 20.9264
2015.1205 32.4656
2015.1233 30.1856
2015.1260 44.3867
2015.1288 28.0490
2015.1315 30.2028
2015.1342 21.8182
2015.1370 23.0455
2015.1397 22.9149
2015.1425 23.8965
2015.1452 24.2407
2015.1479 28.1876
2015.1507 22.1073
2015.1534 23.3503
2015.1562 24.7165
2015.1589 19.8263
2015.1616 22.4498
2015.1644 22.1756
2015.1671 19.8719
2015.1699 20.1787
2015.1726 19.2261
2015.1753 15.0739
2015.1781 20.1122
2015.1808 25.5810
2015.1836 22.4101
2015.1863 22.6595
2015.1890 21.6893
2015.1918 31.4594
2015.1945 36.6698
2015.1973 27.9404
2015.2000 23.4512
2015.2027 23.4221
2015.2055 25.3433
2015.2082 25.3145
2015.2110 21.2358
2015.2137 23.5672
2015.2164 24.1686
2015.2192 22.0900
2015.2247 40.3627
2015.2274 34.6439
2015.2301 25.8949
2015.2329 22.6358
2015.2356 18.4965
2015.2384 24.8770
2015.2411 22.0973
2015.2438 23.6573
2015.2466 14.1770
2015.2493 18.3469
2015.2521 21.3970
2015.2548 23.7672
2015.2575 23.3376
2015.2603 18.4681
2015.2630 24.9487
2015.2658 23.1094
2015.2685 36.8202
2015.2712 21.3409
2015.2740 27.3717
2015.2767 34.2224
2015.2795 20.0231
2015.2822 18.7437
2015.2849 27.1243
2015.2877 21.7847
2015.2904 20.1849
2015.2932 25.3050
2015.2959 21.0649
2015.2986 21.3345
2015.3014 22.6740
2015.3041 21.0131
2015.3068 20.2220
2015.3096 22.5305
2015.3123 23.2087
2015.3151 19.7966
2015.3205 36.4511
2015.3233 43.6176
2015.3260 40.1538
2015.3288 36.1394
2015.3315 30.6030
2015.3342 26.3928
2015.3370 27.8193
2015.3397 26.5625
2015.3425 25.2326
2015.3452 18.7199
2015.3479 16.2446
2015.3507 16.6967
2015.3534 27.1467
2015.3562 26.3546
2015.3589 28.6406
2015.3616 19.4850
2015.3644 25.8879
2015.3671 20.8496
2015.3699 23.0802
2015.3726 20.7299
2015.3753 21.1690
2015.3781 26.6377
2015.3808 22.6560
2015.3836 27.8644
2015.3863 32.5428
2015.3890 31.9716
2015.3918 21.1510
2015.3945 18.2811
2015.3973 19.7121
2015.4000 21.3443
2015.4027 39.9678
2015.4055 30.5028
2015.4082 25.6696
2015.4110 24.4183
2015.4137 22.4888
2015.4164 22.8996
2015.4192 16.3304
2015.4219 17.3013
2015.4247 17.8021
2015.4274 28.5330
2015.4301 29.1838
2015.4329 34.2847
2015.4356 30.2256
2015.4384 28.1465
2015.4411 33.6674
2015.4438 29.2483
2015.4466 28.2692
2015.4493 26.3402
2015.4521 29.3612
2015.4548 27.4621
2015.4575 34.3032
2015.4603 33.6742
2015.4630 33.2053
2015.4658 29.9863
2015.4685 26.9274
2015.4712 29.2686
2015.4740 31.8397
2015.4767 41.6009
2015.4795 23.7521
2015.4822 33.3134
2015.4849 38.0446
2015.4877 29.9959
2015.4904 33.5673
2015.4932 31.6986
2015.4959 29.7900
2015.4986 30.1015
2015.5014 27.8831
2015.5041 23.0347
2015.5068 25.4565
2015.5096 26.3784
2015.5123 27.3004
2015.5151 37.1325
2015.5178 31.3847
2015.5205 30.9170
2015.5233 28.1095
2015.5260 32.6721
2015.5288 29.7248
2015.5315 33.5476
2015.5342 30.4306
2015.5370 28.9637
2015.5397 23.9969
2015.5425 22.0503
2015.5452 24.1538
2015.5479 22.9375
2015.5507 22.9413
2015.5534 26.4453
2015.5562 28.0194
2015.5589 26.7836
2015.5616 26.4081
2015.5644 27.7627
2015.5671 27.0574
2015.5699 24.2023
2015.5726 19.9574
2015.5753 22.1426
2015.5781 21.3181
2015.5808 23.9137
2015.5836 31.8605
2015.5863 38.8496
2015.5890 19.6109
2015.5918 32.8640
2015.5945 28.8190
2015.5973 30.8857
2015.6000 29.4740
2015.6027 29.0836
2015.6055 27.9545
2015.7589 18.8389
2015.7616 21.4630
2015.7644 29.8285
2015.7671 21.6154
2015.7699 23.3534
2015.7726 33.3225
2015.7753 26.9024
2015.7781 18.1630
2015.7808 16.3443
2015.7836 16.2760
2015.7863 26.2579
2015.7890 31.5601
2015.7918 26.8422
2015.7945 15.5341
2015.7973 14.7758
2015.8000 21.7470
2015.8027 22.4077
2015.8055 18.5676
2015.8082 23.4266
2015.8110 31.1446
2015.8137 37.1714
2015.8164 32.5469
2015.8192 24.9010
2015.8219 26.6634
2015.8247 22.1740
2015.8274 20.3928
2015.8301 23.6895
2015.8329 23.1043
2015.8356 31.2686
2015.8384 31.7229
2015.8411 30.5870
2015.8438 38.4109
2015.8466 43.5147
2015.8493 22.2782
2015.8521 23.3715
2015.8548 21.3846
2015.8575 21.5275
2015.8603 27.2500
2015.8630 23.3223
2015.8658 20.1943
2015.8685 21.8760
2015.8712 21.7673
2015.8740 15.6683
2015.8767 18.0289
2015.8795 19.6591
2015.8822 25.2089
2015.8849 23.1883
2015.8877 35.0173
2015.8904 25.7558
2015.8932 31.3238
2015.8959 29.5914
2015.8986 23.3784
2015.9014 24.6349
2015.9041 23.9909
2015.9068 16.9864
2015.9096 26.0412
2015.9123 32.6955
2015.9151 23.1892
2015.9178 27.8125
2015.9205 30.6857
2015.9233 27.4188
2015.9260 19.6519
2015.9288 32.4848
2015.9315 24.3377
2015.9342 19.8406
2015.9370 23.7033
2015.9397 23.4861
2015.9425 24.1388
2015.9452 15.4914
2015.9479 17.6641
2015.9507 19.4867
2015.9534 17.9693
2015.9562 17.2719
2015.9589 22.7445
2015.9616 17.8271
2015.9644 23.1797
2015.9671 21.4724
2015.9699 19.6651
2015.9726 18.0978
2015.9753 18.0905
2015.9781 14.4634
2015.9808 18.3762
2015.9836 21.7992
2015.9863 19.9122
2015.9890 19.4153
2015.9918 22.5985
2015.9945 23.1617
2015.9973 19.1751
2016.0000 16.2086
2016.0027 10.3322
2016.0055 24.4458
2016.0082 17.8095
2016.0109 19.3631
2016.0137 21.8969
2016.0164 19.3106
2016.0191 18.9044
2016.0219 16.7783
2016.0246 20.7421
2016.0273 18.5160
2016.0301 17.7899
2016.0328 19.9039
2016.0355 21.4479
2016.0383 17.2119
2016.0410 21.3460
2016.0437 19.0400
2016.0464 18.9441
2016.0492 17.3582
2016.0519 18.4124
2016.0546 20.9966
2016.0574 21.3608
2016.0601 19.6950
2016.0628 15.8792
2016.0656 17.3135
2016.0683 28.6778
2016.0710 20.0621
2016.0738 18.0564
2016.0765 22.8708
2016.0792 25.7851
2016.0820 17.5795
2016.0847 22.1840
2016.0874 23.3587
2016.0902 36.2436
2016.0929 22.7187
2016.0956 41.3640
2016.0984 25.5895
2016.1011 41.2453
2016.1038 21.0114
2016.1066 27.0878
2016.1093 20.0345
2016.1120 22.1315
2016.1148 26.1789
2016.1175 18.0567
2016.1202 18.3748
2016.1230 23.9734
2016.1257 24.8024
2016.1284 21.7518
2016.1311 20.8418
2016.1339 33.6322
2016.1366 30.4131
2016.1393 24.9946
2016.1421 28.9966
2016.1448 23.5791
2016.1475 25.1223
2016.1503 26.1560
2016.1530 21.9504
2016.1557 40.4254
2016.1585 27.8711
2016.1612 35.9374
2016.1639 32.1946
2016.1667 22.2130
2016.1694 33.0024
2016.1721 22.8228
2016.1749 25.5642
2016.1776 29.2864
2016.1803 28.5794
2016.1831 27.0031
2016.1858 44.9375
2016.1885 28.3325
2016.1913 30.6780
2016.1940 29.9140
2016.1967 32.4203
2016.1995 27.7770
2016.2022 23.2239
2016.2049 28.3710
2016.2077 26.4682
2016.2104 16.5355
2016.2131 26.2327
2016.2158 29.2699
2016.2186 29.8969
2016.2213 23.0836
2016.2240 29.5401
2016.2268 42.9062
2016.2295 25.1019
2016.2322 30.2870
2016.2377 42.9956
2016.2404 38.5589
2016.2432 30.0514
2016.2459 20.0730
2016.2486 18.3741
2016.2514 23.3046
2016.2541 18.9547
2016.2568 17.2344
2016.2596 42.7437
2016.2623 34.2227
2016.2650 24.9014
2016.2678 28.7298
2016.2705 37.7481
2016.2732 30.1261
2016.2760 31.0840
2016.2787 38.0117
2016.2814 31.0995
2016.2842 24.8672
2016.2869 25.8149
2016.2896 30.1426
2016.2923 27.9704
2016.2951 27.2784
2016.2978 27.8065
2016.3005 26.1549
2016.3033 23.8134
2016.3060 22.0823
2016.3087 24.8215
2016.3115 25.3410
2016.3142 37.3709
2016.3169 31.0713
2016.3197 26.7122
2016.3224 19.7135
2016.3251 41.3654
2016.3279 28.3479
2016.3306 22.9010
2016.3333 30.5048
2016.3361 29.9692
2016.3388 23.6742
2016.3415 26.5698
2016.3443 22.0159
2016.3470 28.8527
2016.3497 30.0900
2016.3525 22.3478
2016.3552 24.7561
2016.3579 23.7649
2016.3607 25.5742
2016.3634 16.3840
2016.3661 23.9242
2016.3689 26.7949
2016.3716 33.5560
2016.3743 25.5174
2016.3770 26.0193
2016.3798 28.7415
2016.3825 32.2441
2016.3852 38.5670
2016.3880 32.3303
2016.3907 31.1238
2016.3934 36.0377
2016.3962 27.3918
2016.4016 23.2108
2016.4044 22.8156
2016.4071 25.2207
2016.4098 21.9759
2016.4126 39.3213
2016.4153 28.6474
2016.4180 25.9843
2016.4208 24.7722
2016.4235 23.0108
2016.4262 22.1401
2016.4290 22.0502
2016.4317 19.9308
2016.4344 27.9019
2016.4372 26.0736
2016.4399 37.1456
2016.4426 25.1080
2016.4454 17.0807
2016.4481 26.2537
2016.4508 22.1068
2016.4536 22.9300
2016.4563 27.1132
2016.4590 25.1664
2016.4617 44.5595
2016.4645 27.4225
2016.4672 19.6253
2016.4699 24.1778
2016.4727 9.9099
2016.4754 29.9217
2016.4781 23.5630
2016.4809 30.1837
2016.4836 23.7739
2016.4863 28.6135
2016.4891 28.2323
2016.4918 20.6203
2016.4945 22.1075
2016.4973 25.2439
2016.5000 44.2994
2016.5027 37.0542
2016.5055 33.4082
2016.5082 34.4116
2016.5109 30.7843
2016.5137 29.4064
2016.5164 30.9879
2016.5191 31.4588
2016.5219 23.1792
2016.5246 25.5490
2016.5273 28.8884
2016.5301 31.1473
2016.5328 30.1958
2016.5355 23.4339
2016.5383 17.5217
2016.5410 24.8991
2016.5492 41.8697
2016.5519 39.9261
2016.5546 36.2823
2016.5574 27.7683
2016.5601 25.8143
2016.5628 24.7801
2016.5656 25.0659
2016.5683 33.7017
2016.5710 32.0974
2016.5738 27.0632
2016.5765 25.0491
2016.5792 32.6350
2016.5820 51.8608
2016.5847 25.5740
2016.5874 22.0143
2016.5902 25.3020
2016.5929 23.4672
2016.5956 34.2702
2016.5984 42.3412
2016.6011 31.7205
2016.6038 28.4581
2016.6066 28.6345
2016.6093 26.9297
2016.6120 27.2940
2016.6148 21.9976
2016.6175 19.4707
2016.6202 14.7236
2016.6230 18.9365
2016.6257 25.1795
2016.6284 18.9430
2016.6311 9.2671
2016.6339 23.5520
2016.6366 23.3080
2016.6393 20.3253
2016.6421 22.1141
2016.6448 11.7746
2016.6475 11.3171
2016.6503 16.6117
2016.6530 23.9087
2016.6557 32.0283
2016.6585 22.9508
2016.6612 28.9962
2016.6639 20.9150
2016.6667 22.4285
2016.6694 43.9094
2016.6749 33.0611
2016.6776 19.9311
2016.6803 27.2065
2016.6831 22.5069
2016.6858 42.9918
2016.6885 44.9108
2016.6913 52.0434
2016.6967 48.4574
2016.6995 33.0379
2016.7049 53.5337
2016.7131 35.3371
2016.7186 49.7238
2016.7213 51.1751
2016.7268 46.8612
2016.7295 38.4951
2016.7322 40.0056
2016.7350 19.3122
2016.7377 18.8745
2016.7404 28.8920
2016.7459 38.7207
2016.7514 37.9299
2016.7541 20.9983
2016.7678 30.8441
2016.7705 22.3996
2016.7732 22.6244
2016.7760 22.0284
2016.7787 20.1516
2016.7814 21.7939
2016.7842 21.6853
2016.7869 20.2656
2016.7896 19.3048
2016.7923 19.6029
2016.7951 28.4998
2016.7978 23.3455
2016.8005 29.1098
2016.8033 26.3927
2016.8060 23.5841
2016.8087 28.1841
2016.8115 50.1424
2016.8142 52.2491
2016.8169 29.0341
2016.8197 21.3374
2016.8224 15.5488
2016.8251 26.3083
2016.8279 39.0158
2016.8306 23.8913
2016.8333 23.7552
2016.8361 21.3288
2016.8388 24.6522
2016.8415 22.9253
2016.8443 22.8481
2016.8470 23.0706
2016.8497 21.5428
2016.8525 17.4645
2016.8552 13.6659
2016.8579 17.1469
2016.8607 18.3773
2016.8634 22.0573
2016.8661 19.2267
2016.8689 16.1056
2016.8716 19.5738
2016.8743 19.1515
2016.8770 17.0184
2016.8798 19.6447
2016.8880 21.6391
2016.8907 21.9723
2016.8934 44.0847
2016.8962 17.6162
2016.8989 21.5468
2016.9016 18.7564
2016.9044 22.5451
2016.9071 18.2427
2016.9098 18.4294
2016.9126 23.0549
2016.9153 22.1794
2016.9180 18.0034
2016.9208 15.6774
2016.9235 25.3014
2016.9262 25.4954
2016.9290 19.3594
2016.9317 18.6433
2016.9344 17.4372
2016.9372 17.5111
2016.9399 16.7149
2016.9426 13.3386
2016.9454 19.2823
2016.9481 19.6960
2016.9508 18.5095
2016.9536 21.2830
2016.9563 20.6864
2016.9590 21.5996
2016.9617 18.8028
2016.9645 13.8859
2016.9727 19.3544
2016.9754 17.2969
2016.9781 15.4093
2016.9809 16.0816
2016.9836 20.8137
2016.9863 17.7356
2016.9891 16.9574
2016.9918 16.2190
2016.9945 19.1104
2016.9973 19.1616
2017.0000 20.4726
2017.0027 16.6034
2017.0055 15.7942
2017.0082 17.8450
2017.0110 17.9358
2017.0137 17.1965
2017.0164 18.7972
2017.0192 17.4178
2017.0219 20.5185
2017.0247 20.8791
2017.0274 18.9697
2017.0301 17.9703
2017.0329 17.7209
2017.0356 20.5214
2017.0384 19.5419
2017.0411 14.5224
2017.0438 15.4529
2017.0466 16.9534
2017.0493 17.9539
2017.0521 22.7144
2017.0548 21.6348
2017.0575 22.3353
2017.0603 22.4757
2017.0630 22.6662
2017.0658 21.5566
2017.0685 28.1070
2017.0712 26.1174
2017.0740 25.1479
2017.0767 22.0083
2017.0795 23.4187
2017.0822 27.7091
2017.0849 22.9591
2017.0877 24.5387
2017.0904 23.9479
2017.0932 20.6368
2017.0959 20.3254
2017.0986 21.4038
2017.1014 19.8618
2017.1041 19.4897
2017.1068 29.0375
2017.1096 27.0851
2017.1123 25.6326
2017.1151 28.9401
2017.1178 24.8975
2017.1205 26.1549
2017.1233 29.2924
2017.1260 23.6099
2017.1288 22.9775
2017.1315 23.1153
2017.1342 23.2232
2017.1370 23.7114
2017.1397 23.9398
2017.1425 23.5685
2017.1452 24.4674
2017.1479 28.3667
2017.1507 21.5464
2017.1534 22.7065
2017.1562 20.9271
2017.1589 23.3681
2017.1616 22.4596
2017.1644 17.2039
2017.1671 18.0328
2017.1699 23.1761
2017.1726 20.1336
2017.1753 17.9348
2017.1781 20.3795
2017.1808 26.0175
2017.1836 20.6185
2017.1863 23.7521
2017.1890 21.6782
2017.1918 26.6763
2017.1945 24.4263
2017.1973 23.7979
2017.2000 24.0707
2017.2027 28.6445
2017.2055 35.5690
2017.2082 26.7039
2017.2110 25.2190
2017.2137 32.4339
2017.2164 23.7284
2017.2192 18.7622
2017.2219 23.5150
2017.2247 20.9165
2017.2274 28.0565
2017.2301 27.1547
2017.2329 26.6707
2017.2356 29.8643
2017.2384 26.6553
2017.2411 21.8832
2017.2438 23.8279
2017.2466 23.2194
2017.2493 25.9689
2017.2521 20.5067
2017.2548 23.1932
2017.2575 20.0882
2017.2603 22.4521
2017.2630 22.9349
2017.2658 29.0067
2017.2685 24.2678
2017.2712 23.3081
2017.2740 29.6879
2017.2767 27.2474
2017.2795 27.4565
2017.2822 30.8854
2017.2849 25.0744
2017.2877 31.5835
2017.2904 30.0728
2017.2932 31.7725
2017.2959 24.6327
2017.2986 28.3235
2017.3014 21.9451
2017.3041 24.0677
2017.3068 29.6812
2017.3096 30.1259
2017.3123 28.4620
2017.3151 28.7194
2017.3178 25.9085
2017.3205 26.1992
2017.3233 24.3918
2017.3260 24.5563
2017.3288 21.0029
2017.3315 28.6713
2017.3342 29.7409
2017.3370 25.1516
2017.3397 33.2834
2017.3425 29.1561
2017.3452 35.7197
2017.3479 49.2941
2017.3507 38.3392
2017.3534 35.6849
2017.3562 36.1512
2017.3589 33.1178
2017.3616 30.4249
2017.3644 46.1921
2017.3671 41.2196
2017.3973 25.3374
2017.4000 22.8500
2017.4027 26.8316
2017.4055 37.1321
2017.4082 28.8415
2017.4110 27.4397
2017.4137 27.4266
2017.4164 46.6629
2017.4192 47.8288
2017.4219 47.9642
2017.4247 52.4393
2017.4274 54.8839
2017.4301 53.2183
2017.4329 52.1924
2017.4356 48.2663
2017.4384 42.1100
2017.4411 38.4835
2017.4438 28.1870
2017.4466 24.2704
2017.4493 21.1837
2017.4521 22.2471
2017.4548 28.4205
2017.4575 31.0641
2017.4603 25.3278
2017.4630 24.5516
2017.4658 32.6757
2017.4685 27.6301
2017.4712 21.6948
2017.4740 25.0998
2017.4767 32.7852
2017.4795 33.8110
2017.4822 31.0773
2017.4849 31.7741
2017.4877 26.3315
2017.4904 26.1994
2017.4932 30.0080
2017.4959 27.4473
2017.4986 26.0069
2017.5014 25.7866
2017.5041 25.7163
2017.5068 32.5061
2017.5096 57.8759
2017.5123 51.5158
2017.5151 49.5657
2017.5178 47.7356
2017.5205 51.3156
2017.5233 50.6155
2017.5260 49.7555
2017.5288 29.9656
2017.5315 32.4956
2017.5342 32.9756
2017.5370 32.5257
2017.5397 38.3258
2017.5425 41.6558
2017.5452 33.6959
2017.5479 31.9260
2017.5507 31.3360
2017.5534 33.4561
2017.5562 32.6461
2017.5589 30.5462
2017.5616 30.8262
2017.5644 33.3662
2017.5671 36.0762
2017.5699 28.9161
2017.5726 29.4860
2017.5753 34.9259
2017.5781 38.4858
2017.5808 36.4556
2017.5836 25.8153
2017.5863 28.3749
2017.5890 25.8144
2017.5918 23.3539
2017.5945 28.2532
2017.5973 27.0925
2017.6000 20.5716
2017.6027 25.0108
2017.6055 33.9398
2017.6082 31.3989
2017.6110 34.4679
2017.6137 49.4068
2017.6164 41.6758
2017.6192 39.7047
2017.6219 31.6537
2017.6247 30.2726
2017.6274 27.6716
2017.6301 28.6606
2017.6329 27.6897
2017.6356 27.7087
2017.6384 31.8679
2017.6411 31.1771
2017.6438 30.2164
2017.6466 30.3857
2017.6493 34.3651
2017.6521 39.8647
2017.6548 31.7643
2017.6575 31.1441
2017.6603 41.7640
2017.6630 33.4440
2017.6658 25.7944
2017.6685 35.8869
2017.6712 37.6815
2017.6740 31.5283
2017.8082 37.7845
2017.8110 39.9152
2017.8137 37.6751
2017.8164 37.8843
2017.8192 39.4629
2017.8219 35.7706
2017.8247 37.3376
2017.8274 44.2238
2017.8301 33.9592
2017.8329 34.6438
2017.8356 33.0778
2017.8384 31.4914
2017.8411 31.2744
2017.8438 36.2870
2017.8466 29.9490
2017.8493 41.0906
2017.8521 33.3718
2017.8548 55.7625
2017.8575 32.1027
2017.8603 35.3026
2017.8630 29.3120
2017.8658 29.9709
2017.8685 31.9995
2017.8712 29.8077
2017.8740 33.2455
2017.8767 30.3430
2017.8795 31.7300
2017.8822 25.6267
2017.8849 25.7431
2017.8877 25.0491
2017.8904 28.6048
2017.8932 28.5002
2017.8959 27.0252
2017.8986 29.6100
2017.9014 25.0344
2017.9041 27.8586
2017.9068 32.0125
2017.9096 24.2461
2017.9123 24.7895
2017.9151 35.6826
2017.9178 28.0655
2017.9205 29.0184
2017.9233 31.8013
2017.9260 28.1340
2017.9288 26.5866
2017.9315 27.9191
2017.9342 28.6314
2017.9370 27.9336
2017.9397 25.7757
2017.9425 28.0475
2017.9452 26.6292
2017.9479 25.3607
2017.9507 24.4020
2017.9534 29.4731
2017.9562 26.8939
2017.9589 30.3545
2017.9616 27.1648
2017.9644 24.3448
2017.9671 31.7346
2017.9699 27.3340
2017.9726 27.8131
2017.9753 28.5520
2017.9781 28.9704
2017.9808 26.2785
2017.9836 24.3063
2017.9863 24.1737
2017.9890 25.4407
2017.9918 27.6373
2017.9945 28.7234
2017.9973 26.2892
2018.0000 28.3845
2018.0027 26.2492
2018.0055 27.2433
2018.0082 23.7768
2018.0110 24.5997
2018.0137 26.1921
2018.0164 25.5340
2018.0192 29.1754
2018.0219 25.1764
2018.0247 28.1171
2018.0274 28.1474
2018.0301 27.7675
2018.0329 28.6973
2018.0356 30.9670
2018.0384 28.6165
2018.0411 27.5458
2018.0438 25.7451
2018.0466 30.5044
2018.0493 34.6937
2018.0521 34.7131
2018.0548 33.6825
2018.0575 33.8921
2018.0603 40.0019
2018.0630 45.5619
2018.0658 34.1622
2018.0685 31.2428
2018.0712 34.6237
2018.0740 33.4050
2018.0767 31.1468
2018.0795 31.4590
2018.0822 33.2316
2018.0849 34.8536
2018.0877 27.2549
2018.0904 31.3457
2018.0932 33.9461
2018.0959 27.8761
2018.0986 42.4360
2018.1014 31.5458
2018.1041 33.0557
2018.1068 28.6357
2018.1096 37.7160
2018.1123 31.6268
2018.1151 33.3780
2018.1178 35.5700
2018.1205 31.6327
2018.1233 29.1762
2018.1260 28.7008
2018.1288 26.8865
2018.1315 28.3235
2018.1342 24.3818
2018.1370 26.7116
2018.1397 33.2130
2018.1425 29.3261
2018.1452 28.7511
2018.1479 25.6680
2018.1507 29.0770
2018.1534 19.6082
2018.1562 26.3917
2018.1589 30.0577
2018.1616 30.7962
2018.1644 31.5761
2018.1671 31.4762
2018.1699 29.7966
2018.1726 28.7572
2018.1753 23.9480
2018.1781 29.1290
2018.1808 26.3201
2018.1836 38.7715
2018.1863 41.6029
2018.1890 41.1546
2018.1918 28.0063
2018.1945 27.4281
2018.1973 25.9600
2018.2000 27.8120
2018.2027 28.9141
2018.2055 28.3462
2018.2082 28.5084
2018.2110 29.0405
2018.2137 38.1227
2018.2164 36.4248
2018.2219 31.2291
2018.2247 46.2811
2018.2274 41.0231
2018.2301 23.2350
2018.2356 28.4785
2018.2384 25.6200
2018.2411 28.5515
2018.2438 29.4527
2018.2493 39.7450
2018.2521 36.7062
2018.2548 31.9673
2018.2603 28.3297
2018.2630 29.0209
2018.2658 27.5821
2018.2685 29.3933
2018.2712 28.5445
2018.2740 32.9057
2018.2767 33.9269
2018.2795 32.0180
2018.2822 39.7392
2018.2849 41.9104
2018.2877 33.7515
2018.2904 61.2326
2018.2932 58.1336
2018.2959 59.4547
2018.2986 53.4757
2018.3014 51.3067
2018.3041 56.8476
2018.3068 60.8585
2018.3096 56.8394
2018.3123 51.5502
2018.3151 57.4909
2018.3178 53.0016
2018.3205 55.6823
2018.3233 50.0629
2018.3260 56.2434
2018.3288 49.1739
2018.3315 41.9039
2018.3342 39.1031
2018.3370 36.9316
2018.3397 34.4194
2018.3425 31.7866
2018.3452 44.8331
2018.3479 43.0191
2018.3507 36.5246
2018.3534 39.2696
2018.3562 37.9542
2018.3589 37.6885
2018.3616 30.0824
2018.3644 47.7060
2018.3671 35.7695
2018.3699 33.9927
2018.3726 37.2258
2018.3753 39.6389
2018.3781 36.9719
2018.3808 37.9049
2018.3836 41.4680
2018.3863 41.0112
2018.3890 34.1945
2018.3918 34.9180
2018.3945 33.2918
2018.3973 33.7259
2018.4000 33.8303
2018.4027 43.9252
2018.4055 41.2404
2018.4082 45.4761
2018.4110 47.6824
2018.4137 45.4892
2018.4164 49.7762
2018.4192 30.2033
2018.4219 36.6605
2018.4247 35.7479
2018.4274 32.3554
2018.4301 37.4632
2018.4329 45.9611
2018.4356 58.8091
2018.4384 53.2574
2018.4411 33.9159
2018.4438 48.8547
2018.4466 32.6436
2018.4493 30.4828
2018.4521 33.3222
2018.4548 33.1020
2018.4575 24.4419
2018.4603 25.7022
2018.4630 25.0627
2018.4658 23.8636
2018.4685 24.2847
2018.4712 27.4762
2018.4740 25.5680
2018.4767 24.9801
2018.4795 25.6526
2018.4822 26.7655
2018.4849 24.4087
2018.4877 28.3123
2018.4904 29.6163
2018.4932 29.4007
2018.4959 26.0555
2018.4986 22.9411
2018.5014 24.7375
2018.5041 22.1948
2018.5068 26.1630
2018.5096 36.6519
2018.5123 32.7414
2018.5151 36.9517
2018.5178 51.5925
2018.5205 47.1738
2018.5233 44.5756
2018.5260 41.8978
2018.5288 38.8803
2018.5315 37.1731
2018.5342 39.5361
2018.5370 40.3792
2018.5397 43.0825
2018.5425 58.1458
2018.5452 59.0690
2018.5479 41.0122
2018.5507 41.9552
2018.5534 42.0081
2018.5562 47.8206
2018.5589 43.3928
2018.5616 43.6147
2018.5644 46.5961
2018.5671 57.7870
2018.5699 54.6973
2018.5726 39.7570
2018.5753 42.5960
2018.5781 42.0343
2018.5808 39.2817
2018.5836 41.9685
2018.5863 43.4549
2018.5890 45.2408
2018.5918 38.7464
2018.5945 39.5716
2018.5973 38.7764
2018.6000 35.9110
2018.6027 37.5753
2018.6055 29.3894
2018.6082 28.5334
2018.6110 24.4871
2018.6137 31.0507
2018.6164 32.5642
2018.6192 33.2477
2018.6219 26.3011
2018.6247 32.7845
2018.6274 37.1279
2018.6301 33.7215
2018.6329 32.4950
2018.6356 31.0088
2018.6384 32.4126
2018.6411 32.1467
2018.6438 28.1010
2018.6466 30.6755
2018.6493 26.1003
2018.6521 28.6555
2018.6548 27.9109
2018.6575 31.0168
2018.6603 32.4431
2018.6630 46.7498
2018.6658 48.9370
2018.6685 35.7852
2018.6712 36.4143
2018.6740 34.1743
2018.6767 37.7150
2018.6795 43.5665
2018.6904 64.4677
2018.6932 40.1416
2018.6959 52.2456
2018.6986 41.0299
2018.7014 36.1642
2018.7041 36.0786
2018.7068 33.0129
2018.7096 33.7471
2018.7123 31.3210
2018.7151 31.2947
2018.7178 33.2581
2018.7205 31.0910
2018.7233 31.4134
2018.7260 31.6052
2018.7288 32.3164
2018.7315 30.7968
2018.7342 36.5564
2018.7370 33.3651
2018.7397 34.6429
2018.7452 35.5753
2018.7479 36.6097
2018.7507 35.1534
2018.7534 33.8666
2018.7562 31.6894
2018.7589 36.5819
2018.7616 34.5440
2018.7644 34.7459
2018.7671 34.5175
2018.7699 33.4188
2018.7726 32.5399
2018.7753 33.5707
2018.7781 33.4514
2018.7808 33.3820
2018.7836 35.3924
2018.7863 32.0627
2018.7890 31.4629
2018.7918 31.6631
2018.7945 35.6533
2018.7973 36.3034
2018.8000 34.2936
2018.8027 32.6038
2018.8055 41.4341
2018.8082 39.1545
2018.8110 40.4050
2018.8137 37.1657
2018.8164 35.6465
2018.8192 43.7875
2018.8219 42.5688
2018.8247 48.9103
2018.8274 34.6021
2018.8301 41.2942
2018.8329 51.0966
2018.8356 35.6092
2018.8384 42.3219
2018.8411 58.0049
2018.8438 45.7280
2018.8466 39.0112
2018.8493 37.0846
2018.8521 35.2181
2018.8548 35.8917
2018.8575 32.9454
2018.8603 38.5492
2018.8630 36.7431
2018.8658 35.8870
2018.8685 37.3510
2018.8712 33.3050
2018.8740 33.8190
2018.8767 35.5030
2018.8795 36.2071
2018.8822 34.1611
2018.8849 35.9751
2018.8877 36.1790
2018.8904 38.5830
2018.8932 44.1568
2018.8959 36.8406
2018.8986 31.8143
2018.9014 32.8078
2018.9041 34.1113
2018.9068 34.3547
2018.9096 39.3379
2018.9123 36.5309
2018.9151 41.1239
2018.9178 36.0766
2018.9205 30.3691
2018.9233 31.8713
2018.9260 27.8332
2018.9288 37.8948
2018.9342 31.4268
2018.9370 29.8772
2018.9397 29.5670
2018.9425 29.5064
2018.9452 33.7852
2018.9479 33.5334
2018.9507 27.0110
2018.9534 29.3579
2018.9562 30.7441
2018.9589 29.9195
2018.9616 33.0242
2018.9644 36.4581
2018.9671 31.8011
2018.9699 33.6333
2018.9726 31.1245
2018.9781 32.9340
2018.9836 33.9794
2018.9863 33.3354
2018.9890 34.1404
2018.9918 33.9841
2018.9945 32.2866
2018.9973 33.8179
2019.0000 36.5579
2019.0027 35.2761
2019.0055 32.2922
2019.0082 37.0364
2019.0110 37.0187
2019.0137 37.6292
2019.0164 33.4382
2019.0192 32.9557
2019.0219 33.6519
2019.0247 28.9769
2019.0274 32.5909
2019.0301 30.6940
2019.0356 32.1278
2019.0384 29.8089
2019.0438 34.4500
2019.0466 33.2103
2019.0493 37.6806
2019.0521 36.0910
2019.0548 35.7518
2019.0575 34.9129
2019.0603 32.9846
2019.0630 39.3769
2019.0658 36.1101
2019.0685 32.9541
2019.0740 35.2256
2019.0767 34.7633
2019.0795 35.0125
2019.0822 29.4430
2019.0849 29.3835
2019.0877 34.5939
2019.0904 34.3042
2019.0932 46.6144
2019.0959 40.5147
2019.0986 43.6950
2019.1014 34.9953
2019.1041 35.4659
2019.1068 32.9966
2019.1096 41.4975
2019.1123 33.0088
2019.1151 36.5303
2019.1178 36.6223
2019.1205 38.2647
2019.1233 32.2275
2019.1260 34.3609
2019.1288 27.0249
2019.1315 28.6795
2019.1342 26.0348
2019.1370 27.0108
2019.1397 28.0475
2019.1425 29.6051
2019.1452 33.3436
2019.1479 31.0529
2019.1507 29.9033
2019.1534 30.7846
2019.1562 32.6670
2019.1589 30.2905
2019.1616 30.6652
2019.1644 30.7209
2019.1671 30.2374
2019.1699 34.5048
2019.1726 35.0229
2019.1753 33.1817
2019.1781 29.1013
2019.1808 34.9716
2019.1836 36.5326
2019.1863 34.8743
2019.1890 34.0766
2019.1918 34.9695
2019.1945 41.8630
2019.1973 51.7171
2019.2000 39.7318
2019.2027 37.9969
2019.2055 34.6626
2019.2082 31.2287
2019.2110 42.2353
2019.2137 33.3623
2019.2164 34.5797
2019.2192 38.6576
2019.2219 39.5457
2019.2247 51.6942
2019.2274 38.4931
2019.2301 42.4622
2019.2384 51.6710
2019.2411 42.5510
2019.2438 37.5013
2019.2466 44.2217
2019.2493 41.4626
2019.2521 40.2140
2019.2548 41.2758
2019.2575 38.2381
2019.2603 42.9107
2019.2630 40.8037
2019.2658 43.8570
2019.2685 44.5005
2019.2712 54.5143
2019.2740 46.4682
2019.2767 38.3022
2019.2795 38.7163
2019.2822 34.7705
2019.2849 34.2647
2019.2877 37.7788
2019.2904 39.2829
2019.2932 39.6968
2019.2959 37.8806
2019.2986 37.8742
2019.3014 37.7175
2019.3041 41.0406
2019.3068 42.2333
2019.3096 44.6256
2019.3123 48.0976
2019.3151 58.0391
2019.3178 52.5001
2019.3205 49.2206
2019.3233 42.9005
2019.3260 41.6898
2019.3288 38.4984
2019.3315 34.1366
2019.3342 54.9345
2019.3370 44.7723
2019.3397 58.3198
2019.3425 62.3570
2019.3452 61.1141
2019.3479 45.1409
2019.3507 52.5975
2019.3616 54.7018
2019.3644 42.1773
2019.3671 38.4526
2019.3699 41.7576
2019.3726 38.6025
2019.3753 38.8871
2019.3781 38.3816
2019.3808 35.7658
2019.3836 34.6498
2019.3863 33.8835
2019.3890 34.1771
2019.3918 29.3704
2019.3945 32.3236
2019.3973 33.8765
2019.4000 31.6992
2019.4027 34.2317
2019.4055 33.9240
2019.4082 29.5961
2019.4110 29.6580
2019.4137 32.4996
2019.4164 33.5511
2019.4192 35.7824
2019.4219 43.5436
2019.4247 36.2245
2019.4274 33.5053
2019.4301 30.4059
2019.4356 31.0565
2019.4384 32.7065
2019.4411 32.6063
2019.4438 43.6359
2019.4466 38.8653
2019.4493 35.5846
2019.4521 39.5236
2019.4548 38.8424
2019.4630 37.6976
2019.4712 35.9008
2019.4740 51.7381
2019.4849 48.5451
2019.4877 49.5013
2019.4904 50.1773
2019.4932 48.5230
2019.4959 45.3484
2019.4986 45.8236
2019.5123 41.0346
2019.5151 41.4180
2019.5178 43.9910
2019.5233 40.9663
2019.5260 47.1387
2019.5288 44.7607
2019.5315 48.1826
2019.5342 48.3743
2019.5370 46.0957
2019.5397 46.2570
2019.5479 46.0699
2019.5507 52.0406
2019.5589 49.6119
2019.5616 48.1921
2019.5644 51.1423
2019.5699 51.8424
2019.5726 51.1824
2019.5753 49.5523
2019.5781 46.4222
2019.5808 46.4321
2019.5863 49.2198
2019.5890 43.9673
2019.5918 47.9539
2019.5945 47.0797
2019.5973 45.7949
2019.6000 46.7994
2019.6082 45.8299
2019.6110 48.2726
2019.6137 47.2251
2019.6164 49.3173
2019.6274 47.1760
2019.6356 39.7241
2019.6384 39.0975
2019.6438 40.6057
2019.6493 56.5064
2019.6521 47.5829
2019.6767 39.8758
2019.6795 45.9027
2019.6959 39.4231
2019.6986 41.2460
2019.7014 40.3496
2019.7096 38.4043
2019.7123 46.8404
2019.7178 42.5939
2019.7233 47.0493
2019.7260 39.0874
2019.7288 38.5160
2019.7370 41.9429
2019.7397 36.4823
2019.7425 39.8218
2019.7507 45.6211
2019.7589 39.7791
2019.7616 39.1140
2019.7699 41.9235
2019.7726 39.7514
2019.7753 37.0398
2019.7836 43.9177
2019.7863 47.1374
2019.7945 48.7371
2019.7973 44.7268
2019.8000 43.7662
2019.8082 34.1621
2019.8137 38.7065
2019.8164 48.5126
2019.8192 50.4778
2019.8219 38.2520
2019.8356 38.3566
2019.8384 37.9252
2019.8411 38.2132
2019.8438 37.4106
2019.8493 35.0835
2019.8521 35.9088
2019.8575 44.1570
2019.8603 38.8098
2019.8630 42.4617
2019.8658 40.1525
2019.8685 38.8824
2019.8712 44.3311
2019.8767 40.7950
2019.8795 36.2101
2019.8822 35.7939
2019.8877 33.0675
2019.8932 45.5352
2019.9041 36.4116
2019.9096 39.1595
2019.9123 35.7656
2019.9178 42.8230
2019.9233 47.4483
2019.9260 32.3105
2019.9288 44.2424
2019.9315 34.4840
2019.9342 30.4553
2019.9370 31.4563
2019.9397 31.5870
2019.9425 34.0974
2019.9479 33.0774
2019.9616 26.8429
2019.9836 37.0232
2019.9863 39.9298
2019.9890 40.2761
2019.9973 36.1640
2020.0000 35.4496
2020.0027 36.5151
2020.0055 39.6606
2020.0109 38.3411
2020.0273 33.6311
2020.0301 37.4959
2020.0410 40.2349
2020.0464 36.9344
2020.0546 45.5388
2020.0656 39.4886
2020.0820 32.6506
2020.0874 37.8325
2020.0902 41.1488
2020.0929 41.0853
2020.1284 42.1422
2020.1311 27.7721
2020.1393 30.5135
2020.1421 37.9145
2020.1475 37.5572
2020.1557 37.9233
2020.1667 27.9980
2020.1776 36.4996
2020.1803 42.5344
2020.1995 50.9311
2020.2049 48.4851
2020.2131 38.2146
2020.2213 39.4628
2020.2240 32.9372
2020.2295 53.1582
2020.2432 64.7556
2020.2459 37.7645
2020.2568 34.2031
2020.2623 52.7152
2020.2678 58.5935
2020.2760 49.2042
2020.2787 38.7524
2020.2869 36.2481
2020.2896 37.1663
2020.2923 40.6740
2020.2951 42.6409
2020.2978 42.6769
2020.3060 38.0771
2020.3115 37.9353
2020.3142 42.2411
2020.3169 53.3146
2020.3197 50.2155
2020.3224 44.9635
2020.3333 42.2879
2020.3361 45.0366
2020.3415 40.6938
2020.3443 39.4324
2020.3470 41.5309
2020.3497 38.6894
2020.3634 39.5812
2020.3661 40.0994
2020.3689 37.0476
2020.3743 39.8838
2020.3770 25.5718
2020.3852 40.3157
2020.3880 40.6936
2020.3907 43.7115
2020.3934 37.9993
2020.3962 39.8070
2020.3989 48.1248
2020.4071 42.0177
2020.4126 60.1828
2020.4180 66.0978
2020.4344 54.3832
2020.4454 33.6034
2020.4481 41.7809
2020.4508 40.5285
2020.4536 54.1059
2020.4645 50.9057
2020.4672 37.5330
2020.4699 42.5003
2020.4754 43.3548
2020.4809 48.8291
2020.4891 45.7602
2020.5000 32.7168
2020.5027 42.2523
2020.5055 41.4972
2020.5109 41.6555
2020.5164 38.9718
2020.5219 36.3667
2020.5246 37.0986
2020.5273 35.7803
2020.5301 39.3817
2020.5383 52.1550
2020.5410 47.3159
2020.5464 46.5677
2020.5519 43.1297
2020.5546 42.3109
2020.5601 51.5538
2020.5683 52.9500
2020.5710 50.1428
2020.5738 51.1260
2020.5792 61.8837
2020.5820 57.7884
2020.5874 64.3894
2020.5902 52.4256
2020.5929 48.7024
2020.5956 53.6396
2020.5984 44.5872
2020.6011 46.8051
2020.6038 50.7934
2020.6120 46.0099
2020.6257 50.9674
2020.6311 48.7167
2020.6366 49.9757
2020.6393 45.8450
2020.6421 46.6741
2020.6448 53.0731
2020.6475 54.7917
2020.6503 53.5001
2020.6557 51.6760
2020.6585 57.3533
2020.6612 55.1002
2020.6639 55.2567
2020.6667 58.9624
2020.6749 59.1239
2020.6776 62.4960
2020.6803 61.4574
2020.6858 62.1381
2020.6940 67.8953
2020.7049 54.9271
2020.7077 60.5647
2020.7186 53.7857
2020.7213 59.3340
2020.7240 49.2225
2020.7404 51.7648
2020.7459 51.9512
2020.7486 53.1558
2021.8137 51.3196
2021.8192 44.6394
2021.8301 53.3371
2021.8329 39.4561
2021.8438 55.8471
2021.8466 39.8537
2021.8493 44.4899
2021.8521 48.0458
2021.8630 56.0363
2021.8658 54.2809
2022.3507 45.4641
2022.3534 39.9811
2022.3562 53.0583
2022.3589 48.9458
2022.3616 40.3036
2022.3644 48.2116
2022.3671 49.9998
2022.3699 69.9283
2022.3726 57.9570
2022.3753 64.8058
2022.3781 46.4349
2022.3808 62.0641
2022.3836 54.0436
2022.3863 44.9131
2022.3890 54.1628
2022.3918 53.8826
2022.3945 44.6225
2022.3973 48.2526
2022.4000 46.3527
2022.4027 46.7429
2022.4055 50.8331
2022.4082 54.7535
2022.4110 66.0738
2022.4137 44.2142
2022.4164 69.5947
2022.4192 67.5252
2022.4219 59.4057
2022.4247 47.7663
2022.4274 68.9570
2022.4301 73.1577
2022.4329 75.6784
2022.4356 82.5391
2022.4384 68.0999
2022.4411 63.3106
2022.4438 66.8614
2022.4466 62.2123
2022.4493 66.7231
2022.4521 60.9039
2022.4548 65.2047
2022.4575 56.6655
2022.4603 49.5163
2022.4630 58.6771
2022.4658 64.7479
2022.4685 61.1487
2022.4712 63.2494
2022.4740 63.6201
2022.4767 65.2207
2022.4795 71.7214
2022.4822 68.6520
2022.4849 67.1125
2022.4877 75.6330
2022.4904 65.1134
2022.4932 65.5638
2022.4959 63.0141
2022.4986 59.7841
2022.5014 58.3937
2022.5041 64.8928
2022.5068 63.8215
2022.5096 61.1998
2022.5123 60.6079
2022.5151 64.3156
2022.5178 62.7330
2022.5205 62.4003
2022.5233 60.7873
2022.5260 57.6042
2022.5288 57.7710
2022.5315 59.1577
2022.5342 68.4144
2022.5370 52.8811
2022.5397 74.7477
2022.5425 66.1145
2022.5452 63.0914
2022.5479 59.3284
2022.5507 56.5056
2022.5534 57.0230
2022.5562 53.8106
2022.5589 63.7185
2022.5616 70.4268
2022.5644 62.7754
2022.5671 54.2043
2022.5699 60.9738
2022.5726 46.8137
2022.5753 49.4240
2022.5781 51.3550
2022.5808 49.9265
2022.5836 50.3288
2022.5863 49.4923
2022.5890 52.0668
2022.5918 57.7723
2022.5945 71.9288
2022.5973 56.7161
2022.6000 61.7644
2022.6027 68.3435
2022.6055 57.8833
2022.6082 56.7039
2022.6110 51.0251
2022.6137 54.2270
2022.6164 57.9394
2022.6192 59.6324
2022.6219 54.6859
2022.6247 56.2599
2022.6274 52.3742
2022.6301 58.1289
2022.6329 62.3240
2022.6356 58.1492
2022.6384 64.5347
2022.6411 60.5804
2022.6438 66.2462
2022.6466 62.6021
2022.6493 64.3280
2022.6521 61.0239
2022.6548 60.1997
2022.6575 67.9054
2022.6603 63.7210
2022.6630 64.7463
2022.6658 69.9116
2022.6685 67.5577
2022.6712 67.1348
2022.6740 65.8527
2022.6767 54.1013
2022.6795 61.6407
2022.6822 63.4307
2022.6849 67.8612
2022.6877 65.5622
2022.6904 55.2336
2022.6932 63.2853
2022.6959 66.7472
2022.6986 81.3093
2022.7014 63.9615
2022.7041 60.6737
2022.7068 55.9058
2022.7096 53.4978
2022.7123 56.7696
2022.7151 68.5310
2022.7178 59.4121
2022.7205 60.3327
2022.7233 67.2828
2022.7260 61.0423
2022.7288 68.7911
2022.7315 68.1691
2022.7342 62.5363
2022.7370 57.8326
2022.7397 62.9779
2022.7425 60.6621
2022.7452 58.7052
2022.7479 58.2771
2022.7507 53.8576
2022.7534 57.7466
2022.7562 51.2842
2022.7589 55.8106
2022.7616 55.4558
2022.7644 54.4199
2022.7671 56.3529
2022.7699 62.0551
2022.7726 57.8363
2022.7753 55.2568
2022.7781 61.6466
2022.7808 60.5758
2022.7836 59.3845
2022.7863 61.7428
2022.7890 53.2907
2022.7918 66.9284
2022.7945 59.9059
2022.7973 54.3333
2022.8027 52.5482
2022.8055 51.6259
2022.8082 51.5838
2022.8110 55.6120
2022.8137 53.1607
2022.8164 51.7499
2022.8192 50.2797
2022.8219 56.0501
2022.8247 47.0913
2022.8274 45.8134
2022.8301 51.7964
2022.8329 46.2605
2022.8356 49.2357
2022.8384 55.2822
2022.8411 56.3997
2022.8438 60.4682
2022.8466 48.7076
2022.8493 56.0778
2022.8521 57.9188
2022.8548 51.6704
2022.8603 55.6451
2022.8630 64.7881
2022.8658 60.9814
2022.8685 62.8049
2022.8712 61.8985
2022.8740 67.0121
2022.8767 57.5357
2022.8795 86.9591
2022.8822 67.4923
2022.8849 63.5351
2022.8877 67.5276
2022.8904 70.0795
2022.8932 62.1309
2022.8959 61.5216
2022.8986 52.5815
2022.9014 54.6306
2022.9041 54.5088
2022.9068 50.0659
2022.9096 57.8519
2022.9123 55.7867
2022.9151 61.9002
2022.9178 58.1918
2022.9205 73.3607
2022.9233 60.1271
2022.9260 53.9909
2022.9288 54.3925
2022.9315 68.1416
2022.9342 51.0785
2022.9370 56.3633
2022.9397 50.1659
2022.9425 53.2764
