2016.0929 0.8184
2016.0956 0.4911
2016.0984 -0.0459
2016.1011 6.8075
2016.1038 0.2713
2016.1066 -0.3144
2016.1093 2.9703
2016.1120 3.0256
2016.1148 2.5115
2016.1175 1.8680
2016.1202 0.3852
2016.1230 3.1031
2016.1257 4.3618
2016.1284 3.7013
2016.1311 0.7417
2016.1339 2.6230
2016.1366 -0.5547
2016.1393 7.2686
2016.1421 3.4929
2016.1448 2.6784
2016.1475 3.9849
2016.1503 2.6727
2016.1530 1.8217
2016.1557 2.4021
2016.1585 1.4737
2016.1612 0.7167
2016.1639 -1.6389
2016.1667 1.3265
2016.1694 2.9028
2016.1721 6.2001
2016.1749 8.1783
2016.1776 9.7772
2016.1803 11.2668
2016.1831 7.9470
2016.1858 10.3378
2016.1885 10.9091
2016.1913 10.2208
2016.1940 8.2328
2016.1967 9.3350
2016.1995 10.9575
2016.2022 6.8201
2016.2049 5.8528
2016.2077 7.7154
2016.2104 1.0479
2016.2131 7.0403
2016.2158 3.5424
2016.2186 5.4642
2016.2213 5.4857
2016.2240 6.7866
2016.2268 8.8171
2016.2295 10.0669
2016.2322 8.2861
2016.2350 8.4645
2016.2377 12.3022
2016.2404 5.0089
2016.2432 6.2747
2016.2459 3.8494
2016.2486 2.8438
2016.2514 1.0080
2016.2541 0.5620
2016.2568 1.6059
2016.2596 7.2496
2016.2623 8.3132
2016.2650 2.3866
2016.2678 7.7398
2016.2705 4.1229
2016.2732 3.9858
2016.2760 -0.0315
2016.2787 5.0311
2016.2814 2.9236
2016.2842 0.3859
2016.2869 -0.0020
2016.2896 2.8400
2016.2923 3.2918
2016.2951 3.4235
2016.2978 4.1950
2016.3005 1.0364
2016.3033 -0.6324
2016.3060 0.3486
2016.3087 -1.0904
2016.3115 -1.2697
2016.3142 2.0910
2016.3169 7.3114
2016.3197 3.7918
2016.3224 2.8919
2016.3251 11.6520
2016.3279 4.7619
2016.3306 2.5113
2016.3333 5.5896
2016.3361 2.1965
2016.3388 6.6623
2016.3415 8.9771
2016.3443 5.9908
2016.3470 9.0437
2016.3497 10.2259
2016.3525 8.1573
2016.3552 5.4582
2016.3579 9.3285
2016.3607 9.0485
2016.3634 10.0281
2016.3661 6.6775
2016.3689 1.9469
2016.3716 4.2561
2016.3743 3.2455
2016.3770 8.0450
2016.3798 6.4948
2016.3825 8.4249
2016.3852 10.4954
2016.3880 14.4165
2016.3907 8.0283
2016.3934 8.9207
2016.3962 10.4540
2016.3989 3.8882
2016.4016 -4.0366
2016.4044 5.2796
2016.4071 1.9071
2016.4098 4.4959
2016.4126 3.2361
2016.4208 12.4517
2016.4235 13.3820
2016.4262 10.7444
2016.4290 12.5189
2016.4317 10.8251
2016.4344 9.9529
2016.4372 1.9122
2016.4426 13.5941
2016.4454 9.4964
2016.4508 9.0527
2016.4563 14.5698
2016.4617 12.1063
2016.4727 11.4609
2018.1233 19.2146
2018.1260 15.9174
2018.1288 17.5904
2018.1315 20.2736
2018.1342 15.2771
2018.1370 15.0409
2018.1397 17.8450
2018.1425 17.9195
2018.1452 15.3844
2018.1479 12.4698
2018.1507 15.4956
2018.1534 13.6120
2018.1562 13.1289
2018.1589 13.7164
2018.1616 12.7746
2018.1644 13.7055
2018.1671 16.2008
2018.1699 12.0403
2018.1726 13.0138
2018.1753 13.9410
2018.1781 12.5216
2018.1808 10.8453
2018.1836 13.7420
2018.1863 11.5214
2018.1890 16.7932
2018.1918 13.2171
2018.1945 13.1130
2018.1973 9.9805
2018.2000 13.2894
2018.2027 12.4295
2018.2055 12.1404
2018.2082 11.9420
2018.2110 14.1039
2018.2137 12.3860
2018.2164 19.2580
2018.2192 15.5296
2018.2219 9.7105
2018.2247 21.0406
2018.2274 15.0395
2018.2301 9.8570
2018.2329 13.7629
2018.2356 13.9068
2018.2384 12.9186
2018.2411 16.3380
2018.2438 14.5948
2018.2466 19.6590
2018.2493 18.7730
2018.2521 21.2174
2018.2548 14.8219
2018.2575 16.1165
2018.2603 6.4413
2018.2630 15.5262
2018.2658 18.9310
2018.2685 20.9159
2018.2712 17.6907
2018.2740 22.4554
2018.2767 19.7800
2018.2795 19.5245
2018.2822 17.4287
2018.2849 18.3026
2018.2877 23.5763
2018.2904 25.3196
2018.2932 17.5825
2018.2959 19.4751
2018.2986 20.1672
2018.3014 17.3887
2018.3041 21.0198
2018.3068 20.0602
2018.3096 16.9401
2018.3123 15.5593
2018.3151 15.8078
2018.3178 15.3855
2018.3205 17.3125
2018.3233 14.9986
2018.3260 15.6939
2018.3288 13.0683
2018.3315 14.8621
2018.3342 17.7958
2018.3370 17.6994
2018.3397 18.9329
2018.3425 20.0163
2018.3452 24.0196
2018.3479 17.7128
2018.3507 16.6458
2018.3534 17.1888
2018.3562 16.7417
2018.3589 17.2146
2018.3616 17.4373
2018.3644 21.3199
2018.3671 21.1925
2018.3699 20.2750
2018.3726 30.9675
2018.3753 21.8998
2018.3781 19.6621
2018.3808 18.0844
2018.3836 16.5566
2018.3863 15.8087
2018.3890 22.6108
2018.3918 18.4229
2018.3945 20.9349
2018.4055 24.1127
2018.4082 18.3345
2018.4110 26.3164
2018.4137 20.6082
2018.4247 18.4933
2018.4274 20.9541
2018.4356 20.3257
2018.4384 20.9460
2018.4411 19.9963
2018.4438 15.0366
2018.4548 22.4476
2018.4767 15.8445
2018.4795 19.7862
2018.4822 17.5482
2018.4877 22.1730
2018.4932 21.1792
2018.4959 12.4828
2018.4986 14.6669
2018.5014 21.7816
2018.5041 16.2969
2018.5123 19.2760
2018.5205 27.8994
2018.5260 24.6570
2018.5315 21.8661
2018.5342 22.2762
2018.5370 20.8565
2018.5397 23.4070
2018.5425 26.8778
2018.5507 27.0014
2018.5534 21.8229
2018.5562 21.7046
2018.5589 22.0663
2018.5616 23.1981
2018.5644 33.2799
2018.5699 25.1636
2018.5726 14.7454
2018.5753 20.4971
2018.5781 16.0988
2018.5808 17.4304
2018.5836 22.8020
2018.5863 17.2336
2018.5890 21.3554
2018.5918 22.9273
2018.5945 24.1293
2018.5973 25.7914
2018.6000 23.7736
2018.6027 25.2759
2018.6055 28.7983
2018.6082 22.4707
2018.6110 19.9033
2018.6137 20.5659
2018.6164 23.8786
2018.6192 22.1913
2018.6219 18.3641
2018.6247 18.6470
2018.6274 19.1900
2018.6301 22.9130
2018.6329 19.8460
2018.6356 22.2791
2018.6384 23.2922
2018.6411 20.1554
2018.6438 22.5787
2018.6466 21.2019
2018.6493 18.0952
2018.6521 14.5585
2018.6548 18.9419
2018.6575 22.0752
2018.6603 25.9486
2018.6630 16.7820
2018.6658 20.9355
2018.6685 25.1599
2018.6712 23.6152
2018.6740 25.4212
2018.6767 27.5581
2018.6795 35.0856
2018.6822 23.7838
2018.6849 23.2725
2018.6877 16.7916
2018.6904 23.0613
2018.6932 20.4012
2018.6959 19.3215
2018.6986 19.1519
2018.7014 19.2926
2018.7041 21.4433
2018.7068 21.5940
2018.7096 19.6346
2018.7123 19.0952
2018.7151 21.1655
2018.7178 21.9956
2018.7205 23.7454
2018.7233 19.8047
2018.7260 19.1737
2018.7288 17.9920
2018.7315 20.9098
2018.7342 13.5270
2018.7370 18.9734
2018.7397 22.6590
2018.7452 27.2975
2018.7479 25.8303
2018.7507 25.8012
2018.7534 24.2794
2018.7562 21.9853
2018.7589 23.3388
2018.7616 23.4402
2018.7644 23.2597
2018.7671 25.8475
2018.7699 22.3236
2018.7726 23.1184
2018.7753 23.8219
2018.7781 25.1843
2018.7808 30.1559
2018.7836 30.8167
2018.7863 27.0969
2018.7890 22.5368
2018.7918 21.0165
2018.7945 27.5161
2018.7973 21.9859
2018.8000 19.8759
2018.8027 18.6565
2018.8055 24.1677
2018.8082 21.4697
2018.8110 22.3428
2018.8137 23.8369
2018.8164 21.7625
2018.8192 24.1795
2018.8219 25.0583
2018.8247 26.8289
2018.8274 21.7215
2018.8301 19.2363
2018.8329 25.5633
2018.8356 14.5512
2018.8384 22.5698
2018.8411 21.7389
2018.8438 19.4587
2018.8466 24.3589
2018.8493 20.3897
2018.8521 21.3809
2018.8548 22.5524
2018.8575 19.0743
2018.8603 23.1665
2018.8630 22.4989
2018.8658 21.3115
2018.8685 21.6642
2018.8712 20.5471
2018.8740 17.6400
2018.8767 19.9629
2018.8795 19.1057
2018.8822 17.4785
2018.8849 18.9112
2018.8877 19.7036
2018.8904 17.3859
2018.8932 19.8478
2018.8959 16.7195
2018.8986 15.5407
2018.9014 14.9716
2018.9041 20.1520
2018.9068 16.5119
2018.9096 17.1912
2018.9123 7.2599
2018.9151 17.4880
2018.9178 22.6660
2018.9205 11.9444
2018.9233 13.5233
2018.9260 11.8524
2018.9288 13.3818
2018.9315 15.4813
2018.9342 14.6708
2018.9370 14.8304
2018.9397 15.8098
2018.9425 13.8791
2018.9452 18.4981
2018.9479 17.1768
2018.9507 15.9750
2018.9534 15.5827
2018.9562 14.0799
2018.9589 12.5764
2018.9616 12.5921
2018.9644 17.2470
2018.9671 13.9810
2018.9699 16.8941
2018.9726 13.8960
2018.9753 20.6168
2018.9781 19.7264
2018.9808 18.4146
2018.9836 17.9315
2018.9863 18.2669
2018.9890 18.4407
2018.9918 19.4729
2018.9945 22.1534
2018.9973 19.5121
2019.0000 19.7089
2019.0027 19.3446
2019.0055 15.1400
2019.0082 20.6050
2019.0110 22.7899
2019.0137 21.8544
2019.0164 20.0387
2019.0192 19.4728
2019.0219 19.5768
2019.0247 17.1205
2019.0274 19.8941
2019.0301 19.4175
2019.0329 20.2108
2019.0356 20.9240
2019.0384 20.1771
2019.0411 19.8801
2019.0438 20.8631
2019.0466 25.5961
2019.0493 21.5990
2019.0521 21.3819
2019.0548 22.7849
2019.0575 20.3779
2019.0603 20.5510
2019.0630 24.0041
2019.0658 19.5374
2019.0685 18.4607
2019.0712 23.2542
2019.0740 22.6479
2019.0767 21.4717
2019.0795 18.8857
2019.0822 18.5299
2019.0849 15.7341
2019.0877 19.0783
2019.0904 23.0726
2019.0932 8.7068
2019.0959 21.5711
2019.0986 26.5054
2019.1014 20.4697
2019.1041 20.7540
2019.1068 19.9884
2019.1096 21.1828
2019.1123 22.0672
2019.1151 18.6816
2019.1178 21.0761
2019.1205 19.9307
2019.1233 21.4353
2019.1260 22.8399
2019.1288 16.7746
2019.1315 17.0493
2019.1342 11.4140
2019.1370 12.3389
2019.1397 15.2838
2019.1425 14.2687
2019.1452 16.6137
2019.1479 17.0088
2019.1507 15.4940
2019.1534 15.1892
2019.1562 19.4245
2019.1589 22.1098
2019.1616 22.7853
2019.1644 25.8015
2019.1671 24.8192
2019.1699 26.6083
2019.1726 27.1687
2019.1753 24.7505
2019.1781 23.4035
2019.1808 28.1678
2019.1836 29.0432
2019.1863 29.0298
2019.1890 31.4975
2019.1918 29.8063
2019.1945 26.7461
2019.1973 30.1569
2019.2000 27.3987
2019.2027 28.3613
2019.2055 28.0248
2019.2082 27.8492
2019.2110 30.9843
2019.2137 30.8001
2019.2164 30.2167
2019.2192 34.1939
2019.2219 31.9817
2019.2247 35.2401
2019.2274 35.5390
2019.2301 34.5285
2019.2329 33.0983
2019.2356 31.3286
2019.2384 33.0293
2019.2411 35.6502
2019.2438 31.8415
2019.2466 30.9432
2019.2493 34.7467
2019.2521 35.0121
2019.2548 32.7292
2019.2575 29.9978
2019.2603 36.9679
2019.2630 36.3993
2019.2658 37.6417
2019.2685 36.4852
2019.2712 34.0996
2019.2740 38.1846
2019.2767 29.3002
2019.2795 32.0162
2019.2822 27.4225
2019.2849 27.3589
2019.2877 32.5453
2019.2904 32.8116
2019.2932 35.3275
2019.2959 32.2130
2019.2986 35.2980
2019.3014 30.7621
2019.3041 31.9854
2019.3068 29.7377
2019.3096 30.9488
2019.3123 37.2386
2019.3151 30.6369
2019.3178 32.7037
2019.3205 29.4287
2019.3233 34.2618
2019.3260 32.0329
2019.3288 32.3718
2019.3315 31.7195
2019.3342 32.9569
2019.3370 38.5942
2019.3397 36.4213
2019.3425 34.4383
2019.3452 35.5150
2019.3479 31.1315
2019.3507 35.2378
2019.3534 35.6240
2019.3562 31.2299
2019.3589 25.2257
2019.3616 32.7812
2019.3644 36.2665
2019.3671 31.2716
2019.3699 36.5165
2019.3726 37.3512
2019.3753 36.4857
2019.3781 34.1100
2019.3808 31.3540
2019.3836 30.9078
2019.3863 29.4214
2019.3890 31.1048
2019.3918 29.2379
2019.3945 29.2309
2019.3973 30.3335
2019.4000 26.7860
2019.4027 29.5082
2019.4055 27.3902
2019.4082 25.5319
2019.4110 32.2334
2019.4137 31.5547
2019.4164 30.2060
2019.4192 30.4076
2019.4219 32.9392
2019.4247 30.8609
2019.4274 30.6026
2019.4301 30.6444
2019.4329 25.0362
2019.4356 26.5080
2019.4384 25.7598
2019.4411 29.9915
2019.4438 33.2231
2019.4466 38.6346
2019.4493 32.2860
2019.4521 31.9372
2019.4548 32.1183
2019.4575 29.4792
2019.4603 28.7899
2019.4630 32.8103
2019.4658 32.3105
2019.4685 33.7803
2019.4712 32.9599
2019.4740 32.0092
2019.4767 34.5681
2019.4795 33.4866
2019.4822 36.6947
2019.4849 35.5324
2019.4877 36.4196
2019.4904 36.6664
2019.4932 39.5927
2019.4959 36.6785
2019.4986 35.2840
2019.5014 36.9795
2019.5041 29.1448
2019.5068 33.2502
2019.5096 35.8655
2019.5123 31.5707
2019.5151 32.4660
2019.5178 35.5111
2019.5205 40.4463
2019.5233 37.2614
2019.5260 40.8464
2019.5288 39.3715
2019.5315 40.7665
2019.5342 38.8214
2019.5370 37.9364
2019.5397 33.3913
2019.5425 36.2462
2019.5452 35.4311
2019.5479 35.3760
2019.5507 36.1308
2019.5534 35.9856
2019.5562 34.7705
2019.5589 36.3053
2019.5616 38.3501
2019.5644 40.7749
2019.5671 40.6296
2019.5699 42.5944
2019.5726 40.6292
2019.5753 40.7940
2019.5781 38.2588
2019.5808 38.6136
2019.5836 37.7883
2019.5863 40.4230
2019.5890 37.0177
2019.5918 39.7223
2019.5945 37.0769
2019.5973 36.3014
2019.6000 39.1259
2019.6027 37.0104
2019.6055 38.2048
2019.6082 39.0392
2019.6110 42.4536
2019.6137 41.8280
2019.6164 39.1924
2019.6192 39.8968
2019.6219 35.4711
2019.6247 40.3855
2019.6274 40.0298
2019.6301 42.2542
2019.6329 39.1185
2019.6356 38.4029
2019.6384 40.5573
2019.6411 40.7817
2019.6438 40.5662
2019.6466 45.0406
2019.6493 42.8052
2019.6521 42.4397
2019.6548 40.9643
2019.6575 36.5389
2019.6603 35.1135
2019.6630 31.7983
2019.6658 36.5331
2019.6685 37.6885
2019.6712 43.7846
2019.6740 40.5413
2019.6767 40.0586
2019.6795 41.6465
2019.6822 38.0250
2019.6849 33.6740
2019.6877 36.4935
2019.6904 47.8636
2019.6932 43.7541
2019.6959 34.0350
2019.6986 36.8164
2019.7014 38.0182
2019.7041 38.7504
2019.7068 41.1430
2019.7096 44.3259
2019.7123 42.7692
2019.7151 40.0828
2019.7178 40.7666
2019.7205 42.9607
2019.7233 43.1551
2019.7260 37.8897
2019.7288 42.3545
2019.7315 40.6594
2019.7342 39.5545
2019.7370 40.5198
2019.7397 35.7252
2019.7425 37.6306
2019.7452 42.4362
2019.7479 44.0718
2019.7507 45.3984
2019.7534 41.1767
2019.7562 43.0167
2019.7589 42.3581
2019.7616 40.1610
2019.7644 37.4051
2019.7671 40.2804
2019.7699 40.8466
2019.7726 38.7638
2019.7753 36.6217
2019.7781 36.5602
2019.7808 39.9893
2019.7836 38.6587
2019.7863 39.7484
2019.7890 41.0482
2019.7918 42.2481
2019.7945 43.6778
2019.7973 39.9573
2019.8000 36.5464
2019.8027 36.9151
2019.8055 31.9931
2019.8082 26.4604
2019.8110 27.9668
2019.8137 28.1122
2019.8164 29.0366
2019.8192 35.7096
2019.8219 35.0214
2019.8247 33.6216
2019.8274 32.6402
2019.8301 32.2071
2019.8329 37.0022
2019.8356 36.3364
2019.8384 36.8799
2019.8411 36.5025
2019.8438 35.8045
2019.8466 34.3757
2019.8493 34.0063
2019.8521 34.0962
2019.8548 35.6555
2019.8575 35.6143
2019.8603 34.7724
2019.8630 38.6000
2019.8658 39.9672
2019.8685 38.6738
2019.8712 39.6200
2019.8740 36.0857
2019.8767 36.3911
2019.8795 34.1961
2019.8822 33.8708
2019.8849 33.2051
2019.8877 32.0492
2019.8904 31.9430
2019.8932 27.3365
2019.8959 33.0699
2019.8986 32.1731
2019.9014 32.2661
2019.9041 31.4091
2019.9068 33.3719
2019.9096 35.4146
2019.9123 32.1074
2019.9151 31.5001
2019.9178 32.7432
2019.9205 33.8872
2019.9233 29.9418
2019.9260 31.4469
2019.9288 30.6224
2019.9315 35.1782
2019.9342 30.9642
2019.9370 30.2701
2019.9397 30.3559
2019.9425 33.5914
2019.9452 33.8065
2019.9479 30.8511
2019.9507 31.7150
2019.9534 31.6581
2019.9562 30.4503
2019.9589 30.8714
2019.9616 31.8613
2019.9644 29.7499
2019.9671 29.1970
2019.9699 34.8826
2019.9726 33.1964
2019.9753 38.7583
2019.9781 36.9782
2019.9808 35.4261
2019.9836 36.1816
2019.9863 41.4348
2019.9890 40.8554
2019.9918 39.8534
2019.9945 40.7485
2019.9973 36.1608
2020.0000 35.6600
2020.0027 34.8575
2020.0055 38.8147
2020.0082 36.5714
2020.0109 37.1879
2020.0137 33.2739
2020.0164 35.2697
2020.0191 36.5552
2020.0219 38.6603
2020.0246 39.8953
2020.0273 36.0200
2020.0301 36.9044
2020.0328 36.7187
2020.0355 38.0527
2020.0383 36.5366
2020.0410 35.8304
2020.0437 40.2540
2020.0464 34.9976
2020.0492 37.7110
2020.0519 36.4644
2020.0546 35.0977
2020.0574 33.8910
2020.0601 33.2143
2020.0628 34.5875
2020.0656 37.8608
2020.0683 34.6042
2020.0710 39.7876
2020.0738 34.6811
2020.0765 37.1747
2020.0792 38.1384
2020.0820 33.6623
2020.0847 36.9959
2020.0874 36.5293
2020.0902 35.5125
2020.0929 38.4555
2020.0956 33.5983
2020.0984 35.8210
2020.1011 34.8535
2020.1038 31.5860
2020.1066 30.6684
2020.1093 27.5306
2020.1120 41.2229
2020.1148 38.4652
2020.1175 34.8974
2020.1202 36.1597
2020.1230 35.8720
2020.1257 32.2145
2020.1284 30.1470
2020.1311 31.5896
2020.1339 32.0823
2020.1366 32.6653
2020.1393 32.3884
2020.1421 34.6817
2020.1448 35.3752
2020.1475 32.6790
2020.1503 31.6930
2020.1530 36.5674
2020.1557 36.0420
2020.1585 33.2070
2020.1612 33.9224
2020.1639 34.8696
2020.1667 30.4009
2020.1694 31.4864
2020.1721 33.1658
2020.1749 32.8789
2020.1776 30.7856
2020.1803 36.4656
2020.1831 37.6489
2020.1858 37.4852
2020.1885 38.7344
2020.1913 40.3663
2020.1940 42.5308
2020.1967 42.8276
2020.1995 42.0966
2020.2022 41.9276
2020.2049 42.4704
2020.2077 37.9249
2020.2104 39.8209
2020.2131 36.4383
2020.2158 38.5368
2020.2186 38.8163
2020.2213 37.2966
2020.2240 38.7775
2020.2268 41.5089
2020.2295 37.0906
2020.2322 41.1324
2020.2350 41.2442
2020.2377 39.4657
2020.2404 37.8469
2020.2432 37.5775
2020.2459 32.2975
2020.2486 33.6387
2020.2514 35.0720
2020.2541 34.8671
2020.2568 30.9938
2020.2596 34.3520
2020.2623 35.3716
2020.2650 38.3623
2020.2678 46.5939
2020.2705 46.9964
2020.2732 38.6796
2020.2760 39.6332
2020.2787 31.4872
2020.2814 32.8012
2020.2842 33.8053
2020.2869 29.8292
2020.2896 31.5827
2020.2923 37.2857
2020.2951 34.6680
2020.2978 36.2595
2020.3005 34.5499
2020.3033 35.0892
2020.3060 33.0370
2020.3087 36.3334
2020.3115 34.7981
2020.3142 38.7108
2020.3169 45.3416
2020.3197 36.8202
2020.3224 36.6064
2020.3251 30.0100
2020.3279 38.1810
2020.3306 29.9896
2020.3333 28.8971
2020.3361 31.9937
2020.3388 33.4796
2020.3415 35.3247
2020.3443 35.8492
2020.3470 37.0731
2020.3497 35.1464
2020.3525 36.4992
2020.3552 33.9516
2020.3579 36.4936
2020.3607 33.5553
2020.3634 32.1868
2020.3661 33.2781
2020.3689 32.5593
2020.3716 32.3704
2020.3743 30.8315
2020.3770 34.1427
2020.3798 32.4739
2020.3825 33.4454
2020.3852 34.7171
2020.3880 38.5991
2020.3907 35.2915
2020.3934 33.4343
2020.3962 35.3876
2020.3989 35.8514
2020.4016 30.5358
2020.4044 32.3109
2020.4071 33.6667
2020.4098 35.1033
2020.4126 40.6708
2020.4153 38.5988
2020.4180 37.4272
2020.4208 38.8959
2020.4235 39.4948
2020.4262 39.4440
2020.4290 40.1535
2020.4317 40.8431
2020.4344 40.7630
2020.4372 42.3029
2020.4399 39.2330
2020.4426 39.4932
2020.4454 36.5135
2020.4481 39.0738
2020.4508 36.2442
2020.4536 37.9045
2020.4563 44.7048
2020.4590 44.3850
2020.4617 42.7852
2020.4645 44.0552
2020.4672 39.6951
2020.4699 39.9448
2020.4727 38.2443
2020.4754 37.3636
2020.4781 37.3727
2020.4809 39.0715
2020.4836 39.2900
2020.4863 38.4881
2020.4891 41.0459
2020.4918 35.8033
2020.4945 36.6904
2020.4973 39.0868
2020.5000 38.6922
2020.5027 39.5665
2020.5055 39.4097
2020.5082 39.8320
2020.5109 38.3934
2020.5137 38.9740
2020.5164 38.1840
2020.5191 39.0534
2020.5219 39.2623
2020.5246 38.6107
2020.5273 35.7089
2020.5301 41.2368
2020.5328 42.4345
2020.5355 39.2022
2020.5383 47.2900
2020.5410 34.6778
2020.5437 40.2758
2020.5464 41.8042
2020.5492 39.1529
2020.5519 39.7921
2020.5546 36.1018
2020.5574 37.8222
2020.5601 40.8333
2020.5628 43.7853
2020.5656 44.6782
2020.5683 44.9020
2020.5710 42.3670
2020.5738 41.3931
2020.5765 43.4505
2020.5792 44.8193
2020.5820 47.0094
2020.5847 44.5601
2020.5874 39.5511
2020.5902 43.9226
2020.5929 43.4044
2020.5956 39.4265
2020.5984 38.0289
2020.6011 36.2315
2020.6038 35.1244
2020.6066 35.0275
2020.6093 35.7207
2020.6120 33.9441
2020.6148 34.0576
2020.6175 29.5813
2020.6202 30.4249
2020.6230 28.9387
2020.6257 29.9224
2020.6284 28.3561
2020.6311 32.6898
2020.6339 31.6534
2020.6366 34.9770
2020.6393 36.3104
2020.6421 38.2436
2020.6448 43.8467
2020.6475 47.0696
2020.6503 41.5222
2020.6530 35.4046
2020.6557 32.3567
2020.6585 35.6684
2020.6612 38.4199
2020.6639 38.6410
2020.6667 37.4818
2020.6694 39.1225
2020.6721 36.8932
2020.6749 37.4939
2020.6776 40.1346
2020.6803 42.8652
2020.6831 41.8158
2020.6858 43.0163
2020.6885 41.6369
2020.6913 39.9674
2020.6940 43.8379
2020.6967 46.8184
2020.6995 45.7689
2020.7022 36.9194
2020.7049 35.7099
2020.7077 38.9203
2020.7104 38.0008
2020.7131 36.8013
2020.7158 42.1717
2020.7186 39.7222
2020.7213 39.5827
2020.7240 37.2032
2020.7268 40.9937
2020.7295 35.9643
2020.7322 38.2948
2020.7350 36.0954
2020.7377 40.3460
2020.7404 35.7567
2020.7432 37.9974
2020.7459 37.6481
2020.7486 43.8188
2020.7514 40.4996
2020.7541 43.0706
2020.7568 40.7417
2020.7596 42.3728
2020.7623 44.1141
2020.7650 40.9055
2020.7678 43.6069
2020.7705 46.9085
2020.7732 45.1101
2020.7760 38.8719
2020.7787 42.3937
2020.7814 40.3456
2020.7842 44.1576
2020.7869 44.0596
2020.7896 44.7417
2020.7923 42.2439
2020.7951 42.4161
2020.7978 41.9285
2020.8005 40.6608
2020.8033 42.6632
2020.8060 43.5357
2020.8087 38.9882
2020.8115 44.9408
2020.8142 39.9634
2020.8169 39.3761
2020.8197 35.0887
2020.8224 35.2915
2020.8251 39.6542
2020.8279 35.6470
2020.8306 36.7598
2020.8333 42.1031
2020.8361 54.2186
2020.8388 50.2362
2020.8415 43.4958
2020.8443 55.4072
2020.8470 35.4303
2020.8497 33.1249
2020.8525 38.9910
2020.8552 33.1184
2020.8579 43.4968
2020.8634 41.3166
2020.8661 40.1876
2020.8689 38.9392
2020.8716 39.4712
2020.8743 38.4235
2020.8770 36.1659
2020.8798 33.7683
2020.8825 35.5105
2020.8852 31.1425
2020.8880 29.5740
2020.8907 31.1549
2020.8934 31.0652
2020.8962 33.6946
2020.8989 35.5329
2020.9016 35.2002
2020.9044 33.9861
2020.9071 35.5506
2020.9098 32.6636
2020.9126 38.8448
2020.9153 32.9442
2020.9180 36.6621
2020.9208 34.4187
2020.9235 36.4341
2020.9262 37.3782
2020.9290 44.5412
2020.9317 38.4929
2020.9344 39.5635
2020.9372 44.7929
2020.9399 36.9711
2020.9426 30.9682
2020.9454 42.6141
2020.9481 40.1189
2020.9508 44.6025
2020.9536 44.7450
2020.9563 44.3865
2020.9590 44.0368
2020.9617 42.3960
2020.9645 42.4542
2020.9672 43.4413
2020.9699 45.6274
2020.9727 41.8224
2020.9754 40.4463
2020.9781 44.9293
2020.9809 43.5712
2020.9836 46.4521
2020.9863 43.0320
2020.9891 43.9010
2020.9918 49.2489
2020.9945 47.7959
2020.9973 44.8620
2021.0000 48.0171
2021.0027 47.5902
2021.0055 49.2105
2021.0082 50.7382
2021.0110 47.3035
2021.0137 44.5366
2021.0164 44.5277
2021.0192 46.6170
2021.0219 42.5046
2021.0247 43.6908
2021.0274 47.2358
2021.0301 44.3097
2021.0329 43.2728
2021.0356 44.0452
2021.0384 40.4072
2021.0411 41.2789
2021.0438 41.8605
2021.0466 41.2622
2021.0493 41.1643
2021.0521 39.9869
2021.0548 39.0602
2021.0575 40.2244
2021.0603 44.3497
2021.0630 45.7363
2021.0658 41.3144
2021.0685 43.7641
2021.0712 42.0958
2021.0740 35.9995
2021.0767 38.8254
2021.0795 40.1139
2021.0822 47.1746
2021.0849 40.5756
2021.0877 39.2167
2021.0904 41.0980
2021.0932 40.0896
2021.0959 39.1015
2021.0986 43.3639
2021.1014 42.7268
2021.1041 40.2205
2021.1068 40.7149
2021.1123 43.0663
2021.1151 35.4536
2021.1178 44.9520
2021.1205 42.1917
2021.1233 45.8127
2021.1260 44.9252
2021.1288 39.4693
2021.1315 36.5850
2021.1342 38.4224
2021.1370 37.1917
2021.1397 42.3929
2021.1425 43.4862
2021.1452 45.9216
2021.1479 44.3493
2021.1507 44.7793
2021.1534 44.1617
2021.1562 47.0267
2021.1589 49.6243
2021.1616 44.2047
2021.1644 48.8070
2021.1671 42.5805
2021.1699 51.8451
2021.1726 47.6806
2021.1753 39.3371
2021.1781 42.4844
2021.1808 41.3525
2021.1836 39.4113
2021.1863 43.7607
2021.1890 50.0606
2021.1918 44.8010
2021.1945 48.6918
2021.1973 48.3328
2021.2000 47.0241
2021.2027 52.6955
2021.2055 46.9970
2021.2082 48.6085
2021.2110 45.8298
2021.2137 43.2110
2021.2164 41.9920
2021.2192 43.1226
2021.2219 41.6428
2021.2247 43.2826
2021.2274 42.0517
2021.2301 43.8003
2021.2329 47.8181
2021.2356 44.3251
2021.2384 43.3513
2021.2411 43.9265
2021.2438 47.9807
2021.2466 42.1038
2021.2493 42.2866
2021.2521 44.7892
2021.2548 40.3015
2021.2575 44.8836
2021.2603 45.4255
2021.2630 45.0473
2021.2658 43.0389
2021.2685 45.9304
2021.2712 49.5218
2021.2740 49.1631
2021.2767 49.1544
2021.2795 49.3957
2021.2822 47.9769
2021.2849 47.7882
2021.2877 48.1695
2021.2904 48.3008
2021.2932 45.3523
2021.2959 41.3638
2021.2986 45.4355
2021.3014 42.6573
2021.3041 43.6593
2021.3068 44.4115
2021.3096 47.6640
2021.3123 39.0766
2021.3151 42.4595
2021.3178 47.1327
2021.3205 44.2862
2021.3233 43.9501
2021.3260 43.7843
2021.3288 41.4988
2021.3315 39.0339
2021.3342 38.3595
2021.3370 42.5357
2021.3397 39.6524
2021.3425 38.9396
2021.3452 36.4371
2021.3479 40.0451
2021.3507 43.2534
2021.3534 42.3020
2021.3562 48.8408
2021.3589 45.7699
2021.3616 38.8491
2021.3671 51.1978
2021.3699 39.3473
2021.3726 37.1468
2021.3753 41.8462
2021.3781 45.0156
2021.3808 44.5948
2021.3836 44.6739
2021.3863 37.5327
2021.3890 57.0513
2021.3918 42.5896
2021.3945 42.2776
2021.3973 43.6952
2021.4000 44.6824
2021.4027 40.0292
2021.4055 40.2654
2021.4082 44.1411
2021.4110 47.1062
2021.4137 44.6508
2021.4164 43.7551
2021.4192 43.6493
2021.4219 45.3332
2021.4247 46.0070
2021.4274 42.3405
2021.4301 48.0238
2021.4329 48.8569
2021.4356 49.1097
2021.4384 52.0123
2021.4411 50.8446
2021.4438 50.2567
2021.4466 50.4184
2021.4493 46.8499
2021.4521 47.8310
2021.4548 51.1418
2021.4575 49.6523
2021.4603 49.2425
2021.4630 52.9023
2021.4658 51.2517
2021.4685 55.4308
2021.4712 50.6395
2021.4740 53.8578
2021.4767 50.1557
2021.4795 52.1332
2021.4822 47.7403
2021.4849 46.9869
2021.4877 47.0331
2021.4904 45.4188
2021.4932 47.4941
2021.4959 50.4289
2021.4986 53.2133
2021.5671 39.2041
2021.5699 43.4574
2021.5726 48.3807
2021.5753 47.4341
2021.5781 46.8576
2021.5808 48.7212
2021.5836 52.9249
2021.5863 45.6684
2021.5890 48.9219
2021.5918 46.2253
2021.5945 47.7987
2021.5973 47.7421
2021.6000 50.2154
2021.6027 49.2388
2021.6055 45.9622
2021.6082 46.1957
2021.6110 42.9493
2021.6137 45.1829
2021.6164 42.0367
2021.6192 49.6906
2021.6219 40.9647
2021.6247 42.5589
2021.6274 40.7733
2021.6301 40.1479
2021.6329 43.5328
2021.6356 43.2579
2021.6384 45.1633
2021.6411 47.7689
2021.6438 44.6049
2021.6466 42.6012
2021.6493 41.7078
2021.6521 41.4248
2021.6548 42.2522
2021.6575 50.5900
2021.6603 47.5682
2021.6630 45.8869
2021.6658 48.6662
2021.6685 47.2378
2021.6712 48.5017
2021.6740 44.1077
2021.6767 44.4259
2021.6795 49.1759
2021.6822 44.5978
2021.6849 46.5712
2021.6877 46.6762
2021.6904 48.5825
2021.6932 50.2300
2021.6959 51.3686
2021.6986 45.5981
2021.7014 48.0584
2021.7041 45.3094
2021.7068 48.0509
2021.7096 44.4627
2021.7123 41.4548
2021.7151 41.3170
2021.7178 48.0791
2021.7205 43.9311
2021.7233 45.6827
2021.7260 47.7539
2021.7288 47.4844
2021.7315 47.5742
2021.7342 49.3132
2021.7370 60.5710
2021.7397 47.6878
2021.7425 47.8932
2021.7452 42.1872
2021.7479 44.1696
2021.7507 42.3312
2021.7534 43.5728
2021.7562 46.8444
2021.7589 50.2261
2021.7616 52.0577
2021.7644 50.1493
2021.7671 50.6408
2021.7699 48.6923
2021.7726 47.2837
2021.7753 48.0749
2021.7781 48.4261
2021.7808 47.5670
2021.7836 45.6679
2021.7863 43.7085
2021.7890 43.2789
2021.7918 47.5091
2021.7945 49.7291
2021.7973 46.3788
2021.8000 44.7883
2021.8027 46.9274
2021.8055 47.9162
2021.8082 48.1947
2021.8110 46.9829
2021.8137 47.1307
2021.8164 47.4781
2021.8192 43.3651
2021.8219 46.6117
2021.8247 44.3379
2021.8274 43.1936
2021.8301 52.6488
2021.8329 34.8935
2021.8356 43.8478
2021.8384 39.3817
2021.8411 41.1351
2021.8438 43.0981
2021.8466 44.3607
2021.8493 44.8729
2021.8521 40.3648
2021.8548 40.7764
2021.8575 54.8476
2021.8603 53.1085
2021.8630 46.1292
2021.8658 45.7295
2021.8685 43.2696
2021.8712 42.3295
2021.8740 40.3292
2021.8767 44.7486
2021.8795 41.6679
2021.8822 43.8270
2021.8849 42.7460
2021.8904 41.9835
2021.8932 44.9821
2021.8959 44.8206
2021.8986 42.9691
2021.9014 43.9775
2021.9041 45.6259
2021.9068 47.9443
2021.9096 47.2927
2021.9123 46.6511
2021.9151 49.2595
2021.9178 53.5281
2021.9205 52.8069
2021.9233 51.1158
2021.9260 52.3748
2021.9288 53.6739
2021.9315 47.1229
2021.9342 48.5719
2021.9370 48.1208
2021.9397 50.0296
2021.9425 43.4581
2021.9452 47.4964
2021.9479 44.8643
2021.9507 47.0619
2021.9534 48.5091
2021.9562 44.8958
2021.9589 45.9821
2021.9616 47.0177
2021.9644 48.5327
2021.9671 49.3371
2021.9699 46.8307
2021.9726 42.9635
2021.9753 47.4056
2021.9781 48.6267
2021.9808 49.7670
2021.9836 53.4263
2021.9863 54.2645
2021.9890 50.4017
2021.9918 51.4877
2021.9945 48.4725
2021.9973 49.3962
2022.0000 50.7885
2022.0027 50.4195
2022.0055 48.0890
2022.0137 50.2901
2022.0164 48.2649
2022.0192 49.9187
2022.0219 51.2516
2022.0247 51.6337
2022.0274 49.1851
2022.0301 46.4858
2022.0329 45.7560
2022.0356 44.2757
2022.0384 44.1050
2022.0411 46.4340
2022.0438 46.1728
2022.0466 48.5115
2022.0493 48.5301
2022.0521 45.0388
2022.0548 58.1975
2022.0575 46.3765
2022.0603 38.5157
2022.0630 44.2954
2022.0658 48.4855
2022.0685 49.3261
2022.0712 45.0873
2022.0740 44.2193
2022.0767 47.4521
2022.0795 52.9457
2022.0822 55.7101
2022.0849 46.5141
2022.0877 48.6575
2022.0904 48.6005
2022.0932 51.3931
2022.0959 51.6555
2022.0986 49.7576
2022.1014 48.0296
2022.1041 39.4616
2022.1068 54.7036
2022.1096 47.8157
2022.1123 51.3380
2022.1151 51.7606
2022.1178 53.4136
2022.1205 52.5470
2022.1233 51.1810
2022.1260 45.5855
2022.1288 54.1008
2022.1315 52.9368
2022.1342 53.8136
2022.1370 47.9215
2022.1397 60.8903
2022.1425 50.7902
2022.1452 48.2913
2022.1479 46.5137
2022.1507 48.9774
2022.1534 56.8625
2022.1562 54.6491
2022.1589 51.3173
2022.1616 46.4972
2022.1644 48.6983
2022.1671 50.1100
2022.1699 51.9923
2022.1726 52.4851
2022.1753 53.1585
2022.1781 54.9724
2022.1808 50.6967
2022.1836 51.6815
2022.1863 50.5166
2022.1890 56.5621
2022.1918 47.7779
2022.1945 50.0739
2022.1973 49.0502
2022.2000 47.9167
2022.2027 45.7533
2022.2055 49.7500
2022.2082 48.1169
2022.2110 53.6937
2022.2137 55.0806
2022.2164 56.5475
2022.2192 48.0543
2022.2219 51.7910
2022.2247 52.5175
2022.2274 51.6639
2022.2301 48.7701
2022.2329 49.1960
2022.2356 49.5717
2022.2384 47.4270
2022.2411 50.4619
2022.2438 50.8965
2022.2466 54.9307
2022.2493 47.7447
2022.2521 52.9286
2022.2548 50.6224
2022.2575 47.5261
2022.2603 44.4698
2022.2630 47.8933
2022.2658 49.1369
2022.2685 47.6103
2022.2712 44.8738
2022.2740 46.7572
2022.2767 49.8605
2022.2795 49.0539
2022.2822 49.5973
2022.2849 49.1306
2022.2877 49.2540
2022.2904 51.0074
2022.2932 47.6609
2022.2959 47.7343
2022.2986 47.1879
2022.3014 48.2814
2022.3041 39.0551
2022.3068 38.1988
2022.3534 45.2737
2022.3562 45.6325
2022.3589 47.7416
2022.3616 50.9710
2022.3644 49.2208
2022.3671 49.6808
2022.3699 45.7312
2022.3726 47.7117
2022.3753 48.0326
2022.3781 46.5436
2022.3808 38.9849
2022.3836 45.0264
2022.3863 52.1381
2022.3890 52.7699
2022.3918 48.4619
2022.3945 49.6440
2022.3973 51.8363
2022.4000 46.5987
2022.4027 51.8811
2022.4055 54.4137
2022.4082 49.0763
2022.4110 50.8189
2022.4137 55.7017
2022.4164 48.3353
2022.4192 50.4097
2022.4219 52.7149
2022.4247 48.7508
2022.4274 49.2674
2022.4301 47.3946
2022.4329 53.8423
2022.4356 52.3305
2022.4384 46.9992
2022.4411 54.1382
2022.4438 52.7875
2022.4466 50.1771
2022.4493 46.3368
2022.4521 42.6067
2022.4548 44.4466
2022.4575 41.2766
2022.4603 40.0765
2022.4630 46.5863
2022.4658 48.6959
2022.4685 45.5853
2022.4712 47.3144
2022.4740 50.8031
2022.4767 55.0115
2022.4795 54.0494
2022.4822 54.0467
2022.4849 48.6735
2022.4877 49.5596
2022.4904 49.6850
2022.4932 49.1797
2022.4959 45.4836
2022.4986 48.9462
2022.5014 48.2575
2022.5041 49.6075
2022.5068 51.0763
2022.5096 54.4840
2022.5123 53.0607
2022.5151 56.8866
2022.5178 56.1616
2022.5205 55.0660
2022.5233 55.8897
2022.5260 52.9930
2022.5288 52.7759
2022.5315 56.0086
2022.5342 59.7710
2022.5370 50.8734
2022.5397 54.9059
2022.5425 52.7484
2022.5452 51.5712
2022.5479 49.0443
2022.5507 48.7978
2022.5534 50.5519
2022.5562 45.4967
2022.5589 47.0221
2022.5616 53.2684
2022.5644 49.9257
2022.5671 55.8840
2022.5699 49.3834
2022.5726 45.8141
2022.5753 46.3162
2022.5781 46.3697
2022.5808 46.0747
2022.5836 46.3007
2022.5863 49.8569
2022.5890 50.0733
2022.5918 49.7000
2022.5945 52.2669
2022.5973 60.4340
2022.6000 52.4713
2022.6027 51.0389
2022.6055 52.8567
2022.6082 57.7147
2022.6110 54.0829
2022.6137 46.7313
2022.6164 46.1999
2022.6192 49.2687
2022.6219 47.6978
2022.6247 49.3970
2022.6274 49.6564
2022.6301 48.0661
2022.6329 45.1759
2022.6356 49.9759
2022.6384 54.1661
2022.6411 53.4966
2022.6438 52.1672
2022.6466 47.9979
2022.6493 48.3289
2022.6521 49.7900
2022.6548 51.8814
2022.6575 53.3229
2022.6603 56.8945
2022.6630 50.2964
2022.6658 54.9884
2022.6685 53.3707
2022.6712 52.9232
2022.6740 48.9558
2022.6767 48.8987
2022.6795 51.8118
2022.6822 55.6550
2022.6849 57.3183
2022.6877 55.1918
2022.6904 48.8653
2022.6932 55.7889
2022.6959 52.9026
2022.6986 59.8663
2022.7014 54.7700
2022.7041 51.2238
2022.7068 51.6675
2022.7096 49.0611
2022.7123 51.9548
2022.7151 52.8083
2022.7178 54.2817
2022.7205 59.8051
2022.7233 44.2583
2022.7260 54.2913
2022.7288 49.3242
2022.7315 52.7969
2022.7342 52.4794
2022.7370 56.1216
2022.7397 62.6037
2022.7425 57.2754
2022.7452 55.5569
2022.7479 54.3580
2022.7507 51.7289
2022.7534 49.3695
2022.7562 49.9397
2022.7589 52.3698
2022.7616 48.9695
2022.7644 49.3891
2022.7671 54.3984
2022.7699 55.9476
2022.7726 58.1565
2022.7753 52.9353
2022.7781 56.3940
2022.7808 51.7725
2022.7836 51.5309
2022.7863 58.1992
2022.7890 54.2875
2022.7918 65.3156
2022.7945 51.1938
2022.7973 51.5919
2022.8000 51.6199
2022.8027 51.8480
2022.8055 51.2861
2022.8082 51.2443
2022.8110 49.1325
2022.8137 49.7908
2022.8164 50.7091
2022.8192 50.7976
2022.8219 47.5062
2022.8247 47.2949
2022.8274 47.1138
2022.8301 50.5129
2022.8329 46.0522
2022.8356 42.1321
2022.8384 49.7628
2022.8411 47.7341
2022.8438 53.8860
2022.8466 50.6285
2022.8493 37.6914
2022.8521 52.7348
2022.8548 47.8586
2022.8575 48.6127
2022.8603 50.4571
2022.8630 43.6317
2022.8658 51.7666
2022.8685 54.8215
2022.8712 58.0166
2022.8740 50.1917
2022.8767 51.7568
2022.8795 52.8718
2022.8822 49.2667
2022.8849 50.4315
2022.8877 54.2860
2022.8904 52.5303
2022.8932 55.4842
2022.8959 51.4578
2022.8986 51.2310
2022.9014 48.4837
2022.9041 49.4659
2022.9068 50.4276
2022.9096 49.7186
2022.9123 47.3389
2022.9151 50.6786
2022.9178 50.0362
2022.9205 50.8306
2022.9233 52.6517
2022.9260 49.0698
2022.9288 48.6850
2022.9315 52.3173
2022.9342 49.5768
2022.9370 51.3836
2022.9397 53.3579
2022.9425 55.3997
2022.9452 52.1591
2022.9479 52.2163
2022.9507 52.9113
2022.9534 51.5742
2022.9562 51.6952
2022.9589 50.8443
2022.9616 52.8916
2022.9644 51.7273
2022.9671 52.0315
2022.9699 47.7041
2022.9726 59.7955
2022.9753 49.6655
2022.9781 50.6344
2022.9808 51.8223
2022.9836 48.5491
2022.9863 50.4552
2022.9890 51.0004
2022.9918 48.0451
2022.9945 47.6591
2022.9973 47.7527
2023.0000 50.5860
