2016.9208 -0.3901
2016.9235 6.6311
2016.9262 8.8003
2016.9290 5.3276
2016.9317 3.5332
2016.9344 2.4672
2016.9372 2.5198
2016.9399 3.6611
2016.9426 3.7214
2016.9454 4.8207
2016.9481 7.2492
2016.9508 4.5671
2016.9536 2.9344
2016.9563 7.1715
2016.9590 7.6583
2016.9617 5.6151
2016.9645 -1.2479
2016.9672 1.7893
2016.9699 4.2169
2016.9727 5.5451
2016.9754 2.3141
2016.9781 -0.3160
2016.9809 1.0248
2016.9836 4.6469
2016.9863 1.5104
2016.9891 -1.1847
2016.9918 0.5519
2016.9945 0.7103
2016.9973 2.7006
2017.0000 1.6931
2017.0027 -1.2726
2017.0055 -0.9969
2017.0082 -0.4698
2017.0110 0.3086
2017.0137 1.7181
2017.0164 1.8186
2017.0192 0.9302
2017.0219 2.2925
2017.0247 2.4756
2017.0274 -0.3306
2017.0301 -0.1463
2017.0329 -0.6816
2017.0356 -0.8265
2017.0384 -1.2812
2017.0411 -3.9157
2017.0438 -2.8203
2017.0466 -2.3049
2017.0493 -4.5696
2017.0521 0.0053
2017.0548 0.0499
2017.0575 -4.4561
2017.0603 -1.3826
2017.0630 -1.7398
2017.0658 6.7423
2017.0685 3.5334
2017.0712 5.5435
2017.0740 5.8525
2017.0767 4.3403
2017.0795 4.9469
2017.0822 6.2318
2017.0849 3.9038
2017.0877 4.5530
2017.0904 6.3496
2017.0932 4.1738
2017.0959 2.2558
2017.0986 3.9058
2017.1014 2.3042
2017.1041 4.6310
2017.1068 9.3065
2017.1096 6.6409
2017.1123 6.8146
2017.1151 12.7776
2017.1178 6.1501
2017.1205 6.5925
2017.1233 10.1350
2017.1260 6.1277
2017.1288 8.8909
2017.1315 5.7249
2017.1342 6.4597
2017.1370 7.0357
2017.1397 11.5631
2017.1425 7.1521
2017.1452 10.6430
2017.1479 5.2158
2017.1507 8.7009
2017.1534 5.2085
2017.1562 4.1289
2017.1589 5.0321
2017.1616 4.5485
2017.1644 0.4787
2017.1671 1.5628
2017.1699 5.5105
2017.1726 4.3917
2017.1753 4.9560
2017.1781 7.3133
2017.1808 10.0832
2017.1836 6.5355
2017.1863 7.0099
2017.1890 8.3962
2017.1918 8.3842
2017.1945 10.5435
2017.1973 7.8639
2017.2000 4.8452
2017.2027 10.2871
2017.2055 6.1293
2017.2082 8.3416
2017.2110 12.6438
2017.2137 -2.8745
2017.2164 13.0765
2017.2192 11.0066
2017.2219 5.3054
2017.2247 0.2929
2017.2274 11.4786
2017.2301 -1.5277
2017.2329 0.0638
2017.2356 -0.1172
2017.2384 3.6491
2017.2411 7.6024
2017.2438 3.9725
2017.2466 9.0390
2017.2493 12.3322
2017.2521 11.0023
2017.2548 10.0396
2017.2575 9.7543
2017.2603 16.4167
2017.2630 14.1470
2017.2658 16.6155
2017.2685 7.8224
2017.2712 10.6679
2017.2740 10.9424
2017.2767 9.8561
2017.2795 10.6193
2017.2822 4.2821
2017.2849 9.4049
2017.2877 13.2079
2017.2904 14.1413
2017.2932 10.9654
2017.2959 10.0405
2017.2986 9.1568
2017.3014 5.8046
2017.3041 10.4140
2017.3068 18.2755
2017.3096 13.9592
2017.3123 12.8353
2017.3151 13.0942
2017.3178 10.0260
2017.3205 10.8511
2017.3233 8.7196
2017.3260 10.5219
2017.3288 9.8982
2017.3315 11.3675
2017.3342 9.8986
2017.3370 5.8114
2017.3397 8.1957
2017.3425 8.6015
2017.3452 12.0085
2017.3479 6.2668
2017.3507 26.1261
2017.3534 13.3264
2017.3562 14.4376
2017.3589 15.6395
2017.3616 12.6320
2017.3644 17.1050
2017.3671 15.7084
2017.3699 11.0021
2017.3726 13.6060
2017.3753 18.1098
2017.3781 10.6636
2017.3808 8.5772
2017.3890 7.0857
2017.3918 8.4874
2017.3945 6.1083
2017.3973 10.4783
2017.4000 8.2073
2017.4027 19.3052
2017.4082 7.1172
2017.4247 4.7692
2017.4274 3.5355
2017.4411 3.2759
2017.4466 1.1710
2017.4493 -4.7566
2017.4521 1.9758
2017.4603 -0.2259
2017.4712 1.5419
2017.4767 12.0257
2017.4849 0.1950
2017.4986 11.4744
2017.5233 10.2610
2017.5315 11.9151
2017.5342 14.1947
2017.5370 13.9549
2017.5397 14.7055
2017.5425 11.2564
2017.5452 9.3574
2017.5479 5.9685
2017.5507 3.5494
2017.5534 8.2101
2017.5562 5.8803
2017.5589 2.7801
2017.5616 3.8191
2017.5644 1.6573
2017.5671 5.1246
2017.5699 4.0507
2017.5726 9.2656
2017.5753 14.9392
2017.5781 20.0112
2017.5808 14.9116
2017.5836 9.0897
2017.5863 6.4254
2017.5890 8.1187
2017.5918 4.5398
2017.5945 4.3190
2017.5973 6.0164
2017.6000 1.6522
2017.6027 6.2767
2017.6055 -0.0901
2017.6082 2.7720
2017.6110 7.2133
2017.6137 7.4840
2017.6164 9.2142
2017.6192 11.0541
2017.6219 7.5639
2017.6247 10.0938
2017.6274 9.8640
2017.6301 7.3046
2017.6329 9.3359
2017.6356 11.1480
2017.6384 12.8011
2017.6411 9.0754
2017.6438 12.3011
2017.6466 11.5084
2017.6493 13.2775
2017.6521 19.2085
2017.6548 19.6716
2017.6575 16.4571
2017.6603 13.7351
2017.6630 15.8958
2017.6658 7.1600
2017.6685 9.2316
2017.6712 7.2609
2017.6740 -2.3628
2017.6767 8.0202
2017.6795 -2.4808
2017.6822 11.3437
2017.6849 6.0632
2017.6877 6.4371
2017.6904 12.5751
2017.6932 14.8264
2017.6959 19.1106
2017.6986 13.5172
2017.7014 13.6157
2017.7041 10.5654
2017.7068 18.6159
2017.7096 11.3368
2017.7123 7.9373
2017.7151 2.0170
2017.7178 10.3555
2017.7205 11.8421
2017.7233 3.7364
2017.7260 3.3477
2017.7288 6.7557
2017.7315 14.4397
2017.7342 6.7692
2017.7370 15.9037
2017.7397 13.7228
2017.7425 12.0858
2017.7452 4.7522
2017.7507 6.5570
2017.7534 6.0820
2017.7562 7.8064
2017.7589 6.5503
2017.7616 10.8035
2017.7644 7.3259
2017.7671 11.5875
2017.7699 8.4282
2017.7726 11.4680
2017.7753 16.5868
2017.7781 10.8046
2017.7808 12.4512
2017.7836 11.0366
2017.7863 10.4408
2017.7890 4.7736
2017.7918 2.7651
2017.7945 4.1551
2017.7973 7.0736
2017.8000 9.9105
2017.8027 6.2258
2017.8055 13.2594
2017.8082 8.0012
2017.8110 11.9412
2017.8137 8.5192
2017.8164 7.6953
2017.8192 12.4294
2017.8219 9.3514
2017.8247 16.1912
2017.8274 15.1689
2017.8301 9.4842
2017.8329 10.1674
2017.8356 8.7797
2017.8384 8.3813
2017.8411 8.7123
2017.8438 11.1427
2017.8466 12.3326
2017.8493 12.6021
2017.8521 8.5411
2017.8548 10.0898
2017.8575 5.1181
2017.8603 15.5662
2017.8630 13.4541
2017.8658 11.9818
2017.8685 12.2693
2017.8712 13.2168
2017.8740 11.4843
2017.8767 9.7418
2017.8795 10.7194
2017.8822 7.3571
2017.8849 5.8550
2017.8877 4.6031
2017.8904 6.0915
2017.8932 10.1302
2017.8959 9.1093
2017.8986 9.2788
2017.9014 6.2287
2017.9041 6.2192
2017.9068 11.1603
2017.9096 9.9920
2017.9123 1.3043
2017.9151 6.7874
2017.9178 7.6216
2017.9205 6.0672
2017.9233 11.8841
2017.9260 6.8122
2017.9288 9.8713
2017.9315 7.7113
2017.9342 8.6820
2017.9370 9.9634
2017.9397 7.6853
2017.9425 7.6475
2017.9452 6.2400
2017.9479 5.0826
2017.9507 3.2152
2017.9534 7.9375
2017.9562 6.0296
2017.9589 8.5313
2017.9616 8.8924
2017.9644 6.7928
2017.9671 10.0424
2017.9699 8.7010
2017.9726 6.6185
2017.9753 5.4348
2017.9781 7.6498
2017.9808 11.4932
2017.9836 9.1051
2017.9863 3.3251
2017.9890 3.6033
2017.9918 8.0995
2017.9945 5.6635
2017.9973 3.0153
2018.0000 5.0346
2018.0027 4.0125
2018.0055 5.3499
2018.0082 0.8669
2018.0110 1.8335
2018.0137 2.8098
2018.0164 2.6558
2018.0192 4.7515
2018.0219 8.5168
2018.0247 8.1119
2018.0274 5.4568
2018.0301 3.9015
2018.0329 6.6760
2018.0356 7.1703
2018.0384 7.7445
2018.0411 5.8586
2018.0438 7.4125
2018.0466 8.3265
2018.0493 12.7203
2018.0521 11.3142
2018.0548 11.7780
2018.0575 10.4719
2018.0603 13.2159
2018.0630 12.3999
2018.0658 10.4740
2018.0685 12.5283
2018.0712 10.8527
2018.0740 10.1772
2018.0767 9.4620
2018.0795 6.6270
2018.0822 10.5822
2018.0849 12.4673
2018.0877 10.9822
2018.0904 8.6971
2018.0932 9.0918
2018.0959 4.0065
2018.0986 8.7312
2018.1014 9.9958
2018.1041 10.8004
2018.1068 7.5151
2018.1096 11.5198
2018.1123 8.7046
2018.1151 12.1895
2018.1178 12.2645
2018.1205 11.7797
2018.1233 15.3850
2018.1260 7.3605
2018.1288 10.4863
2018.1315 9.5822
2018.1342 5.7185
2018.1370 7.1350
2018.1397 7.3418
2018.1425 11.4290
2018.1452 2.9165
2018.1479 7.6644
2018.1507 7.2026
2018.1534 6.5113
2018.1562 6.1005
2018.1589 7.9301
2018.1616 8.1402
2018.1644 10.2846
2018.1671 10.6367
2018.1699 9.8860
2018.1726 6.3721
2018.1753 8.3944
2018.1781 8.5527
2018.1808 5.4964
2018.1836 11.4251
2018.1863 7.8284
2018.1890 4.6058
2018.1918 6.0369
2018.1945 8.1212
2018.1973 4.8884
2018.2000 4.8079
2018.2027 6.4793
2018.2055 6.5522
2018.2082 6.6762
2018.2110 8.3907
2018.2137 11.4755
2018.2164 7.4999
2018.2192 16.2736
2018.2219 4.6262
2018.2247 2.8672
2018.2274 4.0462
2018.2301 5.3827
2018.2329 6.7162
2018.2356 -2.5436
2018.2384 9.2729
2018.2411 11.7851
2018.2438 8.1626
2018.2466 8.7157
2018.2493 7.5683
2018.2521 15.2512
2018.2548 7.8641
2018.2575 6.2772
2018.2603 5.7903
2018.2630 9.1834
2018.2658 6.9765
2018.2685 8.1096
2018.2712 9.6025
2018.2740 19.9153
2018.2767 17.5579
2018.2795 18.1003
2018.2822 12.0024
2018.2849 11.6942
2018.2877 16.8857
2018.2904 14.0167
2018.2932 16.8874
2018.2959 10.8576
2018.2986 15.7973
2018.3014 11.5764
2018.3041 12.8450
2018.3068 14.0229
2018.3096 11.1602
2018.3123 9.6067
2018.3151 14.0825
2018.3178 7.3375
2018.3205 14.1917
2018.3233 9.6951
2018.3260 7.4075
2018.3288 11.7390
2018.3315 8.7698
2018.3342 12.5604
2018.3370 10.9306
2018.3397 11.2306
2018.3425 17.8704
2018.3452 6.1099
2018.3479 11.5192
2018.3507 12.6482
2018.3534 13.1671
2018.3562 14.5757
2018.3589 12.3241
2018.3616 9.5123
2018.3644 17.8303
2018.3671 15.1082
2018.3699 11.0159
2018.3726 15.5035
2018.3753 15.1709
2018.3781 12.4981
2018.3808 15.9453
2018.3836 8.0723
2018.3863 9.3192
2018.3890 5.4560
2018.3918 8.2628
2018.3945 6.3494
2018.3973 8.7760
2018.4000 9.8025
2018.4027 11.1989
2018.4055 9.5854
2018.4082 10.8917
2018.4110 12.0681
2018.4137 9.3443
2018.4247 8.5277
2018.4274 4.6386
2018.4411 6.3541
2018.4438 11.1521
2018.4548 0.8642
2018.4740 -2.2625
2018.4767 2.3915
2018.4795 11.5566
2018.4822 11.8531
2018.4877 7.5805
2018.4904 5.6515
2018.4932 -0.0956
2018.4986 0.1357
2018.5014 6.7644
2018.5041 5.6450
2018.5068 8.3074
2018.5096 -1.3585
2018.5123 7.6972
2018.5233 13.1631
2018.5260 18.2149
2018.5288 9.4676
2018.5315 10.8510
2018.5342 13.2151
2018.5370 18.8598
2018.5397 8.7949
2018.5425 6.2003
2018.5534 21.3929
2018.5562 23.5782
2018.5589 23.9832
2018.5616 22.3378
2018.5699 17.6474
2018.5726 7.1790
2018.5753 12.4794
2018.5781 10.4888
2018.5808 11.5169
2018.5836 15.7741
2018.5863 15.9607
2018.5890 17.3468
2018.5918 17.1525
2018.5945 20.4277
2018.5973 16.1625
2018.6000 11.3369
2018.6027 11.9311
2018.6055 16.4250
2018.6082 5.5086
2018.6110 8.5820
2018.6137 7.0253
2018.6164 13.3084
2018.6192 5.6914
2018.6219 7.1244
2018.6247 9.4874
2018.6274 8.4404
2018.6301 11.6434
2018.6329 11.1966
2018.6356 8.9698
2018.6384 4.8033
2018.6411 12.4870
2018.6438 8.6209
2018.6466 7.4951
2018.6493 4.3596
2018.6521 1.6645
2018.6548 6.7098
2018.6575 7.4555
2018.6603 10.9618
2018.6630 5.7785
2018.6658 5.4162
2018.6685 16.9879
2018.6712 17.0338
2018.6740 14.9736
2018.6767 20.5769
2018.6822 19.4331
2018.6849 16.9654
2018.6877 12.9700
2018.6904 12.3168
2018.6932 9.7753
2018.6959 8.7853
2018.6986 6.9565
2018.7014 9.0186
2018.7041 6.7213
2018.7068 4.5743
2018.7096 5.6173
2018.7123 5.2500
2018.7151 5.2220
2018.7178 5.8432
2018.7205 10.3932
2018.7233 10.5817
2018.7260 10.0683
2018.7288 7.4629
2018.7315 9.1951
2018.7342 -0.2254
2018.7370 11.4611
2018.7397 13.2643
2018.7452 15.2497
2018.7479 15.4613
2018.7507 19.3878
2018.7534 13.5888
2018.7562 10.2648
2018.7589 12.7961
2018.7616 12.0631
2018.7644 11.9861
2018.7671 15.3256
2018.7699 12.2419
2018.7726 11.9854
2018.7753 12.8764
2018.7781 12.3154
2018.7808 13.7028
2018.7836 16.7689
2018.7863 13.3240
2018.7890 12.6086
2018.7918 13.2431
2018.7945 15.5578
2018.7973 7.8531
2018.8000 13.1093
2018.8027 14.8070
2018.8055 13.7163
2018.8082 9.4278
2018.8110 21.3118
2018.8137 20.9886
2018.8164 14.7087
2018.8192 15.5324
2018.8219 19.1701
2018.8247 8.0823
2018.8274 8.4891
2018.8301 15.6211
2018.8329 4.9681
2018.8356 8.5572
2018.8384 8.2778
2018.8411 9.3097
2018.8438 13.7429
2018.8466 13.3673
2018.8493 11.0628
2018.8521 8.7992
2018.8548 9.5365
2018.8575 8.2745
2018.8603 15.0132
2018.8630 10.8925
2018.8658 11.2521
2018.8685 11.9121
2018.8712 11.6424
2018.8740 8.9328
2018.8767 9.7432
2018.8795 11.4135
2018.8822 12.6436
2018.8849 12.6335
2018.8877 11.5729
2018.8904 12.6019
2018.8932 12.3502
2018.8959 10.2679
2018.8986 7.5747
2018.9014 10.3506
2018.9041 9.9755
2018.9068 6.6393
2018.9096 -4.6781
2018.9123 0.2031
2018.9151 6.1729
2018.9178 14.2227
2018.9205 7.2441
2018.9233 7.1968
2018.9260 2.6006
2018.9288 10.2553
2018.9315 10.7006
2018.9342 8.7763
2018.9370 7.7622
2018.9397 7.3681
2018.9425 4.0937
2018.9452 8.4987
2018.9479 6.2231
2018.9507 9.4665
2018.9534 8.1287
2018.9562 8.0594
2018.9589 6.2186
2018.9616 7.5358
2018.9644 7.5310
2018.9671 8.6138
2018.9699 7.7741
2018.9726 5.8316
2018.9753 11.0161
2018.9781 9.2773
2018.9808 8.7151
2018.9836 7.8992
2018.9863 8.7693
2018.9890 10.7553
2018.9918 14.6469
2018.9945 12.2339
2018.9973 13.1661
2019.0000 12.9032
2019.0027 10.0477
2019.0055 7.5921
2019.0082 12.3966
2019.0110 11.5310
2019.0137 13.4653
2019.0164 11.0697
2019.0192 10.4840
2019.0219 8.5483
2019.0247 3.7826
2019.0274 8.3069
2019.0301 9.1412
2019.0329 10.7555
2019.0356 8.8397
2019.0384 9.7439
2019.0411 20.7782
2019.0438 19.8224
2019.0466 22.0366
2019.0493 19.8009
2019.0521 19.0151
2019.0548 20.0393
2019.0575 18.2136
2019.0603 16.1578
2019.0630 22.2720
2019.0658 21.0563
2019.0685 18.0905
2019.0712 19.2648
2019.0740 19.8991
2019.0767 18.7534
2019.0795 15.3177
2019.0822 16.4921
2019.0849 17.9864
2019.0877 17.5007
2019.0904 19.9451
2019.0932 10.9894
2019.0959 26.7437
2019.0986 26.1781
2019.1014 19.3624
2019.1041 19.2168
2019.1068 18.2711
2019.1096 19.0554
2019.1123 24.8398
2019.1151 23.1741
2019.1178 19.6985
2019.1205 19.1728
2019.1233 19.3172
2019.1260 20.3816
2019.1288 13.8459
2019.1315 14.4203
2019.1342 13.7747
2019.1370 13.6690
2019.1397 12.6834
2019.1425 12.3578
2019.1452 13.5422
2019.1479 13.5466
2019.1507 13.3810
2019.1534 15.7354
2019.1562 17.5498
2019.1589 14.7643
2019.1616 17.7387
2019.1644 11.7547
2019.1671 17.5736
2019.1699 18.7153
2019.1726 19.4397
2019.1753 16.5468
2019.1781 14.5565
2019.1808 18.5386
2019.1836 19.5831
2019.1863 21.0899
2019.1890 22.1589
2019.1918 23.3801
2019.1945 21.2032
2019.1973 17.1483
2019.2000 21.4052
2019.2027 12.7239
2019.2055 21.3042
2019.2082 14.0761
2019.2110 27.0795
2019.2137 19.6843
2019.2164 23.3504
2019.2192 23.7477
2019.2219 22.0862
2019.2247 22.3656
2019.2274 23.1561
2019.2301 25.8474
2019.2329 21.9194
2019.2356 20.8722
2019.2384 23.0455
2019.2411 25.8293
2019.2438 20.7936
2019.2466 26.6185
2019.2493 27.0159
2019.2521 23.8958
2019.2548 22.3682
2019.2575 19.9627
2019.2603 26.0093
2019.2630 26.3577
2019.2658 31.5977
2019.2685 32.9992
2019.2712 20.0319
2019.2740 24.1156
2019.2767 24.1602
2019.2795 24.8555
2019.2822 21.1213
2019.2849 27.7673
2019.2877 23.2934
2019.2904 22.9394
2019.2932 23.0251
2019.2959 22.4703
2019.2986 22.4748
2019.3014 19.5284
2019.3041 23.2110
2019.3068 31.2622
2019.3096 21.6421
2019.3123 15.6803
2019.3151 14.7866
2019.3178 21.9609
2019.3205 19.2230
2019.3233 22.4826
2019.3260 20.9396
2019.3288 22.0538
2019.3315 21.0863
2019.3342 35.4785
2019.3370 27.4601
2019.3397 26.9414
2019.3425 28.1221
2019.3452 23.9124
2019.3479 27.4222
2019.3507 16.7114
2019.3534 22.6101
2019.3562 26.6083
2019.3589 27.4858
2019.3616 30.0728
2019.3644 28.6291
2019.3671 22.3348
2019.3699 24.9399
2019.3726 25.0742
2019.3753 23.2679
2019.3781 25.8508
2019.3808 25.7030
2019.3836 21.0245
2019.3863 21.6951
2019.3890 18.1150
2019.3918 19.6441
2019.3945 16.9523
2019.3973 15.4697
2019.4000 15.7962
2019.4027 18.9918
2019.4055 16.3665
2019.4082 13.3803
2019.4110 17.1231
2019.4137 20.2550
2019.4164 19.3966
2019.4192 19.5980
2019.4219 29.4590
2019.4247 20.0098
2019.4274 18.7602
2019.4301 16.1504
2019.4329 14.8501
2019.4356 21.4996
2019.4384 17.1786
2019.4411 20.8972
2019.4438 18.7655
2019.4466 11.3333
2019.4493 17.3907
2019.4521 24.9976
2019.4548 18.9341
2019.4575 18.4901
2019.4603 19.5055
2019.4630 18.8405
2019.4658 17.3949
2019.4685 19.8088
2019.4712 21.7021
2019.4740 21.3348
2019.4767 23.4669
2019.4795 23.8485
2019.4822 22.7794
2019.4849 22.4396
2019.4877 23.6292
2019.4904 23.4381
2019.4932 22.3163
2019.4959 21.3738
2019.4986 24.8208
2019.5014 21.6574
2019.5041 16.3737
2019.5068 25.1496
2019.5096 23.0852
2019.5123 17.9905
2019.5151 17.1854
2019.5178 21.1201
2019.5205 23.8944
2019.5233 24.1985
2019.5260 30.2423
2019.5288 24.3359
2019.5315 24.8191
2019.5342 26.3022
2019.5370 25.8750
2019.5397 20.0176
2019.5425 24.6699
2019.5452 25.5221
2019.5479 22.9541
2019.5507 21.4258
2019.5534 23.9474
2019.5562 21.9689
2019.5589 24.4102
2019.5616 27.1813
2019.5644 25.7523
2019.5671 26.9531
2019.5699 28.3539
2019.5726 27.8145
2019.5753 24.9550
2019.5781 21.9255
2019.5808 22.8158
2019.5836 23.5555
2019.5863 26.5939
2019.5890 23.8311
2019.5918 25.4872
2019.5945 22.8224
2019.5973 25.3266
2019.6000 22.7801
2019.6027 22.4228
2019.6055 22.2750
2019.6082 26.3566
2019.6110 29.3578
2019.6137 25.9187
2019.6164 27.2394
2019.6192 21.6099
2019.6219 20.6504
2019.6247 31.2009
2019.6274 24.3616
2019.6301 22.1925
2019.6329 24.1038
2019.6356 26.4154
2019.6384 23.9076
2019.6411 23.6905
2019.6438 23.6940
2019.6466 27.0783
2019.6493 26.3235
2019.6521 25.9997
2019.6548 22.9270
2019.6575 21.2355
2019.6603 18.8153
2019.6630 16.8864
2019.6658 21.3891
2019.6685 22.4637
2019.6712 29.8903
2019.6740 24.0488
2019.6767 29.6692
2019.6795 20.1613
2019.6822 21.3952
2019.6849 20.4207
2019.6877 14.9078
2019.6904 17.5564
2019.6932 29.6465
2019.6959 24.8079
2019.6986 23.0806
2019.7014 23.8146
2019.7041 23.7798
2019.7068 28.5960
2019.7096 31.7734
2019.7123 30.1516
2019.7151 25.9608
2019.7178 29.9909
2019.7205 31.0217
2019.7233 26.6132
2019.7260 29.6453
2019.7288 32.3080
2019.7315 35.6813
2019.7342 32.2049
2019.7370 28.6390
2019.7397 27.5233
2019.7425 29.0579
2019.7452 32.0526
2019.7479 35.3574
2019.7507 37.1635
2019.7534 32.5618
2019.7562 32.1421
2019.7589 31.6244
2019.7616 28.3983
2019.7644 29.0139
2019.7671 31.9408
2019.7699 31.5090
2019.7726 28.8583
2019.7753 27.3685
2019.7781 28.5995
2019.7808 37.5511
2019.7836 27.1732
2019.7863 26.2655
2019.7890 25.0580
2019.7918 30.5304
2019.7945 34.4626
2019.7973 35.0145
2019.8000 28.0559
2019.8027 29.6766
2019.8055 17.6064
2019.8082 22.0153
2019.8110 18.8029
2019.8137 16.4093
2019.8164 17.6342
2019.8192 23.6874
2019.8219 24.8489
2019.8247 23.8284
2019.8274 20.8657
2019.8301 16.5308
2019.8329 19.9336
2019.8356 24.0748
2019.8384 25.1747
2019.8411 23.6632
2019.8438 26.0704
2019.8466 23.5363
2019.8493 22.4510
2019.8521 23.1344
2019.8548 28.6466
2019.8575 20.4876
2019.8603 22.4575
2019.8630 32.6762
2019.8658 27.7038
2019.8685 24.9304
2019.8712 24.0359
2019.8740 26.3504
2019.8767 24.8839
2019.8795 25.2365
2019.8822 28.5481
2019.8849 20.8888
2019.8877 20.1786
2019.8904 25.2376
2019.8932 21.0457
2019.8959 22.5330
2019.8986 25.1896
2019.9014 16.8854
2019.9041 22.0805
2019.9068 22.7949
2019.9096 20.9086
2019.9123 23.1217
2019.9151 21.8042
2019.9178 24.5865
2019.9205 23.6789
2019.9233 22.4713
2019.9260 18.3237
2019.9288 18.6257
2019.9315 21.7475
2019.9342 18.0988
2019.9370 17.2394
2019.9397 17.9094
2019.9425 21.3086
2019.9452 23.1268
2019.9479 19.7339
2019.9507 17.9698
2019.9534 18.8344
2019.9562 19.6776
2019.9589 19.1293
2019.9616 20.2793
2019.9644 17.3474
2019.9671 18.4937
2019.9699 23.6080
2019.9726 22.7401
2019.9753 26.2999
2019.9781 25.2573
2019.9808 24.7023
2019.9836 24.8946
2019.9863 25.5741
2019.9890 26.3708
2019.9918 26.3645
2019.9945 26.7450
2019.9973 19.9624
2020.0000 20.9664
2020.0027 20.8487
2020.0055 23.7909
2020.0082 23.5827
2020.0109 23.3344
2020.0137 22.9259
2020.0164 27.6172
2020.0191 31.4583
2020.0219 37.5393
2020.0246 27.2801
2020.0273 25.2108
2020.0301 24.7814
2020.0328 23.0219
2020.0355 25.7824
2020.0383 24.7528
2020.0410 26.2931
2020.0437 26.8634
2020.0464 21.6837
2020.0492 24.9540
2020.0519 22.2442
2020.0546 23.8046
2020.0574 21.7549
2020.0601 24.3753
2020.0628 24.0058
2020.0656 25.1564
2020.0683 21.0770
2020.0710 24.7478
2020.0738 23.2087
2020.0765 21.3397
2020.0792 23.4109
2020.0820 20.2723
2020.0847 24.2037
2020.0874 24.9951
2020.0902 26.3765
2020.0929 29.7080
2020.0956 22.5395
2020.0984 21.3410
2020.1011 26.1426
2020.1038 24.4342
2020.1066 17.9059
2020.1093 6.6376
2020.1120 5.8993
2020.1148 24.7612
2020.1175 24.1431
2020.1202 22.9350
2020.1230 26.5470
2020.1257 22.7592
2020.1284 20.6414
2020.1311 19.0536
2020.1339 16.9960
2020.1366 21.0985
2020.1393 16.4810
2020.1421 21.2537
2020.1448 24.9665
2020.1475 21.8494
2020.1503 21.4524
2020.1530 24.1855
2020.1557 22.8188
2020.1585 21.9721
2020.1612 29.4257
2020.1639 26.0812
2020.1667 20.7219
2020.1694 19.6775
2020.1721 19.8480
2020.1749 8.5031
2020.1776 18.9526
2020.1803 23.5864
2020.1831 22.3543
2020.1858 24.2460
2020.1885 25.1514
2020.1913 26.4904
2020.1940 27.3227
2020.1967 26.9981
2020.1995 29.1365
2020.2022 29.1576
2020.2049 30.4514
2020.2077 24.9375
2020.2104 25.4959
2020.2131 26.5563
2020.2158 27.1685
2020.2186 25.7824
2020.2213 24.3478
2020.2240 26.7744
2020.2268 32.3222
2020.2295 31.6509
2020.2322 32.0503
2020.2350 39.5303
2020.2377 30.8507
2020.2404 23.9212
2020.2432 28.1617
2020.2459 23.2522
2020.2486 17.7973
2020.2514 19.8182
2020.2541 22.9445
2020.2568 22.8557
2020.2596 26.0815
2020.2623 21.5012
2020.2650 23.5244
2020.2678 21.7907
2020.2705 22.1995
2020.2732 28.4805
2020.2760 29.6930
2020.2787 21.5267
2020.2814 22.8111
2020.2842 22.4156
2020.2869 19.7299
2020.2896 23.5034
2020.2923 27.5757
2020.2951 27.9762
2020.2978 27.2546
2020.3005 29.0203
2020.3033 25.4029
2020.3060 22.3618
2020.3087 24.7667
2020.3115 22.6971
2020.3142 30.0724
2020.3169 37.6221
2020.3197 27.7259
2020.3224 25.9233
2020.3251 22.9537
2020.3279 20.0267
2020.3306 17.0332
2020.3333 16.5280
2020.3361 20.3815
2020.3388 26.8637
2020.3415 25.3848
2020.3443 19.4449
2020.3470 23.9740
2020.3497 20.8523
2020.3525 24.6098
2020.3552 30.9167
2020.3579 26.0330
2020.3607 25.3787
2020.3634 23.7341
2020.3661 19.7292
2020.3689 19.0141
2020.3716 19.1388
2020.3743 18.2136
2020.3770 24.1184
2020.3798 18.8133
2020.3825 25.2085
2020.3852 22.6740
2020.3880 23.5400
2020.3907 25.2065
2020.3934 20.6536
2020.3962 25.2614
2020.3989 24.7901
2020.4016 18.2996
2020.4044 18.9601
2020.4071 25.1516
2020.4098 23.5844
2020.4126 21.0784
2020.4153 26.1432
2020.4180 25.9786
2020.4208 25.8045
2020.4235 31.8508
2020.4262 24.4475
2020.4290 22.9045
2020.4317 27.3619
2020.4344 29.2795
2020.4372 34.0073
2020.4399 25.7053
2020.4426 23.7334
2020.4454 19.1416
2020.4481 23.5399
2020.4508 23.5981
2020.4536 25.4463
2020.4563 24.1744
2020.4590 25.2224
2020.4617 26.7602
2020.4645 26.3477
2020.4672 23.3350
2020.4699 25.4120
2020.4727 19.2686
2020.4754 18.6049
2020.4781 18.1907
2020.4809 27.1960
2020.4836 20.9807
2020.4863 24.1949
2020.4891 24.5785
2020.4918 21.5514
2020.4945 22.7436
2020.4973 20.9648
2020.5000 18.6138
2020.5027 22.2706
2020.5055 20.8952
2020.5082 17.6680
2020.5109 19.8989
2020.5137 18.7083
2020.5164 20.8762
2020.5191 18.9529
2020.5219 18.7684
2020.5246 21.9930
2020.5273 16.3968
2020.5301 21.6900
2020.5328 24.7428
2020.5355 23.0253
2020.5383 26.0277
2020.5410 22.9001
2020.5437 23.9728
2020.5464 21.8758
2020.5492 14.5094
2020.5519 21.4537
2020.5546 20.3688
2020.5574 24.6750
2020.5601 22.2325
2020.5628 25.1912
2020.5656 25.2016
2020.5683 27.6336
2020.5710 25.3775
2020.5738 28.3935
2020.5765 27.5416
2020.5792 31.2721
2020.5820 28.7250
2020.5847 22.7792
2020.5874 26.8244
2020.5902 24.9106
2020.5929 24.9076
2020.5956 23.0553
2020.5984 25.0138
2020.6011 18.1230
2020.6038 17.1827
2020.6066 19.9530
2020.6093 19.1937
2020.6120 18.2247
2020.6148 21.6161
2020.6175 16.1478
2020.6202 16.1496
2020.6230 13.2115
2020.6257 13.9634
2020.6284 11.1853
2020.6311 17.5371
2020.6339 19.8987
2020.6366 23.5701
2020.6393 17.2812
2020.6421 18.3719
2020.6448 25.0622
2020.6475 24.9219
2020.6503 20.6711
2020.6530 19.5496
2020.6557 13.8374
2020.6585 16.8844
2020.6612 19.2606
2020.6639 23.3558
2020.6667 23.9803
2020.6694 22.7843
2020.6721 21.4379
2020.6749 19.9911
2020.6776 24.4140
2020.6803 27.9866
2020.6831 21.9889
2020.6858 26.5109
2020.6885 27.6027
2020.6913 23.7943
2020.6940 28.6757
2020.6967 28.9069
2020.6995 27.2880
2020.7022 19.6290
2020.7049 23.8799
2020.7077 21.3007
2020.7104 26.3715
2020.7131 21.4723
2020.7158 29.4432
2020.7186 27.9441
2020.7213 29.6650
2020.7240 29.1861
2020.7268 27.5873
2020.7295 31.7887
2020.7322 28.0702
2020.7350 24.5220
2020.7377 28.5639
2020.7404 24.2862
2020.7432 25.5587
2020.7459 26.7215
2020.7486 30.7347
2020.7514 33.4385
2020.7541 31.0329
2020.7568 28.8780
2020.7596 27.7938
2020.7623 33.5103
2020.7650 30.7174
2020.7678 29.9452
2020.7705 33.0536
2020.7732 21.9428
2020.7760 27.3426
2020.7787 28.0630
2020.7814 29.5342
2020.7842 32.0660
2020.7869 32.1385
2020.7896 35.3817
2020.7923 29.7456
2020.7951 28.5901
2020.7978 28.0953
2020.8005 29.1012
2020.8033 27.7478
2020.8060 24.8950
2020.8087 17.9430
2020.8115 25.5716
2020.8142 27.3009
2020.8169 18.8708
2020.8197 25.8915
2020.8224 27.1829
2020.8251 28.2249
2020.8279 22.5676
2020.8306 19.7310
2020.8333 27.6567
2020.8361 7.6796
2020.8388 33.8396
2020.8415 25.0862
2020.8443 33.8990
2020.8470 23.7073
2020.8497 19.6408
2020.8525 21.8789
2020.8552 19.5612
2020.8579 23.5971
2020.8607 7.8062
2020.8634 21.2979
2020.8661 24.0818
2020.8689 23.1774
2020.8716 22.3243
2020.8743 23.1617
2020.8770 22.1894
2020.8798 21.5768
2020.8825 22.5635
2020.8852 17.2288
2020.8880 7.9524
2020.8907 23.4637
2020.8934 19.5323
2020.8962 21.3276
2020.8989 20.7392
2020.9016 21.2866
2020.9044 21.5692
2020.9071 21.7667
2020.9098 22.0684
2020.9126 26.3039
2020.9153 20.8728
2020.9180 25.4078
2020.9208 21.6216
2020.9235 19.5640
2020.9262 29.5552
2020.9290 28.7551
2020.9317 23.3738
2020.9344 18.9512
2020.9372 34.6675
2020.9399 25.5526
2020.9426 13.2865
2020.9454 27.6994
2020.9481 26.9011
2020.9508 29.0818
2020.9536 28.8114
2020.9563 29.9300
2020.9590 27.4275
2020.9617 23.3441
2020.9645 24.1397
2020.9672 28.5644
2020.9699 29.8882
2020.9727 26.7311
2020.9754 29.8731
2020.9781 29.1143
2020.9809 29.2746
2020.9836 30.0042
2020.9863 25.1030
2020.9891 21.9110
2020.9918 25.3583
2020.9945 27.6249
2020.9973 27.6008
2021.0000 31.0660
2021.0027 30.8082
2021.0055 30.8054
2021.0082 34.0881
2021.0110 27.2766
2021.0137 27.1714
2021.0164 36.3431
2021.0192 28.9019
2021.0219 28.1885
2021.0247 25.7931
2021.0274 30.2264
2021.0301 24.1886
2021.0329 31.7903
2021.0356 27.9520
2021.0384 23.7339
2021.0411 20.5667
2021.0438 23.1108
2021.0466 24.6765
2021.0493 26.3144
2021.0521 25.9349
2021.0548 23.2585
2021.0575 22.8355
2021.0603 25.0665
2021.0630 28.2319
2021.0658 24.5721
2021.0685 29.5676
2021.0712 23.9888
2021.0740 20.8062
2021.0767 23.4403
2021.0795 26.9214
2021.0822 29.9191
2021.0849 29.0684
2021.0877 28.3284
2021.0904 28.3191
2021.0932 25.2805
2021.0959 24.0526
2021.0986 15.7452
2021.1014 17.4385
2021.1041 25.2823
2021.1068 5.7067
2021.1096 13.8516
2021.1123 8.9571
2021.1151 14.1330
2021.1178 19.1494
2021.1205 25.4062
2022.0932 34.6333
2022.0959 32.3025
2022.0986 29.3018
2022.1014 16.8410
2022.1041 18.4603
2022.1068 19.6796
2022.1096 24.8191
2022.1123 27.1587
2022.1151 30.4885
2022.1178 31.4785
2022.1205 31.9987
2022.1233 29.5792
2022.1260 24.9600
2022.1288 31.3012
2022.1315 28.2027
2022.1342 30.7347
2022.1370 19.7571
2022.1397 31.4300
2022.1425 29.5334
2022.1452 34.6574
2022.1479 22.1520
2022.1507 35.8472
2022.1534 34.9031
2022.1562 31.9196
2022.1589 27.7069
2022.1616 24.7949
2022.1644 26.3346
2022.1671 27.2467
2022.1699 27.6410
2022.1726 30.5074
2022.1753 29.9257
2022.1781 32.2858
2022.1808 28.1275
2022.1836 32.7607
2022.1863 28.3652
2022.1890 29.9108
2022.1918 24.1675
2022.1945 34.2451
2022.1973 27.0633
2022.2000 23.1022
2022.2027 23.2314
2022.2055 27.2809
2022.2082 31.1905
2022.2110 28.3701
2022.2137 37.3395
2022.2164 35.5086
2022.2192 28.0672
2022.2219 32.7351
2022.2247 25.5523
2022.2274 29.2285
2022.2301 29.5636
2022.2329 28.2075
2022.2356 28.6299
2022.2384 30.7009
2022.2411 32.2201
2022.2438 34.2775
2022.2466 30.1630
2022.2493 28.5970
2022.3534 17.5101
2022.3562 24.1330
2022.3589 27.8464
2022.3616 29.7605
2022.3644 35.0150
2022.3671 30.4302
2022.3699 19.4558
2022.3726 26.1921
2022.3753 22.5089
2022.3781 35.1863
2022.3808 20.5242
2022.3836 32.8027
2022.3863 28.0117
2022.3890 29.8214
2022.3918 28.5416
2022.3945 25.0223
2022.3973 29.6036
2022.4000 24.7556
2022.4027 28.2680
2022.4055 35.9011
2022.4082 30.5947
2022.4110 27.3289
2022.4137 30.1737
2022.4164 13.3793
2022.4192 29.9159
2022.4219 29.9332
2022.4247 29.4812
2022.4274 30.2200
2022.4301 26.2493
2022.4329 29.8893
2022.4356 30.5497
2022.4384 30.7507
2022.4411 35.5620
2022.4438 33.5737
2022.4466 30.7656
2022.4493 30.3678
2022.4521 28.3202
2022.4548 26.8227
2022.4575 24.9753
2022.4603 22.7279
2022.4630 28.9804
2022.4658 29.9728
2022.4685 29.6451
2022.4712 29.6972
2022.4740 37.3290
2022.4767 26.8605
2022.4795 28.5716
2022.4822 32.3723
2022.4849 33.2724
2022.4877 31.5620
2022.4904 30.2011
2022.4932 28.0394
2022.4959 24.1571
2022.4986 25.6531
2022.5014 26.1368
2022.5041 28.4684
2022.5068 28.9480
2022.5096 26.4359
2022.5123 26.2423
2022.5151 29.0772
2022.5178 29.7611
2022.5205 28.9339
2022.5233 26.4959
2022.5260 26.9574
2022.5288 27.3885
2022.5315 21.6494
2022.5342 28.6202
2022.5370 8.7313
2022.5397 28.6127
2022.5425 34.3047
2022.5452 33.5975
2022.5479 35.7113
2022.5507 33.8462
2022.5534 30.4425
2022.5562 28.9402
2022.5589 27.1398
2022.5616 35.3513
2022.5644 31.3549
2022.5671 34.2608
2022.5699 35.9592
2022.5726 28.8103
2022.5753 26.2244
2022.5781 25.8515
2022.5808 25.8419
2022.5836 26.6148
2022.5863 29.7191
2022.5890 25.1148
2022.5918 24.0819
2022.5945 24.3503
2022.5973 20.1098
2022.6000 29.3406
2022.6027 30.6325
2022.6055 30.7854
2022.6082 19.2694
2022.6110 15.3043
2022.6137 27.7401
2022.6164 28.7067
2022.6192 28.6041
2022.6219 27.8722
2022.6247 29.0209
2022.6274 25.4002
2022.6301 27.8401
2022.6329 21.3805
2022.6356 19.7813
2022.6384 31.8625
2022.6411 24.2039
2022.6438 23.9257
2022.6466 24.8976
2022.6493 25.2896
2022.6521 24.2718
2022.6548 27.3440
2022.6575 31.8561
2022.6603 28.0981
2022.6630 34.1300
2022.6658 33.9417
2022.6685 36.9538
2022.6712 28.4962
2022.6740 26.1488
2022.6767 29.0918
2022.6795 28.8450
2022.6822 29.8784
2022.6849 32.9220
2022.6877 36.7458
2022.6904 29.1498
2022.6932 31.7439
2022.6959 34.7581
2022.6986 25.0123
2022.7014 36.1766
2022.7041 40.2510
2022.7068 41.4953
2022.7096 32.4595
2022.7123 29.4438
2022.7151 31.1779
2022.7178 23.5019
2022.7205 15.5059
2022.7233 30.5896
2022.7260 33.3131
2022.7288 25.2165
2022.7315 32.3796
2022.7342 30.4025
2022.7370 34.7850
2022.7397 40.4572
2022.7425 25.8391
2022.7452 24.7206
2022.7479 29.9018
2022.7507 31.9320
2022.7534 30.8609
2022.7562 25.9585
2022.7589 33.0350
2022.7616 30.2704
2022.7644 33.1849
2022.7671 31.3883
2022.7699 35.3210
2022.7726 37.8028
2022.7753 27.8540
2022.7781 32.3946
2022.7808 35.9947
2022.7836 29.3843
2022.7863 33.2635
2022.7890 37.6325
2022.7918 26.1213
2022.7945 31.7100
2022.7973 35.3485
2022.8000 27.7672
2022.8027 27.1360
2022.8055 28.2749
2022.8082 26.3641
2022.8110 26.7937
2022.8137 28.3538
2022.8164 23.5243
2022.8192 29.3654
2022.8219 23.6572
2022.8247 27.0698
2022.8274 24.0132
2022.8301 31.1175
2022.8329 22.7933
2022.8356 21.8127
2022.8384 17.3761
2022.8411 25.7131
2022.8438 27.0334
2022.8466 18.9067
2022.8493 17.3429
2022.8521 32.2016
2022.8548 28.0725
2022.8575 27.0253
2022.8603 25.6299
2022.8630 27.3459
2022.8658 23.9430
2022.8685 23.0510
2022.8712 29.7996
2022.8740 28.9285
2022.8767 27.6974
2022.8795 32.9261
2022.8822 27.3243
2022.8849 26.4817
2022.8877 20.4680
2022.8904 28.4631
2022.8932 32.7665
2022.8959 31.5280
2022.8986 27.9974
2022.9014 24.7943
2022.9041 32.5886
2022.9068 23.2698
2022.9096 29.1278
2022.9123 25.9623
2022.9151 26.2930
2022.9178 28.0293
2022.9205 28.9107
2022.9233 29.9275
2022.9260 26.2297
2022.9288 25.7674
2022.9315 28.9408
2022.9342 27.8000
2022.9370 30.0151
2022.9397 29.3963
2022.9425 29.4335
2022.9452 28.6170
2022.9479 30.7669
2022.9507 32.2633
2022.9534 34.6963
2022.9562 30.6161
2022.9589 26.2226
2022.9616 27.6062
2022.9644 30.9068
2022.9671 28.7946
2022.9699 19.5497
2022.9726 27.3623
2022.9753 22.5024
2022.9781 31.8902
2022.9808 27.2258
2022.9836 25.4093
2022.9863 26.5408
2022.9890 26.7305
2022.9918 26.6984
2022.9945 23.7647
2022.9973 23.3695
2023.0000 28.2629
