2016.9180 1.0505
2016.9208 3.7568
2016.9235 3.6824
2016.9262 2.4674
2016.9290 4.6918
2016.9317 4.5456
2016.9344 6.0589
2016.9372 5.0618
2016.9399 6.6943
2016.9426 5.3664
2016.9454 5.5383
2016.9481 6.8399
2016.9508 6.7113
2016.9536 4.3826
2016.9563 6.0538
2016.9590 6.0050
2016.9617 7.7362
2016.9645 -0.1625
2016.9672 5.5489
2016.9699 5.9605
2016.9727 6.0223
2016.9754 5.1644
2016.9781 3.4668
2016.9809 5.8196
2016.9836 9.5629
2016.9863 3.4966
2016.9891 3.7609
2016.9918 5.2458
2016.9945 6.8213
2016.9973 4.6975
2017.0000 3.6245
2017.0027 1.9922
2017.0055 3.4908
2017.0082 5.4301
2017.0110 2.6501
2017.0137 5.2007
2017.0164 5.9319
2017.0192 4.0836
2017.0219 6.0759
2017.0247 5.7885
2017.0274 1.5515
2017.0301 2.8748
2017.0329 1.7884
2017.0356 3.4222
2017.0384 -0.5539
2017.0411 -0.1899
2017.0438 1.0442
2017.0466 0.5883
2017.0493 0.7923
2017.0521 2.7561
2017.0548 4.3498
2017.0575 2.9833
2017.0603 5.2865
2017.0630 3.3893
2017.0658 6.2518
2017.0685 2.4338
2017.0712 5.3353
2017.0740 5.0662
2017.0767 6.7366
2017.0795 6.7062
2017.0822 9.0151
2017.0849 5.8023
2017.0877 7.7080
2017.0904 7.7523
2017.0932 4.5553
2017.0959 5.5070
2017.0986 7.0678
2017.1014 2.7276
2017.1041 2.2466
2017.1068 8.1749
2017.1096 10.0627
2017.1123 7.8000
2017.1151 12.0571
2017.1178 9.0940
2017.1205 9.5809
2017.1233 8.2279
2017.1260 7.5151
2017.1288 11.2027
2017.1315 8.3807
2017.1342 7.5694
2017.1370 6.9988
2017.1397 10.6290
2017.1425 8.0002
2017.1452 11.5226
2017.1479 6.3862
2017.1507 6.0511
2017.1534 13.9176
2017.1562 10.9657
2017.1589 8.3155
2017.1616 9.6073
2017.1644 3.5108
2017.1671 3.7859
2017.1699 4.5724
2017.1726 5.0403
2017.1753 6.1694
2017.1781 6.3498
2017.1808 10.5911
2017.1836 8.6735
2017.1863 11.2166
2017.1890 9.0906
2017.1918 10.4952
2017.1945 10.1204
2017.1973 9.4561
2017.2000 7.4221
2017.2027 9.8584
2017.2055 13.3349
2017.2082 9.3614
2017.2110 11.5280
2017.2137 11.5144
2017.2164 12.6405
2017.2192 9.5164
2017.2219 6.5719
2017.2247 6.2868
2017.2274 5.9411
2017.2301 6.0047
2017.2356 5.1993
2017.2384 6.1702
2017.2411 5.2700
2017.2438 12.1585
2017.2466 5.7358
2017.2493 6.4820
2017.2521 6.4173
2017.2548 8.8416
2017.2575 8.7652
2017.2603 8.4881
2017.2630 11.3904
2017.2658 10.7821
2017.2685 7.9133
2017.2712 10.7841
2017.2740 12.6346
2017.2767 9.3148
2017.2795 12.6649
2017.2822 10.8050
2017.2849 10.4050
2017.2877 16.2251
2017.2904 15.7454
2017.2932 9.9859
2017.2959 9.3767
2017.2986 10.9380
2017.3014 6.8797
2017.3041 9.5919
2017.3068 14.2349
2017.3096 14.0385
2017.3123 12.6429
2017.3151 14.6082
2017.3178 12.9045
2017.3205 11.8518
2017.3233 9.8402
2017.3260 11.6998
2017.3288 8.4207
2017.3315 8.3929
2017.3342 9.1364
2017.3370 8.6810
2017.3397 8.9268
2017.3425 11.4535
2017.3452 11.5712
2017.3479 9.1797
2017.3507 13.4090
2017.3534 15.2390
2017.3562 14.6595
2017.3589 14.1306
2017.3616 16.1120
2017.3644 18.2338
2017.3671 14.4758
2017.3699 13.9480
2017.3726 13.6103
2017.3753 16.6525
2017.3781 13.8847
2017.3808 12.6867
2017.3836 5.5784
2017.3890 7.1307
2017.3918 11.8911
2017.3945 4.0909
2017.3973 8.8100
2017.4000 12.9383
2017.4027 11.5058
2017.4110 13.6823
2017.4137 7.3056
2017.4329 10.0123
2017.4493 8.2855
2017.4521 13.6641
2017.4575 0.3814
2017.4932 -0.5323
2017.4986 8.8194
2017.5096 20.6364
2017.5123 11.6337
2017.5178 11.9488
2017.5205 18.4766
2017.5233 12.5945
2017.5315 15.2189
2017.5342 10.5271
2017.5370 8.0155
2017.5397 13.5638
2017.5425 13.5022
2017.5452 7.9206
2017.5479 7.9289
2017.5507 11.6172
2017.5534 11.8055
2017.5562 14.9837
2017.5589 9.5718
2017.5616 5.0599
2017.5699 8.9732
2017.5726 10.3906
2017.5753 15.9079
2017.5781 19.2650
2017.5808 14.6419
2017.5836 8.8184
2017.5863 11.3846
2017.5890 11.9504
2017.5918 10.2460
2017.5945 11.6912
2017.5973 14.3762
2017.6000 8.8509
2017.6027 11.1255
2017.6055 7.7399
2017.6082 14.4541
2017.6110 9.5382
2017.6137 14.6922
2017.6164 13.2862
2017.6219 10.4241
2017.6247 16.8181
2017.6274 15.2121
2017.6301 16.4762
2017.6329 13.8304
2017.6356 13.6247
2017.6384 18.7892
2017.6411 14.0639
2017.6438 18.4089
2017.6466 15.2541
2017.6493 19.0195
2017.6521 15.1853
2017.6548 14.3314
2017.6575 12.5379
2017.6603 10.6548
2017.6630 10.3820
2017.6658 11.6099
2017.6685 11.1892
2017.6712 12.2400
2017.6740 11.1522
2017.6767 12.1456
2017.6795 6.2003
2017.6822 14.5961
2017.6849 1.2728
2017.6877 6.8705
2017.6904 10.2590
2017.6932 7.8982
2017.6959 9.0181
2017.6986 9.3485
2017.7014 9.6493
2017.7041 8.6705
2017.7068 12.4219
2017.7096 7.0734
2017.7123 7.1150
2017.7151 9.6566
2017.7178 2.0381
2017.7205 11.3893
2017.7233 6.8602
2017.7260 10.7406
2017.7288 12.1206
2017.7315 10.9300
2017.7342 11.5486
2017.7370 7.6965
2017.7397 12.2234
2017.7425 4.6894
2017.7452 9.5243
2017.7479 13.4580
2017.7507 6.8211
2017.7534 2.6441
2017.7562 7.3870
2017.7589 6.9498
2017.7616 8.7924
2017.7644 9.5348
2017.7671 10.3170
2017.7699 7.4590
2017.7726 11.4106
2017.7753 11.6520
2017.7781 11.9730
2017.7808 9.7537
2017.7836 6.7140
2017.7863 7.9538
2017.7890 5.2032
2017.7918 6.8221
2017.7945 4.7805
2017.7973 5.9983
2017.8000 9.3556
2017.8027 7.1623
2017.8055 7.8184
2017.8082 6.6038
2017.8110 9.8085
2017.8137 6.9825
2017.8164 6.8358
2017.8192 12.7983
2017.8219 13.2200
2017.8247 12.9409
2017.8274 5.5209
2017.8301 7.4400
2017.8329 10.9882
2017.8356 7.9157
2017.8384 8.0625
2017.8411 6.6486
2017.8438 10.1941
2017.8466 9.8491
2017.8493 11.7136
2017.8521 12.8576
2017.8548 10.9812
2017.8575 9.6745
2017.8603 13.1074
2017.8630 12.3800
2017.8658 12.7324
2017.8685 11.1546
2017.8712 12.0867
2017.8740 11.2987
2017.8767 12.5406
2017.8795 8.9925
2017.8822 5.1144
2017.8849 8.1064
2017.8877 5.7886
2017.8904 8.3809
2017.8932 10.6435
2017.8959 9.2363
2017.8986 9.4894
2017.9014 6.6729
2017.9041 9.1167
2017.9068 8.6811
2017.9096 4.4459
2017.9123 6.5712
2017.9151 14.2571
2017.9178 8.2937
2017.9205 6.5409
2017.9233 11.1187
2017.9260 6.3770
2017.9288 9.1258
2017.9315 4.6050
2017.9342 10.3745
2017.9370 10.7144
2017.9397 6.8145
2017.9425 8.5448
2017.9452 4.6753
2017.9479 3.8359
2017.9507 0.1965
2017.9534 5.1771
2017.9562 4.2677
2017.9589 6.2181
2017.9616 4.5583
2017.9644 3.8284
2017.9671 11.5581
2017.9699 10.1875
2017.9726 7.7365
2017.9753 7.0251
2017.9781 7.8432
2017.9808 2.8408
2017.9836 2.0277
2017.9863 2.1440
2017.9890 5.0796
2017.9918 6.2544
2017.9945 6.3084
2017.9973 4.4716
2018.0000 6.4838
2018.0027 7.9852
2018.0055 8.3359
2018.0082 5.6459
2018.0110 7.5053
2018.0137 6.7842
2018.0164 9.5525
2018.0192 8.1403
2018.0219 7.5677
2018.0247 7.3347
2018.0274 7.0113
2018.0301 6.3376
2018.0329 8.4436
2018.0356 8.5293
2018.0384 8.3549
2018.0411 6.4103
2018.0438 9.0256
2018.0466 11.9908
2018.0493 12.1260
2018.0521 12.8212
2018.0548 11.3964
2018.0575 10.0518
2018.0603 11.0972
2018.0630 12.9528
2018.0658 8.5087
2018.0685 9.2348
2018.0712 14.4612
2018.0740 11.7579
2018.0767 11.4050
2018.0795 9.4226
2018.0822 12.9505
2018.0849 17.1882
2018.0877 12.7658
2018.0904 7.6832
2018.0932 11.2106
2018.0959 5.1078
2018.0986 5.0751
2018.1014 9.1623
2018.1041 12.5196
2018.1068 9.1571
2018.1096 13.2446
2018.1123 11.3524
2018.1151 15.4604
2018.1178 13.9286
2018.1205 13.8471
2018.1233 12.4760
2018.1260 10.6853
2018.1288 11.4550
2018.1315 12.1652
2018.1342 7.5159
2018.1370 9.6071
2018.1397 9.6290
2018.1425 8.3214
2018.1452 4.3346
2018.1479 9.9084
2018.1507 6.7230
2018.1534 6.1984
2018.1562 6.1947
2018.1589 8.2418
2018.1616 8.4199
2018.1644 7.0096
2018.1671 8.8914
2018.1699 4.4053
2018.1726 5.2711
2018.1753 7.3287
2018.1781 6.4280
2018.1808 5.2188
2018.1836 5.3510
2018.1863 1.2145
2018.1890 8.4991
2018.1918 6.5247
2018.1945 4.1112
2018.1973 5.1285
2018.2000 3.6464
2018.2027 1.8848
2018.2055 3.9735
2018.2082 4.9125
2018.2110 7.4317
2018.2137 10.2207
2018.2164 8.9697
2018.2192 7.7583
2018.2219 3.4966
2018.2247 7.3643
2018.2274 7.4913
2018.2301 3.0376
2018.2329 2.5229
2018.2356 6.0572
2018.2384 6.7403
2018.2411 10.1921
2018.2438 12.7724
2018.2466 11.1714
2018.2493 11.3204
2018.2521 9.3095
2018.2548 8.2888
2018.2575 8.3481
2018.2603 6.7375
2018.2630 8.7970
2018.2658 8.9165
2018.2685 10.2560
2018.2712 13.2254
2018.2740 19.3147
2018.2767 18.3440
2018.2795 16.7331
2018.2822 15.4621
2018.2849 19.1209
2018.2877 20.2094
2018.2904 20.3477
2018.2932 15.5558
2018.2959 16.2335
2018.2986 14.0909
2018.3014 12.8980
2018.3041 15.1047
2018.3068 13.6609
2018.3096 15.6867
2018.3123 13.5421
2018.3151 9.3269
2018.3178 8.8812
2018.3205 10.8850
2018.3233 8.9681
2018.3260 10.2007
2018.3288 10.6326
2018.3315 10.8141
2018.3342 12.2654
2018.3370 11.2867
2018.3397 11.7179
2018.3425 11.6589
2018.3452 9.9899
2018.3479 11.1907
2018.3507 8.9815
2018.3534 11.2422
2018.3562 8.2129
2018.3589 11.7935
2018.3616 9.7141
2018.3644 16.3446
2018.3671 12.9151
2018.3699 14.8656
2018.3726 19.4560
2018.3753 14.4965
2018.3781 12.4869
2018.3808 13.0674
2018.3836 7.3279
2018.3863 10.1884
2018.3890 7.4989
2018.3918 4.4995
2018.3945 6.8201
2018.3973 9.7508
2018.4000 6.7616
2018.4055 12.5933
2018.4137 8.0365
2018.4219 13.0294
2018.4247 14.7402
2018.4274 11.8609
2018.4356 14.0030
2018.4384 8.0337
2018.4411 13.0844
2018.4438 12.9551
2018.4795 17.0244
2018.4822 12.7672
2018.4904 11.6272
2018.4959 11.2353
2018.4986 6.9700
2018.5014 12.2452
2018.5041 6.9610
2018.5068 8.7472
2018.5123 7.9612
2018.5151 11.4687
2018.5205 15.8450
2018.5233 7.5636
2018.5260 17.0125
2018.5315 13.1210
2018.5342 15.6806
2018.5370 13.3703
2018.5397 10.5501
2018.5425 9.7701
2018.5479 11.5501
2018.5507 16.4401
2018.5534 12.7001
2018.5562 16.4200
2018.5589 16.0999
2018.5616 15.5796
2018.5644 22.9992
2018.5671 17.8786
2018.5699 7.0078
2018.5726 11.0267
2018.5753 12.0253
2018.5808 8.9017
2018.5836 9.8394
2018.5863 13.2871
2018.5890 9.4547
2018.5918 9.7422
2018.5945 12.5597
2018.5973 13.6971
2018.6000 12.6444
2018.6027 15.5017
2018.6055 17.1289
2018.6082 10.4961
2018.6110 7.6732
2018.6137 10.2103
2018.6164 15.2174
2018.6192 11.8045
2018.6219 10.4916
2018.6247 10.7086
2018.6274 10.1857
2018.6301 5.4228
2018.6329 11.2799
2018.6356 11.5870
2018.6384 9.3941
2018.6411 10.2312
2018.6438 11.9384
2018.6466 7.6957
2018.6493 9.9330
2018.6521 6.8803
2018.6548 4.9477
2018.6575 6.7752
2018.6603 13.8428
2018.6630 11.9104
2018.6658 10.4582
2018.6685 14.2467
2018.6712 14.5860
2018.6740 13.5060
2018.6767 16.5367
2018.6795 24.1479
2018.6822 6.9697
2018.6849 11.3719
2018.6877 10.7646
2018.6904 8.1577
2018.6932 9.1010
2018.6959 11.6747
2018.6986 8.1685
2018.7014 8.3925
2018.7041 8.8466
2018.7068 11.2907
2018.7096 9.3348
2018.7123 8.7289
2018.7151 9.9528
2018.7178 11.6866
2018.7205 10.6101
2018.7233 8.0433
2018.7260 7.2762
2018.7288 8.8086
2018.7315 10.6506
2018.7370 5.4631
2018.7397 8.9934
2018.7452 14.8719
2018.7479 14.1000
2018.7507 11.9969
2018.7534 11.8523
2018.7562 9.7263
2018.7589 11.5190
2018.7616 10.7505
2018.7644 12.2710
2018.7671 10.6904
2018.7699 7.4789
2018.7726 8.8366
2018.7753 11.4836
2018.7781 12.2400
2018.7808 9.7960
2018.7836 12.1915
2018.7863 11.2767
2018.7890 9.5918
2018.7918 7.9767
2018.7945 13.4617
2018.7973 11.1467
2018.8000 9.9020
2018.8027 10.2076
2018.8055 12.2236
2018.8082 12.0001
2018.8110 14.2272
2018.8137 12.7851
2018.8164 11.9937
2018.8192 14.1632
2018.8219 16.2938
2018.8247 11.2355
2018.8274 6.7484
2018.8301 11.2026
2018.8329 10.5081
2018.8356 7.2442
2018.8384 7.7908
2018.8411 12.0078
2018.8438 10.8553
2018.8466 9.5531
2018.8493 7.5613
2018.8521 6.9597
2018.8548 8.0885
2018.8575 4.6675
2018.8603 11.5867
2018.8630 7.2161
2018.8658 6.3257
2018.8685 8.6454
2018.8712 6.6151
2018.8740 3.2049
2018.8767 6.7448
2018.8795 8.1446
2018.8822 7.2744
2018.8849 8.3041
2018.8877 8.6037
2018.8904 8.5531
2018.8932 9.0124
2018.8959 6.6315
2018.8986 4.8204
2018.9014 5.4490
2018.9041 6.7472
2018.9068 5.4452
2018.9096 7.3228
2018.9123 7.4600
2018.9151 5.8067
2018.9178 4.1134
2018.9205 1.3302
2018.9233 3.3572
2018.9260 1.9444
2018.9288 5.4615
2018.9315 6.8487
2018.9342 5.4059
2018.9370 4.6530
2018.9397 3.9300
2018.9425 5.0267
2018.9452 8.6533
2018.9479 5.1296
2018.9507 6.1556
2018.9534 5.1312
2018.9562 3.2664
2018.9589 2.9611
2018.9616 2.1953
2018.9671 13.8820
2018.9699 14.6944
2018.9726 12.0661
2018.9753 15.4571
2018.9781 13.6273
2018.9808 14.3866
2018.9836 12.0850
2018.9863 12.8125
2018.9890 15.8390
2018.9918 16.1244
2018.9945 19.3488
2018.9973 13.9320
2019.0000 17.0341
2019.0027 13.6251
2019.0055 15.4952
2019.0082 17.7944
2019.0110 22.1028
2019.0137 19.1704
2019.0164 17.4274
2019.0192 16.9237
2019.0219 15.3594
2019.0247 13.0846
2019.0274 17.2194
2019.0301 13.9137
2019.0329 15.7277
2019.0356 17.9913
2019.0384 13.2148
2019.0411 13.5980
2019.0438 17.0110
2019.0466 20.0640
2019.0493 17.6470
2019.0521 17.6200
2019.0548 19.9031
2019.0575 16.9763
2019.0603 15.8197
2019.0630 21.0334
2019.0658 18.4474
2019.0685 17.9217
2019.0712 17.4665
2019.0740 19.0417
2019.0767 17.7775
2019.0795 15.0838
2019.0822 14.3507
2019.0849 15.4676
2019.0877 13.5746
2019.0904 21.5915
2019.0932 17.7485
2019.0959 17.6855
2019.0986 24.6626
2019.1014 18.7797
2019.1041 18.6969
2019.1068 17.6342
2019.1096 18.7115
2019.1123 17.3390
2019.1151 15.8165
2019.1178 19.4242
2019.1205 17.5021
2019.1233 17.7900
2019.1260 16.6582
2019.1288 8.5665
2019.1315 7.8450
2019.1342 8.0837
2019.1370 8.1726
2019.1397 9.4117
2019.1425 11.6011
2019.1452 13.2207
2019.1479 12.6305
2019.1507 12.2307
2019.1534 13.0511
2019.1562 10.6818
2019.1589 11.2328
2019.1616 10.2441
2019.1644 12.8760
2019.1671 14.9990
2019.1699 14.9029
2019.1726 12.8677
2019.1753 10.8534
2019.1781 9.7600
2019.1808 14.0774
2019.1836 14.6856
2019.1863 16.7245
2019.1890 13.7842
2019.1918 16.9746
2019.1945 14.1257
2019.1973 17.4874
2019.2000 17.7497
2019.2027 15.8326
2019.2055 16.4061
2019.2082 13.0401
2019.2110 16.1046
2019.2137 15.0196
2019.2164 17.2150
2019.2192 19.3008
2019.2219 18.0070
2019.2247 21.8036
2019.2274 21.0205
2019.2301 19.9076
2019.2329 18.9550
2019.2356 19.1727
2019.2384 19.2505
2019.2411 21.5185
2019.2438 17.5167
2019.2466 17.4051
2019.2493 18.8945
2019.2521 16.3850
2019.2548 15.1965
2019.2575 16.9589
2019.2603 21.7221
2019.2630 20.9760
2019.2658 21.5706
2019.2685 19.2457
2019.2712 20.1213
2019.2740 22.8472
2019.2767 16.8935
2019.2795 13.8799
2019.2822 9.5265
2019.2849 10.1231
2019.2877 14.7097
2019.2904 15.1561
2019.2932 18.4423
2019.2959 17.6682
2019.2986 17.2736
2019.3014 16.2986
2019.3041 17.5830
2019.3068 22.3968
2019.3096 17.8498
2019.3123 17.1419
2019.3151 18.6532
2019.3178 16.7334
2019.3205 17.3626
2019.3233 18.1205
2019.3260 15.9872
2019.3288 17.3625
2019.3315 15.9271
2019.3342 20.3714
2019.3370 25.2156
2019.3397 22.1796
2019.3425 20.7134
2019.3452 23.1271
2019.3479 17.8605
2019.3507 19.0038
2019.3534 18.9670
2019.3562 16.0899
2019.3589 20.9027
2019.3616 18.0954
2019.3644 18.2478
2019.3671 17.1601
2019.3699 21.7822
2019.3726 21.7742
2019.3753 20.8860
2019.3781 18.6376
2019.3808 13.3291
2019.3836 13.0504
2019.3863 11.6215
2019.3890 15.4025
2019.3918 12.6933
2019.3945 10.1440
2019.3973 9.9745
2019.4000 9.9448
2019.4027 12.1250
2019.4055 10.8850
2019.4082 6.4649
2019.4110 14.9646
2019.4137 14.6842
2019.4164 15.4038
2019.4192 13.1034
2019.4219 19.6631
2019.4247 15.7727
2019.4274 14.5624
2019.4301 17.4621
2019.4329 13.3217
2019.4356 11.7413
2019.4384 9.4109
2019.4411 11.5604
2019.4438 16.4699
2019.4466 10.9293
2019.4493 13.2986
2019.4521 16.7078
2019.4548 15.5969
2019.4575 13.0959
2019.4603 11.7948
2019.4630 15.5136
2019.4658 14.0522
2019.4685 16.4907
2019.4712 17.9390
2019.4740 14.8472
2019.4767 17.3952
2019.4795 15.9029
2019.4822 19.5605
2019.4849 22.2079
2019.4877 22.3751
2019.4904 21.3220
2019.4932 21.6887
2019.4959 21.1751
2019.4986 20.3714
2019.5014 16.5774
2019.5041 17.3034
2019.5068 19.6192
2019.5096 19.4149
2019.5123 15.9605
2019.5151 16.5959
2019.5178 16.5413
2019.5205 22.0565
2019.5233 20.2017
2019.5260 21.9467
2019.5288 22.2817
2019.5315 23.9065
2019.5342 22.3513
2019.5370 20.5160
2019.5397 15.6307
2019.5425 19.5253
2019.5452 19.7898
2019.5479 19.5343
2019.5507 20.1587
2019.5534 19.6631
2019.5562 18.1775
2019.5589 20.3718
2019.5616 21.7461
2019.5644 24.7104
2019.5671 22.8546
2019.5699 23.4489
2019.5726 23.5731
2019.5753 21.1674
2019.5781 19.3017
2019.5808 24.7760
2019.5836 18.9101
2019.5863 23.0340
2019.5890 19.5576
2019.5918 18.3009
2019.5945 21.1541
2019.5973 18.7770
2019.6000 22.0598
2019.6027 19.7324
2019.6055 27.4049
2019.6082 28.7573
2019.6110 29.0896
2019.6137 25.9418
2019.6164 24.1739
2019.6192 23.7560
2019.6219 17.4081
2019.6247 25.1002
2019.6274 22.6723
2019.6301 25.8045
2019.6329 19.1367
2019.6356 21.7090
2019.6384 22.5014
2019.6411 22.5340
2019.6438 24.3966
2019.6466 26.9195
2019.6493 24.6425
2019.6521 26.8158
2019.6548 22.3292
2019.6575 18.6229
2019.6603 16.9669
2019.6630 13.7612
2019.6658 18.8458
2019.6685 19.1911
2019.6712 23.8971
2019.6740 22.5638
2019.6767 21.2812
2019.6795 25.2092
2019.6822 19.3979
2019.6849 15.5471
2019.6877 20.4969
2019.6904 22.6773
2019.6932 16.7881
2019.6959 18.2995
2019.6986 18.1414
2019.7014 20.7037
2019.7041 21.3464
2019.7068 26.2096
2019.7096 25.5531
2019.7123 22.7870
2019.7151 20.6612
2019.7178 21.2957
2019.7205 24.0205
2019.7233 23.7156
2019.7260 16.5509
2019.7288 20.4465
2019.7315 19.8022
2019.7342 17.8981
2019.7370 16.2341
2019.7397 20.2803
2019.7425 18.9665
2019.7452 24.4328
2019.7479 26.1792
2019.7507 26.1361
2019.7534 25.9539
2019.7562 22.0825
2019.7589 20.8619
2019.7616 20.2020
2019.7644 19.2827
2019.7671 23.2741
2019.7699 20.3160
2019.7726 18.6583
2019.7753 17.8210
2019.7781 16.7541
2019.7808 19.6375
2019.7836 17.7710
2019.7863 22.2248
2019.7890 23.2186
2019.7918 21.2424
2019.7945 27.9362
2019.7973 24.2599
2019.8000 17.2635
2019.8027 22.4168
2019.8055 15.3698
2019.8082 12.2425
2019.8110 10.9548
2019.8137 14.5666
2019.8164 13.0279
2019.8192 14.3185
2019.8219 12.2886
2019.8247 14.0979
2019.8274 14.5764
2019.8301 14.0240
2019.8329 17.4208
2019.8356 16.2071
2019.8384 16.7528
2019.8411 17.2080
2019.8438 13.7927
2019.8466 13.5769
2019.8493 14.0707
2019.8521 15.6639
2019.8548 17.8667
2019.8575 20.6590
2019.8603 14.5008
2019.8630 20.4022
2019.8658 19.1931
2019.8685 22.3636
2019.8712 20.4736
2019.8740 14.5133
2019.8767 18.1324
2019.8795 13.4612
2019.8822 15.3195
2019.8849 12.7875
2019.8877 15.1150
2019.8904 14.6022
2019.8932 13.7589
2019.8959 12.6153
2019.8986 13.7613
2019.9014 14.6269
2019.9041 13.9122
2019.9068 17.1771
2019.9096 15.1316
2019.9123 15.6958
2019.9151 13.6697
2019.9178 11.9532
2019.9205 14.0864
2019.9233 14.6993
2019.9260 10.1319
2019.9288 10.1240
2019.9315 14.2558
2019.9342 10.7271
2019.9370 9.4980
2019.9397 9.4085
2019.9425 14.9285
2019.9452 14.5580
2019.9479 12.7570
2019.9507 11.6155
2019.9534 11.0035
2019.9562 11.3009
2019.9589 11.2177
2019.9616 11.0238
2019.9644 7.5994
2019.9671 8.9744
2019.9699 16.2887
2019.9726 10.9723
2019.9753 17.2752
2019.9781 15.8074
2019.9808 15.6889
2019.9836 14.6996
2019.9863 19.7695
2019.9890 20.9887
2019.9918 18.9871
2019.9945 19.2846
2019.9973 14.1013
2020.0000 16.8271
2020.0027 13.2322
2020.0055 18.2167
2020.0082 17.3406
2020.0109 18.8339
2020.0137 15.9967
2020.0164 18.8590
2020.0191 19.4409
2020.0219 19.4323
2020.0246 20.4435
2020.0273 17.4543
2020.0301 16.6848
2020.0328 17.3651
2020.0355 19.7453
2020.0383 18.1653
2020.0410 17.7751
2020.0437 18.5649
2020.0464 13.0947
2020.0492 17.9246
2020.0519 17.5344
2020.0546 16.2044
2020.0574 14.9945
2020.0601 13.4748
2020.0628 16.2254
2020.0656 18.1462
2020.0683 14.3873
2020.0710 17.5787
2020.0738 13.4806
2020.0765 14.5429
2020.0792 14.6457
2020.0820 14.2889
2020.0847 15.9622
2020.0874 14.8756
2020.0902 12.9989
2020.0929 20.2324
2020.0956 14.7959
2020.0984 14.3796
2020.1011 15.6634
2020.1038 13.7273
2020.1066 11.0915
2020.1093 21.3558
2020.1120 14.0004
2020.1148 15.4953
2020.1175 16.6804
2020.1202 14.8659
2020.1230 16.7917
2020.1257 13.7378
2020.1284 13.1543
2020.1311 9.6512
2020.1339 11.9586
2020.1366 11.5764
2020.1393 12.7247
2020.1421 15.4835
2020.1448 15.5029
2020.1475 12.5128
2020.1503 15.0532
2020.1530 15.8543
2020.1557 14.6960
2020.1585 13.9183
2020.1612 18.2613
2020.1639 16.6154
2020.1667 14.6413
2020.1694 13.9989
2020.1721 15.8882
2020.1749 16.0090
2020.1776 12.7914
2020.1803 15.4952
2020.1831 16.9804
2020.1858 16.4569
2020.1885 17.1447
2020.1913 19.5536
2020.1940 22.5837
2020.1967 24.6949
2020.1995 22.3871
2020.2022 20.4702
2020.2049 21.0241
2020.2077 16.8889
2020.2104 17.7744
2020.2131 17.8106
2020.2158 18.6374
2020.2186 17.3447
2020.2213 15.8525
2020.2240 16.0107
2020.2268 20.8793
2020.2295 24.1781
2020.2322 21.0872
2020.2350 17.1864
2020.2377 20.2757
2020.2404 19.2850
2020.2432 19.1743
2020.2459 14.4535
2020.2486 16.2740
2020.2514 15.5560
2020.2541 15.8896
2020.2568 11.7645
2020.2596 16.3206
2020.2623 16.1178
2020.2650 20.5759
2020.2678 21.2649
2020.2705 18.6844
2020.2732 21.1446
2020.2760 22.1950
2020.2787 13.2358
2020.2814 16.1066
2020.2842 16.8775
2020.2869 12.8481
2020.2896 11.2585
2020.2923 17.6384
2020.2951 19.3677
2020.2978 19.7563
2020.3005 15.7141
2020.3033 16.1809
2020.3060 13.5365
2020.3087 17.4109
2020.3115 16.8639
2020.3142 19.9453
2020.3169 20.9550
2020.3197 17.8730
2020.3224 16.0789
2020.3251 18.5128
2020.3279 5.9645
2020.3306 8.9441
2020.3333 9.8931
2020.3361 10.8214
2020.3388 17.3792
2020.3415 15.1965
2020.3443 14.3633
2020.3470 20.3897
2020.3497 16.8357
2020.3525 17.7113
2020.3552 16.6167
2020.3579 15.8018
2020.3607 13.1866
2020.3634 12.6813
2020.3661 14.2158
2020.3689 13.9502
2020.3716 12.7846
2020.3743 11.2689
2020.3770 12.7633
2020.3798 13.3177
2020.3825 15.2322
2020.3852 16.7169
2020.3880 20.9817
2020.3907 17.5068
2020.3934 15.5821
2020.3962 17.6878
2020.3989 20.1338
2020.4016 13.0901
2020.4044 14.4569
2020.4071 15.1342
2020.4098 15.4519
2020.4126 20.3703
2020.4153 20.3589
2020.4180 20.7378
2020.4208 24.8768
2020.4235 24.1560
2020.4262 22.5653
2020.4290 24.7048
2020.4317 23.7843
2020.4344 24.9740
2020.4372 27.6537
2020.4399 23.0135
2020.4426 23.5134
2020.4454 19.0333
2020.4481 22.7532
2020.4508 18.2031
2020.4536 24.2230
2020.4563 22.3528
2020.4590 26.8726
2020.4617 24.9724
2020.4645 23.5621
2020.4672 22.1516
2020.4699 18.8811
2020.4727 16.6004
2020.4754 17.0497
2020.4781 16.6487
2020.4809 17.4976
2020.4836 16.6163
2020.4863 19.6148
2020.4891 19.6131
2020.4918 15.1011
2020.4945 18.6789
2020.4973 21.4264
2020.5000 18.1732
2020.5027 20.7294
2020.5055 18.7050
2020.5082 19.1801
2020.5109 20.1147
2020.5137 19.0388
2020.5164 19.2225
2020.5191 18.2258
2020.5219 18.8588
2020.5246 18.8516
2020.5273 17.0941
2020.5301 22.8865
2020.5328 24.3688
2020.5355 19.8709
2020.5383 22.2431
2020.5410 17.4852
2020.5437 22.3574
2020.5464 24.8998
2020.5492 18.5123
2020.5519 16.1149
2020.5546 15.1479
2020.5574 19.0711
2020.5601 23.1947
2020.5628 28.2787
2020.5656 25.9731
2020.5683 26.1280
2020.5710 20.5434
2020.5738 20.4594
2020.5765 19.8460
2020.5792 21.9233
2020.5820 22.5513
2020.5847 19.8998
2020.5874 18.1388
2020.5902 21.3081
2020.5929 23.9578
2020.5956 19.2279
2020.5984 15.7082
2020.6011 15.6689
2020.6038 16.2498
2020.6066 11.5709
2020.6093 13.4723
2020.6120 13.8438
2020.6148 17.5554
2020.6175 11.5672
2020.6202 11.5190
2020.6230 11.4609
2020.6257 15.4928
2020.6284 14.4047
2020.6311 16.9966
2020.6339 15.0584
2020.6366 18.4301
2020.6393 12.6817
2020.6421 15.1131
2020.6448 24.9044
2020.6475 25.8254
2020.6503 20.5862
2020.6530 14.7968
2020.6557 12.3470
2020.6585 16.4269
2020.6612 19.0664
2020.6639 18.6756
2020.6667 18.6344
2020.6694 20.3329
2020.6721 17.4812
2020.6749 18.2192
2020.6776 21.9870
2020.6803 23.3847
2020.6831 21.8221
2020.6858 26.9994
2020.6885 19.9865
2020.6913 22.7036
2020.6940 21.8105
2020.6967 25.6773
2020.6995 26.0340
2020.7022 21.9207
2020.7049 17.8573
2020.7077 22.1139
2020.7104 21.4705
2020.7131 16.2872
2020.7158 21.7138
2020.7186 21.8405
2020.7213 20.9073
2020.7240 19.9841
2020.7268 17.3210
2020.7295 14.8381
2020.7322 14.4353
2020.7350 11.5026
2020.7377 17.7601
2020.7404 14.4678
2020.7432 14.4957
2020.7459 15.0738
2020.7486 20.9922
2020.7514 20.4709
2020.7541 22.2400
2020.7568 19.5295
2020.7596 17.0693
2020.7623 21.6595
2020.7650 15.8400
2020.7678 20.3808
2020.7705 22.7520
2020.7732 19.8035
2020.7760 14.2253
2020.7787 18.0074
2020.7814 18.2698
2020.7842 20.6725
2020.7869 20.9955
2020.7896 21.8187
2020.7923 19.0221
2020.7951 19.6958
2020.7978 18.7198
2020.8005 16.1340
2020.8033 19.3584
2020.8060 19.9529
2020.8087 14.0577
2020.8115 19.3427
2020.8142 21.4279
2020.8169 18.2432
2020.8197 15.1687
2020.8224 11.6544
2020.8251 13.7302
2020.8279 16.2861
2020.8306 15.6822
2020.8333 16.1688
2020.8361 16.1473
2020.8388 25.9276
2020.8415 20.6496
2020.8443 10.5632
2020.8470 14.4382
2020.8497 11.2046
2020.8525 12.6921
2020.8552 13.3107
2020.8579 16.7102
2020.8607 12.5506
2020.8634 16.6215
2020.8661 12.5030
2020.8689 13.0149
2020.8716 13.7570
2020.8743 14.5293
2020.8770 10.8416
2020.8798 12.1937
2020.8825 10.8456
2020.8852 7.8571
2020.8880 5.1480
2020.8907 8.5583
2020.8934 10.7779
2020.8962 11.9464
2020.8989 11.5440
2020.9016 12.4204
2020.9044 11.3854
2020.9071 11.2490
2020.9098 11.5710
2020.9126 16.3714
2020.9153 10.8099
2020.9180 13.4971
2020.9208 9.7534
2020.9235 12.3990
2020.9262 14.7738
2020.9290 15.7578
2020.9317 11.4111
2020.9344 18.9836
2020.9372 17.3055
2020.9399 19.9866
2020.9426 9.8570
2020.9454 14.0968
2020.9481 18.3659
2020.9508 17.7744
2020.9536 18.9022
2020.9563 19.4895
2020.9590 19.7061
2020.9617 15.3822
2020.9645 18.0477
2020.9672 17.5127
2020.9699 20.0672
2020.9727 20.9812
2020.9754 16.2646
2020.9781 19.1776
2020.9809 18.3002
2020.9836 20.1723
2020.9863 17.9440
2020.9891 20.5552
2020.9918 21.1561
2020.9945 20.2466
2020.9973 17.9367
2021.0000 20.2765
2021.0027 20.6952
2021.0055 21.0622
2021.0082 23.5576
2021.0110 19.7616
2021.0137 19.6243
2021.0164 21.0059
2021.0192 16.9764
2021.0219 15.5060
2021.0247 17.4748
2021.0274 20.0330
2021.0301 17.3707
2021.0329 21.0181
2021.5781 15.4138
2021.5808 20.0045
2021.5836 14.1154
2021.5863 13.5461
2021.5890 19.7667
2021.5918 17.1473
2021.5973 18.1584
2021.6000 20.0790
2021.6027 17.3596
2021.6055 13.1804
2021.6082 13.3313
2021.6110 9.7924
2021.6137 16.1037
2021.6164 16.8952
2021.6192 18.5270
2021.6219 12.4591
2021.6247 11.8516
2021.6274 10.1745
2021.6301 11.6177
2021.6329 12.6414
2021.6356 11.2456
2021.6384 15.0304
2021.6411 16.7056
2021.6438 16.7015
2021.6466 13.5779
2021.6493 11.7350
2021.6521 11.6228
2021.6548 10.9614
2021.6575 18.5706
2021.6603 13.8107
2021.6630 17.0216
2021.6658 16.9133
2021.6685 19.0462
2021.6712 19.4402
2021.6740 13.9451
2021.6767 16.8510
2021.6795 22.1277
2021.6822 15.4553
2021.6849 19.4736
2021.6877 17.4025
2021.6904 17.6921
2021.6932 16.7022
2021.6959 17.7227
2021.6986 18.3937
2021.7014 18.8550
2021.7041 17.0665
2021.7068 18.5583
2021.7096 12.4002
2021.7123 15.7121
2021.7151 13.7840
2021.7178 17.3659
2021.7205 11.6676
2021.7233 21.0892
2021.7260 9.6104
2021.7288 17.5513
2021.7315 19.7118
2021.7342 14.7119
2021.7370 15.6114
2021.7397 17.7702
2021.7425 14.7085
2021.7452 13.8059
2021.7479 12.7026
2021.7507 11.5789
2021.7534 12.0553
2021.7562 16.1218
2021.7589 20.2183
2021.7616 21.9150
2021.7644 21.1816
2021.7671 18.5083
2021.7699 15.0249
2021.7726 15.2415
2021.7753 17.7581
2021.7781 16.1946
2021.7808 13.1710
2021.7836 14.6773
2021.7863 15.1034
2021.7890 15.0695
2021.7918 18.1453
2021.7945 18.5410
2021.7973 16.2364
2021.8000 14.9217
2021.8027 16.4967
2021.8055 18.5214
2021.8082 17.6758
2021.8110 12.0999
2021.8137 15.6938
2021.8164 15.7672
2021.8192 11.6403
2021.8219 17.4230
2021.8247 14.9153
2021.8274 14.3972
2021.8301 11.7887
2021.8329 13.5897
2021.8356 16.9605
2021.8384 12.2611
2021.8411 11.7016
2021.8438 16.3619
2021.8466 17.9320
2021.8493 16.0120
2021.8521 18.6118
2021.8548 11.3616
2021.8575 14.1512
2021.8603 7.0107
2021.8630 15.7100
2021.8658 13.1493
2021.8685 12.0485
2021.8712 11.5177
2021.8740 13.7467
2021.8767 13.1357
2021.8795 9.8646
2021.8822 14.9835
2021.8849 14.7923
2021.8904 12.8799
2021.8932 17.7487
2021.8959 16.9675
2021.8986 18.2763
2021.9014 15.8950
2021.9041 17.4038
2021.9068 19.4527
2021.9096 21.9915
2021.9123 22.1204
2021.9151 21.4094
2021.9178 24.8184
2021.9205 20.6275
2021.9233 18.6865
2021.9260 22.5956
2021.9288 20.2547
2021.9315 16.0238
2021.9342 20.0228
2021.9370 16.4119
2021.9397 19.1508
2021.9425 20.3397
2021.9452 21.2986
2021.9479 18.3673
2021.9507 18.1460
2021.9534 15.9545
2021.9562 15.4029
2021.9589 20.6312
2021.9616 22.4093
2021.9644 18.8472
2021.9671 19.2650
2021.9699 17.6126
2021.9726 16.8399
2021.9753 20.6071
2021.9781 19.0640
2021.9808 18.4107
2021.9836 24.8872
2021.9863 25.4033
2021.9890 19.6992
2021.9918 20.6248
2021.9945 20.3101
2021.9973 19.5551
2022.0000 21.9897
2022.0027 18.0929
2022.0055 20.7237
2022.0082 16.9421
2022.0110 16.0685
2022.0137 13.9428
2022.0164 17.0554
2022.0192 21.2562
2022.0219 19.5355
2022.0247 20.6534
2022.0274 18.3301
2022.0301 13.9357
2022.0329 14.0604
2022.0356 15.6143
2022.0384 12.7076
2022.0411 16.9404
2022.0438 15.9229
2022.0466 20.2052
2022.0493 16.3875
2022.0521 18.6899
2022.0548 13.5426
2022.0575 14.9358
2022.0603 11.3895
2022.0630 13.3539
2022.0658 17.9593
2022.0685 18.4756
2022.0712 13.3532
2022.0740 14.1121
2022.0767 16.7225
2022.0795 20.4945
2022.0822 23.6580
2022.0849 16.9118
2022.0877 16.8055
2022.0904 19.2992
2022.0932 18.2629
2022.0959 22.1767
2022.0986 21.3105
2022.1014 21.3645
2022.1041 19.1885
2022.1068 22.7127
2022.1096 16.2470
2022.1123 19.0114
2022.1151 17.5261
2022.1178 19.5010
2022.1205 18.5961
2022.1233 19.2815
2022.1260 15.1872
2022.1288 20.1232
2022.1315 18.6795
2022.1342 18.0361
2022.1370 17.6432
2022.1397 25.7506
2022.1425 17.8784
2022.1452 20.1067
2022.1479 17.5754
2022.1507 14.4946
2022.1534 21.7843
2022.1562 20.2545
2022.1589 18.8753
2022.1616 17.6866
2022.1644 18.6785
2022.1671 19.8108
2022.1699 21.0835
2022.1726 20.8565
2022.1753 21.5700
2022.1781 24.2837
2022.1808 20.8377
2022.1836 24.7120
2022.1863 21.8366
2022.1890 24.3713
2022.1918 18.9862
2022.1945 22.2413
2022.1973 17.8164
2022.2000 14.2617
2022.2027 17.1770
2022.2055 18.7524
2022.2082 20.0378
2022.2110 23.6331
2022.2137 22.6684
2022.2164 23.2036
2022.2192 19.8887
2022.2219 23.6936
2022.2247 19.5484
2022.2274 18.1430
2022.2301 18.4574
2022.2329 16.3715
2022.2356 16.2053
2022.2384 18.4088
2022.2411 20.2520
2022.2438 17.1348
2022.2466 20.6271
2022.2493 20.5590
2022.2521 20.6305
2022.2548 17.5715
2022.2575 15.3721
2022.2603 13.7824
2022.2630 18.7523
2022.2658 15.9320
2022.2685 17.7315
2022.2712 12.9507
2022.2740 14.8598
2022.2767 17.9988
2022.2795 17.4778
2022.2822 14.8667
2022.2849 17.9956
2022.2877 18.3945
2022.2904 18.7235
2022.2932 16.9127
2022.2959 17.4320
2022.2986 17.4115
2022.3014 26.0612
2022.3041 22.3912
2022.3068 18.5815
2022.3096 22.8022
2022.3123 18.9733
2022.3151 20.0548
2022.3178 25.0568
2022.3205 25.3194
2022.3233 30.8624
2022.3260 33.4361
2022.3288 27.0903
2022.3315 23.9752
2022.3342 21.7104
2022.3370 16.9360
2022.3397 22.8320
2022.3425 21.5883
2022.3452 21.5650
2022.3479 18.5321
2022.3507 19.8995
2022.3534 23.1172
2022.3562 20.7051
2022.3589 24.3934
2022.3616 24.2420
2022.3644 20.7308
2022.3671 22.3399
2022.3699 20.5492
2022.3726 22.5987
2022.3753 17.7985
2022.3781 19.4884
2022.3808 14.9786
2022.3836 15.9789
2022.3863 16.9394
2022.3890 20.5600
2022.3918 15.8708
2022.3945 15.0217
2022.3973 14.3027
2022.4000 12.3938
2022.4027 20.1250
2022.4055 22.3362
2022.4082 16.0475
2022.4110 21.6689
2022.4137 19.3004
2022.4164 20.1321
2022.4192 15.7841
2022.4219 14.2464
2022.4247 16.9689
2022.4274 18.8516
2022.4301 14.3145
2022.4329 23.7676
2022.4356 17.0209
2022.4384 15.5043
2022.4411 22.2778
2022.4438 18.4714
2022.4466 19.8451
2022.4493 7.4088
2022.4521 10.8726
2022.4548 8.1864
2022.4575 8.1202
2022.4603 9.1739
2022.4630 15.0476
2022.4658 18.1712
2022.4685 15.3747
2022.4712 17.1681
2022.4740 19.0614
2022.4767 24.1745
2022.4795 22.4075
2022.4822 22.8102
2022.4849 21.1528
2022.4877 20.6150
2022.4904 18.8971
2022.4932 18.3288
2022.4959 16.3903
2022.4986 17.4411
2022.5014 16.3612
2022.5041 19.7205
2022.5068 21.3191
2022.5096 19.1971
2022.5123 18.2045
2022.5151 20.9814
2022.5178 19.9378
2022.5205 18.0039
2022.5233 18.9697
2022.5260 16.7151
2022.5288 13.9304
2022.5315 17.1556
2022.5342 26.5906
2022.5370 19.4356
2022.5397 20.1807
2022.5425 20.4858
2022.5452 19.2112
2022.5479 18.0667
2022.5507 17.6325
2022.5534 19.8487
2022.5562 18.0852
2022.5589 15.5223
2022.5616 20.7498
2022.5644 18.4779
2022.5671 18.1667
2022.5699 17.4662
2022.5726 13.8764
2022.5753 11.3475
2022.5781 14.3294
2022.5808 14.2323
2022.5836 13.8158
2022.5863 21.5096
2022.5890 20.1237
2022.5918 17.2580
2022.5945 15.4726
2022.5973 19.0574
2022.6000 18.8724
2022.6027 17.9877
2022.6055 19.6732
2022.6082 16.3189
2022.6110 12.8448
2022.6137 15.2409
2022.6164 12.5272
2022.6192 16.0637
2022.6219 15.3803
2022.6247 15.2071
2022.6274 17.0641
2022.6301 17.0712
2022.6329 14.3984
2022.6356 15.7758
2022.6384 20.6032
2022.6411 18.4208
2022.6438 17.6985
2022.6466 12.8363
2022.6493 15.2942
2022.6521 16.7222
2022.6548 19.5303
2022.6575 19.4084
2022.6603 25.9165
2022.6630 22.0848
2022.6658 17.4931
2022.6685 18.5416
2022.6712 19.9804
2022.6740 19.1794
2022.6767 16.9886
2022.6795 17.5980
2022.6822 25.1976
2022.6849 25.9774
2022.6877 20.7972
2022.6904 15.3672
2022.6932 21.9073
2022.6959 22.6774
2022.6986 22.3275
2022.7014 25.2377
2022.7041 19.9978
2022.7068 18.4180
2022.7096 16.0281
2022.7123 16.2681
2022.7151 19.0880
2022.7178 8.7378
2022.7205 26.3575
2022.7233 19.9571
2022.7260 16.5164
2022.7288 18.9056
2022.7315 18.8246
2022.7342 17.5933
2022.7370 22.1417
2022.7397 25.8599
2022.7425 19.9878
2022.7452 19.3153
2022.7479 16.1425
2022.7507 17.0493
2022.7534 16.6557
2022.7562 13.8218
2022.7589 20.2375
2022.7616 16.9729
2022.7644 20.8080
2022.7671 18.7928
2022.7699 22.6974
2022.7726 22.7717
2022.7753 19.5258
2022.7781 22.1697
2022.7808 20.9535
2022.7836 20.5571
2022.7863 24.8906
2022.7890 23.5640
2022.7918 22.0273
2022.7945 22.8806
2022.7973 18.2638
2022.8000 16.6770
2022.8027 14.8102
2022.8055 14.8234
2022.8082 14.6767
2022.8110 16.6601
2022.8137 12.5035
2022.8164 13.7171
2022.8192 15.3308
2022.8219 10.5346
2022.8247 7.6487
2022.8274 11.0829
2022.8301 15.6674
2022.8329 10.7122
2022.8356 17.5675
2022.8384 17.2633
2022.8411 10.2097
2022.8438 15.5465
2022.8466 15.7637
2022.8493 13.5213
2022.8521 18.8893
2022.8548 14.3175
2022.8575 12.9560
2022.8603 13.5948
2022.8630 13.4737
2022.8658 18.6528
2022.8685 22.3120
2022.8712 24.0212
2022.8740 19.2205
2022.8767 16.3298
2022.8795 23.7190
2022.8822 17.5181
2022.8849 19.9770
2022.8877 22.0758
2022.8904 17.5844
2022.8932 21.2728
2022.8959 20.0608
2022.8986 19.2685
2022.9014 15.4758
2022.9041 18.6328
2022.9068 16.1492
2022.9096 21.1552
2022.9123 15.6907
2022.9151 20.4655
2022.9178 17.0090
2022.9205 17.2602
2022.9233 17.6391
2022.9260 12.4760
2022.9288 14.2608
2022.9315 17.0636
2022.9342 15.9945
2022.9370 15.2136
2022.9397 17.3208
2022.9425 17.6264
2022.9452 18.9403
2022.9479 18.8426
2022.9507 18.1235
2022.9534 17.0428
2022.9562 17.0509
2022.9589 14.3876
2022.9616 19.5630
2022.9644 18.1874
2022.9671 20.7406
2022.9699 15.8028
2022.9726 17.0540
2022.9753 12.3243
2022.9781 15.0839
2022.9808 11.2926
2022.9836 12.5307
2022.9863 14.1282
2022.9890 14.8451
2022.9918 14.0716
2022.9945 13.7676
2022.9973 11.1633
2023.0000 15.7587
