2016.1284 -7.5369
2016.1311 -10.9170
2016.1339 -0.9163
2016.1366 -11.5546
2016.1393 -6.8819
2016.1421 -7.1581
2016.1448 -10.3031
2016.1475 -11.7769
2016.1503 -10.8495
2016.1530 -5.7806
2016.1557 -7.4804
2016.1585 -9.0186
2016.1612 -11.7753
2016.1639 6.7894
2016.1667 -9.3950
2016.1694 2.0216
2016.1721 -6.5711
2016.1749 -5.1529
2016.1776 -5.1441
2016.1803 -5.9546
2016.1831 -7.1246
2016.1858 -6.0940
2016.1885 -3.3529
2016.1913 -2.2115
2016.1940 -3.9198
2016.1967 -2.5977
2016.1995 -2.8555
2016.2022 -3.8631
2016.2049 -6.3606
2016.2077 -7.9582
2016.2104 -13.6957
2016.2131 -7.1034
2016.2158 -11.0912
2016.2186 -11.1792
2016.2213 -7.3175
2016.2240 -7.6262
2016.2268 -11.6053
2016.2295 -9.3849
2016.2322 -4.3550
2016.2350 -2.9857
2016.2377 -7.4670
2016.2404 -7.6091
2016.2432 -11.7820
2016.2459 -14.2556
2016.2486 -15.5096
2016.2514 -17.0535
2016.2541 -17.0475
2016.2568 -14.9815
2016.2596 -8.4255
2016.2623 -17.3196
2016.2650 -12.6036
2016.2678 -8.2177
2016.2705 1.0982
2016.2732 -5.4160
2016.2760 -7.4801
2016.2787 -7.9843
2016.2814 -11.2385
2016.2842 -14.9227
2016.2869 -14.8769
2016.2896 -10.1012
2016.2923 -9.4854
2016.2951 -9.2397
2016.2978 -7.9840
2016.3005 -11.3183
2016.3033 -14.1527
2016.3060 -11.7671
2016.3087 -11.9914
2016.3115 -14.8159
2016.3142 -12.6703
2016.3169 -1.5647
2016.3197 -5.7392
2016.3224 -19.0737
2016.3279 -11.8827
2016.3306 -13.3973
2016.3333 -6.3721
2016.3361 -10.8472
2016.3388 -10.5326
2016.3415 -7.8981
2016.3443 -4.4939
2016.3470 -7.2698
2016.3497 -4.6359
2016.3634 -6.9981
2016.3934 1.4916
2016.5574 -14.9479
2016.5601 -18.5512
2016.5628 -19.0545
2016.5765 -20.5910
2016.5820 -3.2172
2016.5847 -5.3815
2016.5902 -9.7535
2016.5929 -11.2311
2016.8552 -25.5236
2016.8579 -15.2625
2016.8607 -13.2618
2016.8634 -13.6714
2016.8661 -14.2414
2016.8689 -17.3819
2016.8716 -15.3429
2016.8743 -14.7043
2016.8770 -13.2963
2016.8798 -11.2188
2016.8825 -10.8320
2016.8852 -10.6258
2016.8880 -0.4502
2016.8907 -10.8554
2016.8934 9.1386
2016.8962 -7.6481
2016.8989 -13.2256
2016.9016 -15.0139
2016.9044 -13.5532
2016.9071 -17.4034
2016.9098 -11.6645
2016.9126 -13.8666
2016.9153 -12.5797
2016.9180 -15.8339
2016.9208 -16.4390
2016.9235 -15.3450
2016.9262 -14.1819
2016.9290 -13.7096
2016.9317 -14.5779
2016.9344 -15.9069
2016.9372 -15.9665
2016.9399 -16.4066
2016.9426 -13.3471
2016.9454 -13.3181
2016.9481 -12.5693
2016.9508 -14.3808
2016.9536 -16.2824
2016.9563 -14.7241
2016.9590 -16.6959
2016.9617 -14.6077
2016.9645 -22.9694
2016.9672 -17.0310
2016.9699 -16.0923
2016.9727 -15.0033
2016.9754 -16.8740
2016.9781 -17.7742
2016.9809 -16.2840
2016.9836 -11.9732
2016.9863 -14.8718
2016.9891 -16.4297
2016.9918 -16.2268
2016.9945 -14.5332
2016.9973 -13.6786
2017.0000 -11.4431
2017.0027 -21.3565
2017.0055 -18.3486
2017.0082 -16.9195
2017.0110 -16.5093
2017.0137 -15.1382
2017.0164 -15.6461
2017.0192 -16.1033
2017.0219 -14.6597
2017.0247 -16.5855
2017.0274 -20.1807
2017.0301 -18.8455
2017.0329 -17.0400
2017.0356 -18.1741
2017.0384 -19.1481
2017.0411 -21.1220
2017.0438 -21.7360
2017.0466 -20.2800
2017.0493 -20.5942
2017.0521 -15.9087
2017.0548 -15.3635
2017.0575 -18.1188
2017.0603 -15.4847
2017.0630 -16.2512
2017.0658 -12.8184
2017.0685 -15.8065
2017.0712 -18.5555
2017.0740 -14.5755
2017.0767 -14.7065
2017.0795 -13.1388
2017.0822 -9.2426
2017.0849 -13.9493
2017.0877 -11.6189
2017.0904 -9.1012
2017.0932 -14.0359
2017.0959 -16.1329
2017.0986 -12.3719
2017.1014 -14.9127
2017.1041 -13.1550
2017.1068 -10.1687
2017.1096 -12.9435
2017.1123 -10.0992
2017.1151 -9.8455
2017.1178 -9.7923
2017.1205 -7.2693
2017.1233 -11.6263
2017.1260 -9.5031
2017.1288 -8.4594
2017.1315 -10.7950
2017.1342 -12.3997
2017.1370 -11.6932
2017.1397 -9.5054
2017.1425 -10.0460
2017.1452 -10.6048
2017.1479 -8.5015
2017.1507 -10.7360
2017.1534 -12.7380
2017.1562 -14.0273
2017.1589 -12.5137
2017.1616 -12.0869
2017.1644 -17.0775
2017.1671 -16.2261
2017.1699 -12.9030
2017.1726 -13.2582
2017.1753 -13.4719
2017.1781 -10.8042
2017.1808 -9.0953
2017.1836 -6.4851
2017.1863 -9.8939
2017.1890 -9.4519
2017.1918 -9.3690
2017.1945 -9.7154
2017.1973 -9.4513
2017.2000 -12.5568
2017.2027 -10.5920
2017.2055 -6.7071
2017.2082 -5.8421
2017.2110 -4.4771
2017.2137 -4.0424
2017.2164 -13.7680
2017.2192 -5.6740
2017.2219 -11.7806
2017.2247 -10.3079
2017.2274 -14.7060
2017.2301 -3.7351
2017.2356 -18.0465
2017.2384 -8.6391
2017.2411 -7.4632
2017.2466 -11.1261
2017.2493 -11.5353
2017.2521 -9.2162
2017.2548 -9.7388
2017.2575 -11.2228
2017.2603 -9.0481
2017.2630 -0.6446
2017.2658 -7.2721
2017.2685 -10.7604
2017.2712 -7.5795
2017.2740 -1.5292
2017.2767 -7.7193
2017.2795 -8.2096
2017.2822 -1.2701
2017.2849 -17.2506
2017.2877 -8.5310
2017.2904 -8.4510
2017.2932 -7.2706
2017.2959 -9.8596
2017.2986 -7.3778
2017.3014 -11.7051
2017.3041 -8.8914
2017.3068 -4.1265
2017.3096 -5.9803
2017.3123 -5.1826
2017.3151 -4.8033
2017.3178 -7.2622
2017.3205 -7.0791
2017.3233 -8.4340
2017.3260 -7.5867
2017.3288 -9.7670
2017.3315 -13.1450
2017.3342 -11.9907
2017.3370 -14.2145
2017.3397 -16.2764
2017.3425 -13.2065
2017.3452 -10.9150
2017.3479 -10.8021
2017.3507 -4.7379
2017.3534 -5.4625
2017.3562 -5.8662
2017.3589 -4.9289
2017.3616 -3.6709
2017.3644 -0.5923
2017.3671 -6.3933
2017.3699 -5.8540
2017.3726 -5.6446
2017.3753 -6.8751
2017.3781 -9.3558
2017.5233 -13.7256
2017.5288 -18.8458
2017.5315 -11.1057
2017.5370 2.2848
2017.5397 -16.8048
2017.5452 -14.6536
2017.5479 -9.0228
2017.5507 -9.8520
2017.5534 -6.4011
2017.5562 -4.4901
2017.5589 -11.1891
2017.5616 -15.1580
2017.5644 -12.2368
2017.5671 -18.5056
2017.5699 -14.1344
2017.5726 -8.6131
2017.5753 -3.6217
2017.5781 -1.8204
2017.5808 -9.2690
2017.5836 -8.3877
2017.5863 -8.8465
2017.5890 -10.7455
2017.5918 -15.1544
2017.5945 -10.6035
2017.5973 -8.9925
2017.6000 -8.3414
2017.6027 -10.6803
2017.6055 -4.0391
2017.6110 -11.8762
2017.6164 -8.7324
2017.6192 -9.5201
2017.6219 -10.2375
2017.6247 -10.6445
2017.6274 -6.3611
2017.6301 -11.8373
2017.6329 -12.6030
2017.6356 -11.7483
2017.6384 -7.7330
2017.6411 -8.5072
2017.6438 -7.9807
2017.6466 -7.2936
2017.6521 -15.1174
2017.6548 -7.0782
2017.6575 -6.2683
2017.6603 -16.1375
2017.6630 -8.5959
2017.6658 -9.8633
2017.6685 -14.5690
2017.6712 -13.5931
2017.6740 -7.6157
2017.6767 -18.4568
2017.6904 -11.0237
2017.6932 -10.2480
2017.6959 -4.0016
2017.6986 -10.3045
2017.7014 -10.1067
2017.7041 -13.0884
2017.7068 -4.9398
2017.7096 -12.3208
2017.7123 -10.8416
2017.7151 -18.7823
2017.7205 -3.2537
2017.7233 -23.9146
2017.7260 -11.3158
2017.7288 -10.6373
2017.7315 -5.7492
2017.7342 -5.5617
2017.7370 -7.7249
2017.7397 -8.3088
2017.7425 -11.5635
2017.7452 -4.6192
2017.7507 -14.7830
2017.7534 -15.4102
2017.7562 -16.3173
2017.7589 -14.3245
2017.7616 -12.5317
2017.7644 -10.5590
2017.7671 -8.8064
2017.7699 -12.3640
2017.7726 -10.4518
2017.7753 -11.4597
2017.7781 -8.0680
2017.7808 -11.4165
2017.7836 -14.2553
2017.7863 -13.5845
2017.7890 -16.1440
2017.7918 -14.3340
2017.7945 -15.1343
2017.7973 -14.2652
2017.8000 -10.7766
2017.8027 -14.1585
2017.8055 -10.2510
2017.8082 -14.8040
2017.8110 -11.4977
2017.8137 -12.3921
2017.8164 -12.3172
2017.8192 -7.6929
2017.8219 1.5205
2017.8274 -27.0350
2017.8301 -12.6540
2017.8329 -9.6143
2017.8356 -10.9383
2017.8384 -11.9661
2017.8411 -12.6975
2017.8438 -8.3522
2017.8466 -11.8200
2017.8493 -10.3007
2017.8575 -15.8377
2017.8603 -2.5175
2017.8630 -10.0090
2017.8658 -8.2719
2017.8685 -9.2860
2017.8712 -9.9711
2017.8740 -10.1869
2017.8767 -8.1832
2017.8795 -12.3498
2017.8822 -14.1064
2017.8849 -13.0427
2017.8877 -14.4086
2017.8904 -14.6237
2017.8932 -11.3779
2017.8959 -12.5110
2017.8986 -11.5226
2017.9014 -13.8726
2017.9041 -13.0406
2017.9068 -12.2766
2017.9096 -14.3201
2017.9123 -17.5610
2017.9151 -10.2991
2017.9178 -10.7945
2017.9205 -13.0677
2017.9233 -11.8388
2017.9260 -13.5080
2017.9288 -11.5354
2017.9315 -13.0514
2017.9342 -11.3361
2017.9370 -10.7095
2017.9397 -13.6521
2017.9425 -16.1938
2017.9452 -17.8249
2017.9479 -20.9156
2017.9507 -21.1560
2017.9534 -16.2764
2017.9562 -15.9469
2017.9589 -14.0877
2017.9616 -13.8090
2017.9644 -18.2810
2017.9671 -14.2738
2017.9699 -15.0576
2017.9726 -15.6427
2017.9753 -16.2492
2017.9781 -17.2072
2017.9808 -18.8270
2017.9836 -22.8287
2017.9863 -22.6926
2017.9890 -20.7588
2017.9918 -20.0274
2017.9945 -20.4788
2017.9973 -20.9630
2018.0000 -16.6802
2018.0027 -18.7497
2018.0055 -18.9706
2018.0082 -20.6328
2018.0110 -18.6663
2018.0137 -18.1208
2018.0164 -16.4863
2018.0192 -15.5828
2018.0219 -15.5002
2018.0247 -15.5283
2018.0274 -13.4971
2018.0301 -16.4765
2018.0329 -16.6564
2018.0356 -15.1166
2018.0384 -13.2773
2018.0411 -15.5381
2018.0438 -14.2891
2018.0466 -13.2602
2018.0493 -11.7612
2018.0521 -11.0822
2018.0548 -11.9329
2018.0575 -11.9033
2018.0603 -12.0334
2018.0630 -12.9830
2018.0658 -16.0420
2018.0685 -13.8504
2018.0712 -11.5280
2018.0740 -12.3949
2018.0767 -11.1808
2018.0795 -12.9757
2018.0822 -10.4698
2018.0849 -9.7241
2018.0877 -14.5687
2018.0904 -16.9136
2018.0932 -16.1888
2018.0959 -19.9940
2018.0986 -20.5592
2018.1014 -14.2645
2018.1041 -12.1696
2018.1068 -14.0846
2018.1096 -6.8093
2018.1123 -8.1836
2018.1151 -10.2676
2018.1178 -7.8711
2018.1205 -10.7740
2018.1233 -10.1762
2018.1260 -12.2178
2018.1288 -13.6586
2018.1315 -14.5485
2018.1342 -16.3974
2018.1370 -14.4154
2018.1397 -11.8723
2018.1425 -11.5180
2018.1452 -15.5924
2018.1479 -16.3156
2018.1507 -18.1673
2018.1534 -17.6476
2018.1562 -15.1364
2018.1589 -16.6435
2018.1616 -14.5489
2018.1644 -17.9522
2018.1671 -14.4329
2018.1699 -18.3913
2018.1726 -19.8075
2018.1753 -20.4017
2018.1781 -16.0440
2018.1808 -17.2546
2018.1836 -14.9435
2018.1863 -15.6511
2018.1890 -16.1773
2018.1918 -19.9224
2018.1945 -23.4966
2018.1973 -22.4399
2018.2000 -22.8225
2018.2027 -20.7046
2018.2055 -20.4064
2018.2082 -18.2979
2018.2110 -11.4493
2018.2137 -12.4909
2018.2164 -14.1326
2018.2192 -13.6248
2018.2219 -23.0574
2018.2247 -12.8708
2018.2274 -17.2550
2018.2301 -18.5402
2018.2329 -20.3465
2018.2356 -18.5541
2018.2384 -23.3532
2018.2411 -15.8839
2018.2438 -15.5763
2018.2466 -15.3803
2018.2493 -17.0244
2018.2521 -14.4883
2018.2548 -15.4121
2018.2575 -16.6258
2018.2603 -19.8994
2018.2630 -16.8030
2018.2658 -16.0466
2018.2685 -17.0703
2018.2712 -17.0141
2018.2740 -10.9780
2018.2767 -11.9320
2018.2795 -14.6663
2018.2822 -3.1908
2018.2849 -15.6856
2018.2877 -14.3907
2018.2904 -8.0962
2018.2932 -16.6620
2018.2959 -15.5883
2018.2986 -11.9750
2018.3014 -17.4223
2018.3041 -16.1000
2018.3068 -15.4184
2018.3096 -16.9674
2018.3123 -19.7970
2018.3178 -13.6983
2018.3205 -13.1401
2018.3233 -15.1627
2018.3260 -9.1862
2018.3315 -15.0855
2018.3342 -11.5710
2018.3370 -12.2971
2018.3397 -13.3635
2018.3425 -6.1204
2018.3452 -13.7777
2018.3479 -14.2853
2018.3507 -16.4133
2018.3534 -15.2815
2018.3562 -16.1400
2018.3589 -14.7387
2018.3616 -16.5775
2018.3644 -2.3166
2018.3671 -11.5257
2018.3699 -12.9450
2018.3726 -6.1843
2018.3753 2.8964
2018.3781 -11.8129
2018.3808 -13.2922
2018.3836 -14.4814
2018.3863 -14.3604
2018.5041 -14.9845
2018.5616 -2.0278
2018.5644 -7.4311
2018.5699 -10.2579
2018.5726 -0.5514
2018.5808 -13.0325
2018.5836 -10.9063
2018.5863 -15.4602
2018.5890 -6.7042
2018.5918 -6.8882
2018.5945 -7.1622
2018.5973 -8.9662
2018.6000 -11.5803
2018.6027 -11.5644
2018.6055 2.3014
2018.6082 -14.8228
2018.6110 -15.8869
2018.6164 -6.8953
2018.6192 -13.1595
2018.6219 -10.2437
2018.6247 -15.9779
2018.6274 -17.5222
2018.6301 -11.5064
2018.6329 -17.5905
2018.6356 -12.7047
2018.6384 -14.5189
2018.6411 -13.9130
2018.6438 -13.6871
2018.6466 -16.0212
2018.6493 -16.9652
2018.6521 -16.7493
2018.6548 -16.3832
2018.6575 -10.9672
2018.6603 -13.3611
2018.6658 -10.2084
2018.6685 -10.9702
2018.6712 -15.6000
2018.6740 -12.0880
2018.6767 -4.6543
2018.6849 -10.6846
2018.6904 -12.5956
2018.6932 -14.0547
2018.6959 -12.9731
2018.6986 -14.7809
2018.7014 -12.8582
2018.7041 -13.7851
2018.7068 -9.8019
2018.7096 -14.1686
2018.7123 -15.8254
2018.7151 -12.7623
2018.7178 -7.8696
2018.7205 -11.6474
2018.7233 -15.9957
2018.7260 -15.7248
2018.7288 -16.7947
2018.7315 -17.4556
2018.7370 -18.0210
2018.7397 -15.5257
2018.7452 -8.8099
2018.7479 -10.9296
2018.7507 -11.5013
2018.7534 -11.8752
2018.7562 -14.6210
2018.7589 -13.6385
2018.7616 -12.6177
2018.7644 -14.3284
2018.7671 -12.7805
2018.7699 -14.0037
2018.7726 -13.1779
2018.7753 -11.7130
2018.7781 -9.2488
2018.7808 -11.0052
2018.7836 -7.6820
2018.7863 -10.3490
2018.7890 -11.9762
2018.7918 -13.2833
2018.7945 -14.1702
2018.7973 -20.6868
2018.8000 -14.9128
2018.8027 -11.8083
2018.8082 -18.9065
2018.8110 5.8510
2018.8137 -6.2002
2018.8164 -11.3100
2018.8192 -7.1983
2018.8219 -8.2048
2018.8247 -4.8494
2018.8274 -11.3420
2018.8301 -5.0524
2018.8329 -16.1107
2018.8356 -9.1386
2018.8384 -9.0062
2018.8411 -10.6135
2018.8438 -11.4806
2018.8466 -10.9576
2018.8493 -13.5144
2018.8521 -14.4010
2018.8548 -14.0374
2018.8575 -16.7937
2018.8603 -11.1699
2018.8630 -8.5360
2018.8658 -12.7620
2018.8685 -13.5079
2018.8712 -15.3838
2018.8740 -17.3396
2018.8767 -12.7554
2018.8795 -13.8412
2018.8822 -13.5670
2018.8849 -14.5528
2018.8877 -13.2486
2018.8904 -15.0545
2018.8932 -16.0104
2018.8959 -15.4364
2018.8986 -17.8025
2018.9014 -18.4687
2018.9041 -12.5350
2018.9068 -20.0915
2018.9096 -15.0981
2018.9123 -14.5849
2018.9151 -5.7619
2018.9233 -18.8450
2018.9260 -14.6364
2018.9288 -12.9166
2018.9315 -7.5258
2018.9342 -12.4242
2018.9370 -11.9920
2018.9397 -10.6395
2018.9425 -10.8568
2018.9452 -12.5342
2018.9479 -10.2019
2018.9507 -10.7899
2018.9534 -13.9787
2018.9562 -10.4183
2018.9589 -12.4390
2018.9616 -9.5509
2018.9644 -1.2944
2018.9671 -9.7195
2018.9699 -9.3165
2018.9726 -11.4156
2018.9753 -11.8870
2018.9781 -5.6909
2018.9808 -5.7775
2018.9836 -6.6770
2018.9863 -9.9497
2018.9890 -9.0256
2018.9918 -6.4351
2018.9945 -2.5684
2018.9973 -8.4855
2019.0000 -10.6268
2019.0027 -8.3806
2019.0055 -7.0452
2019.0082 -6.0404
2019.0110 -6.0563
2019.0137 -5.5028
2019.0164 -6.8199
2019.0192 -7.2175
2019.0219 -8.5657
2019.0247 -12.8142
2019.0274 -8.5532
2019.0301 -9.6226
2019.0329 -6.7523
2019.0384 -9.6125
2019.0411 -5.8529
2019.0438 -4.1535
2019.0466 -3.8343
2019.0493 -9.1451
2019.0521 -8.5460
2019.0548 -5.5469
2019.0575 -7.4578
2019.0603 -7.5185
2019.0630 -4.0792
2019.0658 -5.1297
2019.0685 -8.5801
2019.0712 -2.7502
2019.0740 -6.7200
2019.0767 -9.5595
2019.0795 -8.5586
2019.0822 -9.5474
2019.0849 -3.7462
2019.0877 -11.2550
2019.0904 3.4363
2019.0932 -0.3325
2019.0959 -3.8513
2019.0986 -1.6601
2019.1014 -12.3488
2019.1041 -9.5776
2019.1068 -10.8064
2019.1096 -3.4851
2019.1123 -4.7139
2019.1151 -6.2326
2019.1178 -6.9013
2019.1205 -9.0500
2019.1233 -9.0087
2019.1260 -6.9174
2019.1288 -13.5460
2019.1315 -13.9946
2019.1342 -15.1932
2019.1370 -15.1218
2019.1397 -15.6004
2019.1425 -13.8189
2019.1452 -12.4074
2019.1479 -11.5858
2019.1507 -12.1842
2019.1534 -9.0226
2019.1562 -12.1209
2019.1589 -14.3192
2019.1616 -15.9475
2019.1644 -11.5948
2019.1671 -9.7903
2019.1699 -10.7141
2019.1726 -13.6562
2019.1753 -13.9167
2019.1781 -16.0457
2019.1808 -13.5332
2019.1836 -11.7392
2019.1863 -9.7939
2019.1890 -9.5273
2019.1918 -7.9394
2019.1945 -9.8502
2019.1973 -13.7600
2019.2000 -0.6686
2019.2027 -1.3362
2019.2055 -8.8629
2019.2082 -7.8486
2019.2110 -7.2234
2019.2137 -9.5775
2019.2164 -8.7708
2019.2192 -5.8735
2019.2219 -5.7255
2019.2247 -2.4069
2019.2274 -3.6278
2019.2301 -4.6183
2019.2329 -6.2483
2019.2356 -5.8380
2019.2384 -5.5275
2019.2411 -4.5867
2019.2438 -9.4257
2019.2466 -12.9244
2019.2493 -2.5912
2019.2521 -6.0262
2019.2548 -7.7393
2019.2575 -8.1109
2019.2603 -3.7010
2019.2630 -4.4297
2019.2658 -3.9473
2019.2712 -3.8396
2019.2740 -4.9446
2019.2767 -7.3991
2019.2795 -10.3931
2019.2822 -13.1268
2019.2849 -12.9605
2019.2877 -7.6041
2019.2904 -7.8280
2019.2932 -6.3922
2019.2959 -9.4569
2019.2986 -9.1322
2019.3014 -10.9983
2019.3041 -9.7154
2019.3068 -10.0135
2019.3096 -9.4329
2019.3123 -15.6337
2019.3151 -7.2860
2019.3178 -6.1400
2019.3205 -7.7058
2019.3233 -8.2436
2019.3260 -8.6036
2019.3288 -9.3659
2019.3315 -10.5495
2019.3342 -10.9034
2019.3370 -6.2676
2019.3397 -7.5620
2019.3425 -9.2967
2019.3452 -7.0517
2019.3479 -9.5370
2019.3507 -8.0825
2019.3534 4.1317
2019.3562 -5.4443
2019.3589 -3.7907
2019.3616 -6.5572
2019.3644 -6.1941
2019.3671 -5.8712
2019.3699 -3.5585
2019.3726 -6.9462
2019.3753 -8.8640
2019.3781 -12.5522
2019.3808 -15.0305
2019.3836 -16.6392
2019.3863 -17.5981
2019.3890 -17.9872
2019.3918 -13.0066
2019.3945 -11.9962
2019.3973 -11.4661
2019.4000 -12.2262
2019.4027 -12.1666
2019.4055 -10.8872
2019.4082 -14.8080
2019.4110 -12.5391
2019.4137 -10.0404
2019.4164 -10.2017
2019.4192 -13.2331
2019.4219 -1.6745
2019.4247 -9.4659
2019.4274 -10.1074
2019.4301 -9.6690
2019.4329 -14.8207
2019.4356 -13.2724
2019.4384 -14.4443
2019.4411 -14.2163
2019.4466 -15.3806
2019.4493 -4.7629
2019.4521 -7.2555
2019.4548 -4.0481
2019.4575 -8.9410
2019.4603 -10.2441
2019.4630 -9.4873
2019.4658 -10.5107
2019.4685 -9.8044
2019.4712 -6.7483
2019.4740 -10.3724
2019.4767 -5.0668
2019.4795 -6.0315
2019.4822 -4.7964
2019.4849 -4.5416
2019.4877 -3.1071
2019.4904 -1.6529
2019.4932 -2.0590
2019.4959 -4.6154
2019.4986 -4.3022
2019.5014 -2.5895
2019.5041 -5.9973
2019.5068 -2.3956
2019.5096 -2.8742
2019.5123 -5.8733
2019.5151 -6.1028
2019.5178 -3.0627
2019.5205 -0.1230
2019.5233 -0.5336
2019.5260 1.9855
2019.5288 0.5142
2019.5315 1.1727
2019.5342 0.4008
2019.5370 -1.0713
2019.5397 -2.7136
2019.5425 0.7638
2019.5452 -0.0491
2019.5479 1.1879
2019.5507 -7.9453
2019.5534 -4.1586
2019.5562 -4.5821
2019.5589 -4.1658
2019.5616 -3.5196
2019.5644 -2.5034
2019.5671 -1.2574
2019.5699 -0.9414
2019.5726 -0.4555
2019.5753 -1.7696
2019.5781 -2.6337
2019.5808 -3.9178
2019.5836 -11.1325
2019.5863 -6.5382
2019.5890 -12.3650
2019.5918 -15.3127
2019.5945 -14.9512
2019.5973 -14.9505
2019.6000 -13.6205
2019.6027 -15.7811
2019.6055 -11.8323
2019.6082 -2.0339
2019.6110 -2.5360
2019.6137 10.1917
2019.6164 2.9491
2019.6192 -2.1737
2019.6219 -6.9466
2019.6247 -5.3695
2019.6274 -3.7324
2019.6301 2.6849
2019.6329 1.4124
2019.6356 0.7801
2019.6384 0.4682
2019.6411 1.8967
2019.6438 0.5957
2019.6466 4.7553
2019.6493 2.0655
2019.6521 2.8065
2019.6548 -1.4318
2019.6575 -9.7692
2019.6603 -13.2856
2019.6630 -15.1010
2019.6658 -10.1553
2019.6685 -5.3684
2019.6712 1.0296
2019.6795 -21.6692
2019.6849 -2.4630
2019.6904 4.6775
2019.6932 -0.0858
2019.6959 -6.1480
2019.6986 -5.6893
2019.7014 -3.4897
2019.7041 -3.7791
2019.7068 0.7024
2019.7096 3.9647
2019.7123 1.1479
2019.7151 -2.0081
2019.7178 -1.7132
2019.7205 2.3524
2019.7233 0.9988
2019.7260 -3.4541
2019.7288 -3.3663
2019.7315 -5.3877
2019.7342 -3.9485
2019.7370 -3.2186
2019.7397 -2.9381
2019.7425 -2.0770
2019.7452 1.4547
2019.7479 3.8070
2019.7507 3.5905
2019.7534 2.5958
2019.7562 1.2327
2019.7589 0.0611
2019.7616 -3.4590
2019.7644 -3.6078
2019.7671 -0.2755
2019.7699 1.6979
2019.7726 -2.1578
2019.7753 -3.1227
2019.7781 -3.6068
2019.7808 3.4696
2019.7836 8.1465
2019.7863 -18.1863
2019.7945 9.7262
2019.7973 1.7936
2019.8000 -4.1793
2019.8027 -3.6525
2019.8055 -9.6362
2019.8082 -6.3706
2019.8110 -8.5656
2019.8137 -11.2416
2019.8164 -11.3484
2019.8192 -6.0264
2019.8219 -8.6056
2019.8247 -6.0561
2019.8274 -6.1581
2019.8301 -6.4116
2019.8329 -6.2966
2019.8356 -6.2424
2019.8384 -5.4587
2019.8411 -8.5056
2019.8438 -6.7630
2019.8466 -11.5011
2019.8493 -14.0598
2019.8521 -15.1591
2019.8603 -5.5010
2019.8630 -2.8030
2019.8658 -5.2857
2019.8712 1.2068
2019.8740 -4.4980
2019.8767 -5.0936
2019.8795 -8.7400
2019.8822 -5.4671
2019.8849 -3.1951
2019.8877 -10.1638
2019.8904 -8.0233
2019.8932 -6.8437
2019.8959 -12.4049
2019.8986 -10.4769
2019.9014 -10.9099
2019.9041 -7.6237
2019.9068 -5.5184
2019.9096 -5.4040
2019.9123 -4.9105
2019.9151 -6.4180
2019.9178 -4.1163
2019.9205 -5.2654
2019.9233 -5.6552
2019.9260 -10.1559
2019.9288 -9.1273
2019.9315 -10.2697
2019.9342 -15.7729
2019.9370 -14.2071
2019.9397 -13.5022
2019.9425 -10.2584
2019.9452 -8.8055
2019.9479 -10.5836
2019.9507 -10.9729
2019.9534 -8.7132
2019.9562 -4.8346
2019.9589 -7.2572
2019.9616 -9.8610
2019.9644 -8.5060
2019.9671 -8.6723
2019.9699 -3.4298
2019.9726 -5.1086
2019.9753 -6.2287
2019.9781 -7.5502
2019.9808 -8.0231
2019.9836 -6.9174
2019.9863 -2.6431
2019.9890 -2.1804
2019.9918 -4.5991
2019.9945 -0.6493
2019.9973 -2.2911
2020.0000 -3.2645
2020.0027 -2.6887
2020.0055 -2.6532
2020.0082 0.1419
2020.0109 6.4769
2020.0137 -2.7985
2020.0164 -1.0141
2020.0191 1.8400
2020.0219 3.2139
2020.0246 0.6776
2020.0273 -2.9589
2020.0301 -3.9957
2020.0328 -6.0026
2020.0355 -1.5498
2020.0383 -4.9471
2020.0410 -4.2246
2020.0437 -2.3522
2020.0464 -6.6900
2020.0492 -3.5980
2020.0519 -5.7960
2020.0546 -5.9042
2020.0574 -7.6425
2020.0601 -6.9209
2020.0628 -7.0694
2020.0656 -3.7279
2020.0683 -5.8065
2020.0710 -2.6352
2020.0738 -11.2940
2020.0765 -11.3227
2020.0792 -7.7615
2020.0820 -8.4904
2020.0847 -4.4898
2020.0874 -4.5698
2020.0902 -6.7203
2020.0929 -1.6612
2020.0956 -9.0226
2020.1011 -1.2866
2020.1066 -5.2117
2020.1148 -2.5707
2020.1175 -3.9439
2020.1202 -2.8271
2020.1257 -1.6333
2020.1284 -6.5462
2020.1311 -7.1090
2020.1339 -4.7415
2020.1366 -4.8138
2020.1393 -5.7058
2020.1421 -1.3874
2020.1448 0.4315
2020.1475 -4.1792
2020.1503 -4.0895
2020.1530 -0.8991
2020.1557 -2.8082
2020.1585 -3.8566
2020.1612 1.3357
2020.1639 0.0496
2020.1667 -2.5035
2020.1694 -2.6936
2020.1721 -2.7208
2020.1749 -3.1853
2020.1803 2.3138
2020.1831 2.6571
2020.1858 0.5728
2020.1885 1.1009
2020.1913 0.9811
2020.1940 4.3334
2020.1967 7.7878
2020.1995 3.7841
2020.2022 4.6622
2020.2049 5.3420
2020.2077 -0.1466
2020.2104 0.0464
2020.2131 -2.4692
2020.2158 2.5166
2020.2186 1.6736
2020.2213 -2.2782
2020.2240 -2.3290
2020.2268 8.8612
2020.2295 13.0323
2020.2322 5.9541
2020.2350 4.2366
2020.2377 5.9796
2020.2404 -1.9568
2020.2432 4.2471
2020.2459 -1.2386
2020.2486 1.3185
2020.2514 3.3892
2020.2541 0.9431
2020.2568 -5.6501
2020.2596 -2.2006
2020.2623 -3.2586
2020.2678 -4.6387
2020.2705 4.9788
2020.2732 1.2575
2020.2760 6.3873
2020.2787 -3.0922
2020.2814 -3.5013
2020.2842 -1.6703
2020.2869 -4.7893
2020.2896 -5.5188
2020.2951 2.8300
2020.2978 3.9677
2020.3005 1.6839
2020.3033 1.1282
2020.3060 -3.2095
2020.3087 -0.6196
2020.3115 -0.1323
2020.3142 3.9221
2020.3169 5.9532
2020.3197 -2.3391
2020.3224 5.2848
2020.3251 5.4047
2020.3333 -12.0270
2020.3361 -6.9668
2020.3388 -0.5871
2020.3415 -2.9880
2020.3443 -7.1494
2020.3470 0.0887
2020.3497 -1.2736
2020.3525 -0.7862
2020.3552 -1.8192
2020.3579 7.3276
2020.3607 0.0741
2020.3634 -4.7795
2020.3661 -5.6833
2020.3689 -4.3671
2020.3716 -6.2610
2020.3743 -5.8849
2020.3770 -3.5087
2020.3798 -4.5224
2020.3825 0.4240
2020.3852 0.6106
2020.3880 5.4875
2020.3907 -0.6253
2020.3934 -2.5477
2020.3962 -3.0798
2020.3989 -2.0415
2020.4016 -5.6626
2020.4044 -5.3632
2020.4071 -7.1933
2020.4098 -3.4227
2020.4126 1.3486
2020.4153 0.0003
2020.4180 0.7522
2020.4208 -0.7056
2020.4235 2.3067
2020.4262 1.4493
2020.4290 0.1120
2020.4317 1.3649
2020.4344 0.9779
2020.4372 1.3609
2020.4399 -5.5159
2020.4426 -7.8926
2020.4454 -10.1494
2020.4481 -5.7661
2020.4508 -2.2128
2020.4590 8.9470
2020.4617 1.3201
2020.4645 5.2631
2020.4672 0.4660
2020.4699 0.0288
2020.4727 -2.7286
2020.4754 -2.5662
2020.4781 -2.2439
2020.4809 -10.7019
2020.4836 -4.3101
2020.4863 1.1814
2020.4891 0.8726
2020.4918 -1.6364
2020.4945 -1.7858
2020.4973 1.0344
2020.5000 -1.0364
2020.5027 0.9218
2020.5055 2.3190
2020.5082 1.6853
2020.5109 2.1909
2020.5137 0.5657
2020.5164 0.1798
2020.5191 -0.8867
2020.5219 -3.2037
2020.5246 0.3888
2020.5273 -3.4290
2020.5301 -1.3572
2020.5328 2.0444
2020.5355 4.6858
2020.5383 8.2571
2020.5410 3.4584
2020.5437 1.8797
2020.5464 3.6211
2020.5519 -8.7455
2020.5546 -2.9134
2020.5574 -5.1308
2020.5601 -1.2278
2020.5628 3.9957
2020.5656 3.0998
2020.5683 5.7946
2020.5710 1.8902
2020.5738 3.6665
2020.5765 1.3737
2020.5792 11.7319
2020.5820 4.7911
2020.5847 -2.2584
2020.5874 -0.1366
2020.5902 1.4262
2020.5929 3.2802
2020.5956 -4.4649
2020.5984 -5.8191
2020.6011 -6.1524
2020.6038 -8.2650
2020.6066 -4.7470
2020.6093 -4.2084
2020.6120 -6.5894
2020.6148 -6.1399
2020.6175 -9.9402
2020.6202 -8.7702
2020.6230 -12.5401
2020.6257 -11.3799
2020.6284 -11.8898
2020.6311 -11.2897
2020.6339 -10.9699
2020.6366 -12.2303
2020.6393 -11.6111
2020.6421 -7.2724
2020.6448 0.6359
2020.6475 0.8935
2020.6503 -4.1196
2020.6530 -6.1735
2020.6557 -11.8983
2020.6585 -9.2440
2020.6612 -8.0307
2020.6639 0.8915
2020.6667 -0.7576
2020.6694 0.9723
2020.6721 -1.4489
2020.6749 -2.6211
2020.6776 1.9059
2020.6803 1.7320
2020.6831 4.9173
2020.6858 2.6520
2020.6885 1.2960
2020.6913 -0.1405
2020.6940 -2.3274
2020.6967 -0.0548
2020.6995 6.6276
2020.7022 -0.5804
2020.7049 -5.3585
2020.7077 14.0633
2020.7104 0.2250
2020.7131 -5.0532
2020.7158 1.1387
2020.7186 2.3507
2020.7213 1.3531
2020.7240 -0.5243
2020.7268 -0.9013
2020.7295 -5.0678
2020.7322 -4.3138
2020.7350 -8.6391
2020.7377 -1.9238
2020.7404 -6.4978
2020.7432 -4.9309
2020.7459 -3.2931
2020.7486 1.4857
2020.7514 -0.0048
2020.7541 0.9056
2020.7568 0.5067
2020.7596 -1.0815
2020.7623 1.6912
2020.7650 -1.6155
2020.7678 -0.7814
2020.7705 2.6135
2020.7732 1.6591
2020.7760 -2.2046
2020.7787 -1.0976
2020.7814 -1.8598
2020.7842 1.7788
2020.7869 1.6980
2020.7896 1.4780
2020.7923 0.8486
2020.7951 -2.5300
2020.7978 -0.2479
2020.8005 -2.9450
2020.8033 -3.7215
2020.8060 -0.4773
2020.8087 0.7876
2020.8115 -9.0268
2020.8142 16.2595
2020.8169 6.0965
2020.8197 -7.1058
2020.8224 -7.4574
2020.8251 -6.5684
2020.8279 -5.9787
2020.8306 -10.0783
2020.8333 5.6235
2020.8361 -2.6513
2020.8443 8.2534
2020.8470 -0.2394
2020.8497 10.4003
2020.8525 -10.5079
2020.8552 -14.5842
2020.8579 10.2913
2020.8634 1.0363
2020.8661 -8.1045
2020.8689 -7.3946
2020.8716 -9.5642
2020.8743 -9.1935
2020.8770 -9.6127
2020.8798 -6.1721
2020.8825 -8.3520
2020.8852 -17.0225
2020.8880 -18.7039
2020.8907 -13.9965
2020.8934 -15.9204
2020.8962 -10.6959
2020.8989 -9.0133
2020.9016 -10.1528
2020.9044 -12.6445
2020.9071 -13.6589
2020.9098 -11.3160
2020.9126 -9.0462
2020.9153 -15.5496
2020.9180 -12.0550
2020.9208 -11.2215
2020.9235 -11.5488
2020.9262 -10.5271
2020.9290 -6.5864
2020.9317 -10.8466
2020.9344 5.2723
2020.9372 -10.3397
2020.9426 13.5737
2020.9454 -5.4210
2020.9481 -7.2665
2020.9508 -5.0729
2020.9536 -2.3502
2020.9563 -2.0682
2020.9590 -3.1771
2020.9617 -6.3269
2020.9645 -5.3874
2020.9672 -7.6387
2020.9699 -3.0208
2020.9727 -3.4237
2020.9754 -3.5974
2020.9781 -4.7218
2020.9809 -8.0570
2020.9836 -8.2229
2020.9863 -7.0795
2020.9891 -0.0969
2020.9918 0.6951
2020.9945 -1.9737
2020.9973 -2.3632
2021.0000 -1.9533
2021.0027 -1.7255
2021.0055 -2.3708
2021.0082 0.4009
2021.0110 -2.3800
2021.0137 2.2866
2021.0164 -1.1489
2021.0192 -3.9663
2021.0219 -5.5154
2021.0247 -5.6159
2021.0274 -2.6875
2021.0329 -4.0533
2021.0356 -3.9069
2021.0384 -8.2206
2021.0411 -7.7743
2021.0438 -8.3876
2021.0466 -8.7203
2021.0493 -8.2721
2021.0521 -10.9229
2021.0575 -10.1300
2021.0603 -7.2959
2021.0630 -5.9196
2021.0658 -8.3610
2021.0685 -4.5298
2021.0712 -6.3457
2021.0740 -11.9185
2021.0767 -10.0879
2021.0795 -12.0237
2021.0822 -2.9560
2021.0849 -6.1670
2021.0877 -4.1472
2021.0904 -4.0765
2021.0932 -6.6849
2021.0959 -6.8324
2021.0986 -8.3791
2021.1014 -7.2749
2021.1041 -8.1399
2021.1123 -3.7598
2021.1151 0.8386
2021.1178 -1.7422
2021.1205 -5.3822
2021.1233 -1.0613
2021.1260 0.8503
2021.1288 -0.4272
2021.1315 -11.1140
2021.1342 -4.8599
2021.1370 -11.3351
2021.1397 -8.6094
2021.1425 -4.4530
2021.1452 -0.7358
2021.1479 -3.0478
2021.1507 -4.4591
2021.1534 -3.5396
2021.1562 -4.6993
2021.1589 -0.8783
2021.1616 -0.0165
2021.1644 -2.5142
2021.1671 -1.7513
2021.1726 -0.1342
2021.1753 -6.2301
2021.1781 -7.0957
2021.1808 -5.7809
2021.1836 -7.1858
2021.1863 -6.6405
2021.1890 -1.4750
2021.1918 -0.9293
2021.1945 -3.8634
2021.1973 2.2425
2021.2000 -1.4115
2021.2027 0.5946
2021.2055 3.1607
2021.2082 0.3067
2021.2110 -2.1973
2021.2137 -3.1814
2021.2164 -6.0757
2021.2192 -3.0601
2021.2219 -8.2447
2021.2247 -4.8096
2021.2274 -6.7847
2021.2301 -4.6501
2021.2329 1.7241
2021.2356 -3.0820
2021.2384 -2.2285
2021.2411 -2.3455
2021.2438 -2.6429
2021.2466 -9.6310
2021.2493 1.9598
2021.2521 2.4795
2021.2548 -6.7619
2021.2575 1.7557
2021.2630 3.3784
2021.2658 -1.3063
2021.2685 -1.4316
2021.2712 -0.3674
2021.2740 -2.1936
2021.2767 -1.6901
2021.2795 -3.5168
2021.2822 -3.7436
2021.2849 -0.8505
2021.2877 -1.6573
2021.2904 -2.7239
2021.2932 -1.7302
2021.2959 -1.2463
2021.3041 -14.6512
2021.3068 -4.3249
2021.3096 -3.5777
2021.3123 -7.0397
2021.3151 -8.1106
2021.3178 -5.9304
2021.3205 -6.9190
2021.3233 -10.7063
2021.3260 -6.1823
2021.3288 -13.1267
2021.3315 -11.5590
2021.3342 -8.9285
2021.3370 -8.6354
2021.3397 -13.7300
2021.3507 2.1926
2021.3562 -9.8362
2021.3589 -6.1086
2021.3616 -2.2201
2021.3699 -2.0900
2021.3726 -10.2890
2021.3753 0.8321
2021.3836 -11.7652
2021.3918 -7.0471
2021.3945 -8.1296
2021.3973 -6.5633
2021.4000 -7.6884
2021.4027 -8.4750
2021.4055 -10.7633
2021.4082 -8.7836
2021.4110 -4.3659
2021.4137 -4.6901
2021.4164 -6.9545
2021.4192 -6.7389
2021.4219 -3.6533
2021.4247 -2.6479
2021.4274 -6.9025
2021.4301 -3.9473
2021.4329 -0.2724
2021.4356 -1.1077
2021.4384 1.2867
2021.4411 0.2307
2021.4438 -2.9357
2021.4466 -4.9726
2021.4493 -3.0100
2021.4521 -4.9480
2021.4548 0.5034
2021.4575 -6.5359
2021.4603 -1.2458
2021.4630 1.1134
2021.4658 1.1819
2021.4685 4.3695
2021.4712 -2.5938
2021.4740 6.7419
2021.4767 3.0767
2021.4822 -6.8571
2021.4849 -3.5456
2021.4877 -6.3054
2021.4904 -15.2965
2021.4932 -0.9388
2021.4959 1.5575
2021.4986 -2.9572
2021.6356 -7.8678
2021.6384 -8.7803
2021.6411 -4.2318
2021.6438 -7.7521
2021.6466 -8.1811
2021.6493 -10.8687
2021.6521 -11.4649
2021.6575 -5.7727
2021.6603 -6.3541
2021.6630 -7.7338
2021.6658 -6.2016
2021.6685 -7.9883
2021.6712 -14.6637
2021.6740 -5.5881
2021.6767 -5.4414
2021.6795 0.8762
2021.6822 -5.6451
2021.6849 -2.7757
2021.6877 1.3147
2021.6904 -3.6942
2021.6932 -5.7824
2021.6959 -4.0599
2021.6986 -2.9867
2021.7014 -3.7430
2021.7041 -5.1188
2021.7068 -4.4141
2021.7096 -4.1289
2021.7123 -6.8134
2021.7151 -5.5777
2021.7178 -6.6616
2021.7205 -8.1953
2021.7233 3.1912
2021.7260 -4.2423
2021.7288 -5.2757
2021.7315 -2.7891
2021.7370 -5.3061
2021.7397 -4.3298
2021.7425 -7.1337
2021.7452 -7.8479
2021.7479 -9.3824
2021.7507 -9.0466
2021.7534 -11.6802
2021.7562 -7.9431
2021.7589 -3.0654
2021.7616 -2.5273
2021.7644 0.2513
2021.7671 -2.5498
2021.7699 -5.1905
2021.7726 -5.9210
2021.7753 -3.0114
2021.7781 -4.0516
2021.7808 -8.5718
2021.7836 -4.7320
2021.7863 -7.9824
2021.7890 -5.1429
2021.7918 -3.0036
2021.7945 -5.2247
2021.7973 -3.5461
2021.8000 -4.6979
2021.8027 -4.7703
2021.8055 -2.8332
2021.8082 -5.5567
2021.8110 -9.2209
2021.8137 -3.5359
2021.8164 -3.4818
2021.8192 -8.1185
2021.8219 -6.5462
2021.8247 -9.7050
2021.8274 3.7552
2021.8329 -4.4080
2021.8356 -1.3710
2021.8411 -7.3291
2021.8438 -5.2441
2021.8466 -2.5597
2021.8493 -4.8658
2021.8521 -9.3525
2021.8548 -8.9096
2021.8603 -1.7551
2021.8630 7.5866
2021.8658 -3.3320
2021.8685 -1.2308
2021.8712 -8.7599
2021.8740 -11.8691
2021.8767 -4.9585
2021.8795 -9.3380
2021.8822 -6.8876
2021.8849 -5.9871
2021.8904 -7.5562
2021.8932 -2.9556
2021.8959 -2.9148
2021.8986 -7.2138
2021.9014 -7.9427
2021.9041 -3.3812
2021.9068 -0.7095
2021.9096 -0.3174
2021.9123 -0.6849
2021.9151 -0.7820
2021.9178 1.7716
2021.9233 -7.9189
2021.9260 1.9669
2021.9288 6.5933
2021.9315 -5.5597
2021.9370 13.1753
2021.9397 3.1133
2021.9425 8.1215
2021.9452 4.6798
2021.9479 -4.9919
2021.9507 -3.8635
2021.9534 -1.4353
2021.9562 -2.7873
2021.9589 -4.1495
2021.9616 -7.3020
2021.9644 -3.9050
2021.9671 -0.8785
2021.9699 -2.5725
2021.9753 8.2774
2021.9781 5.9912
2021.9808 -5.5259
2021.9836 0.9660
2021.9863 4.1669
2021.9890 -2.4733
2021.9918 0.8054
2021.9945 -3.5673
2021.9973 -2.4913
2022.0000 -2.4467
2022.0027 -2.2839
2022.0055 -3.8432
2022.0082 -5.6345
2022.0110 -8.2676
2022.0137 -9.7325
2022.0164 -4.8389
2022.0192 -1.2268
2022.0219 -2.1561
2022.0247 0.0434
2022.0274 -2.8682
2022.0301 -4.5608
2022.0329 -6.8343
2022.0356 -6.0685
2022.0384 -7.5433
2022.0411 -3.5387
2022.0438 -4.6645
2022.0466 0.4295
2022.0493 -7.8866
2022.0521 -3.6928
2022.0575 -4.4247
2022.0603 -8.7402
2022.0630 -5.4053
2022.0658 -2.6998
2022.0685 -3.5035
2022.0712 -3.6165
2022.0740 -6.0485
2022.0767 -4.9394
2022.0795 1.6509
2022.0822 2.4023
2022.0849 -3.6962
2022.0877 -2.2248
2022.0904 -0.1934
2022.0932 -1.5620
2022.0959 0.1194
2022.0986 -2.8393
2022.1014 0.7621
2022.1041 5.2535
2022.1096 -4.1837
2022.1123 0.4978
2022.1151 -3.0006
2022.1178 -1.5990
2022.1205 -0.9272
2022.1233 -1.3354
2022.1260 -5.7735
2022.1315 -3.9292
2022.1342 2.2231
2022.1370 -0.7844
2022.1425 -1.1388
2022.1479 1.5775
2022.1507 -6.9791
2022.1534 -2.3354
2022.1562 -1.8215
2022.1589 -2.3673
2022.1616 -4.5329
2022.1644 -2.0680
2022.1671 -1.9324
2022.1699 -0.8363
2022.1726 -0.3996
2022.1753 0.2075
2022.1781 3.7852
2022.1808 -2.4267
2022.1836 3.4517
2022.1863 7.9106
2022.1890 5.6597
2022.1918 -2.8709
2022.1945 -0.1112
2022.1973 -2.4313
2022.2000 -6.4013
2022.2027 -6.6112
2022.2055 -2.9810
2022.2082 -0.3407
2022.2164 3.8800
2022.2192 -1.3500
2022.2219 5.7199
2022.2247 5.7896
2022.2274 0.4391
2022.2301 -0.9217
2022.2329 -5.4328
2022.3534 -10.5058
2022.3562 -8.0823
2022.3589 -0.7883
2022.3616 -3.5637
2022.3644 -4.4786
2022.3671 -7.8830
2022.3699 -7.1869
2022.3753 -2.4632
2022.3781 0.7543
2022.3808 0.3423
2022.3836 -5.7892
2022.3863 -0.7704
2022.3890 3.0489
2022.3918 -1.8914
2022.3945 -4.0813
2022.3973 -3.6509
2022.4000 -8.1901
2022.4027 -3.4689
2022.4055 1.6826
2022.4082 -4.4656
2022.4110 0.5566
2022.4192 -2.8440
2022.4219 -4.0997
2022.4247 -4.8148
2022.4274 -2.9293
2022.4301 -1.4935
2022.4329 2.6029
2022.4356 3.3695
2022.4411 1.2738
2022.4438 6.6913
2022.4466 0.2090
2022.4493 -6.3031
2022.4521 -9.5351
2022.4548 -8.6171
2022.4575 -11.1791
2022.4603 -11.6211
2022.4630 -5.0531
2022.4658 -2.0953
2022.4685 -3.9277
2022.4712 -4.1702
2022.4740 -3.9530
2022.4767 5.4039
2022.4795 -1.4696
2022.4822 0.2266
2022.4849 -4.2877
2022.4877 -6.1525
2022.4904 -5.6877
2022.4932 -6.3936
2022.4959 -8.9800
2022.4986 -5.6374
2022.5014 -8.2058
2022.5041 -9.0652
2022.5068 -5.6856
2022.5096 -5.8468
2022.5123 -1.6488
2022.5151 -0.8014
2022.5178 0.6454
2022.5205 -0.5784
2022.5233 0.6475
2022.5260 -0.8470
2022.5288 1.0782
2022.5315 -8.8567
2022.5397 3.0984
2022.5425 -1.3863
2022.5452 -0.8908
2022.5479 -0.8950
2022.5507 -0.7587
2022.5534 -0.2720
2022.5562 -2.7846
2022.5589 3.1334
2022.5616 6.5922
2022.5644 -4.5582
2022.5671 2.3423
2022.5699 -0.7962
2022.5726 -7.3735
2022.5753 -5.1998
2022.5781 -3.9147
2022.5808 -5.0383
2022.5836 -3.7909
2022.5863 0.2969
2022.5890 -4.0547
2022.5918 -3.3957
2022.5945 -1.9363
2022.5973 -9.1964
2022.6000 1.9241
2022.6027 0.2750
2022.6055 1.5965
2022.6082 -2.2216
2022.6137 -6.5063
2022.6164 -4.6229
2022.6192 -4.2991
2022.6219 -4.7047
2022.6247 -1.4200
2022.6274 -1.9647
2022.6301 -1.8990
2022.6329 -5.5229
2022.6356 -3.8663
2022.6384 3.8207
2022.6411 -4.1618
2022.6438 0.7861
2022.6466 -3.0756
2022.6493 -3.4369
2022.6521 -1.7977
2022.6548 -0.8782
2022.6575 1.4618
2022.6603 6.3222
2022.6658 3.4041
2022.6712 1.8864
2022.6740 -4.4224
2022.6767 -2.3912
2022.6795 -2.4201
2022.6822 1.5911
2022.6849 1.7823
2022.6877 4.6435
2022.6904 -3.5553
2022.6932 2.5858
2022.6959 -0.5030
2022.7014 0.7794
2022.7041 2.3806
2022.7068 1.3418
2022.7096 0.3830
2022.7151 -7.2046
2022.7178 -12.7833
2022.7205 4.2579
2022.7233 2.0691
2022.7260 0.5004
2022.7288 -1.0684
2022.7315 -0.1671
2022.7342 -0.5559
2022.7370 1.9354
2022.7397 5.6467
2022.7425 0.3080
2022.7452 -4.9508
2022.7479 -3.6695
2022.7507 -0.9281
2022.7534 -9.8568
2022.7562 -8.1555
2022.7589 -5.4042
2022.7616 -6.1029
2022.7644 2.9684
2022.7671 3.0597
2022.7699 2.8610
2022.7726 4.6424
2022.7753 0.1737
2022.7781 3.5850
2022.7808 -1.9937
2022.7836 -1.2024
2022.7863 6.8390
2022.7890 7.2003
2022.7918 7.2416
2022.7945 4.1229
2022.7973 1.2243
2022.8000 0.2856
2022.8027 -2.6731
2022.8055 -1.8618
2022.8082 -2.5204
2022.8110 -3.3591
2022.8137 -3.0678
2022.8164 -5.3065
2022.8192 -1.2551
2022.8219 -5.6138
2022.8247 -6.9025
2022.8274 -6.6012
2022.8301 -2.5498
2022.8329 -5.1085
2022.8384 -1.6851
2022.8411 -1.9632
2022.8438 3.7990
2022.8493 -5.1861
2022.8521 0.9365
2022.8548 -3.7707
2022.8575 1.1221
2022.8630 -0.7118
2022.8658 -1.2487
2022.8685 5.3244
2022.8712 1.8276
2022.8740 1.7808
2022.8767 6.0840
2022.8795 6.1371
2022.8822 0.0303
2022.8849 -1.1666
2022.8877 2.4564
2022.8904 -1.0707
2022.8932 2.8522
2022.8959 -0.9551
2022.8986 -1.8925
2022.9014 -4.2701
2022.9041 -5.0378
2022.9068 -3.4157
2022.9096 2.3362
2022.9123 -5.7121
2022.9151 2.0094
2022.9178 -0.6712
2022.9205 -1.2558
2022.9233 -0.3342
2022.9260 -5.8864
2022.9288 -3.7021
2022.9315 -3.5713
2022.9342 -4.2738
2022.9370 -3.1095
2022.9397 -2.0083
2022.9425 1.0601
2022.9452 -1.8244
2022.9479 1.1284
2022.9507 -1.1213
2022.9534 -0.4334
2022.9562 -1.4478
2022.9589 -4.5144
2022.9616 -1.8430
2022.9644 -3.3135
2022.9671 5.1943
2022.9699 3.7004
2022.9726 3.0450
2022.9753 6.2283
2022.9781 -4.1697
2022.9808 -3.9089
2022.9836 -5.4190
2022.9863 -2.0199
2022.9890 -4.1816
2022.9918 -2.0839
2022.9945 -5.5467
2022.9973 -5.2698
2023.0000 -2.0431
