2013.2192 -12.8541
2013.2219 -11.8410
2013.2247 -10.2470
2013.2274 -7.7222
2013.2301 -9.4165
2013.2329 -7.9299
2013.2356 -5.5025
2013.2384 -13.7043
2013.2411 -10.3752
2013.2438 -2.2653
2013.2466 -13.2340
2013.2493 -5.5277
2013.2521 -10.8862
2013.2548 -8.0899
2013.2575 -2.2791
2013.2603 -4.8843
2013.2630 -7.8457
2013.2658 -11.6838
2013.2685 -17.8590
2013.2712 -13.6715
2013.2740 -3.3318
2013.2767 -8.1103
2013.2795 -21.2773
2013.2822 -3.7831
2013.2849 -5.7983
2013.2877 -6.8531
2013.2904 -2.1478
2013.2932 -6.7229
2013.2959 -7.2988
2013.2986 -5.7258
2013.3014 -9.0043
2013.3041 1.4054
2013.3068 -3.5572
2013.3096 -6.9524
2013.3123 -5.3905
2013.3151 -4.1220
2013.3178 -14.1372
2013.3205 -5.1764
2013.3233 -3.4202
2013.3260 -0.7687
2013.3288 -4.7925
2013.3315 0.9704
2013.3342 -1.6077
2013.3370 -5.3768
2013.3397 0.0432
2013.3425 -1.8377
2013.3452 -2.2092
2013.3479 -1.2915
2013.3507 1.4357
2013.3534 -0.3877
2013.3562 0.7386
2013.3589 -4.1556
2013.3616 -8.2000
2013.3644 -4.7746
2013.3671 0.7706
2013.3699 -5.6042
2013.3726 -6.2789
2013.3753 -8.0236
2013.3781 -7.7980
2013.3836 -7.1061
2013.3863 -9.1596
2013.3890 -6.8125
2013.3918 -8.7349
2013.3945 -6.1266
2013.3973 -4.2876
2013.4000 -4.5178
2013.4027 -4.8571
2013.4055 -1.7755
2013.4082 -1.8728
2013.4110 -3.3090
2013.4137 -5.8141
2013.4164 -4.5485
2013.4192 -4.3224
2013.4219 -0.0659
2013.4247 -0.8289
2013.4274 4.4984
2013.4301 5.9761
2013.4329 -0.0359
2013.4356 -1.4177
2013.4384 -13.3594
2013.4411 -3.7208
2013.4438 -2.0923
2013.4466 -4.5836
2013.4493 -3.3450
2013.4521 -10.4765
2013.4548 -12.4180
2013.4575 -13.8597
2013.4603 -14.2317
2013.4630 -3.1438
2013.4658 -5.3063
2013.4685 -1.3492
2013.4712 -0.5124
2013.4740 0.1139
2013.4767 0.9397
2013.4795 -0.1951
2013.4822 0.1896
2013.4849 -6.0264
2013.4877 -4.4331
2013.4904 -6.6105
2013.4932 -9.6987
2013.4959 -7.1678
2013.4986 -5.9273
2013.5014 -7.1270
2013.5041 -4.1368
2013.5068 -4.7068
2013.5096 -6.2668
2013.5123 -1.0870
2013.5151 -4.3272
2013.5178 -9.6376
2013.5205 -17.2981
2013.5370 -15.3028
2013.5397 -14.4739
2013.5425 -13.8150
2013.5452 -12.3563
2013.5479 -7.1275
2013.5507 -3.6689
2013.5534 -2.2202
2013.5562 3.4183
2013.5589 -2.5332
2013.5616 -0.9547
2013.5644 -2.6263
2013.5671 -5.7779
2013.5699 -10.6596
2013.5726 -11.7113
2013.5753 -12.3930
2013.5781 -6.4147
2013.5808 -2.1665
2013.5836 -2.5484
2013.5863 1.5893
2013.5890 2.8967
2013.5918 -1.2161
2013.5945 0.5508
2013.5973 0.2474
2013.6000 -4.8761
2013.6027 -1.6398
2013.6055 -3.9637
2013.6082 -9.1076
2013.6110 -6.9916
2013.6137 -9.8557
2013.6164 -5.3298
2013.6192 -5.9439
2013.6219 -8.3779
2013.6247 -3.7919
2013.6274 -4.5658
2013.6301 -3.8496
2013.6329 -4.4432
2013.6356 -1.7666
2013.6384 -6.3099
2013.6411 -3.6329
2013.6438 -3.6556
2013.6466 -0.7180
2013.6493 -6.8102
2013.6521 -4.2419
2013.6548 -6.6533
2013.6575 -7.4243
2013.6603 -8.7348
2013.6630 -8.7249
2013.6658 -6.0244
2013.6685 -6.8633
2013.6712 -4.7614
2013.6740 -7.3388
2013.6767 -4.3456
2013.6795 0.4282
2013.6822 0.4626
2013.6849 -10.6124
2013.6877 -8.1869
2013.6904 -6.4910
2013.6932 -3.6245
2013.6959 -4.6876
2013.6986 -5.3003
2013.7014 -5.3127
2013.7041 -5.4746
2013.7068 -2.2563
2013.7096 -7.7977
2013.7123 -1.2489
2013.7151 -2.1898
2013.7178 -3.8405
2013.7205 -1.6111
2013.7233 -4.3515
2013.7260 -1.8119
2013.7288 -4.6922
2013.7315 -5.3424
2013.7342 -5.0826
2013.7370 -7.7329
2013.7397 -5.0132
2013.7425 -3.7436
2013.7452 -2.8141
2013.7479 1.6653
2013.7507 -5.2853
2013.7534 3.5545
2013.7562 -1.4355
2013.7589 -5.1251
2013.7616 -2.6945
2013.7644 -1.2237
2013.7671 -5.2927
2013.7699 -4.4214
2013.7726 0.0400
2013.7753 -0.2785
2013.7781 4.4332
2013.7808 -2.3150
2013.7836 -2.3631
2013.7863 -0.9611
2013.7890 0.0209
2013.7918 2.0329
2013.7945 0.1750
2013.7973 2.1070
2013.8000 1.4690
2013.8027 -0.3691
2013.8055 -0.0772
2013.8082 -3.3254
2013.8110 3.2962
2013.8137 1.9178
2013.8164 2.6491
2013.8192 3.2303
2013.8219 5.0113
2013.8247 0.0421
2013.8274 -0.4374
2013.8301 -0.7672
2013.8329 1.7428
2013.8356 -2.9975
2013.8384 7.9518
2013.8411 6.1407
2013.8438 5.5792
2013.8466 8.9472
2013.8493 3.8649
2013.8521 4.7020
2013.8548 2.9287
2013.8575 7.5148
2013.8603 5.4304
2013.8630 2.4355
2013.8658 2.3700
2013.8685 4.3239
2013.8712 0.7171
2013.8740 2.9698
2013.8767 -0.3783
2013.8795 5.0830
2013.8822 1.3635
2013.8849 -0.2366
2013.8877 6.4924
2013.8904 -0.3193
2013.8932 -6.3618
2013.8959 -2.1951
2013.8986 2.8608
2013.9014 6.2557
2013.9041 -0.8502
2013.9068 -3.4070
2013.9096 1.7853
2013.9123 1.1866
2013.9151 1.1570
2013.9178 -0.5339
2013.9205 -0.7863
2013.9233 -1.8501
2013.9260 -0.5253
2013.9288 -2.9518
2013.9315 -0.8995
2013.9342 2.6415
2013.9370 3.5213
2013.9397 -1.3199
2013.9425 1.3477
2013.9452 1.2644
2013.9479 0.3101
2013.9507 -0.9151
2013.9534 1.1889
2013.9562 0.2221
2013.9589 -2.4054
2013.9616 -4.5437
2013.9644 -3.6926
2013.9671 0.4880
2013.9699 0.2980
2013.9726 -0.4024
2013.9753 -0.4533
2013.9781 -0.2846
2013.9808 3.7339
2013.9836 1.0921
2013.9863 12.8400
2013.9890 2.4678
2013.9918 4.7655
2013.9945 1.4032
2013.9973 3.3709
2014.0000 5.2286
2014.0027 2.9157
2014.0055 1.8617
2014.0082 3.1865
2014.0110 3.8004
2014.0137 0.8133
2014.0164 -1.5347
2014.0192 -0.9633
2014.0219 -1.0426
2014.0247 -0.5125
2014.0274 1.4072
2014.0301 -0.4335
2014.0329 8.9655
2014.0356 4.0543
2014.0384 -2.1569
2014.0411 -1.4882
2014.0438 0.0406
2014.0466 3.7496
2014.0493 1.4288
2014.0521 -0.4216
2014.0548 1.9485
2014.0575 -0.8809
2014.0603 -1.0896
2014.0630 4.6023
2014.0658 0.9151
2014.0685 2.2488
2014.0712 2.9935
2014.0740 1.8293
2014.0767 5.4463
2014.0795 0.4145
2014.0822 3.3041
2014.0849 3.8948
2014.0877 1.0766
2014.0904 3.9095
2014.0932 4.6634
2014.0959 5.2685
2014.0986 1.9046
2014.1014 1.6618
2014.1041 6.0300
2014.1068 5.5593
2014.1096 4.3196
2014.1123 4.1709
2014.1151 3.8233
2014.1178 6.6966
2014.1205 3.8310
2014.1233 4.3564
2014.1260 6.4627
2014.1288 9.0300
2014.1315 6.9183
2014.1342 3.4576
2014.1370 -0.0022
2014.1397 4.0190
2014.1425 4.4811
2014.1452 6.4941
2014.1479 9.9281
2014.1507 9.7029
2014.1534 14.0087
2014.1562 8.2354
2014.1589 7.0830
2014.1616 2.2514
2014.1644 6.6215
2014.1671 7.8238
2014.1699 1.5382
2014.1726 6.5545
2014.1753 6.4625
2014.1781 14.9821
2014.1808 7.1931
2014.1836 6.1154
2014.1863 0.8587
2014.1890 5.8030
2014.1918 3.4980
2014.1945 5.9437
2014.1973 2.8297
2014.2000 2.9960
2014.2027 0.6225
2014.2055 0.4888
2014.2082 3.0550
2014.2110 7.4907
2014.2137 5.9160
2014.2164 7.2004
2014.2192 1.7341
2014.2219 7.5666
2014.2247 8.4880
2014.2274 10.3080
2014.2301 7.8665
2014.2329 10.2633
2014.2356 5.4682
2014.2384 8.2311
2014.2411 6.1918
2014.2438 8.9202
2014.2466 11.0863
2014.2493 11.4913
2014.2521 13.2656
2014.2548 9.9692
2014.2575 17.5722
2014.2603 13.9746
2014.2630 12.4664
2014.2658 12.3978
2014.2685 5.5388
2014.2712 10.8395
2014.2740 11.2198
2014.2767 8.1699
2014.2795 13.4298
2014.2822 14.2696
2014.2849 11.7494
2014.2877 13.5491
2014.2904 16.8189
2014.2932 17.2487
2014.2959 18.4888
2014.2986 16.6391
2014.3014 14.8196
2014.3041 11.4505
2014.3068 7.4618
2014.3096 4.3335
2014.3123 3.9757
2014.3151 8.0685
2014.3178 11.4719
2014.3205 5.0360
2014.3233 10.8709
2014.3260 3.7165
2014.3288 5.3030
2014.3315 10.0500
2014.3342 5.0770
2014.3370 12.4040
2014.3397 12.4811
2014.3425 8.3983
2014.3452 8.1656
2014.3479 15.6829
2014.3507 14.9204
2014.3534 4.0579
2014.3562 8.1356
2014.3589 9.1634
2014.3616 7.9214
2014.3644 12.1995
2014.3671 16.0777
2014.3699 17.4561
2014.3726 18.9747
2014.3753 13.0335
2014.3781 15.5824
2014.3808 14.8916
2014.3836 10.8310
2014.3863 12.1306
2014.3890 11.2304
2014.3918 12.3505
2014.3945 9.4308
2014.3973 7.7914
2014.4000 12.4022
2014.4027 11.0334
2014.4055 15.3048
2014.4082 11.4665
2014.4110 12.0185
2014.4137 9.2609
2014.4164 10.8236
2014.4192 8.8166
2014.4219 10.6001
2014.4247 12.0939
2014.4274 8.4079
2014.4301 11.6023
2014.4329 8.3870
2014.4356 7.3320
2014.4384 5.9572
2014.4411 7.1227
2014.4438 13.8185
2014.4466 14.7244
2014.4493 13.8506
2014.4521 16.9269
2014.4548 19.7635
2014.4575 15.2402
2014.4603 15.5171
2014.4630 10.0841
2014.4658 13.9712
2014.4685 13.2284
2014.4712 11.0558
2014.4740 6.5832
2014.4767 9.0107
2014.4795 5.7683
2014.4822 3.5559
2014.4849 9.0635
2014.4877 10.3011
2014.4904 12.3988
2014.4932 14.6064
2014.4959 12.6040
2014.4986 7.0927
2014.5014 10.2033
2014.5041 10.0459
2014.5068 14.6501
2014.5096 7.8059
2014.5123 9.1029
2014.5151 13.3912
2014.5178 18.5104
2014.5205 17.7804
2014.5233 15.6810
2014.5260 10.7820
2014.5288 8.7734
2014.5315 13.6948
2014.5342 8.4062
2014.5370 18.4672
2014.5397 5.7679
2014.5425 6.4179
2014.5452 3.7571
2014.5479 3.5554
2014.5507 2.4525
2014.5534 4.9783
2014.5562 3.3725
2014.5589 8.4151
2014.5616 12.4959
2014.5644 14.3746
2014.5671 17.5911
2014.5699 15.0252
2014.5726 10.5668
2014.5753 7.7556
2014.5781 10.2315
2014.5808 4.2843
2014.5836 6.1451
2014.5863 10.4852
2014.5890 12.2946
2014.5918 10.7234
2014.5945 9.4015
2014.5973 10.4891
2014.6000 14.4661
2014.6027 17.6427
2014.6055 13.2488
2014.6082 14.1745
2014.6110 13.1698
2014.6137 11.5848
2014.6164 8.6495
2014.6192 11.2040
2014.6219 16.1683
2014.6247 15.5924
2014.6274 11.8064
2014.6301 12.9404
2014.6329 11.7543
2014.6356 11.5482
2014.6384 8.8621
2014.6411 9.1162
2014.6438 15.0503
2014.6466 14.9047
2014.6493 3.8592
2014.6521 6.7640
2014.6548 5.0991
2014.6575 10.4146
2014.6603 8.9904
2014.6630 12.9566
2014.6658 16.4232
2014.6685 9.2599
2014.6712 15.1166
2014.6740 13.0633
2014.6767 18.6401
2014.6795 12.9468
2014.6822 15.9837
2014.6849 16.2605
2014.6877 18.1074
2014.6904 14.2244
2014.6932 14.8114
2014.6959 17.0584
2014.6986 18.5956
2014.7014 13.9428
2014.7041 17.8701
2014.7068 16.3974
2014.7096 16.3449
2014.7123 13.6424
2014.7151 17.5501
2014.7178 15.3479
2014.7205 15.5257
2014.7233 20.2837
2014.7260 13.5318
2014.7288 16.9200
2014.7315 14.4584
2014.7342 14.7769
2014.7370 13.7755
2014.7397 18.8243
2014.7425 17.2832
2014.7452 12.3023
2014.7479 17.2616
2014.7507 16.3332
2014.7534 16.7891
2014.7562 19.4091
2014.7589 15.9127
2014.7616 9.8698
2014.7644 12.8200
2014.7671 17.0431
2014.7699 14.2088
2014.7726 19.6367
2014.7753 12.2067
2014.7781 15.8484
2014.7808 15.7816
2014.7836 14.5859
2014.7863 14.0211
2014.7890 11.9769
2014.7918 16.3030
2014.7945 11.5592
2014.7973 18.6151
2014.8000 13.7704
2014.8027 13.1550
2014.8055 13.8284
2014.8082 13.8505
2014.8110 14.4908
2014.8137 20.0593
2014.8164 20.1054
2014.8192 16.6091
2014.8219 14.4799
2014.8247 21.7077
2014.8274 16.4821
2014.8301 18.4528
2014.8329 25.0001
2014.8356 15.1465
2014.8384 20.0225
2014.8411 11.9181
2014.8438 7.7532
2014.8466 10.5278
2014.8493 11.2019
2014.8521 8.5855
2014.8548 10.9886
2014.8575 12.0211
2014.8603 15.9931
2014.8630 17.2644
2014.8658 12.9452
2014.8685 11.9053
2014.8712 9.9347
2014.8740 12.9735
2014.8767 13.6716
2014.8795 12.4090
2014.8822 12.6456
2014.8849 7.5215
2014.8877 10.6166
2014.8904 14.0409
2014.8932 7.8444
2014.8959 10.2171
2014.8986 11.7190
2014.9014 6.8599
2014.9041 8.7900
2014.9068 15.1592
2014.9096 16.1874
2014.9123 13.0147
2014.9151 16.1310
2014.9178 16.9369
2014.9205 13.3426
2014.9233 11.7983
2014.9260 13.8439
2014.9288 17.2595
2014.9315 17.2050
2014.9342 18.3404
2014.9370 18.7257
2014.9397 22.0610
2014.9425 14.6461
2014.9452 17.9012
2014.9479 13.0661
2014.9507 19.9010
2014.9534 18.1457
2014.9562 22.6704
2014.9589 17.8449
2014.9616 21.2993
2014.9644 18.7036
2014.9671 22.3877
2014.9699 17.8917
2014.9726 22.8555
2014.9753 21.4393
2014.9781 21.0228
2014.9808 22.6662
2014.9836 20.1095
2014.9863 23.2526
2014.9890 18.3555
2014.9918 15.1582
2014.9945 17.9008
2014.9973 16.0932
2015.0000 15.6354
2015.0027 17.5074
2015.0055 17.3991
2015.0082 18.3507
2015.0110 15.7420
2015.0137 14.2232
2015.0164 15.6542
2015.0192 14.7350
2015.0219 17.0758
2015.0247 15.9064
2015.0274 14.6869
2015.0301 17.2973
2015.0329 15.8377
2015.0356 13.2981
2015.0384 16.4584
2015.0411 17.8187
2015.0438 21.3390
2015.0466 16.1294
2015.0493 22.0998
2015.0521 22.8202
2015.0548 23.2808
2015.0575 15.7114
2015.0603 17.6622
2015.0630 14.8530
2015.0658 19.6741
2015.0685 24.3653
2015.0712 22.2067
2015.0740 19.3283
2015.0767 24.8001
2015.0795 20.1721
2015.4110 25.6705
2015.4137 24.4390
2015.4164 26.5578
2015.4192 25.7167
2015.4219 24.2257
2015.4247 25.0248
2015.4274 24.3340
2015.4301 21.7433
2015.4329 22.8027
2015.4356 25.6323
2015.4384 21.9320
2015.4411 20.3518
2015.4438 15.6418
2015.4466 18.3319
2015.4493 19.7022
2015.4521 20.3826
2015.4548 21.5831
2015.4575 27.9139
2015.4603 28.0848
2015.4630 26.0358
2015.4658 22.7670
2015.4685 24.4084
2015.4712 23.7100
2015.4740 17.7418
2015.4767 20.8637
2015.4795 23.8959
2015.4822 27.6182
2015.4849 27.0208
2015.4877 27.5135
2015.4904 28.9465
2015.4932 24.7197
2015.4959 24.2631
2015.4986 21.6967
2015.5014 28.6304
2015.5041 19.2344
2015.5068 18.4586
2015.5096 19.2830
2015.5123 21.5875
2015.5151 22.0822
2015.5178 27.7471
2015.5205 27.0521
2015.5233 28.3574
2015.5260 29.3327
2015.5288 25.0582
2015.5315 27.4139
2015.5342 26.6597
2015.5370 27.7656
2015.5397 30.2017
2015.5425 26.3779
2015.5452 23.3842
2015.5479 24.9807
2015.5507 24.2372
2015.5534 26.2739
2015.5562 24.2207
2015.5589 20.7576
2015.5616 26.1645
2015.5644 26.0216
2015.5671 27.0687
2015.5699 24.6360
2015.5726 19.3733
2015.5753 24.9707
2015.5781 25.1181
2015.5808 28.2756
2015.5836 33.4739
2015.5863 34.7535
2015.5890 30.5943
2015.5918 34.5262
2015.5945 28.8591
2015.5973 26.8330
2015.6000 24.2077
2015.6027 30.9530
2015.6055 27.9990
2015.6082 30.9455
2015.6110 28.5524
2015.6137 29.9896
2015.6164 33.6870
2015.6192 29.7744
2015.6219 29.3519
2015.6247 29.5393
2015.6274 29.7064
2015.6301 31.1632
2015.6329 33.0596
2015.6356 26.4955
2015.6384 25.1708
2015.6411 26.4353
2015.6438 27.0891
2015.6466 28.4118
2015.6493 29.3736
2015.6521 26.1342
2015.6548 21.9536
2015.6575 24.9216
2015.6603 28.6682
2015.6630 28.4132
2015.6658 32.6966
2015.6685 29.5387
2015.6712 26.0695
2015.6740 27.6592
2015.6767 33.6777
2015.6795 27.2653
2015.6822 29.0920
2015.6849 30.2878
2015.6877 30.7828
2015.6904 30.3872
2015.6932 29.6310
2015.6959 30.2143
2015.6986 31.0972
2015.7014 31.6498
2015.7041 33.5120
2015.7068 28.9541
2015.7096 31.7262
2015.7123 32.3382
2015.7151 32.3802
2015.7178 30.7325
2015.7205 38.4449
2015.7233 37.3177
2015.7260 32.5609
2015.7288 29.9946
2015.7315 32.5888
2015.7342 27.6937
2015.7370 27.1794
2015.7397 28.1658
2015.7425 33.8532
2015.7452 23.8915
2015.7479 24.8509
2015.7507 29.9108
2015.7534 26.4907
2015.7562 28.2007
2015.7589 21.9507
2015.7616 30.5307
2015.7644 29.1108
2015.7671 25.4110
2015.7699 29.5412
2015.7726 27.7715
2015.7753 29.7118
2015.7781 26.9223
2015.7808 24.6529
2015.7836 25.6835
2015.7863 29.5643
2015.7890 26.8552
2015.7918 31.0763
2015.7945 28.5875
2015.7973 34.8488
2015.8000 33.7403
2015.8027 32.4120
2015.8055 31.7339
2015.8082 33.6060
2015.8110 36.8582
2015.8137 34.2007
2015.8164 32.1534
2015.8192 27.7063
2015.8219 35.3494
2015.8247 30.0228
2015.8274 26.2264
2015.8301 33.1703
2015.8329 30.2745
2015.8356 34.0591
2015.8384 34.9141
2015.8411 30.6094
2015.8438 30.9552
2015.8466 38.9612
2015.8493 30.9376
2015.8521 33.3142
2015.8548 28.6111
2015.8575 29.8782
2015.8603 34.7755
2015.8630 35.5930
2015.8658 28.8006
2015.8685 29.1483
2015.8712 26.4162
2015.8740 26.9641
2015.8767 26.4721
2015.8795 28.5200
2015.8822 35.3780
2015.8849 32.6759
2015.8877 34.1738
2015.8904 33.4416
2015.8932 37.5393
2015.8959 31.2868
2015.8986 33.1042
2015.9014 32.2313
2015.9041 29.5883
2015.9068 25.3050
2015.9096 36.3315
2015.9123 38.7077
2015.9151 36.8835
2015.9178 34.0194
2015.9205 38.9057
2015.9233 32.0423
2015.9260 27.8892
2015.9288 28.7562
2015.9315 32.9434
2015.9342 29.6305
2015.9370 28.8476
2015.9397 34.4146
2015.9425 32.7514
2015.9452 44.4279
2015.9479 35.9340
2015.9507 29.4397
2015.9534 30.7749
2015.9562 28.3995
2015.9589 26.4934
2015.9616 24.7366
2015.9644 30.9790
2015.9671 31.9605
2015.9699 26.1210
2015.9726 28.0505
2015.9753 29.6789
2015.9781 27.2661
2015.9808 28.1820
2015.9836 33.0066
2015.9863 32.0497
2015.9890 30.7214
2015.9918 29.6615
2015.9945 30.8299
2015.9973 29.9967
2016.0000 27.5016
2016.0027 31.0353
2016.0055 29.7984
2016.0082 31.9309
2016.0109 29.1329
2016.0137 29.9744
2016.0164 26.7155
2016.0191 29.8860
2016.0219 25.3662
2016.0246 28.4860
2016.0273 26.9255
2016.0301 29.2147
2016.0328 25.1837
2016.0355 31.3724
2016.0383 34.7109
2016.0410 27.6392
2016.0437 28.6075
2016.0464 27.4756
2016.0492 28.8537
2016.0519 30.0118
2016.0546 27.7799
2016.0574 29.4980
2016.0601 26.6762
2016.0628 26.9846
2016.0656 25.9430
2016.0683 23.8317
2016.0710 26.8606
2016.0738 27.8098
2016.0765 25.6292
2016.0792 27.1190
2016.0820 30.4891
2016.0847 27.4892
2016.0874 30.9693
2016.0902 29.2494
2016.0929 36.3194
2016.0956 21.3995
2016.0984 30.3095
2016.1011 34.1396
2016.1038 29.7798
2016.1066 31.0199
2016.1093 33.7302
2016.1120 34.2105
2016.1148 32.7209
2016.1175 32.5814
2016.1202 30.1120
2016.1230 33.0528
2016.1257 35.3436
2016.1284 33.4747
2016.1311 30.3158
2016.1339 37.3672
2016.1366 37.9087
2016.1393 40.4605
2016.1421 36.7324
2016.1448 33.0246
2016.1475 38.7469
2016.1503 35.3496
2016.1530 33.6325
2016.1557 38.8356
2016.1585 37.5891
2016.1612 35.3028
2016.1639 33.9986
2016.1667 35.2494
2016.1694 36.6650
2016.1721 40.0250
2016.1749 39.2891
2016.1776 42.0471
2016.1803 40.9986
2016.1831 36.6633
2016.1858 40.7309
2016.1885 40.0512
2016.1913 43.5238
2016.1940 43.2784
2016.1967 44.5447
2016.1995 42.0924
2016.2022 37.7312
2016.2049 37.9208
2016.2077 39.9709
2016.2104 32.9712
2016.2131 39.6513
2016.2158 36.3111
2016.2186 36.6601
2016.2213 38.5981
2016.2240 39.2348
2016.2268 37.8399
2016.2295 31.9130
2016.2322 35.7239
2016.2350 36.9322
2016.2377 37.9977
2016.2404 35.2901
2016.2432 32.8590
2016.2459 31.5942
2016.2486 32.3381
2016.2514 33.3816
2016.2541 31.1047
2016.2568 33.1173
2016.2596 35.7396
2016.2623 34.9915
2016.2650 35.8129
2016.2678 39.6240
2016.2705 37.5147
2016.2732 35.9350
2016.2760 37.6249
2016.2787 35.1244
2016.2814 32.6036
2016.2842 35.7924
2016.2869 35.4808
2016.2896 35.7088
2016.2923 39.2165
2016.2951 36.3138
2016.2978 39.5107
2016.3005 35.9973
2016.3033 34.2935
2016.3060 39.0494
2016.3087 35.7249
2016.3115 33.8501
2016.3142 37.2249
2016.3169 47.3494
2016.3197 40.9635
2016.3224 38.5573
2016.3251 38.6708
2016.3279 36.9939
2016.3306 35.9563
2016.3333 40.3566
2016.3361 38.3349
2016.3388 36.6714
2016.3415 36.6961
2016.3443 37.8493
2016.3470 42.2612
2016.3497 41.0017
2016.3525 42.0612
2016.3552 39.5198
2016.3579 35.1276
2016.3607 35.4148
2016.3634 40.8215
2016.3661 36.4980
2016.3689 37.7443
2016.3716 39.1306
2016.3743 42.2371
2016.3770 41.5739
2016.3798 40.0212
2016.3825 41.3491
2016.3852 44.5078
2016.3880 44.1775
2016.3907 44.1583
2016.3934 40.3004
2016.3962 40.0338
2016.3989 35.9789
2016.4016 36.1757
2016.4044 35.5444
2016.4071 35.3351
2016.4098 35.4280
2016.4126 40.5333
2016.4153 39.3523
2016.4180 38.1855
2016.4208 29.3126
2016.4235 33.6033
2016.4262 30.9274
2016.4290 35.5946
2016.4317 34.3744
2016.4344 37.3768
2016.4372 39.6613
2016.4399 40.1876
2016.4426 39.6055
2016.4454 38.1747
2016.4481 41.6848
2016.4508 41.4457
2016.4536 39.6168
2016.4563 34.5881
2016.4590 40.4191
2016.4617 45.7696
2016.4645 44.3493
2016.4672 44.2278
2016.4699 48.9050
2016.4727 43.4404
2016.4754 44.2939
2016.4781 39.6750
2016.4809 41.4335
2016.4836 40.4392
2016.4863 38.4816
2016.4891 34.9005
2016.4918 32.5157
2016.4945 35.7267
2016.4973 39.8939
2016.5000 44.6100
2016.5027 37.6855
2016.5055 40.6705
2016.5082 41.3351
2016.5109 38.9992
2016.5137 40.5829
2016.5164 38.8362
2016.5191 36.7491
2016.5219 34.4218
2016.5246 38.8442
2016.5273 39.9363
2016.5301 41.2182
2016.5328 41.4600
2016.5355 39.3916
2016.5383 39.0431
2016.5410 42.2445
2016.5437 41.0659
2016.5464 39.8673
2016.5492 39.4988
2016.5519 42.7603
2016.5546 38.9219
2016.5574 35.8636
2016.5601 33.6055
2016.5628 34.6977
2016.5656 37.3900
2016.5683 35.5727
2016.5710 38.4656
2016.5738 37.8989
2016.5765 40.8026
2016.5792 40.6567
2016.5820 32.9912
2016.5847 41.5459
2016.5874 32.8709
2016.5902 37.4261
2016.5929 35.5916
2016.5956 39.2973
2016.5984 39.8032
2016.6011 41.1894
2016.6038 41.8659
2016.6066 42.0327
2016.6093 37.5297
2016.6120 36.3371
2016.6148 40.8047
2016.6175 44.4527
2016.6202 45.0110
2016.6230 42.8096
2016.6257 42.9786
2016.6284 45.5679
2016.6311 44.0775
2016.6339 41.5375
2016.6366 43.5679
2016.6393 42.4387
2016.6421 45.4498
2016.6448 44.8914
2016.6475 46.6333
2016.6503 46.6056
2016.6530 47.5984
2016.6557 47.7016
2016.6585 43.2553
2016.6612 49.0193
2016.6639 45.6939
2016.6667 40.7330
2016.6694 45.4238
2016.6721 43.5058
2016.6749 45.9080
2016.6776 43.4397
2016.6803 44.3700
2016.6831 42.3982
2016.6858 50.6233
2016.6885 44.0647
2016.6913 49.1314
2016.6940 45.5626
2016.6967 45.8475
2016.6995 54.0653
2016.7022 41.8752
2016.7049 50.5964
2016.7077 43.4879
2016.7104 45.7891
2016.7131 45.4591
2016.7158 48.5470
2016.7186 46.6421
2016.7213 43.3435
2016.7240 38.6704
2016.7268 41.9420
2016.7295 42.3374
2016.7322 39.6458
2016.7350 38.4665
2016.7377 41.1586
2016.7404 38.8212
2016.7432 37.0936
2016.7459 38.5550
2016.7486 33.0648
2016.7514 35.5711
2016.7541 34.8568
2016.7568 37.7221
2016.7596 36.6370
2016.7623 41.6714
2016.7650 40.1153
2016.7678 40.7388
2016.7705 42.2818
2016.7732 38.0245
2016.7760 42.9766
2016.7787 39.7984
2016.7814 42.1097
2016.7842 40.4806
2016.7869 39.4211
2016.7896 40.8612
2016.7923 38.2609
2016.7951 40.7202
2016.7978 40.9991
2016.8005 47.5976
2016.8033 52.8757
2016.8060 46.2934
2016.8087 43.6607
2016.8115 40.5377
2016.8142 40.1943
2016.8169 42.5406
2016.8197 38.9765
2016.8224 41.5320
2016.8251 42.6172
2016.8279 48.6121
2016.8306 46.2066
2016.8333 45.9010
2016.8361 41.6658
2016.8388 37.4611
2016.8415 39.8068
2016.8443 38.3129
2016.8470 40.9592
2016.8497 39.9757
2016.8525 38.3623
2016.8552 38.8490
2016.8579 41.0357
2016.8607 42.1123
2016.8634 42.3688
2016.8661 42.3351
2016.8689 39.5612
2016.8716 42.7469
2016.8743 44.4322
2016.8770 41.9471
2016.8798 45.2914
2016.8825 44.8852
2016.8852 41.3783
2016.8880 45.1107
2016.8907 42.4823
2016.8934 46.4831
2016.8962 41.4829
2016.8989 41.1918
2016.9016 39.0896
2016.9044 40.2563
2016.9071 40.5318
2016.9098 39.1161
2016.9126 42.2590
2016.9153 41.0206
2016.9180 37.0711
2016.9208 34.2407
2016.9235 37.6694
2016.9262 37.4573
2016.9290 37.3645
2016.9317 38.0510
2016.9344 35.9569
2016.9372 37.1922
2016.9399 39.3069
2016.9426 37.4712
2016.9454 38.3051
2016.9481 40.0286
2016.9508 39.9218
2016.9536 38.4547
2016.9563 38.9474
2016.9590 40.1600
2016.9617 38.5724
2016.9645 35.4848
2016.9672 41.2472
2016.9699 38.6796
2016.9727 40.4622
2016.9754 37.6849
2016.9781 38.2778
2016.9809 38.9609
2016.9836 44.5644
2016.9863 40.3983
2016.9891 36.1726
2016.9918 39.0173
2016.9945 42.0426
2016.9973 40.0384
2017.0000 40.0449
2017.0027 37.2619
2017.0055 37.0993
2017.0082 40.1770
2017.0110 40.1151
2017.0137 40.6434
2017.0164 39.1720
2017.0192 39.5909
2017.0219 42.3600
2017.0247 41.9993
2017.0274 45.7187
2017.0301 38.6082
2017.0329 38.1578
2017.0356 40.2675
2017.0384 38.9872
2017.0411 36.3669
2017.0438 37.7565
2017.0466 38.5961
2017.0493 35.8756
2017.0521 42.4250
2017.0548 40.3942
2017.0575 37.2233
2017.0603 40.0821
2017.0630 39.7306
2017.0658 44.7889
2017.0685 40.6369
2017.0712 44.0946
2017.0740 39.8319
2017.0767 45.1388
2017.0795 42.5452
2017.0822 43.5410
2017.0849 42.7445
2017.0877 43.5058
2017.0904 43.1349
2017.0932 40.0722
2017.0959 41.8076
2017.0986 43.1015
2017.1014 40.9639
2017.1041 39.8551
2017.1068 45.8152
2017.1096 44.4443
2017.1123 45.4827
2017.1151 49.2006
2017.1178 44.4180
2017.1205 47.2553
2017.1233 45.8424
2017.1260 45.5397
2017.1288 46.2872
2017.1315 44.7452
2017.1342 44.3738
2017.1370 44.9831
2017.1397 46.0535
2017.1425 46.4550
2017.1452 42.5277
2017.1479 43.0520
2017.1507 47.9578
2017.1534 45.1355
2017.1562 42.5352
2017.1589 39.0470
2017.1616 42.8812
2017.1644 39.5771
2017.1671 44.4542
2017.1699 45.2024
2017.1726 41.1716
2017.1753 41.8318
2017.1781 41.7028
2017.1808 47.9546
2017.1836 42.5572
2017.1863 44.0804
2017.1890 45.5841
2017.1918 46.7584
2017.1945 47.6031
2017.1973 45.6381
2017.2000 44.3235
2017.2027 43.5690
2017.2055 51.9247
2017.2082 48.2504
2017.2110 43.3861
2017.2137 48.5917
2017.2164 48.3472
2017.2192 44.7325
2017.2219 40.4474
2017.2247 42.8619
2017.2274 48.2960
2017.2301 41.5096
2017.2329 46.8326
2017.2356 47.3149
2017.2384 47.6164
2017.2411 41.3072
2017.2438 48.8770
2017.2466 44.0858
2017.2493 46.3833
2017.2521 41.5494
2017.2548 47.6243
2017.2575 44.5282
2017.2603 48.9510
2017.2630 50.5629
2017.2658 51.9641
2017.2685 49.2247
2017.2712 48.3246
2017.2740 49.6342
2017.2767 49.7534
2017.2795 50.0524
2017.2822 51.2912
2017.2849 47.4001
2017.2877 55.8091
2017.2904 60.3783
2017.2932 49.8678
2017.2959 51.8978
2017.2986 51.1483
2017.3014 43.6095
2017.3041 48.2714
2017.3068 53.8242
2017.3096 54.5480
2017.3123 55.0630
2017.3151 53.7891
2017.3178 52.4165
2017.3205 53.1253
2017.3233 50.6557
2017.3260 52.1078
2017.3288 50.2516
2017.3315 50.1775
2017.3342 49.6260
2017.3370 45.8968
2017.3397 39.9097
2017.3425 49.3147
2017.3452 50.0215
2017.3479 49.3000
2017.3507 50.3801
2017.3534 54.7516
2017.3562 56.9244
2017.3589 56.8882
2017.3616 51.4830
2017.3644 55.7086
2017.3671 55.9448
2017.3699 58.2915
2017.3726 56.6286
2017.3753 54.3158
2017.3781 52.2231
2017.3808 54.0602
2017.3836 48.2571
2017.3863 52.0635
2017.3890 51.6094
2017.3918 53.1845
2017.3945 51.4787
2017.3973 48.0419
2017.4000 48.9139
2017.4027 48.9546
2017.4055 52.9838
2017.4082 49.4113
2017.4110 43.7770
2017.4137 44.9308
2017.4164 41.5331
2017.4192 47.3641
2017.4219 50.4838
2017.4247 48.9023
2017.4274 49.5798
2017.4301 48.2564
2017.4329 47.5522
2017.4356 48.6572
2017.4384 48.4817
2017.4411 49.3757
2017.4438 47.7893
2017.4466 49.3726
2017.4493 48.4258
2017.4521 51.1590
2017.4548 48.4222
2017.4575 51.8355
2017.4603 57.6092
2017.4630 52.4132
2017.4658 55.9278
2017.4685 52.0030
2017.4712 51.8888
2017.4740 52.4256
2017.4767 58.6032
2017.4795 57.2719
2017.4822 51.6418
2017.4849 49.6930
2017.4877 49.8355
2017.4904 52.3995
2017.4932 50.3851
2017.4959 47.9825
2017.4986 49.4217
2017.5014 44.9529
2017.5041 51.9160
2017.5068 56.6908
2017.5096 46.6472
2017.5123 48.0151
2017.5151 42.8144
2017.5178 51.4950
2017.5205 43.1367
2017.5233 38.8893
2017.5260 42.9629
2017.5288 43.1473
2017.5315 45.0223
2017.5342 53.9879
2017.5370 49.6439
2017.5397 56.2402
2017.5425 55.9466
2017.5452 48.3332
2017.5479 49.3396
2017.5507 49.8559
2017.5534 52.0419
2017.5562 52.5075
2017.5589 51.5726
2017.5616 47.0070
2017.5644 46.1206
2017.5671 46.9433
2017.5699 47.5150
2017.5726 49.8056
2017.5753 55.2549
2017.5781 56.7629
2017.5808 52.9493
2017.5836 50.4538
2017.5863 50.9259
2017.5890 51.7259
2017.5918 48.8039
2017.5945 55.8401
2017.5973 53.5747
2017.6000 50.4979
2017.6027 51.4997
2017.6055 52.5605
2017.6082 50.7604
2017.6110 51.8895
2017.6137 54.6380
2017.6164 53.6661
2017.6192 55.8940
2017.6219 53.3119
2017.6247 51.3999
2017.6274 52.4281
2017.6301 49.7369
2017.6329 53.3663
2017.6356 51.8465
2017.6384 59.9678
2017.6411 55.5402
2017.6438 57.7139
2017.6466 55.6592
2017.6493 62.1762
2017.6521 59.8350
2017.6548 58.9859
2017.6575 56.4890
2017.6603 57.3245
2017.6630 61.0526
2017.6658 52.9237
2017.6685 52.0395
2017.6712 55.4000
2017.6740 56.1948
2017.6767 49.0737
2017.6795 55.3763
2017.6822 54.3124
2017.6849 45.4215
2017.6877 52.4933
2017.6904 46.8577
2017.6932 53.9341
2017.6959 52.3524
2017.6986 51.8421
2017.7014 56.1831
2017.7041 53.2448
2017.7068 61.1171
2017.7096 56.8596
2017.7123 53.7421
2017.7151 53.3940
2017.7178 55.3953
2017.7205 47.1454
2017.7233 48.0842
2017.7260 49.7913
2017.7288 52.9764
2017.7315 54.9791
2017.7342 49.9391
2017.7370 55.3862
2017.7397 55.8700
2017.7425 52.5601
2017.7452 52.5363
2017.7479 51.5883
2017.7507 51.8781
2017.7534 51.2979
2017.7562 53.0775
2017.7589 48.3670
2017.7616 55.8063
2017.7644 55.7652
2017.7671 54.8238
2017.7699 52.4519
2017.7726 55.6495
2017.7753 56.1965
2017.7781 52.1629
2017.7808 53.5186
2017.7836 53.1034
2017.7863 55.9874
2017.7890 52.7304
2017.7918 49.1025
2017.7945 49.0934
2017.7973 52.6433
2017.8000 55.1019
2017.8027 51.7292
2017.8055 49.7052
2017.8082 54.3898
2017.8110 56.1828
2017.8137 56.4344
2017.8164 53.0543
2017.8192 58.8825
2017.8219 56.9389
2017.8247 57.1335
2017.8274 59.4362
2017.8301 53.8269
2017.8329 58.0058
2017.8356 55.5341
2017.8384 57.3622
2017.8411 53.1899
2017.8438 52.9273
2017.8466 52.9745
2017.8493 57.8515
2017.8521 58.1783
2017.8548 53.8048
2017.8575 54.0813
2017.8603 57.7376
2017.8630 55.2537
2017.8658 56.3698
2017.8685 54.7858
2017.8712 55.2118
2017.8740 53.2878
2017.8767 51.3337
2017.8795 53.0197
2017.8822 50.9157
2017.8849 51.7818
2017.8877 53.6680
2017.8904 50.6143
2017.8932 52.7908
2017.8959 53.3974
2017.8986 50.9442
2017.9014 51.2112
2017.9041 50.8284
2017.9068 51.4459
2017.9096 51.9137
2017.9123 50.0317
2017.9151 53.5301
2017.9178 51.4689
2017.9205 52.5183
2017.9233 53.9580
2017.9260 54.9482
2017.9288 56.2887
2017.9315 55.5496
2017.9342 55.4307
2017.9370 55.1020
2017.9397 51.3835
2017.9425 52.5251
2017.9452 51.9268
2017.9479 50.3285
2017.9507 46.8103
2017.9534 54.3219
2017.9562 53.7235
2017.9589 55.7648
2017.9616 55.6660
2017.9644 53.3670
2017.9671 53.7376
2017.9699 56.0279
2017.9726 53.8678
2017.9753 52.9473
2017.9781 52.9862
2017.9808 49.8747
2017.9836 49.0126
2017.9863 49.3998
2017.9890 48.8364
2017.9918 50.1923
2017.9945 51.2074
2017.9973 48.7717
2018.0000 51.1051
2018.0027 52.1977
2018.0055 54.7894
2018.0082 50.6504
2018.0110 50.7206
2018.0137 50.4502
2018.0164 50.4791
2018.0192 51.3575
2018.0219 40.9853
2018.0247 47.5026
2018.0274 53.4194
2018.0301 50.8558
2018.0329 54.1619
2018.0356 57.0577
2018.0384 52.1932
2018.0411 49.7184
2018.0438 52.1235
2018.0466 55.3985
2018.0493 58.1033
2018.0521 58.2881
2018.0548 60.6530
2018.0575 56.4379
2018.0603 55.6728
2018.0630 51.6079
2018.0658 53.6032
2018.0685 55.4088
2018.0712 58.1146
2018.0740 54.6907
2018.0767 57.7172
2018.0795 56.8742
2018.0822 59.4115
2018.0849 62.1186
2018.0877 58.3157
2018.0904 57.0426
2018.0932 57.0294
2018.0959 53.8161
2018.0986 57.4529
2018.1014 61.1096
2018.1041 60.4964
2018.1068 56.2533
2018.1096 61.2704
2018.1123 61.1875
2018.1151 62.0949
2018.1178 57.7225
2018.1205 58.4804
2018.1233 57.7686
2018.1260 56.3371
2018.1288 57.5560
2018.1315 61.0853
2018.1342 53.0350
2018.1370 55.7352
2018.1397 56.5360
2018.1425 57.9973
2018.1452 55.6991
2018.1479 53.6516
2018.1507 56.6348
2018.1534 53.1086
2018.1562 53.2032
2018.1589 57.7085
2018.1616 55.1846
2018.1644 53.1944
2018.1671 55.6702
2018.1699 51.2617
2018.1726 55.4085
2018.1753 53.0903
2018.1781 55.7867
2018.1808 51.4574
2018.1836 53.3319
2018.1863 50.8000
2018.1890 56.9514
2018.1918 51.7255
2018.1945 53.0922
2018.1973 54.4510
2018.2000 52.8815
2018.2027 53.9335
2018.2055 54.0066
2018.2082 55.2904
2018.2110 59.1545
2018.2137 64.4487
2018.2164 60.3925
2018.2192 60.5456
2018.2219 53.1076
2018.2247 58.5083
2018.2274 55.9471
2018.2301 52.9539
2018.2329 52.4682
2018.2356 45.9096
2018.2384 52.0179
2018.2411 57.4626
2018.2438 58.8534
2018.2466 56.0406
2018.2493 60.3072
2018.2521 62.9639
2018.2548 61.5406
2018.2575 60.0972
2018.2603 57.1238
2018.2630 59.7904
2018.2658 57.4568
2018.2685 58.0332
2018.2712 56.6994
2018.2740 65.1555
2018.2767 61.2714
2018.2795 57.4072
2018.2822 61.3127
2018.2849 60.4780
2018.2877 62.2430
2018.2904 63.8678
2018.2932 64.6222
2018.2959 61.8064
2018.2986 61.2802
2018.3014 59.0037
2018.3041 62.7868
2018.3068 64.3594
2018.3096 60.0017
2018.3123 58.8235
2018.3151 60.7649
2018.3178 58.9658
2018.3205 59.2261
2018.3233 60.1660
2018.3260 58.0753
2018.3288 57.5040
2018.3315 59.1922
2018.3342 64.7402
2018.3370 60.3678
2018.3397 59.8051
2018.3425 61.6820
2018.3452 64.7087
2018.3479 60.6251
2018.3507 60.6612
2018.3534 59.7070
2018.3562 60.6725
2018.3589 62.5278
2018.3616 58.9328
2018.3644 65.8775
2018.3671 64.8920
2018.3699 60.4963
2018.3726 68.5804
2018.3753 65.0142
2018.3781 63.6278
2018.3808 55.7012
2018.3836 54.2644
2018.3863 59.0274
2018.3890 55.1702
2018.3918 52.3129
2018.3945 47.9453
2018.3973 50.2776
2018.4000 52.8898
2018.4027 53.2018
2018.4055 53.1136
2018.4082 57.4354
2018.4110 60.3170
2018.4137 62.6482
2018.4164 61.4873
2018.4192 61.3345
2018.4219 59.5997
2018.4247 63.1531
2018.4274 58.3951
2018.4301 59.8657
2018.4329 60.1151
2018.4356 63.5136
2018.4384 64.5012
2018.4411 60.4982
2018.4438 57.8748
2018.4466 61.7611
2018.4493 62.7074
2018.4521 60.1537
2018.4548 64.6604
2018.4575 57.4175
2018.4603 58.3553
2018.4630 46.5839
2018.4658 45.1236
2018.4685 48.3445
2018.4712 54.3867
2018.4740 56.0306
2018.4767 62.2362
2018.4795 61.1637
2018.4822 60.9334
2018.4849 59.0054
2018.4877 55.4198
2018.4904 59.8070
2018.4932 55.3070
2018.4959 56.7700
2018.4986 53.1349
2018.5014 60.9203
2018.5041 57.5962
2018.5068 61.4626
2018.5096 62.2895
2018.5123 62.5467
2018.5151 63.9444
2018.5178 68.3224
2018.5233 73.1796
2018.5260 66.1287
2018.5288 61.0581
2018.5315 64.5378
2018.5342 62.9677
2018.5370 60.8979
2018.5397 64.8082
2018.5425 68.1688
2018.5452 67.4995
2018.5479 63.0204
2018.5507 63.1814
2018.5534 66.7325
2018.5562 70.6237
2018.5589 71.2250
2018.5616 72.3163
2018.5644 74.6076
2018.5671 57.0689
2018.5699 62.1501
2018.5726 66.0314
2018.5753 62.7325
2018.5781 62.7736
2018.5808 60.9745
2018.5836 66.7355
2018.5863 67.7565
2018.5890 64.1376
2018.5918 60.6587
2018.5945 66.2400
2018.5973 64.4813
2018.6000 65.0926
2018.6027 67.8841
2018.6055 64.8756
2018.6082 61.2372
2018.6110 61.0789
2018.6137 62.3506
2018.6164 66.9024
2018.6192 67.1243
2018.6219 66.9662
2018.6247 64.9582
2018.6274 63.3903
2018.6301 67.7824
2018.6329 62.5646
2018.6356 63.6669
2018.6384 61.8793
2018.6411 67.8117
2018.6438 60.5341
2018.6466 60.4167
2018.6493 57.9892
2018.6521 59.7519
2018.6548 75.9346
2018.6575 66.1274
2018.6603 68.0502
2018.6630 65.0631
2018.6658 66.9765
2018.6685 62.9730
2018.6712 64.4127
2018.6740 66.4356
2018.6767 64.8812
2018.6795 72.7394
2018.6822 53.3200
2018.6849 59.0927
2018.6877 63.5773
2018.6904 66.8435
2018.6932 70.5911
2018.6959 70.2398
2018.6986 70.1995
2018.7014 67.8199
2018.7041 66.5107
2018.7068 72.1117
2018.7096 68.9127
2018.7123 66.8735
2018.7151 65.2037
2018.7178 66.1932
2018.7205 66.7717
2018.7233 64.6590
2018.7260 63.5849
2018.7288 68.5191
2018.7315 62.2713
2018.7342 63.9014
2018.7370 76.1191
2018.8137 63.7802
2018.8164 63.6051
2018.8192 65.7434
2018.8219 69.6254
2018.8247 66.1314
2018.8274 73.0918
2018.8301 65.7470
2018.8466 66.2359
2018.8493 61.8927
2018.8521 59.9203
2018.8548 58.3786
2018.8575 57.4875
2018.8603 59.3869
2018.8630 59.0367
2018.8658 55.8069
2018.8685 62.5674
2018.8712 59.7680
2018.8740 57.3188
2018.8767 61.6795
2018.8795 60.3202
2018.8822 70.7407
2018.8849 68.3209
2018.8877 67.0208
2018.8904 66.8002
2018.8932 65.5692
2018.8959 60.0375
2018.8986 60.7351
2018.9014 61.7020
2018.9041 65.9680
2018.9068 61.4031
2018.9096 62.5871
2018.9123 55.6800
2018.9151 61.2116
2018.9178 56.9430
2018.9205 56.0149
2018.9233 57.0572
2018.9260 51.0499
2018.9288 58.5929
2018.9315 63.5360
2018.9342 58.8791
2018.9370 60.8721
2018.9397 61.2850
2018.9425 60.6376
2018.9452 61.1397
2018.9479 58.8614
2018.9507 60.1324
2018.9534 61.0227
2018.9562 61.6322
2018.9589 61.0508
2018.9616 60.1783
2018.9644 65.4846
2018.9671 64.5897
2018.9699 63.6134
2018.9726 58.7757
2018.9753 64.0564
2018.9781 66.7354
2018.9808 67.0025
2018.9836 65.4878
2018.9863 64.9411
2018.9890 67.6223
2018.9918 65.4812
2018.9945 67.9778
2018.9973 66.2620
2019.0000 66.6636
2019.0027 63.1833
2019.0055 60.6018
2019.0082 65.7991
2019.0110 62.1953
2019.0137 66.0104
2019.0164 66.5546
2019.0192 61.3477
2019.0219 60.8700
2019.0247 57.6815
2019.0274 64.0422
2019.0301 62.7921
2019.0329 63.9514
2019.0356 66.0500
2019.0384 65.1880
2019.0411 65.3756
2019.0438 65.8126
2019.0466 69.3293
2019.0493 66.1156
2019.0521 63.2616
2019.0548 63.7173
2019.0575 67.2528
2019.0603 65.9582
2019.0630 68.1235
2019.0658 68.3487
2019.0685 66.0840
2019.0712 69.0693
2019.0740 72.4447
2019.0767 68.5203
2019.0795 65.3962
2019.0822 64.8721
2019.0849 65.3175
2019.0877 67.5723
2019.0904 67.0864
2019.0932 68.8400
2019.0959 67.8532
2019.0986 72.9959
2019.1014 66.6382
2019.1041 67.3902
2019.1068 65.1619
2019.1096 66.7834
2019.1123 69.6448
2019.1151 66.0861
2019.1178 69.0673
2019.1205 66.7986
2019.1233 65.9699
2019.1260 66.3814
2019.1288 62.2530
2019.1315 60.0649
2019.1342 60.8071
2019.1370 61.7996
2019.1397 60.9326
2019.1425 60.3160
2019.1452 62.0799
2019.1479 62.7944
2019.1507 61.0495
2019.1534 61.7054
2019.1562 71.7319
2019.1589 61.2893
2019.1616 62.5075
2019.1644 62.2073
2019.1671 64.0191
2019.1699 64.9529
2019.1726 64.6586
2019.1753 60.3463
2019.1781 61.2559
2019.1808 66.4073
2019.1836 66.3004
2019.1863 68.2053
2019.1890 63.6519
2019.1918 66.6501
2019.1945 66.6598
2019.1973 65.6811
2019.2000 68.2539
2019.2027 70.0581
2019.2055 69.5037
2019.2082 66.3007
2019.2110 68.4389
2019.2137 64.7884
2019.2164 68.4691
2019.2192 71.4409
2019.2219 69.1439
2019.2247 66.9378
2019.2274 73.8528
2019.2301 75.7388
2019.2329 74.0856
2019.2356 76.2633
2019.2384 75.4918
2019.2411 76.1411
2019.2438 71.5511
2019.2466 71.4220
2019.2493 76.7748
2019.2521 77.0195
2019.2548 71.1761
2019.2575 71.4144
2019.2603 75.4042
2019.2630 76.5954
2019.2658 76.4978
2019.2685 74.8214
2019.2712 72.3758
2019.2740 76.1411
2019.2767 70.2970
2019.2795 68.9934
2019.2822 65.7502
2019.2849 66.7572
2019.2877 71.1542
2019.2904 71.8412
2019.2932 75.9079
2019.2959 72.5542
2019.2986 73.7900
2019.3014 70.7251
2019.3041 70.1294
2019.3068 73.4627
2019.3096 72.7549
2019.3123 74.5258
2019.3151 70.6253
2019.3178 71.8132
2019.3205 62.3495
2019.3233 78.0538
2019.3260 74.6162
2019.3288 70.8964
2019.3315 67.0453
2019.3342 69.0941
2019.3370 76.8828
2019.3397 75.7712
2019.3425 77.9393
2019.3452 70.4672
2019.3479 74.2849
2019.3507 72.9021
2019.3534 78.3891
2019.3562 61.0056
2019.3589 68.0018
2019.3616 74.8475
2019.3644 71.9028
2019.3671 70.7075
2019.3699 78.0618
2019.3726 77.0555
2019.3753 74.8086
2019.3781 72.3012
2019.3808 71.3131
2019.3836 65.7944
2019.3863 64.7250
2019.3890 73.2648
2019.3918 67.8840
2019.3945 68.8024
2019.3973 67.0900
2019.4000 66.4968
2019.4027 69.9227
2019.4055 67.8778
2019.4082 65.2219
2019.4110 69.8852
2019.4137 70.1276
2019.4164 68.7097
2019.4192 67.2716
2019.4219 72.1834
2019.4247 66.5249
2019.4274 68.2663
2019.4301 67.5374
2019.4329 66.2983
2019.4356 66.0590
2019.4384 66.4095
2019.4411 67.0597
2019.4438 69.4897
2019.4466 69.6094
2019.4493 69.4989
2019.4521 71.8980
2019.4548 68.9670
2019.4575 60.8456
2019.4603 55.5240
2019.4658 56.7297
2019.4685 55.3172
2019.4767 72.7476
2019.4795 76.2337
2019.4822 77.7995
2019.4849 79.2749
2019.4877 78.5199
2019.4904 77.8946
2019.4932 78.4890
2019.4959 76.2029
2019.4986 76.0666
2019.5014 78.5402
2019.5041 73.1936
2019.5068 74.8370
2019.5096 75.9702
2019.5123 72.2434
2019.5151 71.6264
2019.5178 73.2593
2019.5205 76.9321
2019.5233 72.9248
2019.5260 73.7674
2019.5288 75.2498
2019.5315 76.0822
2019.5342 75.1644
2019.5370 73.3665
2019.5397 64.7485
2019.5425 72.1204
2019.5452 72.1522
2019.5479 74.0839
2019.5507 73.9555
2019.5534 73.7569
2019.5562 76.2182
2019.5589 73.4694
2019.5616 68.5805
2019.5644 76.6015
2019.5671 80.9124
2019.5699 80.1332
2019.5726 81.2438
2019.5753 80.4543
2019.5781 76.8947
2019.5808 78.0950
2019.5836 71.2649
2019.5863 73.8744
2019.5890 81.7933
2019.5918 79.4117
2019.5945 73.2697
2019.5973 75.3674
2019.6000 77.8546
2019.6027 75.0515
2019.6055 77.8482
2019.6082 82.6545
2019.6110 82.6207
2019.6137 81.4567
2019.6164 83.4925
2019.6192 80.6282
2019.6219 81.2337
2019.6247 83.2693
2019.6274 85.7548
2019.6301 86.9404
2019.6329 82.6660
2019.6356 79.0317
2019.6384 78.9775
2019.6411 81.3634
2019.6438 81.2496
2019.6466 87.9159
2019.6493 82.7126
2019.6521 83.2295
2019.6548 83.7267
2019.6575 78.4144
2019.6603 78.3024
2019.6630 72.8008
2019.6658 78.6398
2019.6685 82.0695
2019.6712 85.7501
2019.6740 84.7315
2019.6767 84.0137
2019.6795 79.7967
2019.6822 80.1405
2019.6849 77.0950
2019.6877 81.4602
2019.6904 80.6161
2019.6932 86.6228
2019.6959 79.5901
2019.6986 79.4280
2019.7014 82.0266
2019.7041 82.6658
2019.7068 83.6856
2019.7096 86.1660
2019.7123 85.6270
2019.7151 81.1685
2019.7178 84.5505
2019.7205 86.5131
2019.7233 82.5961
2019.7260 78.9696
2019.7288 83.8236
2019.7315 82.3680
2019.7342 84.3428
2019.7370 75.4980
2019.7397 77.3736
2019.7425 80.6295
2019.7452 85.6258
2019.7479 86.5025
2019.7507 89.9711
2019.7534 87.5930
2019.7562 85.5780
2019.7589 83.9659
2019.7616 82.1664
2019.7644 80.7393
2019.7671 84.5444
2019.7699 82.9214
2019.7726 81.2902
2019.7753 80.9305
2019.7781 79.5120
2019.7808 83.0146
2019.7836 76.7879
2019.7863 85.5219
2019.7890 84.9661
2019.7918 80.5705
2019.7945 85.6448
2019.7973 83.9387
2019.8000 79.5121
2019.8027 81.1647
2019.8055 73.5462
2019.8082 72.8865
2019.8110 68.1852
2019.8137 67.8323
2019.8164 68.4574
2019.8192 77.4603
2019.8219 77.8308
2019.8247 77.3987
2019.8274 85.4537
2019.8301 66.9056
2019.8329 75.1045
2019.8356 77.0020
2019.8384 78.6784
2019.8411 78.6337
2019.8438 77.7980
2019.8466 76.6913
2019.8493 75.2636
2019.8521 77.6148
2019.8548 73.1752
2019.8575 84.4845
2019.8603 74.5730
2019.8630 80.7006
2019.8658 82.5173
2019.8685 77.3531
2019.8712 75.3781
2019.8740 75.2723
2019.8767 78.5657
2019.8795 78.0683
2019.8822 75.8002
2019.8849 73.1813
2019.8877 72.4517
2019.8904 70.8315
2019.8932 71.8206
2019.8959 74.5590
2019.8986 78.1769
2019.9014 75.6941
2019.9041 69.7907
2019.9068 75.8168
2019.9096 76.8824
2019.9123 76.5474
2019.9151 74.4420
2019.9178 78.4363
2019.9205 77.9008
2019.9233 76.2954
2019.9260 74.0698
2019.9288 75.1941
2019.9315 74.4982
2019.9342 75.1819
2019.9370 74.4153
2019.9397 74.4781
2019.9425 77.2404
2019.9452 76.1519
2019.9479 73.2427
2019.9507 73.1027
2019.9534 73.2817
2019.9562 73.6997
2019.9589 72.0366
2019.9616 73.2522
2019.9644 72.0166
2019.9671 74.6696
2019.9699 76.9312
2019.9726 76.6811
2019.9753 78.9695
2019.9781 77.9561
2019.9808 79.1309
2019.9836 80.0438
2019.9863 81.0347
2019.9890 83.3535
2019.9918 82.8702
2019.9945 80.6546
2019.9973 74.3867
2020.0000 79.0763
2020.0027 78.1743
2020.0055 81.9112
2020.0082 81.5771
2020.0109 83.9820
2020.0137 80.2262
2020.0164 81.6395
2020.0191 82.2521
2020.0219 83.8941
2020.0246 82.6554
2020.0273 78.7563
2020.0301 79.5466
2020.0328 78.3266
2020.0355 80.8362
2020.0383 79.1756
2020.0410 79.9648
2020.0437 82.2038
2020.0464 75.8228
2020.0492 80.2218
2020.0519 79.2409
2020.0546 78.4401
2020.0574 77.3795
2020.0601 76.1491
2020.0628 78.1991
2020.0656 79.1795
2020.0683 74.8704
2020.0710 78.1718
2020.0738 75.9237
2020.0765 74.9064
2020.0792 80.5398
2020.0820 77.9938
2020.0847 77.3180
2020.0874 78.5520
2020.0902 81.0661
2020.0929 84.1101
2020.0956 79.9141
2020.0984 82.2783
2020.1011 78.1325
2020.1038 73.2469
2020.1066 69.0214
2020.1093 74.5261
2020.1120 84.5611
2020.1148 79.8564
2020.1175 81.6920
2020.1202 84.2879
2020.1230 80.0142
2020.1257 76.1110
2020.1284 76.3181
2020.1311 76.4658
2020.1339 75.1740
2020.1366 73.7227
2020.1393 77.4021
2020.1421 78.6520
2020.1448 81.9926
2020.1475 79.0039
2020.1503 78.3460
2020.1530 81.8788
2020.1557 78.8824
2020.1585 79.4169
2020.1612 83.6422
2020.1639 82.9892
2020.1667 78.4294
2020.1694 78.7526
2020.1721 80.0687
2020.1749 82.7975
2020.1776 79.0190
2020.1803 81.1931
2020.1831 80.3195
2020.1858 81.0183
2020.1885 82.4292
2020.1913 83.6722
2020.1940 84.2271
2020.1967 82.4738
2020.1995 85.2022
2020.2022 85.9922
2020.2049 88.3136
2020.2077 82.9164
2020.2104 83.9303
2020.2131 82.3054
2020.2158 86.8914
2020.2186 85.4682
2020.2213 82.3858
2020.2240 86.5840
2020.2268 90.9026
2020.2295 91.4717
2020.2322 91.4609
2020.2350 87.9903
2020.2377 84.1097
2020.2404 84.6290
2020.2432 85.9080
2020.2459 81.4868
2020.2486 82.4077
2020.2514 82.0515
2020.2541 85.1179
2020.2623 83.9103
2020.2650 86.0547
2020.2678 85.3106
2020.2705 79.0075
2020.2732 82.7653
2020.2760 91.8438
2020.2787 79.9827
2020.2814 81.9817
2020.2842 82.9906
2020.2869 80.4391
2020.2896 80.9371
2020.2923 77.8342
2020.2951 84.3802
2020.2978 81.4349
2020.3005 80.6379
2020.3033 83.5992
2020.3060 79.9183
2020.3087 82.2251
2020.3115 82.8693
2020.3142 87.1907
2020.3169 92.6690
2020.3197 87.5840
2020.3224 85.4754
2020.3251 85.5330
2020.3279 73.1765
2020.3306 76.5165
2020.3333 82.2756
2020.3361 81.2741
2020.3388 82.8319
2020.3415 82.7593
2020.3443 83.7061
2020.3470 84.8925
2020.3497 84.2684
2020.3525 83.3940
2020.3552 80.3892
2020.3579 83.3641
2020.3607 78.4488
2020.3634 71.4332
2020.3661 77.4375
2020.3689 77.6017
2020.3716 78.3957
2020.3743 79.1297
2020.3770 78.6238
2020.3798 79.1778
2020.3825 77.8920
2020.3852 77.3962
2020.3880 78.1707
2020.3907 79.3353
2020.3934 83.8702
2020.3962 82.1854
2020.3989 88.5709
2020.4016 82.5768
2020.4044 81.4931
2020.4071 87.3499
2020.4098 85.7072
2020.4126 88.0950
2020.4153 87.2932
2020.4180 87.3416
2020.4208 85.8301
2020.4235 88.2289
2020.4262 90.5877
2020.4290 87.9667
2020.4317 87.9759
2020.4344 95.2251
2020.4372 93.1144
2020.4399 88.2038
2020.4426 85.7833
2020.4454 85.7527
2020.4481 86.7323
2020.4508 84.4018
2020.4536 89.2113
2020.4563 90.8908
2020.4590 92.5803
2020.4617 88.3397
2020.4645 89.9290
2020.4672 85.9983
2020.4699 84.8675
2020.4727 81.0565
2020.4754 79.3654
2020.4781 79.4342
2020.4809 78.2728
2020.4836 83.7713
2020.4863 94.2995
2020.4891 89.0976
2020.4918 86.8954
2020.4945 98.2530
2020.4973 87.6001
2020.5000 85.8551
2020.5027 82.8379
2020.5055 82.4688
2020.5082 81.9778
2020.5109 80.8252
2020.5137 82.0511
2020.5164 83.2757
2020.5191 82.5091
2020.5219 83.0516
2020.5246 85.4532
2020.5273 81.0243
2020.5301 86.1648
2020.5328 90.3451
2020.5355 81.5452
2020.5383 87.6154
2020.5410 77.9957
2020.5437 83.6265
2020.5464 85.4778
2020.5492 84.5998
2020.5519 85.5128
2020.5546 82.3067
2020.5574 85.2819
2020.5601 84.5485
2020.5628 92.7367
2020.5656 90.7866
2020.5683 92.9684
2020.5710 89.6022
2020.5738 90.8383
2020.5765 90.7269
2020.5792 88.5080
2020.5820 92.2216
2020.5847 91.3560
2020.5874 87.3307
2020.5902 91.2958
2020.5929 87.0813
2020.5956 87.7270
2020.5984 88.4731
2020.6011 83.7495
2020.6038 85.1361
2020.6066 79.9531
2020.6093 82.8203
2020.6120 84.8978
2020.6148 85.0655
2020.6175 78.5935
2020.6202 80.4416
2020.6230 77.6800
2020.6257 78.3086
2020.6284 76.9774
2020.6311 84.3564
2020.6339 86.8756
2020.6366 84.3049
2020.6393 85.1343
2020.6421 82.9739
2020.6448 88.4037
2020.6475 90.0235
2020.6503 82.1635
2020.6530 84.3235
2020.6557 79.3136
2020.6585 81.0239
2020.6612 84.0541
2020.6639 88.5544
2020.6667 86.7448
2020.6694 89.8453
2020.6721 86.4759
2020.6749 86.3065
2020.6776 89.9172
2020.6803 92.8580
2020.6831 92.4388
2020.6858 91.7297
2020.6885 92.9006
2020.6913 94.3716
2020.6940 95.1426
2020.6967 94.5337
2020.6995 92.1747
2020.7022 92.0258
2020.7049 91.8469
2020.7077 90.6980
2020.7104 89.6191
2020.7131 82.0301
2020.7158 93.2212
2020.7186 89.7622
2020.7213 87.3532
2020.7240 87.1942
2020.7268 89.1751
2020.7295 86.3260
2020.7322 86.7768
2020.7350 84.9376
2020.7377 87.5182
2020.7404 82.6789
2020.7432 85.3994
2020.7459 82.9798
2020.7486 90.8502
2020.7514 90.9799
2020.7541 86.8190
2020.7568 91.1875
2020.7596 87.1253
2020.7623 86.9826
2020.7650 87.9595
2020.7678 89.0858
2020.7705 87.7818
2020.7732 86.0375
2020.7760 85.7728
2020.7787 86.1979
2020.7814 86.2327
2020.7842 89.1774
2020.7869 87.1520
2020.7896 89.3265
2020.7923 85.4210
2020.7951 85.9856
2020.7978 86.3902
2020.8005 82.4849
2020.8033 86.0498
2020.8060 87.5650
2020.8087 88.1104
2020.8115 91.4461
2020.8142 85.9322
2020.8169 84.8387
2020.8197 85.4156
2020.8224 82.6531
2020.8251 81.2711
2020.8279 86.8597
2020.8306 84.4090
2020.8333 87.8895
2020.8361 83.9429
2020.8388 93.9793
2020.8415 89.9682
2020.8443 82.6097
2020.8470 82.6134
2020.8497 86.1793
2020.8525 82.3670
2020.8552 85.2564
2020.8579 84.8372
2020.8607 76.5794
2020.8634 75.6526
2020.8661 85.1768
2020.8689 82.3216
2020.8716 84.9470
2020.8743 84.5226
2020.8770 81.0684
2020.8798 77.2440
2020.8825 81.4794
2020.8852 77.0043
2020.8880 82.3785
2020.8907 76.4918
2020.8934 79.4640
2020.8962 81.8750
2020.8989 81.5544
2020.9016 82.1122
2020.9044 80.1682
2020.9071 82.7020
2020.9098 83.7636
2020.9126 84.1727
2020.9153 81.7292
2020.9180 84.2940
2020.9208 78.9281
2020.9235 83.4614
2020.9262 82.3440
2020.9290 90.2359
2020.9317 82.8471
2020.9344 86.4475
2020.9372 88.5872
2020.9399 86.0862
2020.9426 82.8745
2020.9454 87.3722
2020.9481 87.4391
2020.9508 89.8454
2020.9536 90.2710
2020.9563 91.2859
2020.9590 89.8403
2020.9617 87.5639
2020.9645 85.1969
2020.9672 88.8293
2020.9699 90.8011
2020.9727 86.9823
2020.9754 89.0929
2020.9781 91.4828
2020.9809 90.6422
2020.9836 88.9310
2020.9863 85.6292
2020.9891 87.6468
2020.9918 90.7539
2020.9945 90.3805
2020.9973 88.0165
2021.0000 89.6819
2021.0027 92.9961
2021.0055 92.2084
2021.0082 92.2790
2021.0110 91.2281
2021.0137 90.6657
2021.0164 91.0420
2021.0192 89.8272
2021.0219 85.0015
2021.0247 87.0848
2021.0274 93.2975
2021.0301 87.4296
2021.0329 88.1313
2021.0356 85.1327
2021.0384 86.1339
2021.0411 86.5252
2021.0438 84.7766
2021.0466 87.1383
2021.0493 87.2704
2021.0521 88.2831
2021.0548 86.5766
2021.0575 84.7209
2021.0603 86.1362
2021.0630 89.3126
2021.0658 86.8903
2021.0685 91.4295
2021.0712 86.9602
2021.0740 84.4327
2021.0767 85.4370
2021.0795 86.5834
2021.0822 92.7916
2021.0849 88.3604
2021.0877 89.7195
2021.0904 90.8291
2021.0932 87.8191
2021.0959 86.5895
2021.0986 81.4505
2021.1014 91.2720
2021.1041 86.4041
2021.1068 87.3467
2021.1096 87.7500
2021.1123 80.5140
2021.1151 85.9087
2021.1178 85.6541
2021.1205 90.6602
2021.1233 91.4372
2021.1260 85.3949
2021.1288 89.2136
2021.1315 79.6431
2021.1342 86.1836
2021.1370 82.0850
2021.1397 86.1674
2021.1425 90.0409
2021.1452 93.5854
2021.1479 90.5709
2021.1507 90.1277
2021.1534 90.3955
2021.1562 96.7346
2021.1589 93.2249
2021.1616 90.4564
2021.1644 88.3486
2021.1671 89.2707
2021.1699 90.7829
2021.1726 90.8351
2021.1753 86.0773
2021.1781 90.5395
2021.1808 91.6017
2021.1836 84.0839
2021.1863 89.1861
2021.1890 89.4183
2021.1918 90.6006
2021.1945 88.0428
2021.1973 93.0051
2021.2000 91.5374
2021.2027 93.6096
2021.2055 96.1019
2021.2082 96.3142
2021.2110 91.8365
2021.2137 92.5188
2021.2164 90.7711
2021.2192 92.9835
2021.2219 87.9758
2021.2247 90.4681
2021.2274 91.1705
2021.2301 91.5328
2021.2329 96.2152
2021.2356 90.4176
2021.2384 92.3399
2021.2411 90.2923
2021.2438 91.0447
2021.2466 89.9371
2021.2493 87.4695
2021.2521 94.1819
2021.2548 89.8343
2021.2575 89.6268
2021.2603 94.0792
2021.2630 93.7716
2021.2658 90.8940
2021.2685 94.1464
2021.2712 96.1389
2021.2740 93.5613
2021.2767 95.1537
2021.2795 93.4562
2021.2822 98.3286
2021.2849 98.9011
2021.2877 98.2536
2021.2904 94.0060
2021.2932 93.2585
2021.2959 90.2510
2021.2986 93.3335
2021.3014 86.5160
2021.3041 93.8185
2021.3068 91.0810
2021.3096 94.3135
2021.3123 90.7360
2021.3151 90.4785
2021.3178 91.6211
2021.3260 78.2188
2021.3288 88.0013
2021.3315 85.5648
2021.3342 85.2798
2021.3370 90.2864
2021.3397 86.0844
2021.3425 89.8537
2021.3452 91.8642
2021.3479 91.6257
2021.3507 90.2082
2021.3534 99.2315
2021.3562 100.0655
2021.3589 85.8901
2021.3616 95.8651
2021.3644 91.1105
2021.3671 90.4962
2021.3699 87.7519
2021.3726 85.1877
2021.3753 88.1733
2021.3781 78.6687
2021.3808 84.7737
2021.3836 90.7582
2021.3863 88.4022
2021.3890 96.3255
2021.3918 90.5179
2021.3945 88.2994
2021.3973 91.5798
2021.4000 93.6290
2021.4027 88.1370
2021.4055 87.9635
2021.4082 90.2985
2021.4110 93.3918
2021.4137 91.5336
2021.4164 91.0746
2021.4192 90.6953
2021.4219 87.3054
2021.4247 93.4251
2021.4274 92.1243
2021.4301 95.0431
2021.4329 96.4316
2021.4356 98.2195
2021.4384 97.6472
2021.4411 98.4944
2021.4438 93.0113
2021.4466 92.2978
2021.4493 89.3440
2021.4521 87.2698
2021.4548 87.8154
2021.4575 91.8006
2021.4603 95.4856
2021.4630 97.7403
2021.4658 96.9847
2021.4685 95.2489
2021.4712 95.1528
2021.4740 98.1166
2021.4767 96.1101
2021.4795 93.5735
2021.4822 93.1066
2021.4849 90.8296
2021.4877 97.4525
2021.4904 90.1252
2021.4932 94.5377
2021.4959 98.9702
2021.4986 98.9125
2021.5014 101.4145
2021.5041 98.2564
2021.5068 91.4081
2021.5096 91.3595
2021.5123 88.9808
2021.5151 92.5320
2021.5178 95.7730
2021.5205 96.8139
2021.5233 96.2946
2021.5260 90.2653
2021.5288 91.9858
2021.5315 93.8763
2021.5342 94.8668
2021.5370 97.3271
2021.5397 94.0875
2021.5425 97.6178
2021.5452 94.0981
2021.6740 92.6252
2021.6767 94.4371
2021.6795 104.0117
2021.6822 95.4888
2021.6849 98.1481
2021.6877 87.3596
2021.6904 95.3829
2021.6932 96.5480
2021.6959 89.1647
2021.6986 96.9926
2021.7014 97.2818
2021.7041 96.7719
2021.7068 96.4128
2021.7096 97.2943
2021.7123 94.6562
2021.7151 86.5383
2021.7178 95.7704
2021.7205 90.9823
2021.7233 93.9840
2021.7260 94.8350
2021.7288 92.6553
2021.7315 91.9047
2021.7342 85.7930
2021.7370 93.9600
2021.7397 92.4255
2021.7425 93.8894
2021.7452 89.0813
2021.7479 90.7212
2021.7507 90.5702
2021.7534 90.0696
2021.7562 92.1493
2021.7589 93.7792
2021.7616 92.1992
2021.7644 96.8594
2021.7671 99.7596
2021.7699 97.3199
2021.7726 88.8301
2021.7753 93.8903
2021.7781 90.9603
2021.7808 91.3301
2021.7836 92.9896
2021.7863 90.5389
2021.7890 90.9078
2021.7918 92.7463
2021.7945 97.6543
2021.7973 97.4318
2021.8384 90.7659
2021.8411 84.3174
2021.8438 94.6775
2021.8466 94.6264
2021.8493 90.6341
2021.8521 89.1808
2021.8548 87.0564
2021.8575 91.3112
2021.8603 86.6952
2021.8630 80.1285
2021.8685 82.4433
2021.8712 86.0550
2021.8740 86.8963
2021.8767 85.7574
2021.8795 83.6483
2021.8822 89.0392
2021.8849 87.5100
2021.8904 88.0621
2021.8932 92.2135
2021.8959 92.9253
2021.8986 89.9475
2021.9014 90.9303
2021.9041 95.3137
2021.9068 93.6379
2021.9096 93.7928
2021.9123 95.5487
2021.9151 95.8656
2021.9178 99.4445
2021.9205 99.9365
2021.9233 92.7311
2021.9260 96.1281
2021.9288 99.6973
2021.9315 94.9883
2021.9342 92.3508
2021.9370 97.4046
2021.9397 98.5094
2021.9425 97.6649
2021.9452 92.3909
2021.9479 97.6669
2021.9507 93.6529
2021.9534 98.1484
2021.9562 98.9732
2021.9589 98.2070
2021.9616 102.9495
2021.9644 97.6104
2021.9671 98.8095
2021.9699 94.8665
2021.9726 93.6411
2021.9753 97.4129
2021.9781 97.1918
2021.9808 94.3174
2021.9836 99.5495
2021.9863 99.8177
2021.9890 96.6718
2021.9918 98.2616
2021.9945 101.3966
2021.9973 95.1667
2022.0000 96.8915
2022.0027 98.8835
2022.0055 95.7754
2022.0082 94.7772
2022.0110 95.1689
2022.0137 96.4705
2022.0164 95.6419
2022.0192 98.9133
2022.0219 98.0046
2022.0247 99.1158
2022.0274 98.1369
2022.0301 94.1380
2022.0329 93.6690
2022.0356 93.4299
2022.0384 93.4209
2022.0411 94.7717
2022.0438 94.3226
2022.0466 94.8034
2022.0493 89.1743
2022.0521 96.2351
2022.0548 96.7059
2022.0575 96.9468
2022.0603 89.5276
2022.0630 91.0785
2022.0658 95.4994
2022.0685 96.1703
2022.0712 94.5913
2022.0740 93.3424
2022.0767 94.6735
2022.0795 101.6347
2022.0822 101.5360
2022.0849 95.8372
2022.0877 95.8583
2022.0904 97.2594
2022.0932 97.9805
2022.0959 99.8815
2022.0986 97.5726
2022.1014 103.8936
2022.1041 103.0545
2022.1068 100.4355
2022.1096 96.5365
2022.1123 97.5875
2022.1151 100.8485
2022.1178 102.8396
2022.1205 101.2906
2022.1233 100.0017
2022.1260 96.8729
2022.1288 100.6540
2022.1315 99.4753
2022.1342 100.2066
2022.1370 99.1480
2022.1397 106.5194
2022.1425 98.7010
2022.1452 98.9726
2022.1479 97.3343
2022.1507 91.4961
2022.1534 100.9281
2022.1562 100.5401
2022.1589 97.0623
2022.1616 96.5746
2022.1644 96.9085
2022.1671 98.7055
2022.1699 99.7153
2022.1726 99.5177
2022.1753 101.5226
2022.1781 103.2599
2022.1808 100.2193
2022.1836 102.4507
2022.1863 100.0840
2022.1890 102.1689
2022.1918 101.7353
2022.1945 104.8830
2022.1973 97.6519
2022.2000 97.3619
2022.2027 95.6126
2022.2055 100.0740
2022.2082 99.9659
2022.2110 105.3582
2022.2137 100.8206
2022.2164 104.6030
2022.2192 98.4153
2022.2219 102.1873
2022.2247 99.5287
2022.2274 103.4995
2022.2301 92.3995
2022.2329 94.5285
2022.2356 95.8964
2022.2384 98.9229
2022.2411 101.2379
2022.2438 98.2613
2022.2466 103.8031
2022.2493 96.1945
2022.2521 106.1058
2022.2548 99.3570
2022.2575 98.3981
2022.2603 94.6190
2022.2630 99.0399
2022.2658 98.8807
2022.2685 93.6914
2022.2712 94.6121
2022.2740 97.3727
2022.2767 99.4032
2022.2795 101.9337
2022.2822 97.9442
2022.2849 99.2547
2022.2877 98.5352
2022.2904 100.5356
2022.2932 97.0061
2022.2959 97.3266
2022.2986 104.2372
2022.3014 97.9878
2022.3041 92.6385
2022.3068 90.7292
2022.3096 95.4500
2022.3123 91.4308
2022.3151 94.2918
2022.3178 97.4329
2022.3205 95.4341
2022.3233 102.4954
2022.3260 100.0669
2022.3288 101.9585
2022.3315 101.2503
2022.3342 106.0425
2022.3370 96.7950
2022.3397 97.7978
2022.3425 100.0109
2022.3452 96.9144
2022.3479 94.3882
2022.3507 93.8722
2022.3534 90.6666
2022.3562 98.3113
2022.3589 101.9962
2022.3616 99.4615
2022.3644 98.2070
2022.3671 98.9928
2022.3699 97.8589
2022.3726 101.8752
2022.3753 100.6118
2022.3781 103.8787
2022.3808 99.5058
2022.3836 98.2031
2022.3863 104.5307
2022.3890 105.7386
2022.3918 100.2866
2022.3945 95.4449
2022.3973 104.9335
2022.4000 94.4022
2022.4027 115.4012
2022.4055 109.8903
2022.4082 108.1797
2022.4110 103.8393
2022.4137 105.7994
2022.4164 104.3922
2022.4192 101.2779
2022.4219 107.9863
2022.4247 101.8071
2022.4274 99.5601
2022.4301 93.4953
2022.4329 100.8623
2022.4356 102.4610
2022.4384 102.7512
2022.4411 103.7727
2022.4438 101.3153
2022.4466 102.4987
2022.4493 99.4229
2022.4521 94.5276
2022.4548 94.1527
2022.4575 93.6278
2022.4603 91.4329
2022.4630 101.0077
2022.4658 99.7520
2022.4685 99.3057
2022.4712 101.9485
2022.4740 106.9503
2022.4767 109.5309
2022.4795 106.7200
2022.4822 108.2575
2022.4849 105.9031
2022.4877 105.5768
2022.4904 103.7582
2022.4932 99.1172
2022.4959 95.1936
2022.4986 95.1674
2022.5014 93.6990
2022.5041 96.0584
2022.5068 98.8758
2022.5096 107.8914
2022.5123 105.5354
2022.5151 108.4978
2022.5178 105.8189
2022.5205 101.9087
2022.5233 100.5676
2022.5260 94.1456
2022.5288 90.1028
2022.5315 90.7395
2022.5342 102.7958
2022.5370 107.3118
2022.5397 105.1278
2022.5425 106.2038
2022.5452 107.6400
2022.5479 102.8266
2022.5507 99.7538
2022.5534 105.8917
2022.5562 102.4204
2022.5589 105.3301
2022.5616 109.9510
2022.5644 106.5732
2022.5671 106.6569
2022.5699 102.7922
2022.5726 101.0094
2022.5753 98.8485
2022.5781 102.3997
2022.5808 99.9732
2022.5836 102.4781
2022.5863 101.2834
2022.5890 101.6692
2022.5918 105.6155
2022.5945 103.1523
2022.5973 103.8196
2022.6000 102.3475
2022.6027 103.9559
2022.6055 104.4849
2022.6082 94.0046
2022.6110 97.8748
2022.6137 98.5257
2022.6164 100.5472
2022.6192 106.2994
2022.6219 103.1124
2022.6247 105.7060
2022.6274 105.1803
2022.6301 103.9355
2022.6329 102.2714
2022.6356 104.6980
2022.6384 108.8455
2022.6411 106.1538
2022.6438 104.5230
2022.6466 105.8430
2022.6493 101.2940
2022.6521 100.2458
2022.6548 102.2086
2022.6575 104.4422
2022.6603 107.9169
2022.6630 104.0325
2022.6658 101.5592
2022.6685 108.7070
2022.6712 110.1560
2022.6740 104.4560
2022.6767 104.4370
2022.6795 104.2489
2022.6822 110.1716
2022.6849 112.0350
2022.6877 106.9391
2022.6904 103.3338
2022.6932 111.8390
2022.6959 110.9346
2022.6986 115.7806
2022.7014 112.5669
2022.7041 110.4033
2022.7068 109.5399
2022.7096 108.1765
2022.7123 109.3131
2022.7151 108.6495
2022.7178 107.2858
2022.7205 113.1918
2022.7233 108.4574
2022.7260 107.1226
2022.7288 103.4873
2022.7315 107.6014
2022.7342 108.0249
2022.7370 110.2876
2022.7397 110.8895
2022.7425 109.7005
2022.7452 109.2705
2022.7479 103.9995
2022.7507 104.2173
2022.7534 108.2840
2022.7562 101.2195
2022.7589 105.7941
2022.7616 104.5477
2022.7644 109.1705
2022.7671 107.9924
2022.7699 112.7437
2022.7726 110.9244
2022.7753 103.2944
2022.7781 105.8840
2022.7808 105.8733
2022.7836 101.1621
2022.7863 110.6308
2022.7890 101.5392
2022.7918 99.0876
2022.7945 102.1060
2022.7973 100.7744
2022.8000 104.2030
2022.8027 104.1617
2022.8055 102.8908
2022.8082 107.5202
2022.8110 103.0901
2022.8137 101.2405
2022.8164 95.2114
2022.8192 101.3431
2022.8219 99.2555
2022.8247 100.3987
2022.8274 98.1429
2022.8301 102.8680
2022.8329 101.6845
2022.8356 108.2546
2022.8384 102.1184
2022.8411 105.4256
2022.8438 99.7860
2022.8466 97.7893
2022.8493 95.5553
2022.8521 105.5837
2022.8548 112.2342
2022.8575 99.6765
2022.8603 102.1805
2022.8630 102.5559
2022.8658 106.5323
2022.8685 103.0596
2022.8712 98.7175
2022.8740 100.5857
2022.8767 100.6639
2022.8795 106.0520
2022.8822 100.5096
2022.8849 103.1265
2022.8877 102.9724
2022.8904 108.2171
2022.8932 110.8903
2022.8959 110.4918
2022.8986 104.1812
2022.9014 108.0084
2022.9041 107.4431
2022.9068 103.4049
2022.9096 105.1937
2022.9123 109.7493
2022.9151 107.5912
2022.9178 107.2798
2022.9205 107.2653
2022.9233 109.4279
2022.9260 103.8175
2022.9288 106.1944
2022.9315 110.5684
2022.9342 105.9897
2022.9370 105.5284
2022.9397 109.4845
2022.9425 111.7081
2022.9452 109.5891
2022.9479 110.1778
2022.9507 111.2741
2022.9534 103.1982
2022.9562 107.7700
2022.9589 107.6497
2022.9616 108.4073
2022.9644 109.9128
2022.9671 110.8864
2022.9699 108.6680
2022.9726 101.8978
2022.9753 104.0958
2022.9781 106.6321
2022.9808 102.7467
2022.9836 102.7897
2022.9863 101.7612
2022.9890 104.3312
2022.9918 106.7398
2022.9945 103.8670
2022.9973 103.8029
2023.0000 106.1076
