2008.0232 -0.1762
2008.0260 -2.5990
2008.0287 0.0778
2008.0314 -4.2655
2008.0342 -3.6290
2008.0369 -3.3126
2008.0396 -4.7263
2008.0423 -4.9399
2008.0451 -3.6935
2008.0478 -6.6070
2008.0505 -5.3403
2008.0533 -3.2334
2008.0560 -5.0762
2008.0587 -7.2086
2008.0615 -3.3507
2008.0642 -5.4723
2008.0669 -5.9034
2008.0697 -6.0740
2008.0724 -6.8439
2008.0751 -5.2032
2008.0779 -0.7317
2008.0806 -6.2895
2008.0833 -8.0760
2008.0861 -9.2907
2008.0888 -6.4438
2008.0915 -5.4153
2008.0943 -6.4755
2008.0970 -6.2044
2008.0997 -3.5021
2008.1025 -3.5488
2008.1052 2.0253
2008.1079 -2.7797
2008.1107 -7.2641
2008.1134 -2.1280
2008.1161 -4.1315
2008.1189 -4.5848
2008.1216 -7.0079
2008.1243 -6.8210
2008.1270 -7.9141
2008.1298 -7.6476
2008.1325 -3.8314
2008.1352 -6.7256
2008.1380 -3.3105
2008.1407 -5.2661
2008.1434 -2.8526
2008.1462 -3.8901
2008.1489 -2.3487
2008.1516 -2.4485
2008.1544 -4.7797
2008.1571 -7.9924
2008.1598 -7.9867
2008.1626 -8.6728
2008.1653 -5.9409
2008.1680 -3.9311
2008.1708 2.4569
2008.1735 -6.0369
2008.1762 -1.7522
2008.1790 -8.6890
2008.1817 -6.7270
2008.1844 -5.7362
2008.1872 -4.1564
2008.1899 -5.7575
2008.1926 -9.3892
2008.1954 -4.4515
2008.1981 -4.5942
2008.2008 -6.5272
2008.2035 -4.6203
2008.2063 -8.6233
2008.2090 -3.5962
2008.2117 -6.2688
2008.2145 -9.0508
2008.2172 -13.7823
2008.2199 -10.2230
2008.2227 -9.8828
2008.2254 -12.2415
2008.2281 -13.5390
2008.2309 -8.0352
2008.2336 -9.8499
2008.2363 -10.1929
2008.2391 -8.7841
2008.2418 -10.2634
2008.2445 -8.8007
2008.2473 -6.4562
2008.2500 -4.1214
2008.2527 -4.4562
2008.2555 -7.9806
2008.2582 -3.2547
2008.2609 -2.0484
2008.2637 -10.5918
2008.2664 -11.5948
2008.2691 -10.0473
2008.2719 -12.7595
2008.2746 -10.8513
2008.2773 -8.3127
2008.2801 -8.7037
2008.2828 -7.8843
2008.2855 -6.8145
2008.2882 -8.0742
2008.2910 -6.3535
2008.2937 -4.4823
2008.2964 -6.0507
2008.2992 -4.4387
2008.3019 -4.9862
2008.3046 -3.4132
2008.3074 -7.9198
2008.3101 -6.6659
2008.3128 -8.1115
2008.3156 -5.4467
2008.3183 -7.4413
2008.3210 -8.7054
2008.3238 -6.2191
2008.3265 -9.1622
2008.3292 -6.3848
2008.3320 -6.3668
2008.3347 -4.7082
2008.3374 -2.5791
2008.3402 -6.1394
2008.3429 -4.6793
2008.3456 -9.2387
2008.3484 -9.2578
2008.3511 -5.6965
2008.3538 -3.0149
2008.3566 -5.2231
2008.3593 -6.9611
2008.3620 -0.4789
2008.3648 -2.2165
2008.3675 -8.4541
2008.3702 -6.2717
2008.3729 -7.9293
2008.3757 -2.5869
2008.3784 -3.9846
2008.3811 -10.0625
2008.3839 -17.3905
2008.3866 -12.3188
2008.3893 -14.8773
2008.3921 -8.4262
2008.3948 -8.9954
2008.3975 -10.0150
2008.4003 -11.0750
2008.4030 -5.8056
2008.4057 -10.0666
2008.4085 -6.9983
2008.4112 -11.7705
2008.4139 -11.5035
2008.4167 -7.6276
2008.4194 -3.8226
2008.4221 -7.7485
2008.4249 -6.0552
2008.4276 -6.6027
2008.4303 -9.7609
2008.4331 -7.0896
2008.4358 -6.8489
2008.4385 -7.6486
2008.4413 -10.2986
2008.4440 -8.4388
2008.4467 -8.8693
2008.4495 -9.0598
2008.4522 -9.8604
2008.4549 -15.0409
2008.4576 -13.7113
2008.4604 -11.0114
2008.4631 -10.4812
2008.4658 -13.0106
2008.4686 -12.4796
2008.4713 -11.8280
2008.4740 -7.8758
2008.4768 -10.4429
2008.4795 -12.1192
2008.4822 -11.3046
2008.4850 -12.9990
2008.4877 -14.1225
2008.4904 -11.1948
2008.4932 -15.1959
2008.4959 -15.9357
2008.4986 -15.5046
2008.5014 -13.1931
2008.5041 -11.1711
2008.5068 -15.3887
2008.5096 -15.2058
2008.5123 -12.9226
2008.5150 -11.8290
2008.5178 -14.0451
2008.5205 -9.0608
2008.5232 -8.5262
2008.5260 -0.5313
2008.5314 -16.1707
2008.5342 -13.4850
2008.5369 -9.3891
2008.5396 -5.1430
2008.5423 -6.0567
2008.5451 -8.5602
2008.5478 -11.1236
2008.5505 -14.0669
2008.5533 -12.2100
2008.5560 -7.4731
2008.5587 -11.3961
2008.5615 -9.0990
2008.5642 -7.1819
2008.5669 -3.3648
2008.5697 -3.6676
2008.5724 -7.7705
2008.5751 -11.3135
2008.5779 -10.0765
2008.5806 -11.9095
2008.5833 -15.1526
2010.0479 5.4594
2010.0507 4.4891
2010.0534 7.4492
2010.0562 4.4597
2010.0589 6.7407
2010.0616 3.3722
2010.0644 0.6443
2010.0671 4.5970
2010.0699 3.1203
2010.0726 5.8643
2010.0753 4.7389
2010.0781 3.6943
2010.0808 5.1605
2010.0836 4.7075
2010.0863 0.8251
2010.0890 5.5635
2010.0918 6.6326
2010.0945 5.3522
2010.0973 0.8524
2010.1000 1.3331
2010.1027 0.0543
2010.1055 1.1559
2010.1082 -0.0721
2010.1110 1.9602
2010.1137 1.5828
2010.1164 4.6757
2010.1192 -2.3413
2010.1219 3.2519
2010.1247 5.5452
2010.1274 2.5685
2010.1301 3.7619
2010.1329 2.0752
2010.1356 -0.4816
2010.1384 0.2416
2010.1411 -2.3855
2010.1438 -2.2728
2010.1466 1.3497
2010.1493 5.2718
2010.1521 3.9236
2010.1548 3.4350
2010.1575 6.1460
2010.1603 -0.1636
2010.1630 1.4064
2010.1658 3.8662
2010.1685 2.9358
2010.1712 4.1953
2010.1740 6.8947
2010.1767 3.4740
2010.1795 2.0132
2010.1822 -0.1577
2010.1849 5.0314
2010.1877 5.1303
2010.1904 0.8393
2010.1931 -2.0218
2010.1959 -2.3230
2010.1986 -1.7241
2010.2014 0.0747
2010.2041 -2.5664
2010.2068 -1.1576
2010.2096 -1.4687
2010.2123 0.6802
2010.2151 -0.0208
2010.2178 7.1782
2010.2205 2.5673
2010.2233 3.3465
2010.2260 3.1958
2010.2288 2.2151
2010.2315 2.3246
2010.2342 3.3142
2010.2370 4.5639
2010.2397 2.6238
2010.2425 5.8139
2010.2452 2.4241
2010.2479 5.6146
2010.2507 3.5755
2010.2534 4.9267
2010.2562 14.2383
2010.2589 6.5703
2010.2616 8.2225
2010.2644 0.3051
2010.2671 2.3879
2010.2699 2.4511
2010.2726 4.8945
2010.2753 6.7481
2010.2781 3.5920
2010.2808 1.7661
2010.2836 5.5104
2010.2863 -0.2752
2010.2890 1.9895
2010.2918 0.7443
2010.2945 -0.3908
2010.2973 -2.1358
2010.3000 4.0394
2010.3027 11.1746
2010.3055 4.6800
2010.3082 5.5854
2010.3110 6.8908
2010.3137 8.5262
2010.3164 6.7117
2010.3192 5.8872
2010.3219 3.6526
2010.3247 1.1380
2010.3274 0.5134
2010.3575 8.2900
2010.3603 4.9980
2010.4041 10.4565
2010.4151 5.7660
2010.4288 9.7669
2010.4315 12.4601
2010.4342 7.3642
2010.4452 2.7584
2010.4507 14.6245
2010.4534 5.8035
2010.9931 7.7369
2010.9959 9.0248
2010.9986 11.6631
2011.0014 8.3018
2011.0041 9.3304
2011.0068 12.7388
2011.0096 5.6670
2011.0123 10.0050
2011.0151 17.0929
2011.0178 9.6708
2011.0205 9.7586
2011.0233 8.3863
2011.0260 6.8040
2011.0288 7.8217
2011.0315 7.2194
2011.0342 6.1872
2011.0370 8.9551
2011.0397 7.0630
2011.0425 8.7211
2011.0452 8.3894
2011.0479 7.2079
2011.0507 7.6765
2011.0534 11.1954
2011.0562 7.8446
2011.0589 13.4940
2011.0616 12.2438
2011.0644 11.5239
2011.0671 12.3643
2011.0699 8.6151
2011.0726 11.7364
2011.0753 11.8581
2011.0781 10.4502
2011.0808 9.0329
2011.0836 8.4667
2011.0863 10.5521
2011.0890 9.2192
2011.0918 9.9877
2011.0945 10.2677
2011.0973 9.2090
2011.1000 9.4614
2011.1027 13.5950
2011.1055 10.5996
2011.1082 11.7751
2011.1110 8.9614
2011.1137 13.0285
2011.1164 8.6062
2011.1192 8.4044
2011.1219 9.8031
2011.1247 16.3021
2011.1274 10.0614
2011.1301 13.1808
2011.1329 12.2903
2011.1356 10.9498
2011.1384 12.6991
2011.1411 13.2082
2011.1438 16.3069
2011.1466 13.3753
2011.1493 12.6131
2011.1521 15.1703
2011.1548 9.7168
2011.1575 13.7125
2011.1603 13.0873
2011.1630 12.3312
2011.1658 14.3750
2011.1685 11.8987
2011.1712 9.8624
2011.1740 14.5261
2011.1767 8.7798
2011.1795 11.1734
2011.1822 7.3870
2011.1849 10.3305
2011.1877 8.5940
2011.1904 6.8475
2011.1931 10.0009
2011.1959 14.1043
2011.1986 1.1777
2011.2014 6.9110
2011.2041 6.6443
2011.2068 9.1975
2011.2096 10.2508
2011.2123 8.2939
2011.2151 9.6671
2011.2178 4.4802
2011.2205 3.3733
2011.2233 -0.3337
2011.2260 2.8793
2011.2288 6.9723
2011.2315 5.1352
2011.2342 3.6881
2011.2370 8.5510
2011.2397 6.1038
2011.2425 5.6165
2011.2452 5.8493
2011.2479 4.1514
2011.2507 5.0523
2011.2534 6.1922
2011.2562 6.6711
2011.2589 8.2491
2011.2616 9.8163
2011.2644 9.5027
2011.2671 16.0185
2011.2699 8.4738
2011.2726 2.7886
2011.2753 6.7631
2011.2781 0.8173
2011.2808 6.9713
2011.2836 5.5952
2011.2863 7.7791
2011.2890 7.1830
2011.2918 6.9272
2011.2945 5.5416
2011.2973 3.9663
2011.3000 3.2315
2011.3027 5.8872
2011.3055 3.4035
2011.3082 4.8405
2011.3110 0.3982
2011.3137 4.1369
2011.3164 4.6166
2011.3192 4.6972
2011.3219 3.0191
2011.3247 5.3721
2011.3274 2.5065
2011.3301 3.4024
2011.3329 5.5500
2011.3356 5.2794
2011.3384 5.0905
2011.3411 2.2130
2011.3438 6.0269
2011.3466 5.1822
2011.3493 7.1285
2011.3521 3.5559
2011.3548 6.7542
2011.3575 5.1934
2011.3603 9.1832
2011.3630 7.3535
2011.3658 9.3843
2011.3685 2.3255
2011.3712 -0.6132
2011.3740 1.4382
2011.3767 0.7296
2011.3794 -3.4091
2011.3822 -1.5582
2011.3849 0.9224
2011.3877 -2.9475
2011.3904 1.3120
2011.3959 2.9186
2011.3986 7.1854
2011.4014 3.8212
2011.4041 14.9058
2011.4096 -0.5292
2011.8863 2.4216
2011.8890 8.8289
2011.8918 9.5962
2011.8945 12.2634
2011.8973 12.4006
2011.9000 6.1578
2011.9027 11.7950
2011.9055 9.9322
2011.9082 14.9295
2011.9110 13.4469
2011.9137 13.1444
2011.9164 17.6819
2011.9192 13.3695
2011.9219 10.0570
2011.9247 8.8745
2011.9274 10.8120
2011.9301 8.6394
2011.9329 13.8368
2011.9356 14.0942
2011.9384 14.1115
2011.9411 11.3388
2011.9438 11.2960
2011.9466 12.9632
2011.9493 17.4403
2011.9521 14.6074
2011.9548 15.8244
2011.9575 18.8213
2011.9603 14.5782
2011.9630 12.2350
2011.9658 13.3817
2011.9685 13.7584
2011.9712 15.2549
2011.9740 16.9814
2011.9767 12.4578
2011.9795 16.8941
2011.9822 15.5003
2011.9849 14.1864
2011.9877 13.8124
2011.9904 16.1183
2011.9931 21.8241
2011.9959 16.1298
2011.9986 14.3854
2012.0014 12.2307
2012.0041 13.8351
2012.0068 12.8885
2012.0096 15.4010
2012.0123 17.0225
2012.0150 18.0533
2012.0178 14.4733
2012.0205 13.0225
2012.0232 16.5512
2012.0260 20.2093
2012.0287 16.6668
2012.0314 12.4739
2012.0342 13.1906
2012.0369 13.0971
2012.0396 16.5932
2012.0423 14.7891
2012.0451 13.4749
2012.0478 15.3007
2012.0505 11.0264
2012.0533 16.4322
2012.0560 13.7981
2012.0587 14.5242
2012.0615 18.0805
2012.0642 18.4571
2012.0669 16.1741
2012.0697 14.2515
2012.0724 18.4994
2012.0751 18.7778
2012.0779 15.0269
2012.0806 10.1267
2012.0833 12.2468
2012.0861 13.9569
2012.0888 17.3170
2012.0915 15.4172
2012.0943 18.4476
2012.0970 15.0581
2012.0997 18.4988
2012.1025 15.5499
2012.1052 19.4313
2012.1079 15.0331
2012.1107 18.8454
2012.1134 14.0582
2012.1161 15.8916
2012.1189 12.3556
2012.1216 16.7903
2012.1243 12.1857
2012.1270 14.4719
2012.1298 14.3190
2012.1325 12.3469
2012.1352 16.6358
2012.1380 13.9258
2012.1407 18.9568
2012.1434 16.4689
2012.1462 17.8022
2012.1489 9.6568
2012.1516 9.2626
2012.1544 13.7998
2012.1571 14.7083
2012.1598 16.8384
2012.1626 14.8700
2012.1653 14.3638
2012.1680 14.4800
2012.1708 12.1484
2012.1735 12.6288
2012.1762 11.7710
2012.1790 13.8750
2012.1817 13.9206
2012.1844 18.1476
2012.1872 9.3159
2012.1899 17.4154
2012.1926 15.3858
2012.1954 5.4971
2012.1981 5.3491
2012.2008 11.8417
2012.2035 -1.5954
2012.2063 1.4078
2012.2090 4.0911
2012.2117 6.2144
2012.2145 6.3175
2012.2172 3.9402
2012.2199 5.3625
2012.2227 5.3341
2012.2254 6.9550
2012.2281 7.8649
2012.2309 0.2737
2012.2336 6.8814
2012.2363 9.6876
2012.2391 11.0224
2012.2418 3.8355
2012.2445 4.2567
2012.2473 1.9665
2012.2500 5.6159
2012.2527 5.4250
2012.2555 8.0638
2012.2582 7.2024
2012.2609 2.0606
2012.2637 3.0287
2012.2664 3.4866
2012.2691 7.9643
2012.2719 7.9419
2012.2746 8.1693
2012.2773 10.9167
2012.2801 11.3140
2012.2828 10.6313
2012.2855 9.2985
2012.2882 7.9257
2012.2910 9.9230
2012.2937 8.0403
2012.2964 9.1577
2012.2992 5.4852
2012.3019 12.2729
2012.3046 8.8306
2012.3074 2.8986
2012.3101 8.3668
2012.3128 8.9352
2012.3156 18.9538
2012.3183 13.0028
2012.3210 13.1020
2012.3238 5.2416
2012.3265 5.9415
2012.3292 9.0518
2012.3320 5.7728
2012.3347 8.8449
2012.3374 6.1177
2012.3402 8.4314
2012.3429 5.4158
2012.3456 4.1609
2012.3484 3.5365
2012.3511 4.9627
2012.3538 6.6592
2012.3566 8.1062
2012.3593 8.2934
2012.3620 7.5808
2012.3648 7.5384
2012.3675 9.9661
2012.3702 4.4238
2012.3729 3.3514
2012.3757 1.7288
2012.3784 3.9661
2012.3811 2.1130
2012.3839 0.7096
2012.3866 3.2058
2012.3893 3.9114
2012.3921 4.2165
2012.3948 9.9209
2012.3975 10.1146
2012.4003 5.6575
2012.4030 3.4396
2012.4057 9.2507
2012.4085 6.6908
2012.4112 11.3898
2012.4139 5.4975
2012.4167 7.1833
2012.4194 11.6673
2012.4221 10.5995
2012.4249 13.6801
2012.4276 13.8793
2012.4303 16.4672
2012.4331 13.7038
2012.4358 14.0494
2012.4385 10.7241
2012.4413 9.8579
2012.4440 6.3310
2012.4467 12.1536
2012.4495 14.3758
2012.4522 12.2076
2012.4549 13.1293
2012.4576 12.3710
2012.4604 11.4527
2012.4631 13.8747
2012.4658 11.3870
2012.4686 12.3398
2012.4713 13.6032
2012.4740 11.2874
2012.4768 10.8724
2012.4795 15.6584
2012.4822 10.2956
2012.4850 10.1139
2012.4877 7.0237
2012.4904 10.8950
2012.4932 7.4680
2012.4959 6.8527
2012.4986 10.8386
2012.5014 10.7248
2012.5041 6.8415
2012.5068 10.2185
2012.5096 14.0159
2012.5123 13.9735
2012.5150 11.9214
2012.5178 8.5995
2012.5205 6.6779
2012.5232 1.6964
2012.5260 7.1250
2012.5287 8.3637
2012.5314 6.1825
2012.5342 4.3814
2012.5369 10.4903
2012.5396 8.7191
2012.5423 14.7979
2012.5451 13.9967
2012.5478 11.2253
2012.5505 7.7738
2012.5533 8.3621
2012.5560 7.5602
2012.5587 8.1580
2012.5615 6.5856
2012.5642 5.1229
2012.5669 0.6199
2012.5697 6.2966
2012.5724 4.4128
2012.5751 7.3586
2012.5779 6.4040
2012.5806 4.5689
2012.5833 6.7034
2012.5861 6.5278
2012.5888 7.5620
2012.5915 4.9661
2012.5943 7.9401
2012.5970 4.5339
2012.5997 2.7677
2012.6025 6.8414
2012.6052 -0.7751
2012.6079 3.6584
2012.6107 5.9219
2012.6134 4.0252
2012.6161 5.9186
2012.6189 14.5619
2012.6216 10.1451
2012.6243 13.4384
2012.6270 7.9316
2012.6298 6.4149
2012.6325 9.1681
2012.6352 6.8514
2012.6380 8.2547
2012.6407 6.9381
2012.6434 5.3015
2012.6462 6.5250
2012.6489 7.9185
2012.6516 11.0521
2012.6544 11.0558
2012.6571 8.1797
2012.6598 8.0836
2012.6626 7.3876
2012.6653 9.2518
2012.6680 6.4966
2012.6708 4.2122
2012.6735 5.5584
2012.6762 7.4951
2012.6790 1.3024
2012.6817 5.3802
2012.6844 4.9784
2012.6872 2.8970
2012.6899 2.2658
2012.6926 6.0549
2012.6954 8.6442
2012.6981 6.0636
2012.7008 7.3131
2012.7035 9.1126
2012.7063 8.6220
2012.7090 6.9414
2012.7117 9.7905
2012.7145 6.0294
2012.7172 3.7981
2012.7199 2.7164
2012.7227 4.5243
2012.7254 1.4617
2012.7281 4.0687
2012.7309 4.1050
2012.7336 6.1707
2012.7363 9.7858
2012.7391 7.5300
2012.7418 12.8235
2012.7445 4.1061
2012.7473 5.9878
2012.7500 4.0383
2012.7527 6.2074
2012.7555 7.9551
2012.7582 6.8314
2012.7609 9.2764
2012.7637 10.3001
2012.7664 10.0827
2012.7691 11.2941
2012.7719 15.3344
2012.7746 14.1737
2012.7773 14.6420
2012.7801 11.1494
2012.7828 11.4659
2012.7855 12.2316
2012.7882 11.3165
2012.7910 13.0107
2012.7937 12.1843
2012.7964 11.6572
2012.7992 5.4796
2012.8019 20.4515
2012.8046 23.4829
2012.8074 27.4640
2012.8128 29.9751
2012.8156 25.4853
2012.8183 25.6254
2012.8210 26.7553
2012.8238 24.4351
2012.8265 24.5250
2012.8292 21.9348
2012.8320 22.4148
2012.8347 26.0448
2012.8374 27.1648
2012.8402 23.6448
2012.8429 20.4847
2012.8456 28.5246
2012.8484 25.5145
2012.8511 23.7742
2012.8538 27.7539
2012.8566 20.8335
2012.8593 20.3629
2012.8620 22.9123
2012.8648 25.8314
2012.8675 18.8705
2012.8702 26.4493
2012.8729 19.5880
2012.8757 10.7864
2012.8784 12.2246
2012.8811 11.4226
2012.8839 14.8704
2012.8866 12.1179
2012.8893 12.0852
2012.8921 12.4521
2012.8948 12.9488
2012.8975 9.5251
2012.9003 12.4111
2012.9030 10.3368
2012.9057 24.0621
2012.9085 9.8870
2012.9112 12.4716
2012.9139 13.2958
2012.9167 10.7095
2012.9194 11.2429
2012.9221 12.1859
2012.9249 9.4686
2012.9276 12.7610
2012.9303 7.9931
2012.9331 9.5349
2012.9358 9.1365
2012.9385 9.4579
2012.9413 10.8891
2012.9440 16.4101
2012.9467 15.0309
2012.9495 17.8816
2012.9522 16.6721
2012.9549 21.3126
2012.9576 21.9531
2012.9604 20.0534
2012.9631 19.7538
2012.9658 19.6241
2012.9686 14.7645
2012.9713 14.1849
2012.9740 18.4853
2012.9768 18.6459
2012.9795 21.2565
2012.9822 19.7073
2012.9850 20.1482
2012.9877 21.4793
2012.9904 19.0106
2012.9932 20.4721
2012.9959 22.2138
2012.9986 20.5158
2013.0014 24.7580
2013.0041 21.0602
2013.0068 16.9023
2013.0096 18.2345
2013.0123 19.7267
2013.0151 18.5690
2013.0178 18.5814
2013.0205 23.1540
2013.0233 19.3268
2013.0260 22.9798
2013.0288 19.1331
2013.0315 21.5167
2013.0342 21.5605
2013.0370 20.1048
2013.0397 16.0094
2013.0425 19.6845
2013.0452 18.6300
2013.0479 18.8960
2013.0507 18.2226
2013.0534 14.9597
2013.0562 18.1674
2013.0589 20.7557
2013.0616 19.7847
2013.0644 17.3644
2013.0671 17.4948
2013.0699 18.5460
2013.0726 19.0879
2013.0753 16.0408
2013.0781 20.7444
2013.0808 18.8990
2013.0836 20.3349
2013.0863 17.8227
2013.0890 19.2122
2013.0918 20.3234
2013.0945 21.8562
2013.0973 21.3105
2013.1000 22.7563
2013.1027 19.7735
2013.1055 21.8820
2013.1082 21.8818
2013.1110 22.1927
2013.1137 22.2848
2013.1164 20.3180
2013.1192 17.8021
2013.1219 21.1172
2013.1247 16.3131
2013.1274 17.9098
2013.1301 19.1072
2013.1329 19.1852
2013.1356 21.6738
2013.1384 17.0230
2013.1411 13.3426
2013.1493 18.7233
2013.1521 12.0040
2013.1548 21.4447
2013.1575 17.6855
2013.1603 15.9163
2013.1630 15.5270
2013.1658 17.1878
2013.1685 16.9688
2013.1712 21.9500
2013.1740 20.4913
2013.1767 16.6327
2013.1795 19.0243
2013.1822 15.5360
2013.1849 17.1779
2013.1877 19.1799
2013.1904 19.8021
2013.1931 16.0044
2013.1959 13.9468
2013.1986 21.0794
2013.2014 17.1421
2013.2041 19.4450
2013.2068 19.3179
2013.2096 19.4710
2013.2123 19.5342
2013.2151 18.1976
2013.2178 18.8110
2013.2205 15.0446
2013.2233 20.8783
2013.2260 16.9521
2013.2288 22.8260
2013.2315 21.0901
2013.2342 19.8942
2013.2370 18.5885
2013.2397 18.9128
2013.2425 21.2573
2013.2452 24.5618
2013.2479 20.3772
2013.2507 19.8341
2013.2534 21.1023
2013.2562 18.2818
2013.2589 21.9724
2013.2616 21.2540
2013.2644 24.8565
2013.2671 22.9397
2013.2699 18.7736
2013.2726 18.7179
2013.2753 23.9326
2013.2781 17.2375
2013.2808 21.6626
2013.2836 19.2177
2013.2863 17.6826
2013.2890 22.4274
2013.2918 21.0017
2013.2945 19.3055
2013.2973 18.8987
2013.3000 14.4612
2013.3027 14.6828
2013.3055 15.8834
2013.3082 19.5029
2013.3110 16.0112
2013.3137 17.8381
2013.3164 19.1035
2013.3192 18.3773
2013.3219 17.5893
2013.3247 17.2695
2013.3274 14.3177
2013.3301 12.5838
2013.3329 17.5774
2013.3356 15.4688
2013.3384 13.0380
2013.3411 14.1552
2013.3438 14.6005
2013.3466 16.0841
2013.3493 17.1262
2013.3521 17.1268
2013.3548 14.3461
2013.3575 19.1544
2013.3603 14.7516
2013.3630 13.2280
2013.3658 15.9338
2013.3685 18.6689
2013.3712 13.9637
2013.3740 9.2183
2013.3767 11.8327
2013.3794 12.2372
2013.3822 17.3119
2013.3849 12.3670
2013.3877 6.2525
2013.3904 8.0587
2013.3931 11.7856
2013.3959 15.5035
2013.3986 20.7225
2013.4014 13.6726
2013.4041 15.1842
2013.4068 16.6873
2013.4096 16.2420
2013.4123 17.6586
2013.4151 17.1760
2013.4178 16.2234
2013.4205 16.2306
2013.4233 15.6679
2013.4260 14.1250
2013.4288 16.8022
2013.4315 17.4193
2013.4342 16.3465
2013.4370 15.9137
2013.4397 15.1809
2013.4425 17.6982
2013.4452 14.2156
2013.4479 9.9031
2013.4507 12.6607
2013.4534 13.1484
2013.4562 12.2763
2013.4589 9.8943
2013.4616 10.6126
2013.4644 14.9210
2013.4671 21.8396
2013.4699 18.3085
2013.4726 18.5576
2013.4753 19.6070
2013.4781 19.5667
2013.4808 19.1967
2013.4836 14.5570
2013.4863 17.6476
2013.4890 12.7186
2013.4918 8.3999
2013.4945 10.1117
2013.4973 9.9838
2013.5000 15.4759
2013.5027 17.8182
2013.5055 15.9704
2013.5082 17.8727
2013.5110 16.8950
2013.5137 18.9373
2013.5164 16.1197
2013.5192 15.7721
2013.5219 15.4846
2013.5247 21.0471
2013.5274 15.9696
2013.5301 13.8021
2013.5329 11.8547
2013.5356 12.3374
2013.5384 15.2700
2013.5411 14.5427
2013.5438 16.4855
2013.5466 19.1182
2013.5493 19.6510
2013.5521 21.3239
2013.5548 16.8068
2013.5575 18.6997
2013.5603 16.0027
2013.5630 11.6957
2013.5658 12.9987
2013.5685 8.7318
2013.5712 6.9649
2013.5740 10.2881
2013.5767 10.3612
2013.5794 11.4245
2013.5822 17.5878
2013.5849 14.7911
2013.5877 17.0245
2013.5904 19.8680
2013.5931 19.5515
2013.5959 14.5251
2013.5986 13.5287
2013.6014 5.6723
2013.6041 11.7461
2013.6068 8.0798
2013.6096 10.2136
2013.6123 10.2575
2013.6151 6.7713
2013.6178 10.1152
2013.6205 11.3892
2013.6233 12.9932
2013.6260 9.9872
2013.6288 11.1012
2013.6315 10.5853
2013.6342 8.6493
2013.6370 12.3834
2013.6397 11.5676
2013.6425 10.3017
2013.6452 10.6758
2013.6479 3.4100
2013.6507 6.8442
2013.6534 9.0183
2013.6562 7.4225
2013.6589 4.5067
2013.6616 6.3609
2013.6644 10.1351
2013.6671 7.9900
2013.6699 13.4462
2013.6726 2.4938
2013.6753 6.5024
2013.6781 8.4221
2013.6808 8.8027
2013.6836 10.3440
2013.6863 5.3360
2013.6890 3.8585
2013.6918 6.3515
2013.6945 5.8447
2013.6973 10.9881
2013.7000 8.9716
2013.7027 9.0049
2013.7055 10.6381
2013.7082 11.5510
2013.7110 9.1735
2013.7137 15.1454
2013.7164 13.3666
2013.7192 11.6671
2013.7219 12.2666
2013.7247 11.4851
2013.7274 9.8725
2013.7301 13.3086
2013.7329 8.7733
2013.7356 8.0264
2013.7384 10.2780
2013.7411 9.4378
2013.7438 13.9157
2013.7466 10.2716
2013.7493 11.8057
2013.7521 12.0890
2013.7548 23.0919
2013.7575 9.3244
2013.7603 10.7264
2013.7630 10.9981
2013.7658 10.0694
2013.7685 17.2804
2013.7712 11.8811
2013.7740 14.2915
2013.7767 17.4417
2013.7794 18.3616
2013.7822 17.3614
2013.7849 15.3709
2013.7877 17.7504
2013.7904 14.1197
2013.7931 16.5689
2013.7959 15.5480
2013.7986 16.9271
2013.8014 16.5262
2013.8041 15.8954
2013.8068 16.9545
2013.8096 17.1837
2013.8123 18.6231
2013.8151 17.0225
2013.8178 19.4821
2013.8205 17.8518
2013.8233 19.6818
2013.8260 21.8820
2013.8288 18.1924
2013.8315 22.0331
2013.8342 21.6740
2013.8370 22.6552
2013.8397 24.0864
2013.8425 27.1379
2013.8452 26.7294
2013.8479 24.3511
2013.8507 21.7629
2013.8534 25.6148
2013.8562 24.0267
2013.8589 27.8387
2013.8616 22.4807
2013.8644 22.3927
2013.8671 21.8648
2013.8699 22.2168
2013.8726 17.2989
2013.8753 18.6408
2013.8781 20.0228
2013.8808 21.0446
2013.8836 22.2264
2013.8863 21.7180
2013.8890 26.6996
2013.8918 22.9710
2013.8945 21.8223
2013.8973 24.2734
2013.9000 22.2543
2013.9027 26.4550
2013.9055 19.4656
2013.9082 18.8659
2013.9110 21.5159
2013.9137 17.8357
2013.9164 20.6950
2013.9192 19.8623
2013.9219 17.5074
2013.9247 20.0005
2013.9274 21.9517
2013.9301 18.9311
2013.9329 18.7589
2013.9356 17.2352
2013.9384 19.7401
2013.9411 18.0637
2013.9438 21.0161
2013.9466 22.0876
2013.9493 21.0382
2013.9521 18.6281
2013.9548 21.4573
2013.9575 20.7461
2013.9603 19.5045
2013.9630 19.4626
2013.9658 19.8706
2013.9685 23.4487
2013.9712 23.9469
2013.9740 22.4454
2013.9767 22.0043
2013.9795 21.6037
2013.9822 22.6837
2013.9849 21.2446
2013.9877 24.8564
2013.9904 21.4292
2013.9931 23.5632
2013.9959 23.4385
2013.9986 20.2452
2014.0014 22.0132
2014.0041 21.6810
2014.0068 18.1285
2014.0096 17.7956
2014.0123 20.9226
2014.0151 21.3094
2014.0178 17.1062
2014.0205 16.7530
2014.0233 22.5500
2014.0260 22.5571
2014.0288 19.0546
2014.0315 22.2924
2014.0342 24.3006
2014.0370 22.4594
2014.0397 21.0088
2014.0425 21.7889
2014.0452 18.2498
2014.0479 20.8516
2014.0507 24.3942
2014.0534 21.6980
2014.0562 23.7428
2014.0589 16.8488
2014.0616 19.1561
2014.0644 20.2647
2014.0671 22.9648
2014.0699 20.6963
2014.0726 19.3695
2014.0753 22.0744
2014.0781 23.2410
2014.0808 21.9595
2014.0836 23.0190
2014.0863 24.0486
2014.0890 20.0784
2014.0918 24.7383
2014.0945 24.1883
2014.0973 25.2585
2014.1000 20.9588
2014.1027 21.1392
2014.1055 23.6496
2014.1082 21.9602
2014.1110 24.6709
2014.1137 25.6616
2014.1164 21.7824
2014.1192 23.9633
2014.1219 27.0242
2014.1247 25.3252
2014.1274 26.6262
2014.1301 21.5473
2014.1329 22.0084
2014.1356 21.0095
2014.1384 19.5107
2014.1411 19.9418
2014.1438 25.5430
2014.1466 27.8841
2014.1493 26.2253
2014.1521 22.1764
2014.1548 27.8875
2014.1575 26.9586
2014.1603 28.5396
2014.1630 24.0506
2014.1658 29.0216
2014.1685 25.8625
2014.1712 29.2533
2014.1740 26.4342
2014.1767 29.4351
2014.1795 31.6659
2014.1822 29.3567
2014.1849 24.9476
2014.1877 24.9085
2014.1904 26.3594
2014.1931 23.3803
2014.1959 22.1112
2014.1986 25.1222
2014.2014 22.2633
2014.2041 19.2644
2014.2068 19.6056
2014.2096 21.6569
2014.2123 25.9782
2014.2151 22.4396
2014.2178 21.0112
2014.2205 18.9028
2014.2233 22.3145
2014.2260 22.2064
2014.2288 23.1384
2014.2315 19.9705
2014.2342 23.3128
2014.2370 22.3552
2014.2397 21.4478
2014.2425 18.3605
2014.2452 24.9334
2014.2479 19.1683
2014.2507 23.8467
2014.2534 21.5385
2014.2562 22.2635
2014.2589 19.4114
2014.2616 15.2721
2014.2644 17.0652
2014.2671 16.8206
2014.2699 12.8682
2014.2726 13.0475
2014.2753 13.8185
2014.2781 14.1409
2014.2808 17.5846
2014.2836 15.5992
2014.2863 14.8345
2014.2890 13.9205
2014.2918 19.3568
2014.2945 24.6832
2014.2973 19.9094
2014.3000 12.5654
2014.3027 18.0709
2014.3055 13.7156
2014.3082 13.0493
2014.3110 14.7619
2014.3137 12.4531
2014.3164 15.0026
2014.3192 16.7404
2014.3219 11.3761
2014.3247 12.2395
2014.3274 12.0104
2014.3301 12.8590
2014.3329 15.0973
2014.3356 16.5056
2014.3384 15.6939
2014.3411 15.4522
2014.3438 14.0006
2014.3466 13.9788
2014.3493 18.1171
2014.3521 14.1552
2014.3548 13.7333
2014.3575 16.0512
2014.3603 14.9090
2014.3630 17.1366
2014.3658 17.5941
2014.3685 22.4614
2014.3712 23.8084
2014.3740 22.5752
2014.3767 19.0217
2014.3794 19.5980
2014.3822 22.9240
2014.3849 16.8597
2014.3877 19.9450
2014.3904 19.1699
2014.3931 19.7745
2014.3959 16.6387
2014.3986 14.4925
2014.4014 15.7558
2014.4041 19.4087
2014.4068 19.3710
2014.4096 15.9029
2014.4123 18.1443
2014.4151 18.8054
2014.4178 18.6364
2014.4205 16.0974
2014.4233 13.5584
2014.4260 18.1193
2014.4288 12.6601
2014.4315 12.9109
2014.4342 13.6017
2014.4370 16.9824
2014.4397 17.4231
2014.4425 22.4138
2014.4452 17.0844
2014.4479 16.2550
2014.4507 17.6155
2014.4534 21.5460
2014.4562 24.5565
2014.4589 20.6170
2014.4616 21.0875
2014.4644 16.2279
2014.4671 17.2383
2014.4699 14.7187
2014.4726 14.8990
2014.4753 16.4594
2014.4781 14.6697
2014.4808 12.6300
2014.4836 13.1104
2014.4863 16.8207
2014.4890 15.9309
2014.4918 16.2512
2014.4945 14.2915
2014.4973 18.2318
2014.5000 18.6020
2014.5027 13.8222
2014.5055 12.2024
2014.5082 16.5325
2014.5110 17.7326
2014.5137 14.0926
2014.5164 11.9425
2014.5192 19.9524
2014.5219 26.6623
2014.5247 17.2721
2014.5274 15.8018
2014.5301 11.8015
2014.5329 16.4011
2014.5356 15.7307
2014.5384 12.9501
2014.5411 16.4995
2014.5438 12.8089
2014.5466 11.7381
2014.5493 14.3173
2014.5521 13.7065
2014.5548 12.4855
2014.5575 8.4245
2014.5603 16.3333
2014.5630 25.2721
2014.5658 17.6808
2014.5685 26.8594
2014.5712 12.6380
2014.5740 13.3364
2014.5767 16.1847
2014.5794 17.4030
2014.5822 17.7207
2014.5849 13.5259
2014.5877 20.2183
2014.5904 23.2282
2014.5931 22.2657
2014.5959 22.1410
2014.5986 19.8243
2014.6014 20.5059
2014.6041 19.2258
2014.6068 19.5143
2014.6096 19.7216
2014.6123 17.8279
2014.6151 17.4834
2014.6178 16.0982
2014.6205 18.6326
2014.6233 21.6468
2014.6260 20.5209
2014.6288 22.0151
2014.6315 20.2397
2014.6342 21.6948
2014.6370 14.9006
2014.6397 18.3973
2014.6425 18.8652
2014.6452 14.1343
2014.6479 17.4249
2014.6507 13.5472
2014.6534 15.2714
2014.6562 13.1777
2014.6589 15.4062
2014.6616 18.9772
2014.6644 24.7909
2014.6671 15.9561
2014.6699 23.2015
2014.6726 21.1772
2014.6753 24.6332
2014.6781 19.6394
2014.6808 22.8758
2014.6836 25.9025
2014.6863 20.1094
2014.6890 17.4765
2014.6918 18.0537
2014.6945 18.0212
2014.6973 20.8288
2014.7000 19.5266
2014.7027 17.6846
2014.7055 17.6827
2014.7082 17.8509
2014.7110 17.5693
2014.7137 20.1378
2014.7164 21.3864
2014.7192 19.1251
2014.7219 15.9039
2014.7247 22.7528
2014.7274 20.1718
2014.7301 16.0808
2014.7329 18.6499
2014.7356 17.4390
2014.7384 18.5681
2014.7411 20.9373
2014.7438 16.7365
2014.7466 16.7457
2014.7493 19.5951
2014.7521 23.2458
2014.7548 22.8778
2014.7575 23.5010
2014.7603 21.3352
2014.7630 22.9103
2014.7658 22.9162
2014.7685 26.8127
2014.7712 21.4497
2014.7740 24.7372
2014.7767 22.6248
2014.7794 22.8226
2014.7822 21.6503
2014.7849 24.7479
2014.7877 22.1252
2014.7904 21.1620
2014.7931 20.6783
2014.7959 18.8739
2014.7986 22.1887
2014.8014 20.9625
2014.8041 16.9952
2014.8068 20.3167
2014.8096 17.2868
2014.8123 21.9055
2014.8151 24.4925
2014.8178 27.2577
2014.8205 25.9510
2014.8233 24.3923
2014.8260 30.1915
2014.8288 26.9183
2014.8315 30.6427
2014.8342 22.9853
2014.8370 23.5967
2014.8397 21.8572
2014.8425 21.0066
2014.8452 21.1851
2014.8479 20.6027
2014.8507 21.7395
2014.8534 22.0354
2014.8562 21.0407
2014.8589 16.7552
2014.8616 23.6291
2014.8644 17.3924
2014.8671 22.8952
2014.8699 18.6675
2014.8726 16.4493
2014.8753 19.6208
2014.8781 17.2919
2014.8808 18.0628
2014.8836 16.0534
2014.8863 13.5538
2014.8890 15.7541
2014.8918 21.3744
2014.8945 12.7246
2014.8973 16.4148
2014.9000 19.4751
2014.9027 16.0555
2014.9055 21.6462
2014.9082 24.2370
2014.9110 23.3981
2014.9137 22.9096
2014.9164 23.1413
2014.9192 25.3130
2014.9219 19.6846
2014.9247 19.6960
2014.9274 21.7974
2014.9301 23.2787
2014.9329 24.7199
2014.9356 27.1310
2014.9384 22.7821
2014.9411 29.4231
2014.9438 24.5841
2014.9466 22.9551
2014.9493 23.3561
2014.9521 26.1471
2014.9548 28.3082
2014.9575 27.3693
2014.9603 22.4604
2014.9630 28.4216
2014.9658 23.3528
2014.9685 27.7042
2014.9712 21.2456
2014.9740 27.6672
2014.9767 22.5289
2014.9795 25.5007
2014.9822 25.5627
2014.9849 23.8748
2014.9877 26.6571
2014.9904 23.2596
2014.9931 22.2323
2014.9959 21.7952
2014.9986 22.2984
2015.0041 9.9854
2015.0068 11.2793
2015.0096 21.7835
2015.0123 22.3179
2015.0151 20.9325
2015.0178 23.6274
2015.0205 24.9424
2015.0233 23.9676
2015.0260 24.2530
2015.0288 22.8485
2015.0315 27.2741
2015.0342 25.5999
2015.0370 23.4057
2015.0397 22.9317
2015.0425 22.7176
2015.0452 22.0637
2015.0479 24.0697
2015.0507 27.9258
2015.0534 27.2519
2015.0562 28.7780
2015.0589 24.8040
2015.0616 25.4400
2015.0644 24.6159
2015.0671 27.2518
2015.0699 29.3175
2015.0726 24.3732
2015.0753 25.7387
2015.0781 27.5241
2015.0808 26.9893
2015.0836 26.5342
2015.0863 27.9786
2015.0890 22.9926
2015.0918 28.6063
2015.0945 29.7596
2015.0973 31.0425
2015.1000 26.4252
2015.1027 24.9377
2015.1055 27.7100
2015.1082 25.6721
2015.1110 24.9041
2015.1137 25.7060
2015.1164 25.4678
2015.1192 22.8496
2015.1219 27.1215
2015.1247 31.6134
2015.1274 30.3254
2015.1301 27.0975
2015.1329 28.8698
2015.1356 28.6223
2015.1384 25.9751
2015.1411 27.0581
2015.1438 26.5214
2015.1466 29.3451
2015.1493 26.9692
2015.1521 22.4737
2015.1548 27.8286
2015.1575 25.5841
2015.1603 25.8701
2015.1630 26.4869
2015.1658 23.7160
2015.1685 25.6975
2015.1712 25.7913
2015.1740 27.6273
2015.1767 34.2054
2015.1795 24.6456
2015.1822 30.7977
2015.1849 27.4317
2015.1877 27.3675
2015.1904 27.3949
2015.1931 28.9039
2015.1959 26.1344
2015.1986 30.1164
2015.2014 30.5796
2015.2041 26.6841
2015.2068 26.4597
2015.2096 25.6963
2015.2123 28.2339
2015.2151 26.0024
2015.2178 26.4116
2015.2205 26.0315
2015.2233 27.8720
2015.2260 24.5630
2015.2288 26.3244
2015.2315 23.1462
2015.2342 18.8081
2015.2370 14.7502
2015.2397 19.9124
2015.2425 19.7545
2015.2452 18.7664
2015.2479 18.4488
2015.2507 19.9023
2015.2534 24.0967
2015.2562 23.5520
2015.2589 19.2681
2015.2616 26.7850
2015.2644 20.9225
2015.2671 17.6006
2015.2699 19.7293
2015.2726 16.4784
2015.2753 19.3079
2015.2781 15.7977
2015.2808 16.3077
2015.2836 15.5379
2015.2863 22.1982
2015.2890 17.9385
2015.2918 18.0387
2015.2945 18.0188
2015.2973 20.3987
2015.3000 15.6184
2015.3027 23.8177
2015.3055 18.4165
2015.3082 20.0649
2015.3110 20.0827
2015.3137 17.1399
2015.3164 16.8764
2015.3192 22.4920
2015.3219 18.4969
2015.3247 17.4208
2015.3274 18.3537
2015.3301 25.1956
2015.3329 15.3571
2015.3356 16.4482
2015.3384 25.4390
2015.3411 22.0693
2015.3438 19.2992
2015.3466 12.5386
2015.3493 13.2176
2015.3521 12.3760
2015.3548 17.0339
2015.3575 19.5311
2015.3603 21.6578
2015.3630 12.4339
2015.3658 13.7292
2015.3685 15.6639
2015.3712 15.2179
2015.3740 16.0811
2015.3767 15.5635
2015.3794 18.7351
2015.3822 17.8759
2015.3849 21.0459
2015.3877 24.2549
2015.3904 24.2630
2015.3931 15.3302
2015.3959 16.5864
2015.3986 20.8617
2015.4014 16.8358
2015.4041 23.7490
2015.4068 20.6510
2015.4096 18.7219
2015.4123 18.3717
2015.4151 20.6696
2015.4178 18.7052
2015.4205 20.6985
2015.4233 17.7097
2015.4260 17.2091
2015.4288 20.4467
2015.4315 18.1228
2015.4342 19.3076
2015.4370 17.1711
2015.4397 10.5736
2015.4425 16.8153
2015.4452 12.9362
2015.4479 14.1767
2015.4507 11.6668
2015.4534 14.9167
2015.4562 15.4466
2015.4589 20.6067
2015.4616 21.0071
2015.4644 24.1680
2015.4671 17.1796
2015.4699 16.9021
2015.4726 15.1656
2015.4753 15.8802
2015.4781 17.1062
2015.4808 20.2938
2015.4836 21.8331
2015.4863 20.8042
2015.4890 21.7174
2015.4918 26.2928
2015.4945 20.7606
2015.4973 17.3506
2015.5000 14.9009
2015.5027 14.3413
2015.5055 14.3917
2015.5082 13.4822
2015.5137 8.4231
2015.5164 11.8636
2015.5192 14.8640
2015.5219 15.0045
2015.5247 13.7650
2015.5274 16.6855
2015.5301 14.4061
2015.5329 16.6766
2015.5356 15.2171
2015.5384 16.5776
2015.5411 15.8581
2015.5438 14.2686
2015.5466 16.5292
2015.5493 18.7697
2015.5521 16.8301
2015.5548 18.0506
2015.5575 17.6611
2015.5603 19.7416
2015.5630 24.9620
2015.5658 20.0524
2015.5685 18.7728
2015.5712 18.9932
2015.5740 12.4336
2015.5767 17.8339
2015.5794 21.8243
2015.5822 18.5945
2015.5849 17.6248
2015.5877 17.8551
2015.5904 18.8154
2015.5931 19.7656
2015.5959 20.7358
2015.5986 17.9561
2015.6014 18.6363
2015.6041 19.8365
2015.6068 20.2167
2015.6096 21.8570
2015.6123 20.6872
2015.6151 19.8074
2015.6178 20.2276
2015.6205 17.9478
2015.6233 20.8080
2015.6260 19.8482
2015.6288 20.7185
2015.6315 23.9787
2015.6342 20.5189
2015.6370 18.0192
2015.6397 19.4894
2015.6425 19.3997
2015.6452 19.0199
2015.6479 26.3202
2015.6507 24.0705
2015.6534 21.7208
2015.6562 24.2911
2015.6589 21.5314
2015.6616 22.1217
2015.6644 21.8121
2015.6671 21.5926
2015.6699 20.6935
2015.6726 16.7547
2015.6753 25.2963
2015.6781 21.2781
2015.6808 19.9003
2015.6836 16.5227
2015.6863 24.6353
2015.6890 32.2583
2015.6918 21.6814
2015.6945 23.5248
2015.6973 21.1283
2015.7000 24.3021
2015.7027 26.1360
2015.7055 27.6301
2015.7082 23.9443
2015.7110 28.9887
2015.7137 25.8932
2015.7164 22.1177
2015.7192 27.6224
2015.7219 27.9672
2015.7247 20.9819
2015.7274 18.6268
2015.7301 20.8216
2015.7329 17.2265
2015.7356 17.0614
2015.7384 19.1163
2015.7411 18.3011
2015.7438 20.7459
2015.7466 19.4406
2015.7493 11.7155
2015.7521 15.3013
2015.7548 15.5381
2015.7575 15.1160
2015.7603 15.4047
2015.7630 17.9842
2015.7658 19.0944
2015.7685 15.2552
2015.7712 16.9666
2015.7740 18.1085
2015.7767 24.3907
2015.7794 13.4332
2015.7822 16.9059
2015.7849 12.5887
2015.7877 15.7115
2015.7904 15.5743
2015.7931 18.5969
2015.7959 17.3794
2015.7986 20.8115
2015.8014 23.1632
2015.8041 22.7944
2015.8068 21.1351
2015.8096 20.9851
2015.8123 19.5444
2015.8151 18.1629
2015.8178 15.2604
2015.8205 19.1170
2015.8233 22.5525
2015.8260 20.2368
2015.8288 20.0299
2015.8315 21.2617
2015.8342 26.7024
2015.8370 26.5725
2015.8397 26.9519
2015.8425 25.3108
2015.8452 25.2990
2015.8479 26.1066
2015.8507 27.6737
2015.8534 26.4902
2015.8562 25.6762
2015.8589 22.3316
2015.8616 26.7166
2015.8644 24.0711
2015.8671 24.6252
2015.8699 25.5388
2015.8726 22.1120
2015.8753 21.1749
2015.8781 22.2073
2015.8808 23.3494
2015.8836 31.8711
2015.8863 24.0225
2015.8890 26.3637
2015.8918 27.0545
2015.8945 29.9150
2015.8973 28.8254
2015.9000 25.6955
2015.9027 27.6653
2015.9055 26.7150
2015.9082 23.6646
2015.9110 30.6739
2015.9137 27.0732
2015.9164 25.8723
2015.9192 30.5214
2015.9219 28.2704
2015.9247 23.7793
2015.9274 24.8782
2015.9301 27.2071
2015.9329 29.0859
2015.9356 28.0447
2015.9384 23.8334
2015.9411 21.0421
2015.9438 30.3207
2015.9466 27.5493
2015.9493 21.6279
2015.9521 25.5264
2015.9548 23.7649
2015.9575 32.3334
2015.9603 24.8518
2015.9630 22.8901
2015.9658 28.3785
2015.9685 25.1868
2015.9712 23.5151
2015.9740 25.6833
2015.9767 25.2616
2015.9795 21.9198
2015.9822 25.6379
2015.9849 25.8061
2015.9877 30.0942
2015.9904 26.7423
2015.9931 27.7504
2015.9959 24.8185
2015.9986 25.4665
2016.0014 23.6044
2016.0041 20.2616
2016.0068 27.6180
2016.0096 22.8637
2016.0123 22.1188
2016.0150 22.4433
2016.0178 21.8074
2016.0205 19.4110
2016.0232 22.1044
2016.0260 22.9675
2016.0287 22.3805
2016.0314 25.3734
2016.0342 19.5264
2016.0369 27.1894
2016.0396 23.8425
2016.0423 20.9660
2016.0451 23.4297
2016.0478 22.5339
2016.0505 23.8986
2016.0533 23.7838
2016.0560 21.9397
2016.0587 24.9963
2016.0615 21.6137
2016.0642 21.7020
2016.0669 19.7012
2016.0697 19.5715
2016.0724 22.8629
2016.0751 21.9056
2016.0779 25.6795
2016.0806 23.2148
2016.0833 27.8114
2016.0861 28.7593
2016.0888 26.2884
2016.0915 26.6687
2016.0943 26.3700
2016.0970 25.4623
2016.0997 27.0756
2016.1025 25.5297
2016.1052 26.2747
2016.1079 26.4705
2016.1107 28.1669
2016.1134 25.9840
2016.1161 27.3417
2016.1189 25.2900
2016.1216 22.8687
2016.1243 28.1577
2016.1270 27.2672
2016.1298 26.7769
2016.1325 27.7968
2016.1352 28.3969
2016.1380 27.8871
2016.1407 33.5774
2016.1434 31.0076
2016.1462 26.8278
2016.1489 29.3378
2016.1516 23.5376
2016.1544 29.4371
2016.1571 29.3563
2016.1598 29.4151
2016.1626 27.7335
2016.1653 30.8620
2016.1680 28.5805
2016.1708 28.0791
2016.1735 31.9379
2016.1762 28.3267
2016.1790 26.8556
2016.1817 26.0046
2016.1844 24.1337
2016.1872 25.7228
2016.1899 29.4720
2016.1926 29.6712
2016.1954 28.4205
2016.1981 28.7097
2016.2008 28.4891
2016.2035 25.2084
2016.2063 27.9077
2016.2090 26.0370
2016.2117 20.7564
2016.2145 28.7857
2016.2172 24.3050
2016.2199 25.7442
2016.2227 24.0034
2016.2254 25.0226
2016.2281 28.8217
2016.2309 26.2207
2016.2336 26.4297
2016.2363 27.5986
2016.2391 24.9374
2016.2418 21.3961
2016.2445 24.9747
2016.2473 23.8527
2016.2500 23.3391
2016.2527 23.6138
2016.2555 24.0871
2016.2582 25.9990
2016.2609 29.5396
2016.2637 25.8492
2016.2664 28.4078
2016.2691 37.0556
2016.2719 27.0427
2016.2746 33.2091
2016.2773 26.4051
2016.2801 26.5308
2016.2828 27.7063
2016.2855 23.9917
2016.2882 25.4171
2016.2910 25.2427
2016.2937 29.0386
2016.2964 28.8550
2016.2992 31.1719
2016.3019 23.9395
2016.3046 23.7678
2016.3074 22.3072
2016.3101 23.7676
2016.3128 21.9992
2016.3156 26.5221
2016.3183 34.0664
2016.3210 28.6623
2016.3238 23.8200
2016.3265 24.8494
2016.3292 27.2809
2016.3320 22.5461
2016.3347 28.4957
2016.3374 26.7995
2016.3402 25.2272
2016.3429 25.4184
2016.3456 25.4029
2016.3484 26.4004
2016.3511 27.2906
2016.3538 29.6732
2016.3566 23.6379
2016.3593 27.9344
2016.3620 30.5624
2016.3648 24.7117
2016.3675 19.2119
2016.3702 20.1727
2016.3729 27.2139
2016.3757 24.4051
2016.3784 24.8361
2016.3811 27.2765
2016.3839 29.6961
2016.3866 32.9046
2016.3893 34.9317
2016.3921 33.0571
2016.3948 29.2504
2016.3975 26.5115
2016.4003 28.9299
2016.4030 19.5056
2016.4057 21.2480
2016.4085 25.1369
2016.4112 23.7521
2016.4139 24.6539
2016.4167 26.9250
2016.4194 24.6258
2016.4221 28.9762
2016.4249 26.2163
2016.4276 25.1861
2016.4303 27.4556
2016.4331 26.5349
2016.4358 23.9240
2016.4385 27.2729
2016.4413 23.1516
2016.4440 24.9102
2016.4467 22.9688
2016.4495 25.8372
2016.4522 29.3455
2016.4549 29.1939
2016.4576 25.0422
2016.4604 29.5606
2016.4631 26.6090
2016.4658 29.6775
2016.4686 26.9060
2016.4713 26.3247
2016.4740 22.4136
2016.4768 25.3726
2016.4795 24.9619
2016.4822 21.6914
2016.4850 20.9311
2016.4877 23.6111
2016.4904 23.1614
2016.4932 24.1621
2016.4959 24.6131
2016.4986 28.8046
2016.5014 28.5666
2016.5041 25.0891
2016.5068 26.8820
2016.5096 26.0354
2016.5123 23.5491
2016.5150 31.9132
2016.5178 25.7875
2016.5205 26.4922
2016.5232 22.5071
2016.5260 22.1822
2016.5287 32.8674
2016.5314 31.1728
2016.5342 26.7383
2016.5369 24.9638
2016.5396 30.1694
2016.5423 27.3349
2016.5451 27.8404
2016.5478 27.0058
2016.5505 26.6711
2016.5533 24.9462
2016.5560 22.2311
2016.5587 23.2858
2016.5615 21.8703
2016.5642 22.6144
2016.5669 29.8382
2016.5697 22.7516
2016.5724 25.3646
2016.5751 21.5272
2016.5779 26.8893
2016.5806 28.1308
2016.5833 24.0296
2016.5861 22.8330
2016.5888 23.7413
2016.5915 24.4848
2016.5943 23.5441
2016.5970 28.4894
2016.5997 28.5412
2016.6025 25.6599
2016.6052 27.2057
2016.6079 26.1992
2016.6107 21.5807
2016.6134 26.4906
2016.6161 23.8992
2016.6189 22.5970
2016.6216 18.9344
2016.6243 22.0316
2016.6270 33.7693
2016.6298 29.6275
2016.6325 28.5669
2016.6352 28.6078
2016.6380 30.6105
2016.6407 28.0855
2016.6434 30.0931
2016.6462 36.1938
2016.6489 33.2978
2016.6516 34.6356
2016.6544 31.8876
2016.6571 34.0342
2016.6598 29.8857
2016.6626 27.0825
2016.6653 29.6449
2016.6680 31.6408
2016.6708 23.7795
2016.6735 25.0206
2016.6762 27.2241
2016.6790 27.0698
2016.6817 25.7374
2016.6844 25.3969
2016.6872 24.4680
2016.6899 23.8405
2016.6926 27.5643
2016.6954 26.3192
2016.6981 34.5151
2016.7008 31.8016
2016.7035 34.7687
2016.7063 23.5162
2016.7090 24.0139
2016.7117 26.8616
2016.7145 24.7292
2016.7172 20.6464
2016.7199 21.0331
2016.7227 21.7991
2016.7254 23.4142
2016.7281 22.5183
2016.7309 25.2611
2016.7336 22.3326
2016.7363 23.2324
2016.7391 26.7205
2016.7418 25.3366
2016.7445 26.6106
2016.7473 25.8423
2016.7500 22.7723
2016.7527 22.3525
2016.7555 26.9428
2016.7582 22.7331
2016.7609 24.7135
2016.7637 30.9438
2016.7664 28.1539
2016.7691 29.1639
2016.7719 25.6236
2016.7746 26.6029
2016.7773 32.4418
2016.7801 24.7603
2016.7828 22.2882
2016.7855 25.1155
2016.7882 24.3621
2016.7910 24.4180
2016.7937 21.4031
2016.7964 21.6073
2016.7992 33.2906
2016.8019 27.7929
2016.8046 26.0441
2016.8074 29.9941
2016.8101 34.4429
2016.8128 26.1105
2016.8156 23.0667
2016.8183 25.1215
2016.8210 17.9748
2016.8238 18.6666
2016.8265 22.9868
2016.8292 29.1253
2016.8320 26.3720
2016.8347 22.7976
2016.8374 27.4024
2016.8402 27.2063
2016.8429 23.0794
2016.8456 23.1917
2016.8484 27.4531
2016.8511 25.9237
2016.8538 22.9035
2016.8566 20.2624
2016.8593 29.7205
2016.8620 24.4378
2016.8648 27.0842
2016.8675 28.7998
2016.8702 24.9846
2016.8729 26.1785
2016.8757 26.9216
2016.8784 25.6838
2016.8811 28.0552
2016.8839 37.7058
2016.8866 29.3555
2016.8893 34.3944
2016.8921 35.2524
2016.8948 36.0196
2016.8975 27.5260
2016.9003 25.3515
2016.9030 21.7162
2016.9057 25.4300
2016.9085 24.6930
2016.9112 25.9751
2016.9139 25.2064
2016.9167 27.4870
2016.9194 26.4475
2016.9221 24.5980
2016.9249 26.0384
2016.9276 24.8888
2016.9303 23.9092
2016.9331 25.1296
2016.9358 24.5199
2016.9385 23.6902
2016.9413 25.8405
2016.9440 24.5608
2016.9467 27.0211
2016.9495 27.2014
2016.9522 23.2917
2016.9549 23.5019
2016.9576 21.8222
2016.9604 24.0825
2016.9631 22.1028
2016.9658 21.2331
2016.9686 23.8234
2016.9713 24.7537
2016.9740 22.6740
2016.9768 22.6444
2016.9795 20.2947
2016.9822 22.1551
2016.9850 26.0555
2016.9877 23.2860
2016.9904 22.3965
2016.9932 24.4270
2016.9959 21.5775
2016.9986 23.6481
2017.0014 24.0987
2017.0041 21.0593
2017.0068 20.9799
2017.0096 23.1805
2017.0123 23.6011
2017.0151 22.7318
2017.0178 20.4124
2017.0205 22.6331
2017.0233 27.2137
2017.0260 25.1844
2017.0288 25.3151
2017.0315 26.7458
2017.0342 24.7265
2017.0370 26.0472
2017.0397 26.5479
2017.0425 20.7886
2017.0452 22.1093
2017.0479 22.8400
2017.0507 22.0307
2017.0534 26.4314
2017.0562 26.4021
2017.0589 26.0228
2017.0616 25.3935
2017.0644 26.2642
2017.0671 29.3649
2017.0699 28.9055
2017.0726 28.7462
2017.0753 27.9269
2017.0781 28.3775
2017.0808 28.5682
2017.0836 31.9382
2017.0863 27.2173
2017.0890 29.2454
2017.0918 30.3126
2017.0945 26.7491
2017.0973 26.7748
2017.1000 29.6999
2017.1027 27.3844
2017.1055 26.1584
2017.1082 32.6120
2017.1110 28.0652
2017.1137 27.9282
2017.1164 29.6210
2017.1192 26.9637
2017.1219 30.2964
2017.1247 27.3891
2017.1274 27.2319
2017.1301 27.0449
2017.1329 26.9082
2017.1356 26.1418
2017.1384 26.9959
2017.1411 27.3904
2017.1438 26.6156
2017.1466 30.6514
2017.1493 26.5979
2017.1521 24.9452
2017.1548 26.5534
2017.1575 26.2926
2017.1603 28.4828
2017.1630 30.4949
2017.1658 28.1032
2017.1685 23.6680
2017.1712 27.6689
2017.1740 30.0355
2017.1767 23.8072
2017.1795 32.4338
2017.1822 27.9547
2017.1849 24.3196
2017.1877 30.4180
2017.1904 34.2895
2017.1931 30.5437
2017.1959 28.9202
2017.1986 28.2384
2017.2014 31.3981
2017.2041 31.4687
2017.2068 30.8298
2017.2096 30.0911
2017.2123 35.5021
2017.2151 30.5324
2017.2178 35.1314
2017.2205 33.0089
2017.2233 30.8044
2017.2260 28.6075
2017.2288 30.2777
2017.2315 25.7246
2017.2342 28.7279
2017.2370 28.6069
2017.2397 30.4414
2017.2425 27.3010
2017.2452 31.0851
2017.2479 29.7547
2017.2507 27.6910
2017.2534 27.3842
2017.2562 31.5147
2017.2589 25.4427
2017.2616 33.1484
2017.2644 33.6620
2017.2671 31.3139
2017.2699 31.3442
2017.2726 32.3932
2017.2753 33.1412
2017.2781 33.8784
2017.2808 31.7650
2017.2836 32.7512
2017.2863 30.1075
2017.2890 35.0439
2017.2918 31.9107
2017.2945 30.4882
2017.2973 27.8666
2017.3000 31.7362
2017.3027 28.4672
2017.3055 36.3298
2017.3082 36.0344
2017.3110 34.4411
2017.3137 30.8002
2017.3164 32.1719
2017.3192 30.6365
2017.3219 29.4243
2017.3247 28.3554
2017.3274 27.7602
2017.3301 25.6986
2017.3329 31.3696
2017.3356 31.5526
2017.3384 28.1677
2017.3411 24.9245
2017.3438 28.3230
2017.3466 33.3329
2017.3493 29.4841
2017.3521 31.7764
2017.3548 31.5297
2017.3575 30.5937
2017.3603 28.2583
2017.3630 28.2633
2017.3658 31.2686
2017.3685 29.9939
2017.3712 30.6892
2017.3740 33.2542
2017.3767 32.6687
2017.3794 31.0027
2017.3822 29.9759
2017.3849 26.5681
2017.3877 26.0292
2017.3904 26.9190
2017.3931 28.0974
2017.3959 22.4941
2017.3986 24.2090
2017.4014 28.7820
2017.4041 25.7328
2017.4068 29.6612
2017.4096 29.7572
2017.4123 24.4405
2017.4151 28.5125
2017.4178 23.8144
2017.4205 27.8463
2017.4233 27.6482
2017.4260 29.5801
2017.4288 28.5120
2017.4315 28.6838
2017.4342 28.8957
2017.4370 29.5776
2017.4397 26.3194
2017.4425 23.5613
2017.4452 21.8431
2017.4479 26.2250
2017.4507 31.7268
2017.4534 30.1886
2017.4562 29.2705
2017.4589 22.0623
2017.4616 24.0942
2017.4644 26.3360
2017.4671 28.2479
2017.4699 25.8697
2017.4726 26.2416
2017.4753 26.2835
2017.4781 36.4653
2017.4808 29.2472
2017.4836 23.3291
2017.4863 25.5711
2017.4890 26.3830
2017.4918 23.5949
2017.4945 23.7469
2017.4973 25.5989
2017.5000 23.5308
2017.5027 27.4528
2017.5055 28.1247
2017.5082 30.8565
2017.5110 37.3084
2017.5137 33.3102
2017.5164 32.6121
2017.5192 34.6739
2017.5219 30.8257
2017.5247 28.4376
2017.5274 25.5794
2017.5301 23.3912
2017.5329 26.5031
2017.5356 27.9249
2017.5384 28.6868
2017.5411 30.6587
2017.5438 27.6706
2017.5466 23.6726
2017.5493 27.3145
2017.5521 28.3265
2017.5548 27.8686
2017.5575 30.2407
2017.5603 26.6828
2017.5630 25.2550
2017.5658 25.4272
2017.5685 26.5094
2017.5712 27.6918
2017.5740 24.8242
2017.5767 34.2966
2017.5794 33.3791
2017.5822 32.9518
2017.5849 28.4451
2017.5877 29.6291
2017.5904 29.5338
2017.5931 25.0590
2017.5959 26.4348
2017.5986 30.3012
2017.6014 30.6080
2017.6041 25.0053
2017.6068 28.6630
2017.6096 32.7911
2017.6123 30.7196
2017.6151 31.5484
2017.6178 27.3974
2017.6205 27.0166
2017.6233 23.8161
2017.6260 25.0257
2017.6288 25.7354
2017.6315 24.5752
2017.6342 26.1751
2017.6370 25.2949
2017.6397 29.1747
2017.6425 29.8245
2017.6452 28.4841
2017.6479 30.4536
2017.6507 34.4029
2017.6534 31.9320
2017.6562 31.8809
2017.6589 30.0194
2017.6616 28.0776
2017.6644 29.0654
2017.6671 27.9431
2017.6699 27.7807
2017.6726 26.8084
2017.6753 27.7661
2017.6781 31.2137
2017.6808 29.3213
2017.6836 34.5889
2017.6863 20.6765
2017.6890 29.9040
2017.6918 30.5714
2017.6945 29.9289
2017.6973 27.4762
2017.7000 30.3435
2017.7027 30.7707
2017.7055 30.9978
2017.7082 38.7848
2017.7110 30.9617
2017.7137 29.5885
2017.7164 30.0151
2017.7192 28.1517
2017.7219 30.9981
2017.7247 29.3644
2017.7274 33.4805
2017.7301 26.4065
2017.7329 32.0323
2017.7356 32.8079
2017.7384 28.6933
2017.7411 30.3886
2017.7438 27.1137
2017.7466 31.9685
2017.7493 27.5330
2017.7521 25.9660
2017.7548 26.2374
2017.7575 32.1875
2017.7603 26.9361
2017.7630 29.4435
2017.7658 29.5997
2017.7685 30.0949
2017.7712 28.5190
2017.7740 28.2623
2017.7767 30.0947
2017.7794 29.7864
2017.7822 29.3775
2017.7849 27.7681
2017.7877 27.7182
2017.7904 25.9380
2017.7931 26.6475
2017.7959 26.6968
2017.7986 26.1660
2017.8014 29.9153
2017.8041 28.6846
2017.8068 34.0542
2017.8096 32.8740
2017.8123 31.4642
2017.8151 33.4949
2017.8178 28.4161
2017.8205 37.8580
2017.8233 43.7006
2017.8260 36.5740
2017.8288 33.7184
2017.8315 31.8438
2017.8342 31.4405
2017.8370 29.8387
2017.8397 28.9684
2017.8425 28.0392
2017.8452 33.6012
2017.8479 27.5941
2017.8507 30.3879
2017.8534 38.4125
2017.8562 36.6475
2017.8589 30.7831
2017.8616 33.5089
2017.8644 33.0750
2017.8671 33.1810
2017.8699 34.3370
2017.8726 32.6428
2017.8753 34.2082
2017.8781 33.5932
2017.8808 33.9075
2017.8836 31.3310
2017.8863 31.0237
2017.8890 28.6553
2017.8918 31.3358
2017.8945 34.4250
2017.8973 32.1228
2017.9000 32.0390
2017.9027 28.9736
2017.9055 30.8863
2017.9082 30.3070
2017.9110 32.9957
2017.9137 28.6821
2017.9164 37.1564
2017.9192 33.2896
2017.9219 32.2620
2017.9247 36.1735
2017.9274 34.3443
2017.9301 33.5545
2017.9329 32.1639
2017.9356 35.1129
2017.9384 32.8212
2017.9411 33.1492
2017.9438 30.3066
2017.9466 31.6437
2017.9493 29.7305
2017.9521 28.3970
2017.9548 33.0233
2017.9575 30.5695
2017.9603 33.0655
2017.9630 30.1414
2017.9658 30.5274
2017.9685 32.0934
2017.9712 30.2194
2017.9740 33.2457
2017.9767 32.2821
2017.9795 31.6688
2017.9822 26.8958
2017.9849 28.0531
2017.9877 28.1908
2017.9904 29.8190
2017.9931 32.4878
2017.9959 31.4170
2017.9986 29.4869
2018.0014 30.7874
2018.0041 30.6280
2018.0068 33.9186
2018.0096 36.7093
2018.0123 35.8200
2018.0151 33.0807
2018.0178 32.1314
2018.0205 30.3521
2018.0233 32.3129
2018.0260 33.1737
2018.0288 32.5345
2018.0315 28.2353
2018.0342 34.0361
2018.0370 36.3970
2018.0397 32.6778
2018.0425 31.1386
2018.0452 34.6394
2018.0479 34.3803
2018.0507 37.6211
2018.0534 36.9419
2018.0562 35.8727
2018.0589 34.2635
2018.0616 35.6442
2018.0644 38.5250
2018.0671 34.1957
2018.0699 34.3764
2018.0726 36.4771
2018.0753 36.8977
2018.0781 36.1584
2018.0808 33.6090
2018.0836 37.9091
2018.0863 37.4085
2018.0890 35.3172
2018.0918 33.5152
2018.0945 33.9827
2018.0973 30.9797
2018.1000 31.9064
2018.1027 35.2327
2018.1055 35.1387
2018.1082 31.5946
2018.1110 34.3805
2018.1137 35.1263
2018.1164 36.1321
2018.1192 36.7581
2018.1219 34.5444
2018.1247 34.3409
2018.1274 32.6878
2018.1301 30.7351
2018.1329 34.4330
2018.1356 32.7314
2018.1384 32.3006
2018.1411 36.1904
2018.1438 31.7411
2018.1466 32.5328
2018.1493 34.7454
2018.1521 30.1090
2018.1548 29.6438
2018.1575 31.0898
2018.1603 32.5271
2018.1630 34.1257
2018.1658 33.1960
2018.1685 36.4877
2018.1712 35.6608
2018.1740 34.7153
2018.1767 38.6311
2018.1795 35.4281
2018.1822 32.1462
2018.1849 34.1854
2018.1877 26.7856
2018.1904 36.3767
2018.1931 33.8487
2018.1959 33.6114
2018.1986 33.2549
2018.2014 33.7790
2018.2041 32.4237
2018.2068 31.7989
2018.2096 37.2344
2018.2123 33.9104
2018.2151 37.3166
2018.2178 36.5730
2018.2205 37.1796
2018.2233 29.1262
2018.2260 34.1429
2018.2288 36.5894
2018.2315 31.7658
2018.2342 37.0320
2018.2370 34.7179
2018.2397 31.7534
2018.2425 34.5885
2018.2452 34.2831
2018.2479 31.0574
2018.2507 36.4417
2018.2534 36.0159
2018.2562 31.0601
2018.2589 34.5043
2018.2616 28.0084
2018.2644 33.3226
2018.2671 30.2268
2018.2699 31.4709
2018.2726 30.8950
2018.2753 33.0492
2018.2781 33.7334
2018.2808 37.4775
2018.2836 37.2717
2018.2863 36.7459
2018.2890 36.9302
2018.2918 33.6644
2018.2945 29.9987
2018.2973 30.1330
2018.3000 30.5274
2018.3027 29.3518
2018.3055 32.7663
2018.3082 33.9208
2018.3110 31.2554
2018.3137 37.5200
2018.3164 33.0247
2018.3192 30.5795
2018.3219 35.0443
2018.3247 30.6692
2018.3274 31.0942
2018.3301 32.5693
2018.3329 32.2644
2018.3356 30.5095
2018.3384 29.4245
2018.3411 33.1296
2018.3438 32.6248
2018.3466 34.9799
2018.3493 32.3950
2018.3521 35.3801
2018.3548 41.5452
2018.3575 33.5703
2018.3603 33.7355
2018.3630 33.2506
2018.3658 39.5957
2018.3685 35.7009
2018.3712 36.6860
2018.3740 40.6012
2018.3767 39.2663
2018.3794 31.3815
2018.3822 33.6966
2018.3849 32.9218
2018.3877 35.5569
2018.3904 32.5021
2018.3931 31.0172
2018.3959 33.7924
2018.3986 34.0275
2018.4014 36.3627
2018.4041 37.0278
2018.4068 34.8230
2018.4096 35.1981
2018.4123 33.8533
2018.4151 32.7783
2018.4178 36.2132
2018.4205 29.3580
2018.4233 33.6127
2018.4260 32.6172
2018.4288 36.3617
2018.4315 33.4962
2018.4342 34.6905
2018.4370 39.8649
2018.4397 36.9392
2018.4425 37.6536
2018.4452 36.7280
2018.4479 36.5824
2018.4507 31.1769
2018.4534 33.7915
2018.4562 35.0561
2018.4589 28.0109
2018.4616 29.4858
2018.4644 28.5308
2018.4671 28.5261
2018.4699 30.4215
2018.4726 30.6271
2018.4753 27.4729
2018.4781 29.7589
2018.4808 31.2852
2018.4836 34.3218
2018.4863 29.3587
2018.4890 30.1859
2018.4918 30.9834
2018.4945 32.0312
2018.4973 33.4095
2018.5000 31.2986
2018.5027 35.5587
2018.5055 28.7095
2018.5082 35.5312
2018.5110 37.0737
2018.5137 29.7869
2018.5164 34.7807
2018.5192 36.7651
2018.5219 33.3902
2018.5247 30.7357
2018.5274 33.5918
2018.5301 29.4382
2018.5329 35.4551
2018.5356 39.2723
2018.5384 39.4698
2018.5411 39.3976
2018.5438 34.8355
2018.5466 34.0337
2018.5493 39.6019
2018.5521 36.4102
2018.5548 34.3185
2018.5575 39.4368
2018.5603 39.0550
2018.5630 38.2731
2018.5658 36.8110
2018.5685 35.8687
2018.5712 33.2562
2018.5740 31.5534
2018.5767 29.7502
2018.5794 31.0366
2018.5822 30.0526
2018.5849 32.2087
2018.5877 33.1748
2018.5904 35.9310
2018.5931 34.0773
2018.5959 33.7136
2018.5986 35.9400
2018.6014 34.1264
2018.6041 35.9029
2018.6068 39.1493
2018.6096 33.9659
2018.6123 35.6524
2018.6151 35.8189
2018.6178 35.9155
2018.6205 31.9820
2018.6233 29.9485
2018.6260 30.6750
2018.6288 31.9815
2018.6315 33.7280
2018.6342 31.5944
2018.6370 32.9508
2018.6397 34.5571
2018.6425 31.8234
2018.6452 32.0596
2018.6479 32.0957
2018.6507 31.1218
2018.6534 28.7777
2018.6562 31.0936
2018.6589 32.8894
2018.6616 35.0550
2018.6644 36.1306
2018.6671 35.9049
2018.6699 38.6670
2018.6726 37.3269
2018.6753 39.3248
2018.6781 40.2708
2018.6808 43.7151
2018.6836 36.0978
2018.6863 34.2190
2018.6890 35.5489
2018.6918 31.3876
2018.6945 34.9652
2018.6973 30.4919
2018.7000 30.8078
2018.7027 32.9930
2018.7055 34.8078
2018.7082 33.6621
2018.7110 30.6962
2018.7137 30.2002
2018.7164 34.3642
2018.7192 33.0883
2018.7219 31.0628
2018.7247 27.5277
2018.7274 38.2731
2018.7301 33.0192
2018.7329 31.1662
2018.7356 24.0942
2018.7384 24.8032
2018.7411 30.6735
2018.7466 33.0083
2018.7493 32.0030
2018.7521 30.8891
2018.7548 33.1163
2018.7575 30.4446
2018.7603 29.4639
2018.7630 28.1240
2018.7658 32.1849
2018.7685 34.0164
2018.7712 31.2886
2018.7740 31.6812
2018.7767 34.5042
2018.7794 32.9374
2018.7822 34.2109
2018.7849 38.0444
2018.7877 33.8379
2018.7904 33.6313
2018.7931 33.8745
2018.7959 37.2773
2018.7986 30.6197
2018.8014 33.1716
2018.8041 31.9229
2018.8068 37.5735
2018.8096 33.7533
2018.8123 34.1922
2018.8151 31.0200
2018.8178 29.3668
2018.8205 34.2623
2018.8233 38.4265
2018.8260 36.8994
2018.8288 35.7907
2018.8315 39.3304
2018.8342 36.0491
2018.8370 34.4672
2018.8397 34.2450
2018.8425 36.2623
2018.8452 36.2792
2018.8479 39.3957
2018.8507 37.1419
2018.8534 37.3477
2018.8562 36.7731
2018.8589 34.6182
2018.8616 39.9130
2018.8644 38.0075
2018.8671 37.0017
2018.8699 39.1856
2018.8726 37.4693
2018.8753 34.1328
2018.8781 36.8360
2018.8808 38.4590
2018.8836 37.2119
2018.8863 36.4946
2018.8890 36.6471
2018.8918 35.7195
2018.8945 36.1418
2018.8973 34.1440
2018.9000 33.7761
2018.9027 33.5981
2018.9055 35.3500
2018.9082 33.7820
2018.9110 35.7939
2018.9137 32.6357
2018.9164 35.3276
2018.9192 32.7495
2018.9219 33.0613
2018.9247 30.4031
2018.9274 33.6448
2018.9301 35.3664
2018.9329 36.7680
2018.9356 33.4494
2018.9384 32.8508
2018.9411 33.6820
2018.9438 34.1131
2018.9466 35.3040
2018.9493 33.6948
2018.9521 35.1954
2018.9548 32.6559
2018.9575 32.5362
2018.9603 32.8063
2018.9630 32.1861
2018.9658 31.3758
2018.9685 32.8952
2018.9712 33.0644
2018.9740 33.8333
2018.9767 36.4120
2018.9795 34.9704
2018.9822 38.4185
2018.9849 36.7663
2018.9877 33.6938
2018.9904 36.1610
2018.9931 35.7979
2018.9959 35.0245
2018.9986 36.9707
2019.0014 37.3663
2019.0041 41.9404
2019.0068 34.4429
2019.0096 37.4338
2019.0123 39.0933
2019.0151 41.1115
2019.0178 38.5085
2019.0205 37.8043
2019.0233 35.9692
2019.0260 33.9532
2019.0288 36.7065
2019.0315 34.5790
2019.0342 39.2510
2019.0370 39.5826
2019.0397 36.0237
2019.0425 39.0347
2019.0452 38.3955
2019.0479 38.5763
2019.0507 40.4672
2019.0534 37.6583
2019.0562 38.2096
2019.0589 36.0914
2019.0616 37.1437
2019.0644 40.1066
2019.0671 38.8502
2019.0699 35.5547
2019.0726 39.0001
2019.0753 36.9266
2019.0781 39.3142
2019.0808 38.1531
2019.0836 33.8823
