2009.9740 -2.9222
2009.9767 0.4449
2009.9795 -0.1884
2009.9822 0.9977
2009.9849 2.2234
2009.9877 0.4786
2009.9904 0.5533
2009.9931 0.7975
2009.9959 0.8611
2009.9986 -0.5557
2010.0014 1.2664
2010.0041 1.0648
2010.0068 -1.0705
2010.0096 4.7205
2010.0123 -0.6718
2010.0151 3.0729
2010.0178 -3.1151
2010.0205 0.2543
2010.0233 2.4316
2010.0260 0.1570
2010.0288 -1.4393
2010.0315 -0.2570
2010.0342 0.7542
2010.0370 -0.0154
2010.0397 2.4345
2010.0425 0.1341
2010.0452 -0.3063
2010.0479 0.7136
2010.0507 0.6741
2010.0534 0.5653
2010.0562 2.2078
2010.0589 5.9616
2010.0616 0.9370
2010.0644 -2.5356
2010.0671 1.4840
2010.0699 0.3961
2010.0726 2.1210
2010.0753 3.2189
2010.0781 0.9602
2010.0808 1.7650
2010.0836 1.8320
2010.0863 -2.1705
2010.0890 0.7877
2010.0918 0.7364
2010.0945 -1.2143
2010.0973 -1.3743
2010.1000 -2.8437
2010.1027 -7.4726
2010.1055 -1.1807
2010.1082 0.7517
2010.1110 -1.2552
2010.1137 2.1386
2010.1164 2.7930
2010.1192 -0.4819
2010.1219 -2.3261
2010.1247 -4.1597
2010.1274 -3.5325
2010.1301 2.1853
2010.1329 -2.2761
2010.1356 -3.2268
2010.1384 -3.3568
2010.1411 -3.5561
2010.1438 -3.3646
2010.1466 -2.4224
2010.1493 0.4606
2010.1521 1.0844
2010.1548 1.6989
2010.1575 1.3042
2010.1603 -1.7797
2010.1630 -1.6529
2010.1658 -5.4855
2010.1685 -0.4877
2010.1712 0.4406
2010.1740 -2.9907
2010.1767 -2.9615
2010.1795 -0.6819
2010.1822 -3.0619
2010.1849 5.4785
2010.1877 1.1993
2010.1904 -0.6395
2010.1931 -4.6179
2010.1959 -4.0559
2010.1986 -4.9936
2010.2014 -4.4809
2010.2041 -4.2979
2010.2068 -5.5445
2010.2096 -4.9008
2010.2123 -2.3768
2010.2151 -4.4725
2010.2178 2.6522
2010.2205 -1.3829
2010.2233 -1.5777
2010.2260 -3.5223
2010.2288 -4.1765
2010.2315 -2.6605
2010.2342 -0.9243
2010.2370 1.2822
2010.2397 -2.4912
2010.2425 -0.3742
2010.2452 -6.8271
2010.2479 -1.3399
2010.2507 -0.1025
2010.2534 -5.3451
2010.2562 3.9226
2010.2589 -1.2594
2010.2616 0.1889
2010.2644 -6.0524
2010.2671 0.4568
2010.2699 -1.9835
2010.2726 -1.5932
2010.2753 2.5677
2010.2781 0.0594
2010.2808 0.6119
2010.2836 1.8252
2010.2863 -0.2906
2010.2890 -3.9154
2010.2918 0.3908
2010.2945 -2.2218
2010.2973 -7.2933
2010.3000 -5.2436
2010.3027 2.2574
2010.3055 -1.0902
2010.3082 0.0136
2010.3110 0.0889
2010.3137 0.0358
2010.3164 -0.1058
2010.3192 -0.7457
2010.3219 -3.1838
2010.3247 -3.0301
2010.3274 -3.8746
2010.3301 -5.3972
2010.3329 -4.1580
2010.3356 -2.2972
2010.3384 -3.3548
2010.3411 -2.8709
2010.3438 -3.0555
2010.3466 -7.1686
2010.3493 -2.9604
2010.3521 -5.6409
2010.3548 -0.9701
2010.3575 -0.3982
2010.3603 -7.1751
2010.3630 -7.1709
2010.3658 -7.4556
2010.3685 1.0006
2010.3712 5.5977
2010.3740 1.7857
2010.3767 2.6145
2010.3794 2.5640
2010.3822 -0.3858
2010.3849 2.7151
2010.3877 3.0366
2010.3904 1.1286
2010.3931 -2.0990
2010.3959 1.8039
2010.3986 3.2071
2010.4014 8.9607
2010.4041 11.0445
2010.4068 4.4984
2010.4096 4.1825
2010.4123 8.0567
2010.4151 6.2213
2010.4178 4.8865
2010.4205 7.9524
2010.4233 6.4889
2010.4260 7.9159
2010.4288 0.2634
2010.4315 -1.4986
2010.4342 -2.0703
2010.4370 3.7884
2010.4397 2.9774
2010.4425 3.1267
2010.4452 2.6962
2010.4479 6.0459
2010.4507 1.0357
2010.4534 -1.0245
2010.4562 -0.2946
2010.4589 -0.8147
2010.4616 3.1351
2010.4644 0.1349
2010.4671 -4.8156
2010.4699 -4.9262
2010.4726 -4.4971
2010.4753 -3.3682
2010.4781 -2.1698
2010.4808 -3.3916
2010.4836 -1.7939
2010.4863 0.6633
2010.4890 3.0900
2010.4918 3.4261
2010.4945 -1.0484
2010.4973 -1.0636
2010.5000 -1.2096
2010.5027 -1.3665
2010.5055 -0.5743
2010.5082 0.2371
2010.5110 0.7075
2010.5137 -1.7328
2010.5164 -0.9641
2010.5192 0.8238
2010.5219 1.6109
2010.5247 0.7271
2010.5274 0.0225
2010.5301 -2.1030
2010.5329 0.0007
2010.5356 2.5336
2010.5384 -5.8044
2010.5411 1.3869
2010.5438 1.0473
2010.5466 1.8069
2010.5493 1.8957
2010.5521 3.0537
2010.5548 1.1809
2010.5575 0.4072
2010.5603 2.2428
2010.5630 3.6477
2010.5658 4.9617
2010.5685 3.5449
2010.5712 -1.8026
2010.5740 3.9191
2010.5767 3.4601
2010.5794 -1.5398
2010.5822 -3.7913
2010.5849 -1.3695
2010.5877 -1.4949
2010.5904 -0.3568
2010.5931 0.5451
2010.5959 0.3915
2010.5986 -1.8571
2010.6014 -1.3302
2010.6041 1.0127
2010.6068 2.3022
2010.6096 3.3287
2010.6123 3.1628
2010.6151 3.6751
2010.6178 -2.9240
2010.6205 -5.5240
2010.6233 -5.6043
2010.6260 -4.8543
2010.6288 -6.1136
2010.6315 -8.3017
2010.6342 -1.8180
2010.6370 -4.3820
2010.6397 0.6169
2010.6425 -0.7609
2010.6452 0.7951
2010.6479 -2.3944
2010.6507 -1.8590
2010.6534 -0.9481
2010.6562 -0.1513
2010.6589 -0.9480
2010.6616 -3.5477
2010.6644 -0.5198
2010.6671 -2.1177
2010.6699 -1.1651
2010.6726 -2.3418
2010.6753 -0.2680
2010.6781 -5.2936
2010.6808 -4.6486
2010.6836 -1.9030
2010.6863 -0.5568
2010.6890 -1.2100
2010.6918 -1.1025
2010.6945 -3.5943
2010.6973 -4.1155
2010.7000 -9.4560
2010.7027 -6.1758
2010.7055 -3.7849
2010.7082 -4.4433
2010.7110 -3.5209
2010.7137 -3.1378
2010.7164 -0.0040
2010.7192 0.3006
2010.7219 -0.1840
2010.7247 -2.6578
2010.7274 -1.5408
2010.7301 -0.5430
2010.7329 -5.3744
2010.7356 -7.6550
2010.7384 -1.9747
2010.7411 -2.6335
2010.7438 -4.2414
2010.7466 -3.9985
2010.7493 -2.7548
2010.7521 -1.6209
2010.7548 -4.0770
2010.7575 -5.8731
2010.7603 -1.7790
2010.7630 -6.5950
2010.7658 -0.8809
2010.7685 0.8332
2010.7712 -1.9226
2010.7740 -2.5084
2010.7767 -1.1842
2010.7794 -2.9199
2010.7822 -2.2856
2010.7849 -1.3612
2010.7877 -2.6269
2010.7904 -5.7525
2010.7931 -5.3281
2010.7959 -1.0036
2010.7986 3.7608
2010.8014 2.3953
2010.8041 0.0998
2010.8068 -0.4257
2010.8096 -3.8811
2010.8123 0.0634
2010.8151 1.8780
2010.8178 -4.3274
2010.8205 -0.9828
2010.8233 -7.8682
2010.8260 -2.1836
2010.8288 2.1010
2010.8315 1.0156
2010.8342 -4.9391
2010.8370 2.5676
2010.8397 -3.7845
2010.8425 -6.1755
2010.8452 -7.4456
2010.8479 -3.2648
2010.8507 -4.3433
2010.8534 0.4987
2010.8562 3.4011
2010.8589 3.8938
2010.8616 -0.5134
2010.8644 -0.7505
2010.8671 4.0323
2010.8699 -0.7952
2010.8726 -1.4930
2010.8753 -0.6114
2010.8781 4.6296
2010.8808 2.9098
2010.8836 6.1691
2010.8863 3.0473
2010.8890 4.1444
2010.8918 4.8702
2010.8945 4.3945
2010.8973 2.6872
2010.9000 2.2682
2010.9027 -0.0826
2010.9055 2.0546
2010.9082 3.3797
2010.9110 4.4426
2010.9137 3.7231
2010.9164 4.4202
2010.9192 4.2289
2010.9219 2.5086
2010.9247 3.2499
2010.9274 -0.1767
2010.9301 -2.1608
2010.9329 -0.9018
2010.9356 -0.5694
2010.9384 0.3271
2010.9411 1.1580
2010.9438 0.5239
2010.9466 2.1253
2010.9493 1.5526
2010.9521 1.5463
2010.9548 -0.2030
2010.9575 -1.1549
2010.9603 2.8810
2010.9630 0.1953
2010.9658 1.8485
2010.9685 0.1211
2010.9712 0.5235
2010.9740 -2.0638
2010.9767 -0.5002
2010.9795 -0.2054
2010.9822 13.4512
2010.9849 5.3701
2010.9877 2.1717
2010.9904 -0.5834
2010.9931 2.1952
2010.9959 -1.1919
2010.9986 3.3356
2011.0014 1.6976
2011.0041 2.4299
2011.0068 1.8617
2011.0096 0.0332
2011.0123 3.3344
2011.0151 4.7454
2011.0178 1.7762
2011.0205 2.5670
2011.0233 1.9478
2011.0288 0.5096
2011.0315 -0.5392
2011.0342 -0.8777
2011.0370 4.0241
2011.0397 1.0064
2011.0425 1.0491
2011.0452 1.1224
2011.0479 2.0163
2011.0507 2.4609
2011.0534 3.3962
2011.0562 1.6724
2011.0589 5.4795
2011.0616 5.0575
2011.0644 6.0666
2011.0671 5.6968
2011.0699 3.4781
2011.0726 2.5807
2011.0753 4.1547
2011.0781 4.5700
2011.0808 2.0267
2011.0836 4.4260
2011.0863 5.1188
2011.0890 4.4447
2011.0918 3.0236
2011.0945 7.0152
2011.0973 4.4494
2011.1000 2.8558
2011.1027 6.3144
2011.1055 4.6548
2011.1082 3.5268
2011.1110 6.8703
2011.1137 6.2549
2011.1164 2.6906
2011.1192 5.2470
2011.1219 9.5239
2011.1247 8.3411
2011.1274 4.3984
2011.1301 7.6155
2011.1329 4.2623
2011.1356 8.2185
2011.1384 6.3939
2011.1411 5.9783
2011.1438 9.2114
2011.1466 5.8830
2011.1493 10.8930
2011.1521 8.8010
2011.1548 5.2469
2011.1575 5.4104
2011.1603 4.4814
2011.1630 4.4699
2011.1658 7.9777
2011.1685 6.6552
2011.1712 4.9623
2011.1740 8.1091
2011.1767 3.5056
2011.1795 4.5918
2011.1822 2.3476
2011.1849 3.7932
2011.1877 2.7084
2011.1904 7.4134
2011.1931 2.4981
2011.1959 2.1425
2011.1986 -3.8633
2011.2014 -2.1794
2011.2041 -1.2858
2011.2068 -3.0824
2011.2096 -0.9692
2011.2123 2.3538
2011.2151 7.3665
2011.2178 3.3390
2011.2205 4.4813
2011.2233 0.0035
2011.2260 0.4254
2011.2288 1.7972
2011.2315 3.3187
2011.2342 -1.6998
2011.2370 0.0914
2011.2397 -1.5674
2011.2425 0.0135
2011.2452 3.3644
2011.2479 -1.8759
2011.2507 -0.7381
2011.2534 0.5778
2011.2562 1.0120
2011.2589 3.0346
2011.2616 4.4659
2011.2644 3.9758
2011.2671 8.9147
2011.2699 1.7225
2011.2726 -1.2105
2011.2753 2.0358
2011.2781 1.3115
2011.2808 12.4468
2011.2836 3.4718
2011.2863 7.1166
2011.2890 4.0415
2011.2918 4.1365
2011.2945 6.7918
2011.2973 3.4575
2011.3000 2.3438
2011.3027 2.2808
2011.3055 4.5886
2011.3082 5.6475
2011.3110 12.7475
2011.3137 14.8587
2011.3164 13.0914
2011.3192 15.8557
2011.3219 14.3416
2011.3247 15.2994
2011.3274 12.9292
2011.3301 13.2317
2011.3329 14.9012
2011.3356 19.1879
2011.3384 17.8412
2011.3411 15.9707
2011.3438 14.9957
2011.3466 15.9858
2011.3493 16.3603
2011.3521 14.6689
2011.3548 18.1009
2011.3575 15.0458
2011.3603 15.9731
2011.3630 15.3623
2011.3658 16.1228
2011.3685 14.1840
2011.3712 8.9555
2011.3740 15.8868
2011.3767 15.8372
2011.3794 12.5963
2011.3822 17.0635
2011.3849 14.0483
2011.3877 14.2202
2011.3904 17.0886
2011.3931 17.4730
2011.3959 13.5528
2011.3986 13.3776
2011.4014 16.7068
2011.4041 19.1998
2011.4068 9.9862
2011.4096 12.8653
2011.4123 13.0468
2011.4151 14.1042
2011.4178 13.5014
2011.4205 9.8084
2011.4233 10.7152
2011.4260 9.7818
2011.4288 7.8183
2011.4315 9.7447
2011.4342 12.2208
2011.4370 11.9968
2011.4397 15.6127
2011.4425 16.6084
2011.4452 11.8040
2011.4479 8.2994
2011.4507 7.0148
2011.4534 8.8000
2011.4562 11.0950
2011.4589 10.9000
2011.4616 7.9449
2011.4644 12.1496
2011.4671 15.8243
2011.4699 11.3488
2011.4726 13.2233
2011.4753 12.3177
2011.4781 12.2820
2011.4808 15.2763
2011.4836 10.0804
2011.4863 11.7245
2011.4890 12.6386
2011.4918 13.5926
2011.4945 8.0765
2011.4973 6.6004
2011.5000 14.4336
2011.5027 10.5661
2011.5055 15.2480
2011.5082 14.8194
2011.5110 8.6804
2011.5137 7.2109
2011.7247 -3.6204
2011.7274 9.3822
2011.7301 1.4848
2011.7329 0.3974
2011.7356 1.0700
2011.8260 -2.5881
2011.8288 8.6934
2011.8315 7.9649
2012.2555 5.3939
2012.2582 1.9932
2012.8347 9.7697
2012.8374 10.0165
2012.8402 8.4631
2012.8429 5.3796
2012.8456 8.3759
2012.8484 8.3320
2012.8511 6.3079
2012.8538 10.1235
2012.8566 5.3189
2012.8593 2.7139
2012.8620 5.3685
2012.8648 8.1128
2012.8675 5.9666
2012.8702 10.2700
2012.8729 6.9630
2012.8757 6.6954
2012.8784 6.3872
2012.8811 7.0485
2012.8839 10.4391
2012.8866 8.5492
2012.8893 8.9985
2012.8921 8.9171
2012.8948 8.4851
2012.8975 6.2222
2012.9003 5.5585
2012.9030 4.5640
2012.9057 3.9987
2012.9085 6.2224
2012.9112 8.7852
2012.9139 11.2571
2012.9167 11.3580
2012.9194 9.4680
2012.9221 8.3873
2012.9249 9.5259
2012.9276 10.1837
2012.9303 6.9710
2012.9331 7.9477
2012.9358 9.3339
2012.9385 9.4796
2012.9413 9.2949
2012.9440 9.3999
2012.9467 6.4245
2012.9495 5.3188
2012.9522 6.4030
2012.9549 9.6370
2012.9576 8.3709
2012.9604 7.0247
2012.9631 7.0885
2012.9658 9.2423
2012.9686 3.4763
2012.9713 -1.8496
2012.9740 5.9947
2012.9768 5.8092
2012.9795 9.0540
2012.9822 6.1492
2012.9850 6.7348
2012.9877 9.0808
2012.9904 9.9074
2012.9932 6.7845
2012.9959 7.7322
2012.9986 7.4005
2013.0014 8.0995
2013.0041 7.1389
2013.0068 4.9188
2013.0096 5.3292
2013.0123 6.1601
2013.0151 6.1915
2013.0178 6.3634
2013.0205 7.5058
2013.0233 6.1787
2013.0260 7.1221
2013.0288 5.7859
2013.0315 7.2802
2013.0342 6.4250
2013.0370 8.5002
2013.0397 8.5260
2013.0425 6.5421
2013.0452 4.3188
2013.0479 6.2159
2013.0507 6.9035
2013.0534 0.1815
2013.0562 1.6399
2013.0589 4.8389
2013.0616 4.0382
2013.0644 4.1180
2013.0671 8.3082
2013.0699 7.3989
2013.0726 7.5000
2013.0753 5.3615
2013.0781 9.2435
2013.0808 6.3658
2013.0836 8.2196
2013.0863 7.1956
2013.0890 6.4838
2013.0918 9.1842
2013.0945 7.8768
2013.0973 11.3815
2013.1000 9.6782
2013.1027 9.8369
2013.1055 8.6976
2013.1082 8.2002
2013.1110 6.8647
2013.1137 7.1011
2013.1164 7.5493
2013.1192 5.4692
2013.1219 7.4908
2013.1247 3.7841
2013.1274 5.0590
2013.1301 5.3656
2013.1329 5.5436
2013.1356 6.8832
2013.1384 6.2542
2013.1411 0.8767
2013.1438 1.2205
2013.1466 0.0057
2013.1493 -1.4379
2013.1521 2.0498
2013.1548 7.2987
2013.1575 3.8488
2013.1603 6.1100
2013.1630 4.2424
2013.1658 3.6266
2013.1685 2.7828
2013.1712 7.7808
2013.1740 2.4007
2013.1767 1.4522
2013.1795 4.1155
2013.1822 -0.7697
2013.1849 0.9967
2013.1877 3.3546
2013.1904 4.2940
2013.1931 0.2047
2013.1959 -1.8332
2013.1986 4.2501
2013.2014 5.7146
2013.2041 1.8802
2013.2068 0.0370
2013.2096 5.3847
2013.2123 5.3134
2013.2151 6.6230
2013.2178 6.3535
2013.2205 5.0947
2013.2233 4.7766
2013.2260 5.7192
2013.2288 7.3425
2013.2315 6.7162
2013.2342 6.4205
2013.2370 8.5051
2013.2397 7.3202
2013.2425 9.4555
2013.2452 14.5111
2013.2479 11.9500
2013.2507 12.9951
2013.2534 15.4358
2013.2562 12.6616
2013.2589 13.9021
2013.2616 11.7966
2013.2644 15.6447
2013.2671 12.9759
2013.2699 9.8296
2013.2726 14.6754
2013.2753 9.2527
2013.2781 7.4109
2013.2808 9.6597
2013.2836 10.3284
2013.2863 12.3366
2013.2890 13.1937
2013.2918 13.5192
2013.2945 14.0927
2013.2973 11.7036
2013.3000 8.0313
2013.3027 5.5554
2013.3055 7.3054
2013.3082 9.6207
2013.3110 18.8208
2013.3137 22.6452
2013.3164 17.5934
2013.3192 12.3949
2013.3219 12.0692
2013.3247 14.9157
2013.3274 10.6639
2013.3301 13.6242
2013.3329 15.0017
2013.3356 15.7173
2013.3384 7.1812
2013.3411 8.7333
2013.3438 11.9438
2013.3466 10.1627
2013.3493 13.4401
2013.3521 14.4660
2013.3548 14.1105
2013.3575 18.0537
2013.3603 12.4756
2013.3630 10.7863
2013.3658 10.4858
2013.3685 11.9943
2013.3712 18.1218
2013.3740 13.8483
2013.3767 20.0739
2013.3794 22.2387
2013.3822 28.2028
2013.3849 26.6661
2013.3877 27.2189
2013.3904 24.3510
2013.3931 22.0526
2013.3959 19.2039
2013.3986 18.2147
2013.4014 17.0752
2013.4041 18.5755
2013.4068 16.2955
2013.4096 11.7155
2013.4123 18.3954
2013.4151 14.8048
2013.4178 13.1632
2013.4205 14.6708
2013.4233 14.4777
2013.4260 13.7638
2013.4288 16.1794
2013.4315 19.0345
2013.4342 24.4093
2013.4370 21.3637
2013.4397 17.4679
2013.4425 18.1419
2013.4452 18.9560
2013.4479 15.0901
2013.4507 18.5143
2013.4534 19.6088
2013.4562 17.3536
2013.4589 14.9088
2013.4616 14.5845
2013.4644 18.8508
2013.4671 15.8679
2013.4699 15.5457
2013.4726 17.9843
2013.4753 18.7040
2013.4781 15.0747
2013.4808 15.0865
2013.4836 13.3996
2013.4863 11.6340
2013.4890 9.1198
2013.4918 4.1371
2013.4945 1.7160
2013.4973 3.0264
2013.5000 3.9271
2013.5027 2.0079
2013.5055 5.8389
2013.5082 4.6800
2013.5110 7.1612
2013.5137 10.1825
2013.5164 8.0438
2013.5192 5.0853
2013.5219 6.4468
2013.5247 9.3684
2013.5493 8.8845
2013.5521 13.9063
2013.5548 10.3082
2013.5575 10.6700
2013.5603 5.3317
2013.5630 8.7135
2013.5658 7.1951
2013.5904 15.1869
2013.5931 10.0778
2013.5959 7.1386
2013.5986 2.7892
2013.6014 1.7999
2013.6041 4.8204
2013.6068 3.2909
2013.6096 2.0614
2013.6123 -0.4682
2013.6151 0.1322
2013.6178 4.2526
2013.6205 5.8730
2013.6233 6.7934
2013.6260 5.0637
2013.6288 3.5841
2013.6315 5.3045
2013.6342 3.2849
2013.6370 5.4954
2013.6397 3.4559
2013.6425 1.2064
2013.6452 2.1770
2013.6479 -0.7123
2013.6507 2.2884
2013.6534 6.6392
2013.6562 5.5201
2013.6589 2.5711
2013.6616 0.8922
2013.6644 2.1334
2013.6671 1.9676
2013.6699 2.3476
2013.6726 0.6330
2013.6753 -0.8768
2013.6781 -4.9820
2013.6808 2.4967
2013.6836 2.6391
2013.6863 -0.9553
2013.6890 -1.3070
2013.6918 0.5937
2013.6945 2.8162
2013.6973 3.0501
2013.7000 -0.3049
2013.7027 0.9407
2013.7055 3.0765
2013.7082 4.5019
2013.7110 0.1066
2013.7137 7.5202
2013.7164 5.9623
2013.7192 2.3123
2013.7219 5.3399
2013.7247 6.4146
2013.7274 5.7860
2013.7301 7.7437
2013.7329 1.4972
2013.7356 2.3961
2013.7384 0.4600
2013.7411 -1.2616
2013.7438 1.1709
2013.7466 -0.1229
2013.7493 5.0574
2013.7521 0.1568
2013.7548 5.4561
2013.7575 1.1752
2013.7603 0.5542
2013.7630 4.1831
2013.7658 3.8018
2013.7685 6.5805
2013.7712 5.0990
2013.7740 7.4075
2013.7767 10.0659
2013.7794 10.6843
2013.7822 10.9426
2013.7849 8.4208
2013.7877 10.5690
2013.7904 6.6172
2013.7931 9.6854
2013.7959 6.6636
2013.7986 9.5418
2013.8014 9.5900
2013.8041 8.0182
2013.8068 8.3064
2013.8096 9.2147
2013.8123 10.4330
2013.8151 8.5614
2013.8178 10.9999
2013.8205 10.1684
2013.8233 10.0670
2013.8260 9.4958
2013.8288 10.6146
2013.8315 9.4736
2013.8342 8.4526
2013.8370 11.0217
2013.8397 14.0509
2013.8425 15.8401
2013.8452 13.7594
2013.8479 12.7187
2013.8507 10.2681
2013.8534 13.3275
2013.8562 10.2569
2013.8589 15.8463
2013.8616 10.9558
2013.8644 8.1253
2013.8671 10.3147
2013.8699 9.0842
2013.8726 6.9637
2013.8753 7.4232
2013.8781 9.2126
2013.8808 8.2521
2013.8836 8.9615
2013.8863 8.0609
2013.8890 11.1603
2013.8918 7.2196
2013.8945 3.6888
2013.8973 5.8981
2013.9000 9.7872
2013.9027 10.3463
2013.9055 6.9454
2013.9082 3.9244
2013.9110 5.4033
2013.9137 4.9021
2013.9164 6.0404
2013.9192 4.4055
2013.9219 6.4872
2013.9247 7.3257
2013.9274 7.4112
2013.9301 4.1039
2013.9329 5.8441
2013.9356 4.0920
2013.9384 8.6278
2013.9411 5.2017
2013.9438 6.6239
2013.9466 8.8148
2013.9493 8.4444
2013.9521 7.9031
2013.9548 9.5110
2013.9575 6.6184
2013.9603 3.6554
2013.9630 3.3324
2013.9658 2.9895
2013.9685 8.8270
2013.9712 8.0451
2013.9740 6.2240
2013.9767 6.1539
2013.9795 8.0151
2013.9822 8.9978
2013.9849 5.9221
2013.9877 10.5884
2013.9904 5.4468
2013.9931 6.8176
2013.9959 5.9011
2013.9986 5.3273
2014.0014 8.2763
2014.0041 4.7665
2014.0068 4.4577
2014.0096 6.4299
2014.0123 7.0332
2014.0151 5.8275
2014.0178 2.8428
2014.0205 2.6992
2014.0233 5.1968
2014.0260 4.1254
2014.0288 3.4252
2014.0315 5.9061
2014.0342 10.9082
2014.0370 5.1815
2014.0397 6.2559
2014.0425 5.8516
2014.0452 5.9386
2014.0479 9.4768
2014.0507 9.0863
2014.0534 7.9371
2014.0562 7.2092
2014.0589 3.2926
2014.0616 5.0974
2014.0644 7.8336
2014.0671 9.3611
2014.0699 7.1401
2014.0726 5.9405
2014.0753 6.1923
2014.0781 10.3856
2014.0808 8.6403
2014.0836 8.5067
2014.0863 8.7648
2014.0890 7.0645
2014.0918 10.2256
2014.0945 11.2181
2014.0973 11.0119
2014.1000 7.6267
2014.1027 4.7426
2014.1055 10.4393
2014.1082 8.1668
2014.1110 8.9650
2014.1137 11.9138
2014.1164 8.1130
2014.1192 7.1425
2014.1219 13.1022
2014.1247 7.9420
2014.1274 12.1019
2014.1301 11.3715
2014.1329 11.5710
2014.1356 7.0301
2014.1384 6.4087
2014.1411 8.7667
2014.1438 9.8840
2014.1466 8.2106
2014.1493 13.2762
2014.1521 8.9507
2014.1548 10.4641
2014.1575 12.3963
2014.1603 13.5570
2014.1630 7.8662
2014.1658 10.6734
2014.1685 9.3787
2014.1712 12.1621
2014.1740 9.4940
2014.1767 14.6544
2014.1795 16.2335
2014.1822 12.9914
2014.1849 12.7983
2014.1877 11.5944
2014.1904 14.4997
2014.1931 9.7245
2014.1959 7.3689
2014.1986 11.3531
2014.2014 6.9371
2014.2041 6.1112
2014.2068 3.5855
2014.2096 7.4002
2014.2123 13.0154
2014.2151 10.0612
2014.2178 9.1679
2014.2205 6.0655
2014.2233 9.7842
2014.2260 9.8843
2014.2288 11.5757
2014.2315 11.5688
2014.2342 10.1035
2014.2370 9.6602
2014.2397 6.6288
2014.2425 9.7597
2014.2452 12.3929
2014.2479 7.5602
2014.2507 15.3228
2014.2534 10.9205
2014.2562 10.4627
2014.2589 13.9993
2014.2616 14.8696
2014.2644 12.3335
2014.2671 12.4504
2014.2699 9.6401
2014.2726 12.4421
2014.2753 11.3660
2014.2781 10.2215
2014.2808 14.1082
2014.2836 13.0857
2014.2863 10.9635
2014.2890 11.5115
2014.2918 16.0890
2014.2945 14.7059
2014.2973 14.4216
2014.3000 5.5858
2014.3027 13.2881
2014.3055 9.7682
2014.3082 4.1256
2014.3110 8.1600
2014.3137 3.0610
2014.3164 11.8282
2014.3192 10.3112
2014.3219 3.2197
2014.3247 7.3932
2014.3274 8.9914
2014.3301 13.2245
2014.3329 9.1069
2014.3356 11.0292
2014.3384 12.6114
2014.3411 6.8435
2014.3438 5.6656
2014.3466 2.9077
2014.3493 2.9897
2014.3521 1.4416
2014.3548 5.4335
2014.3575 10.1454
2014.3603 10.4873
2014.3630 10.1091
2014.3658 12.4810
2014.3685 11.8228
2014.3712 13.3246
2014.3740 9.5264
2014.3767 4.1482
2014.3794 10.1800
2014.3822 12.5918
2014.3849 10.6037
2014.3877 10.1455
2014.3904 6.0274
2014.3931 7.6094
2014.3959 6.9313
2014.3986 6.9233
2014.4014 9.9454
2014.4041 14.4575
2014.4068 13.4696
2014.4096 12.1618
2014.4123 8.5241
2014.4151 6.8064
2014.4178 10.0688
2014.4205 10.1411
2014.4233 9.2135
2014.4260 25.5959
2014.4342 25.5231
2014.4370 24.9256
2014.4479 22.6956
2014.4507 20.2081
2014.4534 19.9707
2014.4562 22.7332
2014.4589 20.7858
2014.4616 20.6985
2014.4644 17.1111
2014.4671 22.8138
2014.4699 19.3464
2014.4726 20.6691
2014.4753 17.7219
2014.4781 17.5546
2014.4808 17.0874
2014.4836 14.8602
2014.4863 18.5130
2014.4890 19.5658
2014.4918 15.3087
2014.4945 13.1616
2014.4973 15.8852
2014.5000 15.2934
2014.5027 17.2167
2014.5055 12.1645
2014.5082 15.2066
2014.5110 20.8926
2014.5137 16.2321
2014.5164 17.6547
2014.5192 19.5700
2014.5219 21.9378
2014.5247 26.7275
2014.5274 16.9689
2014.5301 17.8615
2014.5329 21.4850
2014.5356 13.8690
2014.5384 16.1631
2014.5411 9.4070
2014.5438 9.2303
2014.5466 3.4925
2014.5493 5.4735
2014.5521 5.6227
2014.5548 14.6897
2014.5575 10.9043
2014.5603 15.4560
2014.5630 15.9045
2014.5658 16.4294
2014.5685 21.7003
2014.5712 8.5368
2014.5740 8.5086
2014.5767 9.4353
2014.5794 13.8765
2014.5822 12.9225
2014.5849 10.7564
2014.5877 19.0189
2014.5904 19.5601
2014.5931 19.4400
2014.5959 18.8386
2014.5986 16.6860
2014.6014 20.1323
2014.6041 21.4875
2014.6068 18.7217
2014.6096 17.7650
2014.6123 13.8973
2014.6151 16.6487
2014.6178 9.6694
2014.6205 19.7494
2014.6233 17.7986
2014.6260 16.2872
2014.6288 14.7953
2014.6315 14.0928
2014.6342 17.4698
2014.6370 11.7265
2014.6397 15.6728
2014.6425 13.0388
2014.6452 13.2146
2014.6479 11.8002
2014.6507 4.7557
2014.6534 8.1011
2014.6562 3.4865
2014.6589 7.8820
2014.6616 1.9875
2014.6644 8.3932
2014.6671 5.0484
2014.6699 7.7524
2014.6726 9.0653
2014.6753 6.8773
2014.6781 11.9483
2014.6808 12.3585
2014.6836 11.9180
2014.6863 7.9369
2014.6890 10.9851
2014.6918 8.3529
2014.6945 10.9203
2014.6973 12.3674
2014.7000 9.6443
2014.7027 6.3211
2014.7055 6.5278
2014.7082 7.8346
2014.7110 9.1815
2014.7137 10.3586
2014.7164 13.2360
2014.7192 10.5139
2014.7219 11.4222
2014.7247 10.9910
2014.7274 13.0506
2014.7301 7.9708
2014.7329 9.7219
2014.7356 8.1839
2014.7384 9.8569
2014.7411 11.5510
2014.7438 9.2663
2014.7466 8.3528
2014.7493 11.6318
2014.7521 12.2987
2014.7548 14.7739
2014.7575 14.5767
2014.7603 10.0766
2014.7630 7.3528
2014.7658 9.6348
2014.7685 10.6519
2014.7712 11.1134
2014.7740 13.5488
2014.7767 9.4973
2014.7794 13.0283
2014.7822 10.3313
2014.7849 12.7055
2014.7877 12.8404
2014.7904 8.1252
2014.7931 10.5394
2014.7959 6.6623
2014.7986 4.7932
2014.8014 1.3316
2014.8041 8.5867
2014.8068 12.2680
2014.8096 10.3848
2014.8123 13.3765
2014.8151 14.0924
2014.8808 5.8509
2014.8836 6.4990
2014.8863 8.6371
2014.8890 6.5453
2014.8918 9.3137
2014.8945 5.2223
2014.8973 8.2012
2014.9000 9.7303
2014.9027 2.7797
2014.9055 6.3895
2014.9082 9.2297
2014.9110 10.7202
2014.9137 10.3613
2014.9164 9.1127
2014.9192 14.0841
2014.9219 8.3755
2014.9247 9.3668
2014.9274 9.5980
2014.9301 12.0792
2014.9329 14.1704
2014.9356 14.2016
2014.9384 12.0529
2014.9411 16.0041
2014.9438 13.6854
2014.9466 11.7068
2014.9493 8.4282
2014.9521 13.1697
2014.9548 16.2313
2014.9575 13.6431
2014.9603 8.1650
2014.9630 13.8870
2014.9658 10.4692
2014.9685 14.2316
2014.9712 7.6741
2014.9740 11.3569
2014.9767 10.2000
2014.9795 11.7732
2014.9822 11.2567
2014.9849 10.9505
2014.9877 10.8546
2014.9904 6.7289
2014.9931 6.8136
2014.9959 8.2186
2014.9986 8.0940
2015.0014 6.3901
2015.0041 7.4292
2015.0068 8.4114
2015.0096 14.5665
2015.0123 9.0844
2015.0151 7.2349
2015.0178 9.2977
2015.0205 7.1827
2015.0233 8.5297
2015.0260 9.5984
2015.0288 8.5686
2015.0315 10.5403
2015.0342 8.9231
2015.0370 6.0269
2015.0397 6.6015
2015.0425 7.9567
2015.0452 6.1022
2015.0479 7.8380
2015.0507 13.7337
2015.0534 13.3893
2015.0562 10.7044
2015.0589 6.9089
2015.0616 9.7626
2015.0644 10.5554
2015.0671 11.4869
2015.0699 11.0471
2015.0726 6.9356
2015.0753 8.5524
2015.0781 10.8372
2015.0808 9.6398
2015.0836 9.4193
2015.0863 9.4448
2015.0890 8.1768
2015.0918 13.6257
2015.0945 12.0216
2015.0973 14.0651
2015.1000 11.4663
2015.1027 12.4156
2015.1055 11.5234
2015.1082 14.0700
2015.1110 11.8457
2015.1137 8.6508
2015.1164 11.9557
2015.1192 11.3108
2015.1219 10.1362
2015.1247 15.2125
2015.1274 13.6898
2015.1301 14.4485
2015.1329 12.4290
2015.1356 11.6616
2015.1384 11.4467
2015.1411 10.5644
2015.1438 13.4353
2015.1466 14.3296
2015.1493 10.5276
2015.1521 9.1797
2015.1548 11.1061
2015.1575 12.5174
2015.1603 8.9436
2015.1630 10.6449
2015.1658 8.9488
2015.1685 11.0851
2015.1712 12.4734
2015.1740 9.5238
2015.1767 13.0862
2015.1795 3.5404
2015.1822 13.9364
2015.1849 13.1341
2015.1877 10.5133
2015.1904 11.1639
2015.1931 13.1059
2015.1959 13.6692
2015.1986 17.5937
2015.2014 14.9592
2015.2041 13.9756
2015.2068 14.3129
2015.2096 14.8710
2015.2123 15.9698
2015.2151 13.8791
2015.2178 11.8389
2015.2205 11.8791
2015.2233 9.3295
2015.2260 25.7601
2015.2288 19.6708
2015.2315 15.5714
2015.2342 14.2820
2015.2370 11.8122
2015.2397 13.6122
2015.2425 19.4517
2015.2452 21.7508
2015.2479 18.1808
2015.2507 14.3635
2015.2534 13.9884
2015.2562 12.5554
2015.2589 12.5544
2015.2616 11.6349
2015.2644 5.3769
2015.2671 -0.1700
2015.2699 13.6641
2015.2726 10.0489
2015.2753 11.4842
2015.2781 3.5397
2015.2808 7.8552
2015.2836 6.1306
2015.2863 7.6955
2015.2890 8.5798
2015.2918 11.1132
2015.2945 10.7155
2015.2973 9.6663
2015.3000 10.6057
2015.3027 10.6632
2015.3055 18.3887
2015.3082 18.9319
2015.3110 18.1126
2015.3137 18.4806
2015.3164 14.4156
2015.3192 19.1375
2015.3219 17.0459
2015.3247 13.0707
2015.3274 17.0616
2015.3301 18.2284
2015.3329 17.1414
2015.3356 16.1507
2015.3384 19.6966
2015.3411 23.3891
2015.3438 17.2683
2015.3466 13.6446
2015.3493 5.7479
2015.3521 8.8985
2015.3548 10.8266
2015.3575 14.7022
2015.3603 14.3955
2015.3630 11.8667
2015.3658 12.4459
2015.3685 11.3934
2015.3712 10.8091
2015.3740 10.0634
2015.3767 8.2463
2015.3794 10.5980
2015.3822 13.7086
2015.3849 18.1084
2015.3877 23.9074
2015.3904 23.7558
2015.3931 16.4838
2015.3959 12.3015
2015.3986 13.7891
2015.4014 16.4367
2015.4041 17.7546
2015.4068 12.0127
2015.4096 11.1813
2015.4123 11.1006
2015.4151 11.0697
2015.4178 11.6980
2015.4205 10.9354
2015.4233 7.4420
2015.4260 7.5680
2015.4288 10.6733
2015.4315 7.0480
2015.4342 7.1823
2015.4370 10.2262
2015.4397 5.4997
2015.4425 10.6929
2015.4452 5.1659
2015.4479 2.9489
2015.4507 4.2217
2015.4534 7.4446
2015.4562 6.2975
2015.4589 12.4206
2015.4616 14.8139
2015.4644 16.0575
2015.4671 12.2315
2015.4699 10.4659
2015.4726 10.1008
2015.4753 9.4263
2015.4781 9.3425
2015.4808 11.1293
2015.4836 14.3770
2015.4863 15.1455
2015.4890 14.9850
2015.4918 19.5654
2015.4945 13.4069
2015.4973 9.2796
2015.5000 8.5632
2015.5027 7.5677
2015.5055 5.4232
2015.5082 5.4496
2015.5110 4.8470
2015.5137 3.1653
2015.5164 0.8846
2015.5192 8.2848
2015.5219 10.4460
2015.5247 11.2882
2015.5274 13.8413
2015.5301 9.7954
2015.5329 13.4004
2015.5356 12.5964
2015.5384 13.5234
2015.5411 11.0714
2015.5438 11.1303
2015.5466 8.3303
2015.5493 13.8912
2015.5521 10.8931
2015.5548 12.9260
2015.5603 7.1647
2015.5630 12.5606
2015.5658 11.1975
2015.5685 10.7653
2015.5767 11.0950
2015.5794 10.8669
2015.5822 8.7001
2015.5849 6.8061
2015.5877 9.6449
2015.5904 12.0965
2015.5931 11.3105
2015.5959 14.4468
2015.5986 10.5152
2015.6014 12.7355
2015.6041 13.4975
2015.6068 9.8710
2015.6096 10.8058
2015.6123 7.6617
2015.6151 3.7585
2015.6178 10.4560
2015.6205 9.6041
2015.6233 12.4825
2015.6260 10.4410
2015.6288 13.3395
2015.6315 11.8577
2015.6342 13.5655
2015.6370 8.2226
2015.6397 7.5789
2015.6425 8.0641
2015.6452 6.2682
2015.6479 6.1707
2015.6507 13.7217
2015.6534 10.8608
2015.6562 10.5979
2015.6589 9.8928
2015.6616 7.7753
2015.6644 8.2552
2015.6671 13.7924
2015.6699 12.7070
2015.6726 6.5292
2015.6753 13.4592
2015.6781 13.3272
2015.6808 9.0133
2015.6836 9.7178
2015.6863 12.7308
2015.6890 12.8125
2015.6918 10.5631
2015.6945 9.1229
2015.6973 6.4219
2015.7000 11.0003
2015.7027 12.4485
2015.7055 15.7864
2015.7082 12.6344
2015.7110 14.8926
2015.7137 14.9812
2015.7164 13.0904
2015.7192 15.2404
2015.7219 18.5313
2015.7247 18.5834
2015.7274 12.9968
2015.7301 11.9617
2015.7329 10.7183
2015.7356 11.7269
2015.7384 7.0574
2015.7411 7.3603
2015.7438 10.9556
2015.7466 10.2435
2015.7493 7.6145
2015.7521 5.3992
2015.7548 10.5876
2015.7575 7.8195
2015.7603 6.4645
2015.7630 11.7923
2015.7658 9.6228
2015.7685 10.6456
2015.7712 8.5405
2015.7740 7.8071
2015.7767 14.2253
2015.7794 6.3847
2015.7822 6.2851
2015.7849 6.1061
2015.7877 9.7276
2015.7904 10.6993
2015.7931 14.3008
2015.7959 12.6519
2015.7986 14.8524
2015.8014 18.8219
2015.8041 12.4303
2015.8068 8.1071
2015.8096 10.4222
2015.8123 5.0153
2015.8151 6.7860
2015.8178 6.7042
2015.8205 6.3896
2015.8233 9.9918
2015.8260 10.1607
2015.8288 9.1459
2015.8315 12.5571
2015.8342 8.9759
2015.8370 13.6140
2015.8397 14.7412
2015.8425 13.9677
2015.8452 10.8833
2015.8479 15.0382
2015.8507 11.3924
2015.8534 14.0757
2015.8562 10.7383
2015.8589 8.4200
2015.8616 15.3111
2015.8644 13.0613
2015.8671 8.7608
2015.8699 8.8294
2015.8726 10.0074
2015.8753 9.2045
2015.8781 7.3809
2015.8808 7.4265
2015.8836 13.5713
2015.8863 9.4454
2015.8890 11.3787
2015.8918 13.5612
2015.8945 14.7830
2015.8973 15.6740
2015.9000 14.6243
2015.9027 12.8238
2015.9055 9.2125
2015.9082 8.1105
2015.9110 13.1677
2015.9137 13.6241
2015.9164 12.4797
2015.9192 10.9839
2015.9219 13.4866
2015.9247 9.8480
2015.9274 7.2781
2015.9301 10.4172
2015.9329 11.8752
2015.9356 8.7323
2015.9384 8.7086
2015.9411 7.4342
2015.9438 11.6792
2015.9466 8.0537
2015.9493 6.0678
2015.9521 6.9417
2015.9548 5.3654
2015.9575 4.3191
2015.9603 4.2528
2015.9630 3.2067
2015.9658 9.7708
2015.9685 9.7654
2015.9712 7.2304
2015.9740 6.8059
2015.9767 7.9322
2015.9795 2.1293
2015.9822 5.6273
2015.9849 8.8362
2015.9877 11.2364
2015.9904 8.4277
2015.9931 9.4804
2015.9959 4.7845
2015.9986 4.2602
2016.0861 6.6684
2016.0888 4.4984
2016.0915 6.3992
2016.0943 4.5008
2016.0970 4.5931
2016.0997 5.9261
2016.1025 4.6998
2016.1052 4.9442
2016.1079 7.9292
2016.1270 18.9900
2016.1298 10.1092
2016.1325 9.3388
2016.1352 11.6589
2016.1380 9.8092
2016.1407 15.4400
2016.1434 13.8310
2016.1462 11.7024
2016.1489 12.3440
2016.1516 11.2858
2016.1544 8.6779
2016.1571 11.9602
2016.1598 12.0426
2016.1626 6.5653
2016.1653 8.0687
2016.1680 4.9730
2016.1708 6.4282
2016.1735 10.2341
2016.1762 10.0707
2016.1790 13.4880
2016.1817 14.4659
2016.1844 11.4243
2016.1872 9.4933
2016.1899 15.4127
2016.1926 16.8424
2016.1954 14.7424
2016.1981 15.9528
2016.2008 15.5633
2016.2035 11.4240
2016.2063 11.2147
2016.2090 13.2555
2016.2117 7.3363
2016.2145 13.3070
2016.2172 10.3776
2016.2199 11.7479
2016.2227 10.0181
2016.2254 13.1479
2016.2281 12.5773
2016.2309 12.6963
2016.2336 8.6948
2016.2363 15.6528
2016.2391 13.9102
2016.2418 7.4670
2016.2445 8.9030
2016.2473 11.5970
2016.2500 8.3959
2016.2527 9.0999
2016.2555 8.1095
2016.2582 8.7650
2016.2609 11.7768
2016.2637 14.0852
2016.2664 10.9507
2016.2691 13.8736
2016.2719 13.6543
2016.2746 13.4431
2016.2773 9.8705
2016.2801 11.7068
2016.2828 9.1424
2016.2855 7.1876
2016.2882 9.2928
2016.2910 10.6685
2016.2937 12.7149
2016.2964 15.4425
2016.2992 17.9317
2016.3019 12.1427
2016.3046 11.9760
2016.3074 10.4420
2016.3101 9.0910
2016.3128 9.8934
2016.3156 11.8196
2016.3183 19.2500
2016.3210 8.4748
2016.3238 9.6746
2016.3265 13.5396
2016.3292 16.6604
2016.3320 9.0805
2016.3347 14.7714
2016.3374 13.1523
2016.3402 12.4325
2016.3429 16.1412
2016.3456 10.4578
2016.3484 13.5114
2016.3511 9.0214
2016.3538 8.0771
2016.3566 9.5377
2016.3593 12.8026
2016.3620 13.6108
2016.3648 18.3618
2016.3675 12.8449
2016.3702 15.4692
2016.3729 21.9241
2016.3757 23.3488
2016.3784 25.1527
2016.3811 28.2149
2016.3839 28.6948
2016.3866 28.8316
2016.3893 30.0146
2016.3921 24.1932
2016.3948 20.9964
2016.3975 17.0937
2016.4003 25.0842
2016.4030 12.8874
2016.4057 13.6324
2016.4085 11.1185
2016.4112 10.4650
2016.4139 15.0529
2016.4167 15.0389
2016.4194 19.7338
2016.4221 16.5577
2016.4249 17.9808
2016.4276 17.7530
2016.4303 19.9844
2016.4331 21.7451
2016.4358 25.9952
2016.4385 24.8748
2016.4413 24.8639
2016.4440 30.6927
2016.4467 30.0011
2016.4522 29.3373
2016.4549 29.6653
2016.4576 31.7132
2016.4604 28.0312
2016.4631 22.6593
2016.4658 25.0677
2016.4686 22.6563
2016.4713 26.5753
2016.4740 12.5948
2016.4768 9.7847
2016.6407 8.9841
2016.6434 13.3021
2016.6462 12.3565
2016.6489 13.6183
2016.6516 16.6283
2016.6544 9.8373
2016.6571 12.2463
2016.6598 9.6360
2016.6626 14.6973
2016.6653 13.7907
2016.6680 10.7127
2016.6708 10.8516
2016.6735 11.3669
2016.6762 13.1583
2016.6790 14.1851
2016.6817 13.5370
2016.6844 13.5435
2016.6872 13.4142
2016.6899 14.6885
2016.6926 12.9660
2016.6954 15.6062
2016.6981 20.0587
2016.7008 15.6831
2016.7035 15.6887
2016.7063 12.6353
2016.7090 11.7123
2016.7117 14.2792
2016.7145 13.9357
2016.7172 8.5111
2016.7199 9.3952
2016.7227 16.2073
2016.7254 13.2971
2016.7281 13.0240
2016.7309 12.4577
2016.7336 12.0577
2016.7363 9.4934
2016.7391 15.0544
2016.7418 5.9503
2016.7445 8.9206
2016.7473 5.9248
2016.7500 6.5249
2016.7527 10.9962
2016.7555 4.0986
2016.7582 8.7919
2016.7609 6.4557
2016.7637 6.2398
2016.7664 9.1839
2016.7691 12.9877
2016.7719 9.7410
2016.7746 9.3035
2016.7773 10.6050
2016.7801 9.3250
2016.7828 8.1735
2016.7855 10.2100
2016.7882 8.0643
2016.7910 9.7163
2016.7937 7.7154
2016.7964 12.2016
2016.7992 11.7945
2016.8019 15.5038
2016.8046 14.9193
2016.8074 13.1107
2016.8101 9.8378
2016.8128 11.2302
2016.8156 12.2176
2016.8183 12.2899
2016.8210 2.2867
2016.8238 3.2677
2016.8265 6.6628
2016.8292 9.3515
2016.8320 7.6938
2016.8347 8.4733
2016.8374 10.0121
2016.8402 12.8204
2016.8429 10.1480
2016.8456 10.5250
2016.8484 9.0714
2016.8511 8.4472
2016.8538 2.5826
2016.8566 1.6474
2016.8593 4.6116
2016.8620 6.5954
2016.8648 7.1288
2016.8675 5.8117
2016.8702 3.4441
2016.8729 6.7762
2016.8757 7.5078
2016.8784 6.4091
2016.8811 8.3501
2016.8839 8.1607
2016.8866 0.3709
2016.8893 11.2209
2016.8921 6.2806
2016.8948 6.4001
2016.8975 3.5693
2016.9003 6.5983
2016.9030 5.1171
2016.9057 7.3057
2016.9085 5.7441
2016.9112 7.0124
2016.9139 7.1406
2016.9167 9.5387
2016.9194 5.3275
2016.9221 4.3168
2016.9249 3.9965
2016.9276 5.0467
2016.9303 5.4472
2016.9331 6.0780
2016.9358 5.2590
2017.1192 9.2868
2017.1219 10.9359
2017.1247 9.4853
2017.1274 9.5550
2017.1301 10.4749
2017.1329 8.0451
2017.1356 8.0756
2017.1384 8.1065
2017.1411 10.1977
2017.1438 7.8092
2017.1466 8.7311
2017.1493 7.1634
2017.1521 6.5260
2017.1548 7.2591
2017.1575 6.2126
2017.1603 6.8465
2017.1630 7.1427
2017.1658 -1.5094
2017.1685 4.1012
2017.1712 9.2135
2017.1740 8.0568
2017.1767 4.3002
2017.1795 8.0129
2017.1822 6.3041
2017.1849 -2.2269
2017.1877 2.1788
2017.1904 8.0906
2017.1931 11.8076
2017.1959 9.4590
2017.1986 7.1940
2017.2014 9.7318
2017.2041 10.7615
2017.2068 13.9423
2017.2096 13.1334
2017.2123 11.4140
2017.2151 7.4233
2017.2178 11.1504
2017.2205 14.3545
2017.2233 10.3548
2017.2260 7.1105
2017.2288 12.7108
2017.2315 10.8048
2017.2342 12.6018
2017.2370 24.2908
2017.2397 23.1912
2017.2425 24.7620
2017.2452 26.7024
2017.2479 26.4159
2017.2507 25.5865
2017.2534 25.1744
2017.2562 26.4499
2017.2589 21.3832
2017.2616 23.9144
2017.2644 25.1038
2017.2671 28.6816
2017.2699 25.1480
2017.2726 24.9733
2017.2753 25.1476
2017.2781 23.4512
2017.2808 23.6442
2017.2836 23.7270
2017.2863 23.4997
2017.2890 29.4324
2017.2918 29.9456
2017.2945 30.4393
2017.2973 25.5537
2017.3000 22.4492
2017.3027 19.7558
2017.3055 31.1539
2017.3082 30.1036
2017.3110 28.5852
2017.3137 28.0488
2017.3164 28.3847
2017.3192 26.7031
2017.3219 26.9342
2017.3247 25.6382
2017.3274 20.9653
2017.3301 17.5257
2017.3329 14.5385
2017.3356 14.8335
2017.3384 11.2804
2017.3411 8.3091
2017.3438 11.6194
2017.3466 12.3310
2017.3493 10.5440
2017.3521 13.7780
2017.3548 14.9629
2017.3575 16.6185
2017.3603 15.8147
2017.3630 9.6812
2017.3658 25.6479
2017.3685 20.3145
2017.3712 15.4711
2017.3740 19.4572
2017.3767 21.0529
2017.3794 24.0378
2017.3822 24.2119
2017.3849 21.8649
2017.3877 20.3667
2017.3904 21.6470
2017.3931 16.5958
2017.3959 14.7628
2017.3986 13.0378
2017.4068 7.3396
2017.4096 13.5551
2017.4123 8.0778
2017.4151 12.6181
2017.4425 6.6174
2017.4452 3.5459
2017.4479 6.1940
2017.4507 3.7819
2017.4562 9.0278
2017.4589 9.0860
2017.4616 10.4146
2017.4699 13.9537
2017.4726 8.8250
2017.4753 11.8773
2017.4781 17.0507
2017.4808 14.5754
2017.4836 9.2015
2017.4863 10.4591
2017.4890 9.3684
2017.4918 9.9195
2017.4945 11.8524
2017.4973 8.9572
2017.5000 10.8124
2017.5027 12.3577
2017.5055 12.9032
2017.5082 11.9688
2017.5110 12.5645
2017.5137 15.3803
2017.5164 18.5062
2017.5192 16.1822
2017.5219 16.1983
2017.5247 12.8244
2017.5274 8.9706
2017.5301 9.3268
2017.5329 11.3330
2017.5356 8.7293
2017.5384 11.9555
2017.5411 9.1218
2017.5438 9.8280
2017.5466 8.3142
2017.5493 9.4304
2017.5521 8.4665
2017.5548 10.6325
2017.5575 7.2585
2017.5712 24.2368
2017.5740 9.9821
2017.5767 21.1672
2017.5822 14.6470
2017.5849 12.2017
2017.5877 12.0162
2017.5904 11.2006
2017.5931 10.5349
2017.5959 11.4291
2017.5986 6.4732
2017.6014 11.3272
2017.6233 23.3975
2017.6260 21.3112
2017.6288 18.9049
2017.6315 15.4187
2017.6342 18.0024
2017.6370 20.0963
2017.6397 22.5301
2017.6425 25.5541
2017.6452 23.5081
2017.6479 23.6622
2017.6507 25.2863
2017.6534 22.8206
2017.6562 24.6750
2017.6589 18.9595
2017.6616 20.8242
2017.6644 24.2490
2017.6671 20.7246
2017.6699 19.5819
2017.6726 21.2806
2017.6753 17.7106
2017.6781 16.7219
2017.6808 16.7043
2017.6836 23.6578
2017.6863 13.0321
2017.6890 19.0372
2017.6918 22.3730
2017.6945 16.0294
2017.6973 20.0962
2017.7000 19.2734
2017.7027 20.7008
2017.7055 19.8184
2017.7082 24.6959
2017.7110 17.4034
2017.7137 17.0006
2017.7164 15.7375
2017.7192 15.5540
2017.7219 17.3900
2017.7247 17.5753
2017.7274 13.8298
2017.7301 12.6335
2017.7329 10.8362
2017.7356 11.2477
2017.7384 12.6481
2017.7411 9.2872
2017.7438 9.3948
2017.7466 7.6608
2017.7493 5.9153
2017.7521 4.6083
2017.7548 11.3999
2017.7575 6.1003
2017.7603 8.5295
2017.7630 12.4675
2017.7658 13.3146
2017.7685 14.3707
2017.7712 12.1759
2017.7740 14.8504
2017.7767 15.3742
2017.7794 15.4774
2017.7822 18.8900
2017.7849 15.0123
2017.7877 13.9041
2017.7904 10.5457
2017.7931 9.4971
2017.7959 9.7684
2017.7986 10.6896
2017.8014 11.5510
2017.8041 11.3424
2017.8068 14.0241
2017.8096 15.5361
2017.8123 14.4385
2017.8151 11.7914
2017.8178 10.1048
2017.8205 12.7289
2017.8233 10.8736
2017.8260 10.3092
2017.8288 13.4757
2017.8315 11.0032
2017.8342 11.4726
2017.8370 11.1146
2017.8397 9.7191
2017.8425 9.1357
2017.8452 9.4443
2017.8479 6.6245
2017.8507 11.2162
2017.8534 10.3491
2017.8562 11.3830
2017.8589 10.7276
2017.8616 11.2327
2017.8644 10.8081
2017.8671 9.5034
2017.8699 8.6186
2017.8726 10.4733
2017.8753 9.4772
2017.8781 10.7303
2017.8808 10.7721
2017.8836 7.0725
2017.8863 8.5712
2017.8890 8.2581
2017.8918 8.6127
2017.8945 11.4850
2017.8973 10.4247
2017.9000 12.6015
2017.9027 7.6152
2017.9055 10.3155
2017.9082 9.6723
2017.9110 10.1852
2017.9137 6.1341
2017.9164 13.1690
2017.9192 9.2522
2017.9219 10.1942
2017.9247 13.5250
2017.9274 12.4247
2017.9301 12.2934
2017.9329 11.2911
2017.9356 12.1380
2017.9384 11.1740
2017.9411 7.4194
2017.9438 10.3040
2017.9466 9.1681
2017.9493 8.1417
2017.9521 5.9248
2017.9548 9.9676
2017.9575 6.9601
2017.9603 11.4723
2017.9630 10.0644
2017.9658 7.9365
2017.9685 9.1285
2017.9712 12.7806
2017.9740 9.8129
2017.9767 10.4654
2017.9795 10.5281
2017.9822 7.0713
2017.9849 5.2348
2017.9877 5.3489
2017.9904 7.4636
2017.9931 8.4189
2017.9959 8.8950
2017.9986 5.2719
2018.0014 7.9995
2018.0041 9.2573
2018.0068 10.2951
2018.0096 6.1729
2018.0123 7.9908
2018.0151 7.1787
2018.0178 8.3467
2018.0205 8.8546
2018.0233 12.0527
2018.0260 9.1708
2018.0288 8.9389
2018.0315 7.2570
2018.0342 11.6852
2018.0370 12.2835
2018.0397 9.5217
2018.0425 8.4501
2018.0452 10.1584
2018.0479 10.0369
2018.0507 13.6453
2018.0534 14.7839
2018.0562 14.4024
2018.0589 12.9511
2018.0616 10.7797
2018.0644 13.3785
2018.0671 12.6372
2018.0699 12.7661
2018.0726 15.7050
2018.0753 14.2839
2018.0781 11.5929
2018.0808 12.3420
2018.0836 14.7507
2018.0863 16.2487
2018.0890 15.1461
2018.0918 10.9532
2018.0945 13.3600
2018.0973 8.3467
2018.1000 12.3535
2018.1027 13.6205
2018.1055 14.2378
2018.1082 8.7856
2018.1110 12.9341
2018.1137 12.9433
2018.1164 14.3135
2018.1192 12.9848
2018.1219 11.8973
2018.1247 9.7012
2018.1274 8.8967
2018.1301 9.4438
2018.1329 8.8627
2018.1356 6.3737
2018.1384 9.6767
2018.1411 10.0720
2018.1438 11.4398
2018.1466 4.1601
2018.1493 12.4831
2018.1521 10.1291
2018.1548 6.6380
2018.1575 5.0101
2018.1603 6.1154
2018.1630 10.6340
2018.1658 9.1938
2018.1685 12.6847
2018.1712 7.6564
2018.1740 9.5091
2018.1767 11.2325
2018.1795 8.1167
2018.1822 4.3716
2018.1849 4.0071
2018.1877 2.4532
2018.1904 8.3298
2018.1931 9.4269
2018.1959 8.8844
2018.1986 9.5722
2018.2014 9.4703
2018.2041 10.3886
2018.2068 10.1571
2018.2096 11.0457
2018.2123 13.5843
2018.2151 12.5229
2018.2178 16.7415
2018.2205 13.4299
2018.2233 8.4781
2018.2260 10.3261
2018.2288 13.9537
2018.2315 8.5310
2018.2342 16.1279
2018.2370 13.5643
2018.2397 9.2102
2018.2425 12.8154
2018.2452 12.3600
2018.2479 13.8743
2018.2507 14.9586
2018.2534 17.1730
2018.2562 11.4673
2018.2589 12.4817
2018.2616 10.7861
2018.2644 12.4205
2018.2671 11.4149
2018.2699 12.1293
2018.2726 11.6937
2018.2753 14.0180
2018.2781 14.6623
2018.2808 13.3765
2018.2836 9.6907
2018.2863 18.2448
2018.2890 14.9989
2018.2918 16.9029
2018.2945 14.0667
2018.2973 18.3505
2018.3000 15.0242
2018.3027 13.9277
2018.3055 16.1511
2018.3082 17.1344
2018.3110 14.4776
2018.3137 11.0706
2018.3164 9.1034
2018.3192 11.3661
2018.3219 13.3685
2018.3247 11.7609
2018.3274 12.3830
2018.3301 12.5548
2018.3329 13.5354
2018.3356 13.0849
2018.3384 11.9932
2018.3411 11.9605
2018.3438 8.5769
2018.3466 13.0723
2018.3493 12.1769
2018.3521 10.3907
2018.3548 11.7138
2018.3575 13.3963
2018.3603 11.3783
2018.3630 7.9398
2018.3658 16.2009
2018.3685 11.7316
2018.3712 11.3821
2018.3740 17.6124
2018.3767 9.1926
2018.3794 6.7428
2018.3822 12.2429
2018.3849 7.8632
2018.3877 12.0737
2018.3904 10.1544
2018.3931 12.3254
2018.3959 10.5368
2018.3986 14.3386
2018.4014 16.6110
2018.4041 14.9640
2018.4068 12.0477
2018.4096 13.3021
2018.4123 11.6174
2018.4151 10.8933
2018.4178 11.8299
2018.4205 4.3570
2018.4233 9.3648
2018.4781 19.4198
2018.4808 20.2294
2018.5959 25.6453
2018.5986 22.7100
2018.6014 22.5245
2018.6041 19.5288
2018.6068 21.1529
2018.6205 13.1108
2018.6233 17.5839
2018.6260 16.4167
2018.6288 15.7294
2018.6315 20.3919
2018.6342 18.8442
2018.6370 14.8464
2018.6397 17.1483
2018.6425 11.5702
2018.6452 13.5718
2018.6479 10.0732
2018.6534 5.7756
2018.6562 13.7766
2018.6589 16.0074
2018.6616 14.4280
2018.6644 11.8584
2018.6671 17.6987
2018.6699 16.9088
2018.6726 18.8787
2018.6753 16.9884
2018.6781 18.1780
2018.6808 19.5175
2018.6836 15.2969
2018.6863 11.0562
2018.6890 15.1654
2018.6918 12.5447
2018.6945 12.0438
2018.6973 15.5230
2018.7000 14.5822
2018.7027 14.1415
2018.7055 12.0908
2018.7082 13.5301
2018.7110 11.6196
2018.7137 8.6292
2018.7164 9.1889
2018.7192 8.5488
2018.7219 9.1288
2018.7247 7.5490
2018.7274 7.9294
2018.7301 9.4801
2018.7329 8.5710
2018.7356 5.7822
2018.7384 10.3637
2018.7411 14.2254
2018.7466 17.8099
2018.7493 18.6327
2018.7521 17.6957
2018.7548 13.2089
2018.7575 11.2222
2018.7603 9.0356
2018.7630 14.0592
2018.7658 16.7630
2018.7685 21.2568
2018.7712 13.9408
2018.7740 14.1049
2018.7767 14.7890
2018.7794 14.2233
2018.7822 15.0776
2018.7849 18.4020
2018.7877 15.4865
2018.7904 13.5809
2018.7931 10.2555
2018.7959 14.5100
2018.7986 14.0646
2018.8014 10.8991
2018.8041 12.0437
2018.8068 16.5882
2018.8096 15.3928
2018.8123 13.7072
2018.8151 8.3917
2018.8178 13.4961
2018.8205 14.1104
2018.8233 19.4346
2018.8260 13.1988
2018.8288 13.6629
2018.8315 12.3168
2018.8342 13.0107
2018.8370 12.5444
2018.8397 12.7981
2018.8425 14.2517
2018.8452 15.3352
2018.8479 17.0986
2018.8507 13.6619
2018.8534 13.1951
2018.8562 13.0782
2018.8589 10.2613
2018.8616 14.8542
2018.8644 13.2271
2018.8671 14.8899
2018.8699 15.2027
2018.8726 13.0153
2018.8753 11.4879
2018.8781 14.8304
2018.8808 14.3029
2018.8836 14.3753
2018.8863 13.6276
2018.8890 14.3998
2018.8918 12.9820
2018.8945 14.5842
2018.8973 10.5262
2018.9000 11.3383
2018.9027 9.5102
2018.9055 12.7821
2018.9082 10.4940
2018.9110 9.1558
2018.9137 8.1376
2018.9164 9.6691
2018.9192 11.2993
2018.9219 8.7378
2018.9247 8.1248
2018.9274 7.4703
2018.9301 10.7842
2018.9329 13.9665
2018.9356 12.0473
2018.9384 11.0266
2018.9411 11.4644
2018.9438 9.3507
2018.9466 13.1556
2018.9493 11.5989
2018.9521 11.2708
2018.9548 10.8812
2018.9575 10.3601
2018.9603 9.4977
2018.9630 9.4238
2018.9685 11.1018
2018.9712 20.2337
2018.9740 10.7442
2018.9767 15.3634
2018.9795 13.6512
2018.9822 15.5476
2018.9849 13.0827
2018.9877 11.2165
2018.9904 14.7589
2018.9931 12.6401
2018.9959 13.7700
2018.9986 15.5185
2019.0014 15.7157
2019.0041 14.4308
2019.0068 11.9840
2019.0096 17.6252
2019.0123 16.7847
2019.0151 19.0226
2019.0178 16.7090
2019.0205 12.4040
2019.0233 14.4678
2019.0260 10.4805
2019.0288 12.7123
2019.0315 12.3032
2019.0342 16.5935
2019.0370 15.8532
2019.0397 14.7625
2019.0425 15.1215
2019.0452 14.9903
2019.0479 16.8492
2019.0507 17.5681
2019.0534 15.7473
2019.0562 16.5368
2019.0589 14.8369
2019.0616 14.5076
2019.0644 17.5991
2019.0671 16.8315
2019.0699 13.6249
2019.0726 17.5096
2019.0753 19.1055
2019.0781 17.2229
2019.0808 17.2318
2019.0836 9.8009
2019.0863 5.9289
2019.0890 10.8458
2019.0918 12.5921
2019.0945 13.1377
2019.0973 13.0931
2019.1000 15.8982
2019.1027 13.7934
2019.1055 14.9989
2019.1082 13.7148
2019.1110 14.3814
2019.1137 12.4188
2019.1164 9.8173
2019.1192 14.7471
2019.1219 13.9283
2019.1247 13.7112
2019.1274 13.5360
2019.1301 10.4229
2019.1329 9.3620
2019.1356 5.8536
2019.1384 9.3679
2019.1411 8.6151
2019.1438 6.3854
2019.1466 9.3189
2019.1493 9.7760
2019.1521 10.1167
2019.1548 12.9913
2019.1575 12.5901
2019.1603 11.7331
2019.1630 11.0404
2019.1658 13.1602
2019.1685 9.7122
2019.1712 13.7062
2019.1740 10.8622
2019.1767 12.5300
2019.1795 9.6894
2019.1822 14.6404
2019.1849 15.6727
2019.1877 16.7563
2019.1904 13.4010
2019.1931 14.8467
2019.1959 11.3632
2019.1986 12.9304
2019.2014 14.5883
2019.2041 13.5865
2019.2068 13.8651
2019.2096 9.7739
2019.2123 12.4327
2019.2151 13.8914
2019.2178 12.5899
2019.2205 13.9980
2019.2233 11.3257
2019.2260 11.2327
2019.2288 14.9490
2019.2315 15.7243
2019.2342 15.7787
2019.2370 17.8819
2019.2397 17.8138
2019.2425 17.5742
2019.2452 15.9231
2019.2479 13.5315
2019.2507 16.5203
2019.2534 17.2996
2019.2562 19.9692
2019.2589 15.5692
2019.2616 19.1694
2019.2644 17.2098
2019.2671 18.1003
2019.2699 16.4609
2019.2726 12.5715
2019.2753 18.7220
2019.2781 13.3225
2019.2808 17.0427
2019.2836 14.9727
2019.2863 10.8924
2019.2890 17.6717
2019.2918 17.3906
2019.2945 16.8890
2019.2973 16.4468
2019.3000 15.2841
2019.3027 13.1606
2019.3055 12.5965
2019.3082 9.4515
2019.3110 11.5857
2019.3137 10.7389
2019.3164 10.1912
2019.3192 14.1024
2019.3219 13.0025
2019.3247 15.8814
2019.3274 16.0391
2019.3301 16.1957
2019.3329 14.2920
2019.3356 15.9683
2019.3384 22.1645
2019.3411 20.5306
2019.3438 18.0167
2019.3466 21.1327
2019.3493 19.3886
2019.3521 17.1145
2019.3548 14.6204
2019.3575 21.6862
2019.3603 19.2620
2019.3630 18.9278
2019.3658 21.0335
2019.3685 13.1893
2019.3712 19.9550
2019.3740 21.8907
2019.3767 18.8064
2019.3794 17.4520
2019.3822 14.3577
2019.3849 14.3134
2019.3877 13.9291
2019.3904 15.1448
2019.3931 11.7606
2019.3959 13.0963
2019.3986 13.4921
2019.4014 11.9180
2019.4041 14.4738
2019.4068 14.6097
2019.4096 11.0857
2019.4123 12.4117
2019.4151 14.4677
2019.4178 9.9438
2019.4205 13.9000
2019.4233 19.6262
2019.4260 21.5024
2019.4288 29.2987
2019.4315 23.8750
2019.4342 19.4513
2019.4370 20.4677
2019.4397 17.4940
2019.4425 17.4104
2019.4452 19.0668
2019.4479 23.9432
2019.4507 15.7596
2019.4534 19.8060
2019.4562 24.8823
2019.4589 21.4987
2019.4616 21.4450
2019.4644 22.2213
2019.4671 21.8375
2019.4699 24.0338
2019.4726 23.4600
2019.4753 19.1061
2019.4781 26.6322
2019.4808 24.7782
2020.0014 11.1312
2020.0041 13.1443
2020.0068 15.2872
2020.0096 10.1401
2020.0123 17.9931
2020.0150 12.5862
2020.0178 15.7194
2020.0205 12.0829
2020.0232 12.7468
2020.0260 10.8410
2020.0287 4.3957
2020.0314 9.1609
2020.0342 10.4268
2020.0369 14.1533
2020.0396 11.5105
2020.0423 11.9085
2020.0451 13.7975
2020.0478 8.4873
2020.0505 11.3582
2020.0533 10.9502
2020.0560 10.0733
2020.0587 10.5276
2020.0615 11.1833
2020.0642 11.5702
2020.0669 12.0387
2020.0697 8.2286
2020.0724 11.0901
2020.0751 10.4832
2020.0779 8.1781
2020.0806 11.9447
2020.0833 10.8332
2020.0861 14.0437
2020.0888 13.3361
2020.0915 14.2704
2020.0943 16.2566
2020.0970 9.8046
2020.0997 6.5544
2020.1025 8.6961
2020.1052 2.2795
2020.1516 9.5989
2020.1544 10.7991
2020.1571 10.2905
2020.1598 4.8330
2020.1626 12.3467
2020.1653 11.6409
2020.1680 7.9753
2020.1708 5.3600
2020.1735 13.9649
2020.1762 6.6502
2020.1790 9.8857
2020.1817 13.1316
2020.1844 9.3877
2020.1872 9.2042
2020.1899 8.9510
2020.1926 5.9581
2020.1954 7.1456
2020.1981 15.5035
2020.2008 16.1216
2020.2035 19.2202
2020.2063 19.7491
2020.2090 13.8284
2020.2117 12.8982
2020.2145 10.9483
2020.2172 14.0488
2020.2199 12.9297
2020.2227 10.8410
2020.2254 14.2628
2020.2281 19.5950
2020.2309 17.3676
2020.2336 21.0807
2020.2363 15.3343
2020.2391 12.7983
2020.2418 10.7928
2020.2445 14.8777
2020.2473 9.8834
2020.2500 7.7303
2020.2527 7.9882
2020.2555 14.0372
2020.2582 11.2070
2020.2609 13.6776
2020.2637 13.4890
2020.2664 14.6110
2020.2691 18.2034
2020.2719 13.3863
2020.2746 16.5994
2020.2773 21.1128
2020.2801 14.5163
2020.2828 13.3598
2020.2855 12.8932
2020.2882 8.7464
2020.2910 7.9793
2020.2937 11.2718
2020.2964 15.3839
2020.2992 17.1553
2020.3019 14.9961
2020.3046 12.6461
2020.3074 10.4752
2020.3101 12.1233
2020.3128 9.9204
2020.3156 12.6963
2020.3183 15.2209
2020.3210 13.6541
2020.3238 12.5359
2020.3265 7.0660
2020.3292 8.4645
2020.3320 6.5921
2020.3347 6.0292
2020.3374 9.2258
2020.3402 9.1319
2020.3429 9.0976
2020.3456 9.2028
2020.3484 8.6577
2020.3511 9.7022
2020.3538 11.1462
2020.3566 11.1100
2020.3593 10.9334
2020.3620 12.1464
2020.3648 9.0192
2020.3675 9.2217
2020.3702 9.7039
2020.3729 9.6659
2020.3757 9.1676
2020.3784 10.3191
2020.3811 6.5005
2020.3839 8.3416
2020.3866 8.7026
2020.3893 11.0834
2020.3921 9.8242
2020.3948 10.4948
2020.3975 19.0953
2020.4003 13.8658
2020.4030 9.2362
2020.4057 15.8165
2020.4085 19.4769
2020.4112 18.2872
2020.4139 15.1677
2020.4167 15.8284
2020.4194 17.4795
2020.4221 16.6708
2020.4249 19.8023
2020.4276 17.8040
2020.4303 18.2457
2020.4331 17.5775
2020.4358 19.9893
2020.4385 22.9810
2020.4413 16.8726
2020.4440 17.1341
2020.4467 12.0653
2020.4495 14.0462
2020.4522 11.6769
2020.4549 12.0371
2020.4576 16.1169
2020.4604 13.9162
2020.4631 13.7850
2020.4658 15.8832
2020.4686 11.6407
2020.4713 12.3376
2020.4740 9.4537
2020.4768 10.5890
2020.4795 6.0234
2020.4822 12.4370
2020.4850 9.2395
2020.4877 9.3511
2020.4904 10.8016
2020.4932 9.1010
2020.4959 6.4092
2020.4986 11.4865
2020.5014 8.1434
2020.5041 12.4797
2020.5068 12.6855
2020.5096 8.9809
2020.5123 12.1058
2020.5150 11.3403
2020.5178 14.6044
2020.5205 14.5381
2020.5232 15.9514
2020.5260 18.3944
2020.5287 17.7571
2020.5314 19.7095
2020.5342 19.3616
2020.5369 18.7134
2020.5396 17.5750
2020.5423 12.7863
2020.5451 15.0374
2020.5478 12.5784
2020.5505 14.9792
2020.5533 14.7498
2020.5560 12.3703
2020.5587 15.0008
2020.5615 16.4911
2020.5642 18.9813
2020.5669 18.1216
2020.5697 21.0917
2020.5724 16.0819
2020.5751 17.5921
2020.5779 7.4523
2020.5806 16.8026
2020.5833 13.5229
2020.5861 16.9832
2020.5888 16.6534
2020.5915 15.3037
2020.5943 14.9439
2020.5970 13.0940
2020.5997 11.4742
2020.6025 14.0743
2020.6052 15.3745
2020.6079 13.4645
2020.6107 13.3746
2020.6134 12.3147
2020.6161 12.7647
2020.6189 8.2247
2020.6216 11.4848
2020.6243 5.0648
2020.6270 5.3747
2020.6298 0.7747
2020.6325 7.7547
2020.6352 9.1446
2020.6380 7.1846
2020.6407 7.5745
2020.6434 7.5944
2020.6462 13.2543
2020.6489 14.3443
2020.6516 9.3442
2020.6544 8.6541
2020.6571 7.5740
2020.6598 13.5039
2020.6626 10.1238
2020.6653 13.8737
2020.6680 13.8732
2020.6708 12.4825
2020.6735 12.1414
2020.6762 17.6000
2020.6790 15.6783
2020.6817 12.6263
2020.6844 14.5341
2020.6872 13.4018
2020.6899 16.8992
2020.6926 15.8965
2020.6954 16.7636
2020.6981 18.0207
2020.7008 15.5777
2020.7035 15.0946
2020.7063 13.4415
2020.7090 14.8084
2020.7117 13.7853
2020.7145 11.0122
2020.7172 15.8193
2020.7199 16.0664
2020.7227 13.9537
2020.7254 13.1211
2020.7281 13.3587
2020.7309 14.5765
2020.7336 15.7745
2020.7363 14.0228
2020.7391 15.6613
2020.7418 14.1602
2020.7445 13.5693
2020.7473 13.8889
2020.7500 17.0597
2020.7527 17.6138
2020.7555 20.2112
2020.7582 19.7416
2020.7609 18.7351
2020.7637 22.2614
2020.7664 17.5205
2020.7691 18.6022
2020.7719 16.8964
2020.7746 18.9429
2020.7773 14.8816
2020.7801 16.3624
2020.7828 16.5752
2020.7855 20.3198
2020.7882 17.3562
2020.7910 21.4241
2020.7937 15.7434
2020.7964 16.4341
2020.7992 13.1160
2020.8019 12.4490
2020.8046 11.5429
2020.8074 19.0976
2020.8101 16.2229
2020.8128 12.0289
2020.8156 9.1052
2020.8183 11.1519
2020.8210 15.1287
2020.8238 14.8055
2020.8265 13.8823
2020.8292 12.9588
2020.8320 13.4251
2020.8347 11.5554
2020.8374 12.7714
2020.8402 16.6329
2020.8429 14.5992
2020.8456 9.4500
2020.8484 4.5146
2020.8511 9.2528
2020.8538 10.0340
2020.8566 4.5177
2020.8593 11.1534
2020.8620 9.9808
2020.8648 13.5992
2020.8675 13.2583
2020.8702 12.6775
2020.8729 9.6664
2020.8757 10.2545
2020.8784 8.2514
2020.8811 6.7565
2020.8839 7.0594
2020.8866 4.5496
2020.8893 3.8266
2020.8921 7.9401
2020.8948 6.0394
2020.8975 10.0141
2020.9003 9.4338
2020.9030 9.3179
2020.9057 9.5760
2020.9085 9.6277
2020.9112 10.5724
2020.9139 14.2797
2020.9167 10.3002
2020.9194 12.2187
2020.9221 7.4157
2020.9249 12.3715
2020.9276 14.1460
2020.9303 15.6293
2020.9331 8.7314
2020.9358 8.1424
2020.9385 13.8524
2020.9413 11.3313
2020.9440 9.6693
2020.9467 15.3264
2020.9495 13.7627
2020.9522 17.8382
2020.9549 17.7230
2020.9576 19.1470
2020.9604 18.5005
2020.9631 13.6233
2020.9658 15.2357
2020.9686 14.0876
2020.9713 20.2890
2020.9740 17.4502
2020.9768 16.6210
2020.9795 17.5215
2020.9822 16.5319
2020.9850 20.9721
2020.9877 15.9022
2020.9904 14.5123
2020.9932 18.4524
2020.9959 15.2725
2020.9986 16.9928
2021.0014 17.6630
2021.0041 18.1514
2021.0068 19.1181
2021.0096 22.1331
2021.0123 13.6666
2021.0151 13.4889
2021.0178 15.1800
2021.0205 20.2402
2021.0233 17.3597
2021.0260 14.9686
2021.0288 16.0971
2021.0315 13.6354
2021.0342 13.2737
2021.0370 14.9121
2021.0397 14.0408
2021.0425 7.5999
2021.0452 9.3498
2021.0479 11.8805
2021.0507 12.7122
2021.0534 11.8451
2021.0562 13.3094
2021.0589 12.1153
2021.0616 14.7428
2021.0644 20.0623
2021.0671 14.6739
2021.0699 16.9677
2021.0726 13.2440
2021.0753 11.6828
2021.0781 12.5645
2021.0808 10.7691
2021.0836 20.3784
2021.0863 19.7335
2021.0890 17.5441
2021.0918 18.9498
2021.0945 15.1003
2021.0973 15.1750
2021.1000 8.6938
2021.1027 12.4562
2021.1055 12.9818
2021.1082 7.0203
2021.1110 12.7612
2021.1137 10.1943
2021.1164 13.1091
2021.1192 16.4953
2021.1219 15.1724
2021.1247 16.0402
2021.1274 13.6681
2021.1301 13.5460
2021.1329 9.3033
2021.1356 14.6697
2021.1384 8.0348
2021.1411 13.7984
2021.1438 14.6499
2021.1466 17.7590
2021.1493 17.7153
2021.1521 17.3185
2021.1548 17.9382
2021.1575 18.5240
2021.1603 19.2255
2021.1630 18.1329
2021.1658 14.5094
2021.1685 14.3353
2021.1712 15.5908
2021.1740 19.6659
2021.1767 15.1206
2021.1795 16.5650
2021.1822 15.2192
2021.1849 14.0130
2021.1877 16.4767
2021.1904 23.1302
2021.1931 20.0535
2021.1959 19.2468
2021.1986 20.3500
2021.2014 21.4832
2021.2041 22.3964
2021.2068 22.6397
2021.2096 22.6431
2021.2123 21.0667
2021.2151 19.2104
2021.2178 19.1943
2021.2205 20.6385
2021.2233 16.0930
2021.2260 19.5779
2021.2288 20.7231
2021.2315 22.4588
2021.2342 21.3249
2021.2370 22.9715
2021.2397 18.4786
2021.2425 18.5963
2021.2452 18.7946
2021.2479 18.8334
2021.2507 19.3023
2021.2534 17.5714
2021.2562 18.0307
2021.2589 14.9902
2021.2616 14.0399
2021.2644 12.7498
2021.2671 17.1700
2021.2699 19.6804
2021.2726 18.7310
2021.2753 17.7919
2021.2781 18.8930
2021.2808 18.3143
2021.2836 19.6760
2021.2863 23.5879
2021.2890 25.2701
2021.2918 20.9026
2021.2945 16.5354
2021.2973 16.3785
2021.3000 16.1119
2021.3027 15.0657
2021.3055 16.8297
2021.3082 16.1741
2021.3110 16.0288
2021.3137 13.9239
2021.3164 16.7393
2021.3192 16.8151
2021.3219 18.2213
2021.3247 15.1778
2021.3274 12.5347
2021.3301 15.5022
2021.3329 12.7017
2021.3356 13.5631
2021.3384 17.3863
2021.3411 17.1114
2021.3438 11.9680
2021.3466 19.5261
2021.3493 14.5356
2021.3521 16.0064
2021.3548 18.1782
2021.3575 21.2910
2021.3603 14.2946
2021.3630 18.8990
2021.3658 16.4439
2021.3685 13.0593
2021.3712 10.4850
2021.3740 9.3910
2021.3767 13.5070
2021.3794 15.5230
2021.3822 9.3588
2021.3849 12.0142
2021.3877 9.8293
2021.3904 14.1937
2021.3931 16.7175
2021.3959 13.7205
2021.3986 15.7125
2021.4014 16.8134
2021.4041 15.9131
2021.4068 15.6715
2021.4096 13.1584
2021.4123 18.4637
2021.4151 11.5978
2021.4178 12.6011
2021.4205 16.0336
2021.4233 16.2152
2021.4260 21.7460
2021.4288 17.9359
2021.4315 20.8849
2021.4342 23.4830
2021.4370 22.7502
2021.4397 27.5464
2021.4425 25.9816
2021.4452 22.6159
2021.4479 18.9792
2021.4507 18.1914
2021.4534 20.8626
2021.4562 22.5827
2021.4589 23.4118
2021.4616 23.5797
2021.4644 24.7866
2021.4671 25.2223
2021.4699 25.1868
2021.4726 20.2402
2021.4753 22.2124
2021.4781 18.2234
2021.4808 19.4832
2021.4836 18.5317
2021.4863 19.4790
2021.4890 15.6650
2021.4918 14.8797
2021.4945 19.5031
2021.4973 22.1047
2021.5000 24.7824
2021.5027 23.9460
2021.5055 21.0158
2021.5082 17.4921
2021.5110 21.9051
2021.5137 12.0652
2021.5164 14.5225
2021.5192 11.8374
2021.5219 16.1902
2021.5247 18.7810
2021.5274 18.7103
2021.5301 17.2483
2021.5329 16.2853
2021.5356 16.5914
2021.5384 17.8771
2021.5411 16.3426
2021.5438 15.1682
2021.5466 15.0641
2021.5493 13.1006
2021.5521 12.0580
2021.5548 12.2266
2021.5575 13.6767
2021.5603 13.9385
2021.5630 11.9523
2021.5658 9.8984
2021.5685 6.5070
2021.5712 10.9485
2021.5740 16.6231
2021.5767 17.2312
2021.5794 15.9928
2021.5822 18.9280
2021.5849 20.8843
2021.5877 20.7612
2021.5904 18.9489
2021.5931 19.0672
2021.5959 21.1462
2021.5986 23.2559
2021.6014 16.4764
2021.6041 14.5876
2021.6068 18.5395
2021.6096 17.8922
2021.6123 14.8356
2021.6151 17.6898
2021.6178 13.4847
2021.6205 21.3905
2021.6233 15.8470
2021.6260 15.3643
2021.6288 12.3525
2021.6315 11.3114
2021.6342 14.2512
2021.6370 10.9218
2021.6397 10.4233
2021.6425 15.7856
2021.6452 14.9088
2021.6479 17.1928
2021.6507 13.4077
2021.6534 13.6135
2021.6562 11.8402
2021.6589 17.6678
2021.6616 13.2764
2021.6644 15.2658
2021.6671 15.7872
2021.6699 16.0116
2021.6726 18.4687
2021.6753 14.1582
2021.6781 10.9500
2021.6808 20.1738
2021.6836 14.1295
2021.6863 16.1367
2021.6890 16.0852
2021.6918 19.3849
2021.6945 19.9755
2021.6973 20.8268
2021.7000 18.4885
2021.7027 22.5705
2021.7055 15.2225
2021.7082 16.4442
2021.7110 20.0055
2021.7137 14.0562
2021.7164 10.8959
2021.7192 14.4546
2021.7219 11.8119
2021.7247 17.9876
2021.7274 15.7615
2021.7301 22.0734
2021.7329 19.9831
2021.7356 22.3103
2021.7384 22.2448
2021.7411 20.0364
2021.7438 19.8448
2021.7466 15.9799
2021.7493 18.2717
2021.7521 16.9716
2021.7548 17.1101
2021.7575 18.0071
2021.7603 18.8928
2021.7630 20.8273
2021.7658 20.2407
2021.7685 23.5530
2021.7712 21.0245
2021.7740 21.4152
2021.7767 18.7651
2021.7794 19.8945
2021.7822 17.2333
2021.7849 20.5718
2021.7877 17.0799
2021.7904 18.9779
2021.7931 23.0657
2021.7959 20.1135
2021.7986 18.6515
2021.8014 18.2096
2021.8041 18.4080
2021.8068 19.7568
2021.8096 25.9962
2021.8123 25.2061
2021.8151 21.8267
2021.8178 19.9581
2021.8205 13.4605
2021.8233 18.1338
2021.8260 15.7882
2021.8288 10.7739
2021.8315 11.2108
2021.8342 16.4687
2021.8370 17.9371
2021.8397 14.8459
2021.8425 13.2752
2021.8452 17.6250
2021.8479 18.1252
2021.8507 14.7858
2021.8534 13.6069
2021.8562 12.1384
2021.8589 19.1803
2021.8616 14.0025
2021.8644 14.7852
2021.8671 14.7182
2021.8699 15.5616
2021.8726 15.2754
2021.8753 19.8195
2021.8781 20.6139
2021.8808 17.8486
2021.8836 18.5937
2021.8863 19.4290
2021.8918 15.2806
2021.8945 19.2668
2021.8973 19.3532
2021.9000 15.7899
2021.9027 17.3168
2021.9055 20.9739
2021.9082 22.0113
2021.9110 23.1989
2021.9137 25.2266
2021.9164 22.3752
2021.9192 26.5283
2021.9219 25.5965
2021.9247 23.7392
2021.9274 23.8161
2021.9301 21.0169
2021.9329 15.8113
2021.9356 15.1988
2021.9384 14.0891
2021.9411 21.0318
2021.9438 16.6067
2021.9466 20.2833
2021.9493 21.3612
2021.9521 19.3302
2021.9548 21.5999
2021.9575 20.1298
2021.9603 21.2698
2021.9630 22.4093
2021.9658 23.6980
2021.9685 25.8757
2021.9712 20.8318
2021.9740 15.1462
2021.9767 22.1383
2021.9795 19.4579
2021.9822 20.8846
2021.9849 22.5280
2021.9877 27.8778
2021.9904 21.9936
2021.9931 23.9351
2021.9959 21.9119
2021.9986 20.6737
2022.0014 24.9196
2022.0041 21.8370
2022.0068 22.3960
2022.0096 22.7572
2022.0123 15.9313
2022.0151 15.0289
2022.0178 20.6006
2022.0205 23.6971
2022.0233 20.4990
2022.0260 24.4169
2022.0288 22.3015
2022.0315 18.3734
2022.0342 18.8932
2022.0370 15.4515
2022.0397 18.1291
2022.0425 17.7965
2022.0452 15.0843
2022.0479 20.7732
2022.0507 18.7239
2022.0534 18.7169
2022.0562 18.1229
2022.0589 18.8325
2022.0616 15.0263
2022.0644 16.3551
2022.0671 19.6493
2022.0699 21.2597
2022.0726 19.0969
2022.0753 15.4215
2022.0781 18.3742
2022.0808 18.8655
2022.0836 23.0418
2022.0863 19.9290
2022.0890 21.3871
2022.0918 21.4461
2022.0945 19.5257
2022.0973 18.5760
2022.1000 19.4369
2022.1027 15.7683
2022.1055 13.1502
2022.1082 14.3525
2022.1110 12.0251
2022.1137 17.4279
2022.1164 21.3210
2022.1192 23.6041
2022.1219 23.2774
2022.1247 20.5505
2022.1274 17.5336
2022.1301 21.9466
2022.1329 21.6993
2022.1356 21.5918
2022.1384 17.2039
2022.1411 26.7355
2022.1438 20.6767
2022.1466 19.1673
2022.1493 15.6773
2022.1521 13.1366
2022.1548 15.7651
2022.1575 19.0728
2022.1603 16.9896
2022.1630 16.7955
2022.1658 18.6012
2022.1685 18.2467
2022.1712 19.6621
2022.1740 18.5573
2022.1767 21.1623
2022.1795 23.3771
2022.1822 18.8818
2022.1849 22.7563
2022.1877 21.1005
2022.1904 19.8546
2022.1931 22.4784
2022.1959 23.7720
2022.1986 22.7754
2022.2014 21.8085
2022.2041 19.3314
2022.2068 23.7940
2022.2096 21.1864
2022.2123 22.8986
2022.2151 25.9304
2022.2178 28.9420
2022.2205 19.1332
2022.2233 26.0142
2022.2260 25.1649
2022.2288 23.5153
2022.2315 22.6654
2022.2342 21.0451
2022.2370 22.1445
2022.2397 21.5136
2022.2425 22.6723
2022.2452 23.0807
2022.2479 27.0259
2022.2507 21.0852
2022.2534 28.1391
2022.2562 25.5381
2022.2589 22.7525
2022.2616 19.7328
2022.2644 25.0994
2022.2671 20.8927
2022.2699 23.4432
2022.2726 21.8613
2022.3548 14.8588
2022.3575 18.2768
2022.3603 17.3158
2022.3630 17.4758
2022.3658 17.7365
2022.3685 14.8477
2022.3712 14.9192
2022.3740 17.9208
2022.3767 20.0123
2022.3794 23.2036
2022.3822 15.1943
2022.3849 16.8444
2022.3877 25.6836
2022.3904 31.0718
2022.3931 30.6586
2022.3959 30.2140
2022.3986 26.3377
2022.4014 25.0196
2022.4041 32.5294
2022.4068 27.5069
2022.4096 23.0020
2022.4123 19.2544
2022.4151 23.9950
2022.4178 21.2446
2022.4205 22.0434
2022.4233 25.1814
2022.4260 22.6588
2022.4288 23.7955
2022.4315 19.3917
2022.4342 24.4375
2022.4370 23.7228
2022.4397 21.0079
2022.4425 24.7828
2022.4452 25.2975
2022.4479 21.7821
2022.4507 22.2067
2022.4534 21.6714
2022.4562 22.6963
2022.4589 22.2514
2022.4616 17.6468
2022.4644 21.6726
2022.4671 23.8689
2022.4699 22.5957
2022.4726 22.8032
2022.4753 25.2413
2022.4781 26.0802
2022.4808 25.4900
2022.4836 26.7207
2022.4863 27.6223
2022.4890 27.1751
2022.4918 26.8090
2022.4945 30.2142
2022.4973 24.9206
2022.5000 25.3878
2022.5027 20.8159
2022.5055 23.5146
2022.5082 27.0540
2022.5110 26.4040
2022.5137 21.9946
2022.5164 25.2557
2022.5192 24.0172
2022.5219 23.9992
2022.5247 16.2216
2022.5274 15.1243
2022.5301 16.0372
2022.5329 24.5504
2022.5356 27.2538
2022.5384 26.2873
2022.5411 27.8509
2022.5438 29.8846
2022.5466 31.0482
2022.5493 29.4818
2022.5521 29.2153
2022.5548 27.7786
2022.5575 24.5417
2022.5603 22.2946
2022.5630 28.4672
2022.5658 28.4195
2022.5685 21.5713
2022.5712 23.5827
2022.5740 24.6137
2022.5767 23.8741
2022.5794 21.0639
2022.5822 16.9330
2022.5849 19.5509
2022.5877 20.9676
2022.5904 18.7132
2022.5931 22.0077
2022.5959 17.9112
2022.5986 21.8439
2022.6014 23.2558
2022.6041 22.8771
2022.6068 19.6177
2022.6096 17.7977
2022.6123 18.6574
2022.6151 18.9166
2022.6178 17.7556
2022.6205 20.6045
2022.6233 22.5832
2022.6260 20.3519
2022.6288 21.7707
2022.6315 23.0996
2022.6342 20.6288
2022.6370 22.4883
2022.6397 26.4482
2022.6425 31.2786
2022.6452 26.2696
2022.6479 24.1013
2022.6507 23.9437
2022.6534 25.4570
2022.6562 24.4112
2022.6589 24.4064
2022.6616 17.0427
2022.6644 23.6602
2022.6671 22.9416
2022.6699 28.8294
2022.6726 26.9930
2022.6753 23.7520
2022.6781 22.9560
2022.6808 25.6346
2022.6836 24.5273
2022.6863 26.5236
2022.6890 24.9932
2022.6918 24.6855
2022.6945 24.6702
2022.6973 25.0667
2022.7000 23.1147
2022.7027 21.0837
2022.7055 23.9433
2022.7082 25.0429
2022.7110 24.5423
2022.7137 19.5409
2022.7164 19.1282
2022.7192 24.8938
2022.7219 20.4374
2022.7247 23.0384
2022.7274 21.8164
2022.7301 23.3710
2022.7329 22.9917
2022.7356 24.1881
2022.7384 26.5597
2022.7411 27.6861
2022.7438 27.3968
2022.7466 25.5014
2022.7493 23.2200
2022.7521 19.6049
2022.7548 22.0868
2022.7575 18.0259
2022.7603 22.6724
2022.7630 18.4964
2022.7658 27.2882
2022.7685 25.0980
2022.7712 30.5359
2022.7740 30.5423
2022.7767 25.7971
2022.7794 28.8807
2022.7822 23.9833
2022.7849 21.0151
2022.7877 25.4762
2022.7904 24.2368
2022.7931 25.2972
2022.7959 23.5176
2022.7986 25.6780
2022.8014 23.6689
2022.8041 23.1903
2022.8068 21.8024
2022.8096 19.9654
2022.8123 18.6396
2022.8151 21.5752
2022.8178 20.2722
2022.8205 23.6610
2022.8233 21.0717
2022.8260 17.3746
2022.8288 19.4098
2022.8315 25.2075
2022.8342 21.3879
2022.8370 20.8308
2022.8397 20.7863
2022.8425 26.5339
2022.8452 21.1436
2022.8479 20.7351
2022.8507 19.1983
2022.8534 25.2729
2022.8562 22.0988
2022.8589 16.6157
2022.8616 16.4735
2022.8644 18.9820
2022.8671 21.8410
2022.8699 21.8302
2022.8726 23.1396
2022.8753 24.4889
2022.8781 21.1878
2022.8808 27.5463
2022.8836 20.8041
2022.8863 24.9210
2022.8890 22.4069
2022.8918 23.3415
2022.8945 29.0447
2022.8973 26.3262
2022.9000 24.6359
2022.9027 20.7235
2022.9055 22.7290
2022.9082 17.6819
2022.9110 27.4523
2022.9137 24.9999
2022.9164 27.2044
2022.9192 23.3350
2022.9219 26.0118
2022.9247 25.7648
2022.9274 20.3542
2022.9301 24.6599
2022.9329 23.1121
2022.9356 22.1810
2022.9384 22.5465
2022.9411 25.6988
2022.9438 26.1780
2022.9466 22.3342
2022.9493 23.4574
2022.9521 25.2778
2022.9548 23.6655
2022.9575 20.1105
2022.9603 23.2529
2022.9630 24.6429
2022.9658 19.3105
2022.9685 21.7958
2022.9712 19.1689
2022.9740 23.8600
2022.9767 20.7090
2022.9795 20.7461
2022.9822 23.8014
2022.9849 22.2550
2022.9877 21.8170
2022.9904 20.4974
2022.9931 20.9964
2022.9959 19.1141
2022.9986 18.3805
