2009.2466 -8.1797
2009.2493 -10.6346
2009.2521 -10.1603
2009.2548 -8.5269
2009.2575 -8.2842
2009.2603 -9.4222
2009.2630 -9.6407
2009.2658 -5.0098
2009.2685 -4.2094
2009.2712 -7.4594
2009.2740 -8.1398
2009.2767 -5.4804
2009.2795 -1.7912
2009.2822 -2.4122
2009.2849 -9.3832
2009.2877 -5.3243
2009.2904 -2.8453
2009.2932 -5.8162
2009.2959 -10.1870
2009.2986 -5.6374
2009.3014 -3.9776
2009.3041 -6.3274
2009.3068 -8.2068
2009.3096 -7.4456
2009.3123 -9.3139
2009.3151 -7.8915
2009.3178 -10.0185
2009.3205 -10.5646
2009.3233 -9.1000
2009.3260 -14.1144
2009.3288 -10.4879
2009.3315 -2.7706
2009.3342 -4.6628
2009.3370 -7.3545
2009.3397 -10.5858
2009.3425 -9.6167
2009.3452 -9.5073
2009.3479 -9.8476
2009.3507 -12.5675
2009.3534 -12.3173
2009.3562 -10.6668
2009.3589 -11.4561
2009.3616 -11.9853
2009.3644 -5.0244
2009.3671 -1.4835
2009.3699 -2.1625
2009.3726 -10.6415
2009.3753 -13.3905
2009.3781 -13.6797
2009.3808 -15.9789
2009.3836 -13.0083
2009.3863 -11.9679
2009.3890 -11.2677
2009.3918 -10.2078
2009.3945 -9.7582
2009.3973 -10.3588
2009.4000 -7.5099
2009.4027 -7.1114
2009.4055 -2.8532
2009.4082 -3.7756
2009.4110 -8.0885
2009.4137 -7.4019
2009.4219 -11.1326
2009.4247 -10.6463
2009.4274 -8.0102
2009.4301 -12.9543
2009.4329 -14.6385
2009.4356 -18.3029
2009.4384 -19.1275
2009.4411 -7.7024
2009.4438 -5.0374
2009.4466 -6.6328
2009.4493 -9.0884
2009.4521 -5.4343
2009.4548 -7.3004
2009.4575 -5.8470
2009.4603 -2.7938
2009.4630 1.0090
2009.4658 -3.4386
2009.4685 -3.1166
2009.4712 -9.7950
2009.4740 -12.4338
2009.4767 -11.4531
2009.4795 -13.4028
2009.4822 -12.9031
2009.4849 -9.3738
2009.4877 -10.6750
2009.4904 -7.1068
2009.4932 -8.3391
2009.4959 -13.1520
2009.4986 -15.0454
2009.5014 -15.5992
2009.5041 -12.4235
2009.5068 -8.2282
2009.5096 -10.9333
2009.5123 -10.1387
2009.5151 -9.9644
2009.5178 -7.8605
2009.5205 -5.1568
2009.5233 -4.4134
2009.5260 -7.0902
2009.5288 -9.9372
2009.5315 -8.8743
2009.5342 -10.5116
2009.5370 -5.9890
2009.5397 -5.0465
2009.5425 -8.9541
2009.5671 -7.9707
2009.5699 -12.3275
2009.5726 -10.4740
2009.5753 -5.7103
2009.5781 0.4137
2009.5808 2.1280
2009.5836 -0.7876
2009.5863 -3.0733
2009.5890 -0.9490
2009.5918 -2.7948
2009.5945 -0.7405
2009.5973 2.3338
2009.6000 4.7782
2009.6027 0.3326
2009.6055 -1.7628
2009.6082 -1.1781
2009.6110 -0.7932
2009.6137 -6.8882
2009.6164 -10.4229
2009.6192 -5.5474
2009.6219 -5.4417
2009.6247 -3.5456
2009.6274 1.5708
2009.6301 -1.5125
2009.6329 3.3946
2009.6356 1.7021
2009.6384 5.6300
2009.6411 9.6984
2009.6438 4.6873
2009.6466 0.7266
2009.6493 1.5065
2009.6521 0.5869
2010.0000 -1.7699
2010.0027 1.4698
2010.0055 -4.1111
2010.0082 1.8075
2010.0110 -1.5145
2010.0137 3.2431
2010.0164 -4.7899
2010.0192 -2.7132
2010.0219 -4.1870
2010.0247 -5.6412
2010.0274 -1.1458
2010.0301 -3.0807
2010.0329 -2.2059
2010.0356 -2.6714
2010.0384 4.7029
2010.0411 0.5968
2010.0438 0.2106
2010.0466 -7.1858
2010.0493 -6.6724
2010.0521 -1.7191
2010.0548 -4.5759
2010.0575 -0.6128
2010.0603 -3.0097
2010.0630 -6.0167
2010.0658 -3.0937
2010.0685 -0.1307
2010.0712 -1.1376
2010.0740 -1.7045
2010.0767 -3.1412
2010.0795 -6.7178
2010.0822 -3.6546
2010.0849 -2.3925
2010.0877 0.4383
2010.0904 -4.3422
2010.0932 -0.2736
2010.0959 0.8740
2010.0986 -3.8491
2010.1014 -2.6928
2010.1041 -3.1070
2010.1068 -0.1416
2010.1096 -1.7764
2010.1123 -1.1312
2010.1151 -1.0760
2010.1178 0.5193
2010.1205 -2.0249
2010.1233 -1.4587
2010.1260 -0.9119
2010.1288 2.6056
2010.1315 -0.3260
2010.1342 -1.4465
2010.1370 -1.7459
2010.1397 -2.1540
2010.1425 -2.1507
2010.1452 -2.4158
2010.1479 2.5907
2010.1507 3.1591
2010.1534 4.1395
2010.1562 3.6020
2010.1589 2.2968
2010.1616 5.1439
2010.1644 -0.2769
2010.1671 7.0639
2010.1699 2.4463
2010.1726 -0.2499
2010.1753 2.1854
2010.1781 -0.4781
2010.1808 3.3297
2010.1836 2.6787
2010.1863 -3.7113
2010.1890 -0.4902
2010.1918 -1.3682
2010.1945 -6.7854
2010.1973 -3.9717
2010.2000 -9.0674
2010.2027 -4.2625
2010.2055 -3.7970
2010.2082 -5.1510
2010.2110 -0.1546
2010.2137 -1.9479
2010.2164 1.5590
2010.2192 -2.7239
2010.2219 -1.7068
2010.2247 -2.6696
2010.2274 -3.1025
2010.2301 -0.8755
2010.2329 -1.0687
2010.2356 -1.9723
2010.2384 -2.9462
2010.2411 0.3294
2010.2438 0.5745
2010.2466 -1.1510
2010.2493 0.5333
2010.2521 0.3274
2010.2548 4.7813
2010.2575 -0.9949
2010.2603 3.9689
2010.2630 -0.1975
2010.2658 -1.2639
2010.2685 1.9697
2010.2712 5.9333
2010.2740 7.7770
2010.2767 1.3907
2010.2795 2.0946
2010.2822 2.7686
2010.2849 -1.0173
2010.2877 -1.0529
2010.2904 0.4116
2010.2932 -1.5336
2010.2959 -8.2185
2010.2986 -5.5131
2010.3014 -0.3773
2010.3041 -1.9412
2010.3068 0.0053
2010.3096 0.1722
2010.3123 -0.0304
2010.3151 -1.8125
2010.3178 -3.4042
2010.3205 -4.7552
2010.3233 -2.9457
2010.3260 -3.5457
2010.3288 -3.7449
2010.3315 -3.3534
2010.3342 -1.7508
2010.3370 -2.1774
2010.3397 -3.2729
2010.3425 -3.9677
2010.3452 -3.8915
2010.3479 -3.1146
2010.3507 -5.1769
2010.3534 -3.1385
2010.3562 -5.5894
2010.3589 -3.9596
2010.3616 -6.8393
2010.3644 -5.8383
2010.3671 6.7432
2010.3699 0.3352
2010.3726 -1.6624
2010.3753 1.3805
2010.3781 -0.6263
2010.3808 -1.2327
2010.3836 -1.4488
2010.3863 -1.0746
2010.3890 -1.0202
2010.3918 1.3844
2010.3945 3.2692
2010.3973 0.0241
2010.4000 8.5990
2010.4027 5.4840
2010.4055 4.8290
2010.4082 0.9240
2010.4110 5.8889
2010.4137 -1.0562
2010.4164 7.6789
2010.4192 5.6343
2010.4219 4.6499
2010.4247 4.3857
2010.4274 1.4718
2010.4301 0.0681
2010.4329 1.0845
2010.4356 2.5111
2010.4384 -2.0822
2010.4411 -4.4953
2010.4438 0.0417
2010.4466 1.5787
2010.4493 -1.5342
2010.4521 -0.8371
2010.4548 2.3301
2010.4575 -1.2027
2010.4603 4.9544
2010.4630 -0.0885
2010.4658 2.8986
2010.4685 3.1356
2010.4712 7.5825
2010.4740 4.7793
2010.4767 5.2860
2010.4795 0.5725
2010.4822 6.4089
2010.4849 8.8251
2010.4877 10.2110
2010.4904 5.9868
2010.4932 2.7423
2010.4959 2.2175
2010.4986 0.2227
2010.5014 -0.4519
2010.5041 2.0736
2010.5068 2.2691
2010.5096 1.5147
2010.5123 -1.4398
2010.5151 2.1457
2010.5178 2.5110
2010.5205 -0.1040
2010.5233 1.4009
2010.5260 0.0454
2010.5288 1.4396
2010.5315 2.7433
2010.5342 -1.8434
2010.5370 -3.8506
2010.5397 -7.1384
2010.5425 3.3432
2010.5452 5.8741
2010.5479 6.2343
2010.5507 4.1537
2010.5534 6.8023
2010.5562 4.5100
2010.5589 5.5867
2010.5616 7.1925
2010.5644 5.2372
2010.5671 5.0908
2010.5699 0.7333
2010.5726 1.0645
2010.5753 -1.2855
2010.5781 -2.9968
2010.5808 -0.6594
2010.5836 -1.6833
2010.5863 -0.6382
2010.5890 -2.1041
2010.5918 -1.8509
2010.5945 1.0715
2010.5973 -2.5868
2010.6000 0.9640
2010.6027 1.8042
2010.6055 0.7038
2010.6082 1.1828
2010.6110 1.8514
2010.6137 1.9194
2010.6164 -1.2229
2010.6192 -5.7255
2010.6219 -6.6485
2010.6247 -8.2516
2010.6274 -6.8649
2010.6301 -5.5483
2010.6329 7.1482
2010.6356 0.5447
2010.6384 5.2913
2010.6411 3.2281
2010.6438 2.6849
2010.6466 -0.2779
2010.6493 4.3095
2010.6521 -2.7627
2010.6548 -6.2046
2010.6575 -6.5660
2010.6603 -5.3968
2010.6630 0.1229
2010.6658 -2.0269
2010.6685 3.5530
2010.6712 -0.1376
2010.6740 1.9815
2010.6767 -3.7096
2010.6795 -1.5610
2010.6822 3.5974
2010.6849 1.3058
2010.6877 2.7041
2010.6904 2.2825
2010.6932 0.4109
2010.6959 -3.5204
2010.6986 -2.8315
2010.7014 -1.2923
2010.7041 1.5672
2010.7068 -0.3428
2010.7096 -1.8222
2010.7123 7.5888
2010.7151 1.3705
2010.7178 1.7029
2010.7205 -1.9139
2010.7233 -1.9399
2010.7260 -2.7051
2010.7288 -1.7292
2010.7315 -8.2123
2010.7342 -5.4944
2010.7370 -7.0453
2010.7397 -2.1249
2010.7425 -6.2633
2010.7452 -2.9703
2010.7479 -1.7460
2010.7507 -5.2390
2010.7534 -9.7386
2010.7562 -6.0049
2010.7589 -5.0280
2010.7616 -2.6283
2010.7644 0.5741
2010.7671 -2.3510
2010.7699 -1.6238
2010.7726 -5.3944
2010.7753 -2.7030
2010.7781 -4.1700
2010.7808 -7.1453
2010.7836 -7.3893
2010.7863 -5.5221
2010.7890 -8.5139
2010.7918 -1.9949
2010.7945 -5.6553
2010.7973 -2.7853
2010.8000 -4.9551
2010.8027 -6.8148
2010.8055 -1.3147
2010.8082 -4.2850
2010.8110 -4.2057
2010.8137 -5.5172
2010.8164 -3.6997
2010.8192 -3.7132
2010.8219 -8.5580
2010.8247 -2.9944
2010.8274 1.2776
2010.8301 -2.4923
2010.8329 -6.7738
2010.8356 -1.4949
2010.8384 -7.7950
2010.8411 -11.3045
2010.8438 -9.2733
2010.8466 -7.2518
2010.8493 -4.3599
2010.8521 -0.5678
2010.8548 0.1244
2010.8575 -2.2135
2010.8603 -4.3616
2010.8630 -2.2700
2010.8658 2.9512
2010.8685 -2.4182
2010.8712 -3.9784
2010.8740 -6.4693
2010.8767 2.8388
2010.8795 -3.0041
2010.8822 7.6917
2010.8849 0.9462
2010.8877 8.4492
2010.8904 3.1306
2010.8932 3.1703
2010.8959 1.0782
2010.8986 0.2041
2010.9014 -0.5721
2010.9041 2.2795
2010.9068 3.5387
2010.9096 2.0854
2010.9123 0.6695
2010.9151 3.6509
2010.9178 2.0194
2010.9205 0.3653
2010.9233 -3.7915
2010.9260 -1.6408
2010.9288 -2.5624
2010.9315 -0.5162
2010.9342 -2.1722
2010.9370 -1.7501
2010.9397 -3.8299
2010.9425 0.4986
2010.9452 3.1455
2010.9479 0.5909
2010.9507 0.2050
2010.9534 -2.2622
2010.9562 -2.5305
2010.9589 0.5702
2010.9616 -2.7200
2010.9644 -2.4909
2010.9671 -1.1423
2010.9699 -2.3543
2010.9726 -5.8566
2010.9753 -4.3692
2010.9781 -1.5219
2010.9808 -2.9946
2010.9836 -0.5471
2010.9863 -1.6194
2010.9890 -3.9912
2010.9918 0.3774
2010.9945 -2.2633
2010.9973 -2.7333
2011.0000 -5.1224
2011.0027 -3.7416
2011.0055 0.7280
2011.0082 -3.6634
2011.0110 0.7242
2011.0137 0.5010
2011.0164 -1.6029
2011.0192 -3.0875
2011.0219 -1.7826
2011.0247 -3.5281
2011.0274 -0.6139
2011.0301 -2.5099
2011.0329 -4.3760
2011.0356 -1.5722
2011.0384 -0.2082
2011.0411 0.4260
2011.0438 1.0606
2011.0466 0.3655
2011.0493 2.1610
2011.0521 2.4371
2011.0548 1.3740
2011.0575 2.6317
2011.0603 0.6004
2011.0630 6.2402
2011.0658 5.5911
2011.0685 4.0433
2011.0712 2.3668
2011.0740 5.2518
2011.0767 4.5785
2011.0795 4.5768
2011.0822 -0.6928
2011.0849 3.0714
2011.0877 3.1695
2011.0904 3.8812
2011.0932 3.9361
2011.0959 4.8142
2011.0986 3.0951
2011.1014 2.1685
2011.1041 4.0842
2011.1068 4.2319
2011.1096 2.1615
2011.1123 3.1425
2011.1151 2.5349
2011.1178 -1.0818
2011.1205 2.8323
2011.1233 6.2169
2011.1260 1.9417
2011.1288 7.2964
2011.1315 8.2810
2011.1342 5.8749
2011.1370 6.0981
2011.1397 3.5002
2011.1425 6.8410
2011.1452 6.5802
2011.1479 8.0976
2011.1507 9.7430
2011.1534 4.8459
2011.1562 13.2263
2011.1589 6.7938
2011.1616 7.8182
2011.1644 10.1309
2011.1671 8.9234
2011.1699 4.1757
2011.1726 4.6377
2011.1753 2.6996
2011.1781 6.0812
2011.1808 3.3325
2011.1836 5.2437
2011.1863 3.3346
2011.1890 3.6553
2011.1918 3.4358
2011.1945 1.0460
2011.1973 1.3560
2011.2000 -0.1142
2011.2027 4.4853
2011.2055 5.8246
2011.2082 1.6737
2011.2110 2.6625
2011.2137 4.3110
2011.2164 2.8794
2011.2192 3.8175
2011.2219 0.1753
2011.2247 0.9729
2011.2274 2.8403
2011.2301 8.4474
2011.2329 3.2942
2011.2356 4.2708
2011.2384 -0.5428
2011.2411 0.8932
2011.2438 0.3691
2011.2466 0.5645
2011.2493 2.8384
2011.2521 1.9109
2011.2548 -1.0379
2011.2575 0.2620
2011.2603 3.1707
2011.2630 5.5885
2011.2658 7.7654
2011.2685 6.2015
2011.2712 4.2570
2011.2740 6.2019
2011.2767 3.6465
2011.2795 6.2107
2011.2822 3.4048
2011.2849 7.8888
2011.2877 8.3629
2011.2904 6.6572
2011.2932 5.4518
2011.2959 4.2268
2011.2986 1.8024
2011.3014 2.8986
2011.3041 4.5557
2011.3068 4.7936
2011.3096 3.4125
2011.3123 4.4626
2011.3151 3.7440
2011.3178 3.6167
2011.3205 7.6809
2011.3233 8.5668
2011.3260 5.4444
2011.3288 7.0238
2011.3315 10.4356
2011.3342 14.6301
2011.3370 8.4071
2011.3397 5.3064
2011.3425 8.3079
2011.3452 7.3314
2011.3479 8.8468
2011.3507 5.7538
2011.3534 9.9323
2011.3562 7.9222
2011.3589 7.7232
2011.3616 7.6652
2011.3644 5.0481
2011.3671 8.4016
2011.3699 5.1456
2011.3726 9.3199
2011.3753 8.9143
2011.3781 4.3088
2011.3808 5.9130
2011.3836 8.9870
2011.3863 10.8103
2011.3890 14.8130
2011.3918 14.0948
2011.3945 14.4556
2011.3973 11.7452
2011.4000 8.7235
2011.4027 12.3302
2011.4055 4.1552
2011.4082 4.2983
2011.4110 3.7894
2011.4137 4.3586
2011.4164 2.0275
2011.4192 5.3265
2011.4219 7.1554
2011.4247 7.9042
2011.4274 7.0628
2011.4301 6.7013
2011.4329 7.8195
2011.4356 6.8374
2011.4384 9.0349
2011.4411 10.1420
2011.4438 3.6086
2011.4466 2.6048
2011.4493 4.4104
2011.4521 3.4353
2011.4548 5.9996
2011.4575 6.4032
2011.4603 4.3560
2011.4630 7.1279
2011.4658 13.8290
2011.4685 7.9592
2011.4712 13.0884
2011.4740 11.4065
2011.4767 10.4636
2011.4795 10.3796
2011.4822 12.2243
2011.4849 9.8678
2011.4877 8.9501
2011.4904 12.0510
2011.4932 5.8205
2011.4959 4.6385
2011.4986 11.0053
2011.5014 8.0808
2011.5041 16.2552
2011.5068 18.0286
2011.5096 15.0110
2011.5123 21.4325
2011.5151 7.6233
2011.5178 5.0233
2011.5205 7.0026
2011.5233 1.8314
2011.5260 5.9296
2011.5288 5.8275
2011.5315 6.1049
2011.5342 6.6721
2011.5370 9.7791
2011.5397 11.3359
2011.5425 9.5227
2011.5452 7.1895
2011.5479 7.9863
2011.5507 5.5534
2011.5534 5.9907
2011.5562 4.3783
2011.5589 7.6163
2011.5616 9.7047
2011.5644 3.4237
2011.5671 6.8133
2011.5699 3.5436
2011.5726 3.9747
2011.5753 2.7466
2011.5781 5.7394
2011.5808 6.6932
2011.5836 5.8575
2011.5863 2.8519
2011.5890 3.8864
2011.5918 6.5711
2011.5945 4.5258
2011.5973 7.3207
2011.6000 7.0757
2011.6027 6.6409
2011.6055 6.9963
2011.6082 10.1019
2011.6110 6.5377
2011.6137 4.6438
2011.6164 3.7101
2011.6192 1.4367
2011.6219 4.8535
2011.6247 9.3107
2011.6274 6.8782
2011.6301 7.3660
2011.6329 6.3142
2011.6356 10.1827
2011.6384 16.4017
2011.6411 17.4310
2011.6438 11.8908
2011.6466 11.5110
2011.6493 9.9416
2011.6521 8.7827
2011.6548 10.6243
2011.6575 8.0664
2011.6603 4.7890
2011.6630 11.3822
2011.6658 12.9059
2011.6685 4.2703
2011.6712 8.5353
2011.6740 7.6811
2011.6767 5.7576
2011.6795 9.3848
2011.6822 6.0727
2011.6849 8.8612
2011.6877 8.4906
2011.6904 8.9806
2011.6932 10.1413
2011.6959 10.6228
2011.6986 3.7350
2011.7014 4.1079
2011.7041 8.8716
2011.7068 6.9760
2011.7096 4.2511
2011.7123 4.0670
2011.7151 3.9937
2011.7178 3.9310
2011.7205 6.3592
2011.7233 5.2381
2011.7260 7.8377
2011.7315 5.2293
2011.7342 7.3413
2011.7370 7.9840
2011.7397 7.3575
2011.7425 5.4518
2011.7452 5.0569
2011.7479 3.9928
2011.7507 1.5793
2011.7534 -2.5735
2011.7562 -5.4259
2011.7589 4.0423
2011.7616 2.7809
2011.7644 9.2999
2011.7671 6.4493
2011.7699 8.2590
2011.7726 6.2690
2011.7753 5.6293
2011.7781 4.8597
2011.7808 5.4504
2011.7836 4.4511
2011.7863 3.3519
2011.7890 4.8928
2011.7918 6.5937
2011.7945 5.8346
2011.7973 5.5653
2011.8000 6.5060
2011.8027 7.4764
2011.8055 7.1667
2011.8082 5.9867
2011.8110 9.8565
2011.8137 12.3059
2011.8164 13.6850
2011.8192 6.0736
2011.8219 4.8218
2011.8247 13.5496
2011.8274 9.3667
2011.8301 12.4934
2011.8329 8.8494
2011.8356 5.4853
2011.8384 8.7112
2011.8411 7.3769
2011.8438 4.0426
2011.8466 4.8681
2011.8493 8.3236
2011.8521 8.2790
2011.8548 5.6143
2011.8575 9.8795
2011.8603 13.2046
2011.8630 9.4797
2011.8658 8.9647
2011.8685 11.9996
2011.8712 7.9044
2011.8740 4.6392
2011.8767 4.2139
2011.8795 7.5285
2011.8822 7.8831
2011.8849 12.5975
2011.8877 6.5720
2011.8904 8.6663
2011.8932 8.9106
2011.8959 7.4948
2011.8986 5.0290
2011.9014 6.8631
2011.9041 8.0572
2011.9068 10.9412
2011.9096 14.4751
2011.9123 11.4590
2011.9151 12.5828
2011.9178 8.9266
2011.9205 4.8803
2011.9233 7.5738
2011.9260 9.4471
2011.9288 8.5203
2011.9315 15.7034
2011.9342 15.7562
2011.9370 15.7788
2011.9397 9.6611
2011.9425 13.3432
2011.9452 13.4550
2011.9479 10.6866
2011.9507 15.4378
2011.9534 12.0386
2011.9562 14.7792
2011.9589 9.2493
2011.9616 5.1291
2011.9644 11.6185
2011.9671 10.6875
2011.9699 8.2460
2011.9726 7.6441
2011.9753 8.9016
2011.9781 8.4687
2011.9808 7.0153
2011.9836 10.1714
2011.9863 8.1769
2011.9890 13.5318
2011.9918 11.9362
2011.9945 11.7800
2011.9973 10.8031
2012.0000 4.9056
2012.0027 9.1467
2012.0055 6.8458
2012.0082 8.5930
2012.0109 7.9384
2012.0137 14.6222
2012.0164 8.0845
2012.0191 7.8355
2012.0219 8.4752
2012.0246 10.4338
2012.0273 9.7014
2012.0301 7.9382
2012.0328 9.0443
2012.0355 7.7598
2012.0383 11.1049
2012.0410 10.0796
2012.0437 10.7742
2012.0464 10.7688
2012.0492 9.7334
2012.0519 10.6182
2012.0546 5.4934
2012.0574 12.0891
2012.0601 8.8554
2012.0628 10.1824
2012.0656 10.7403
2012.0683 12.0893
2012.0710 11.4993
2012.0738 12.0307
2012.0765 11.0934
2012.0792 9.8577
2012.0820 11.1735
2012.0847 13.5797
2012.0874 16.2361
2012.0902 10.5226
2012.0929 14.1192
2012.0956 11.3260
2012.0984 13.7730
2012.1011 9.3001
2012.1038 15.2774
2012.1066 12.9649
2012.1093 15.5425
2012.1120 17.4904
2012.1148 14.5884
2012.1175 15.0467
2012.1202 16.7851
2012.1230 13.2438
2012.1257 12.8527
2012.1284 10.1718
2012.1311 11.0211
2012.1339 12.6707
2012.1366 9.1305
2012.1393 12.2706
2012.1421 13.1209
2012.1448 9.0415
2012.1475 9.9424
2012.1503 10.4335
2012.1530 11.7549
2012.1557 15.0866
2012.1585 12.5386
2012.1612 14.2808
2012.1639 15.7337
2012.1667 14.2876
2012.1694 10.3926
2012.1721 18.2284
2012.1749 18.1651
2012.1776 15.7925
2012.1803 14.9405
2012.1831 12.3092
2012.1858 10.4783
2012.1885 11.3379
2012.1913 7.8378
2012.1940 10.0280
2012.1967 12.7283
2012.1995 11.9587
2012.2022 10.8192
2012.2049 10.1196
2012.2077 12.7098
2012.2104 12.1998
2012.2131 9.0795
2012.2158 10.5788
2012.2186 9.1776
2012.2213 8.4259
2012.2240 7.7335
2012.2268 8.2204
2012.2295 6.0865
2012.2322 9.5117
2012.2350 6.2060
2012.2377 14.0092
2012.2404 6.6613
2012.2432 3.1822
2012.2459 6.3018
2012.2486 8.7005
2012.2514 9.8784
2012.2541 11.3756
2012.2568 9.0922
2012.2596 5.5281
2012.2623 3.7936
2012.2650 6.0685
2012.2678 11.3530
2012.2705 11.7671
2012.2732 10.1009
2012.2760 20.8244
2012.2787 11.7377
2012.2814 14.2708
2012.2842 10.8237
2012.2869 15.3266
2012.2896 13.5295
2012.2923 7.8224
2012.2951 10.0754
2012.2978 7.5486
2012.3005 13.1619
2012.3033 15.2355
2012.3060 17.9694
2012.3087 22.7136
2012.3115 18.5583
2012.3142 18.7133
2012.3169 20.4889
2012.3197 16.2451
2012.3224 12.9519
2012.3251 14.2493
2012.3279 12.2375
2012.3306 18.9362
2012.3333 14.2250
2012.3361 15.9537
2012.3388 12.8725
2012.3415 15.2112
2012.3443 13.1800
2012.3470 14.9188
2012.3497 12.7376
2012.3525 12.4364
2012.3552 12.8853
2012.3579 17.5542
2012.3607 16.6831
2012.3634 21.3022
2012.3661 25.2112
2012.3689 20.2804
2012.3716 15.5996
2012.3743 12.6089
2012.3770 14.4983
2012.3798 18.2178
2012.3825 16.0274
2012.3852 15.7971
2012.3880 17.9970
2012.3907 16.1169
2012.3934 17.5770
2012.3962 19.0973
2012.3989 17.9877
2012.4016 15.2082
2012.4044 12.4589
2012.4071 11.2498
2012.4098 14.8308
2012.4126 13.0420
2012.4153 17.0734
2012.4180 20.3347
2012.4208 17.0562
2012.4235 18.4976
2012.4262 21.4792
2012.4290 20.9807
2012.4317 20.0823
2012.4344 22.4840
2012.4372 16.8057
2012.4399 19.5174
2012.4426 14.2091
2012.4454 13.9809
2012.4481 16.8427
2012.4508 13.2145
2012.4536 19.8763
2012.4563 17.6582
2012.4590 18.9701
2012.4617 20.3520
2012.4645 21.8739
2012.4672 19.9958
2012.4699 18.0377
2012.4727 24.1297
2012.4754 22.1016
2012.4781 22.2635
2012.4809 21.2855
2012.4836 15.7674
2012.4863 14.6293
2012.4891 17.4412
2012.4918 15.7232
2012.4945 16.0351
2012.4973 15.7069
2012.5000 12.6389
2012.5027 9.5609
2012.5055 13.0829
2012.5082 13.0650
2012.5109 15.0971
2012.5137 15.1893
2012.5164 20.3615
2012.5191 11.6038
2012.5219 6.2062
2012.5246 9.8987
2012.5273 13.0812
2012.5301 15.1038
2012.5328 13.1764
2012.5355 9.8592
2012.5383 18.1520
2012.5410 18.7749
2012.5437 17.9179
2012.5464 12.4810
2012.5492 20.9241
2012.5519 18.3074
2012.5546 10.8307
2012.5574 12.2342
2012.5601 11.0878
2012.5628 14.1914
2012.5656 11.5952
2012.5683 13.4290
2012.5710 11.2330
2012.5738 12.5671
2012.5765 15.6613
2012.5792 9.1057
2012.5820 12.8604
2012.5847 17.0377
2012.5874 14.5279
2012.5902 13.4409
2012.5929 15.2464
2012.5956 13.2643
2012.5984 12.1143
2012.6011 12.9463
2012.6038 7.3901
2012.6066 13.3355
2012.6093 13.6423
2012.6120 14.3304
2012.6148 17.4495
2012.6175 13.7794
2012.6202 15.6601
2012.6230 19.9312
2012.6257 18.4627
2012.6284 20.7642
2012.6311 11.8757
2012.6339 13.8269
2012.6366 17.3877
2012.6393 12.3879
2012.6421 11.7272
2012.6448 12.1956
2012.6475 11.8927
2012.6503 11.8085
2012.6530 14.9427
2012.6557 12.6752
2012.6585 19.9457
2012.6612 15.2241
2012.6639 29.9302
2012.6667 14.7947
2012.6694 16.9591
2012.6721 11.9635
2012.6749 16.1877
2012.6776 11.9219
2012.6803 12.7358
2012.6831 13.6595
2012.6858 11.0729
2012.6885 10.3660
2012.6913 16.1988
2012.6940 19.1012
2012.6967 14.8832
2012.6995 14.7046
2012.7022 18.6456
2012.7049 17.2361
2012.7077 18.0659
2012.7104 17.8051
2012.7131 16.8736
2012.7158 8.9315
2012.7186 8.5085
2012.7213 10.3848
2012.7240 4.5803
2012.7268 8.8749
2012.7295 11.7485
2012.7322 12.2212
2012.7350 14.0130
2012.7377 12.9036
2012.7404 15.1733
2012.7432 15.5518
2012.7459 9.1691
2012.7486 14.5053
2012.7514 14.8010
2012.7541 12.0966
2012.7568 10.4320
2012.7596 11.8672
2012.7623 9.1823
2012.7650 12.8373
2012.7678 14.0621
2012.7705 14.4669
2012.7732 15.8515
2012.7760 16.7361
2012.7787 13.9106
2012.7814 16.6750
2012.7842 18.5294
2012.7869 14.9838
2012.7896 16.7481
2012.7923 13.1724
2012.7951 15.7567
2012.7978 12.6910
2012.8005 13.3253
2012.8033 14.8496
2012.8060 18.2940
2012.8087 19.7884
2012.8115 21.6429
2012.8142 25.0374
2012.8169 24.1821
2012.8197 21.8768
2012.8224 20.4116
2012.8251 18.2066
2012.8279 16.7416
2012.8306 17.6068
2012.8333 23.0222
2012.8361 18.9979
2012.8388 19.5140
2012.8415 14.5602
2012.8443 19.9367
2012.8470 18.1334
2012.8497 16.7103
2012.8525 24.7274
2012.8552 16.1446
2012.8579 15.8718
2012.8607 13.0392
2012.8634 21.7265
2012.8661 19.7239
2012.8689 19.6213
2012.8716 14.6587
2012.8743 15.6459
2012.8770 14.9531
2012.8798 16.8701
2012.8825 14.9570
2012.8852 19.8537
2012.8880 22.2402
2012.8907 22.1965
2012.8934 19.1425
2012.8962 14.7182
2012.8989 19.2735
2012.9016 16.8486
2012.9044 17.0332
2012.9071 16.4375
2012.9098 19.3913
2012.9126 18.1446
2012.9153 18.4275
2012.9180 19.6288
2012.9208 16.5680
2012.9235 17.2051
2012.9262 20.5304
2012.9290 17.2839
2012.9317 19.1457
2012.9344 17.2059
2012.9372 17.6148
2012.9399 17.4324
2012.9426 17.3888
2012.9454 16.1642
2012.9481 11.5487
2012.9508 12.6724
2012.9536 17.7554
2012.9563 16.5980
2012.9590 15.7901
2012.9617 17.0319
2012.9645 16.5635
2012.9672 14.6352
2012.9699 11.3869
2012.9727 11.8488
2012.9754 14.7211
2012.9781 16.8538
2012.9809 14.9971
2012.9836 16.6012
2012.9863 13.2661
2012.9891 14.8419
2012.9918 13.8089
2012.9945 15.1970
2012.9973 15.9665
2013.0000 17.8075
2013.0027 16.0193
2013.0055 14.6611
2013.0082 16.7231
2013.0110 16.5252
2013.0137 19.4775
2013.0164 17.6498
2013.0192 17.5123
2013.0219 19.4749
2013.0247 20.7676
2013.0274 19.0204
2013.0301 19.2834
2013.0329 17.2864
2013.0356 21.5396
2013.0384 18.3528
2013.0411 14.8262
2013.0438 17.7997
2013.0466 16.8133
2013.0493 19.1970
2013.0521 15.0308
2013.0548 16.9747
2013.0575 18.5588
2013.0603 18.0329
2013.0630 13.7571
2013.0658 17.7315
2013.0685 19.6859
2013.0712 18.6604
2013.0740 17.1851
2013.0767 25.9198
2013.0795 19.1446
2013.0822 20.0596
2013.0849 19.7649
2013.0877 21.9207
2013.0904 20.2569
2013.0932 20.3634
2013.0959 22.1804
2013.0986 21.9678
2013.1014 19.4555
2013.1041 21.2637
2013.1068 23.4422
2013.1096 21.2910
2013.1123 22.9903
2013.1151 20.2498
2013.1178 18.2198
2013.1205 25.5901
2013.1233 21.7607
2013.1260 21.5317
2013.1288 20.0429
2013.1315 21.1446
2013.1342 21.9065
2013.1370 19.1487
2013.1397 15.7713
2013.1425 13.4041
2013.1452 9.8973
2013.1479 15.8107
2013.1507 18.4244
2013.1534 21.9484
2013.1562 19.1627
2013.1589 20.4272
2013.1616 17.5120
2013.1644 18.7978
2013.1671 18.2752
2013.1699 21.1941
2013.1726 15.9946
2013.1753 15.5465
2013.1781 17.9598
2013.1808 14.8145
2013.1836 15.5805
2013.1863 18.4377
2013.1890 17.0861
2013.1918 14.1057
2013.1945 14.0164
2013.1973 16.6681
2013.2164 25.0550
2013.2192 20.0932
2013.2219 17.4420
2013.2247 17.5613
2013.2274 23.9311
2013.2301 21.5913
2013.2329 19.3818
2013.2356 22.4027
2013.2384 20.3639
2013.2411 20.6453
2013.2438 25.4768
2013.2466 21.4090
2013.2493 26.5849
2013.2521 27.2148
2013.2548 21.1883
2013.2575 24.7151
2013.2603 27.9549
2013.2630 23.6473
2013.2658 21.6920
2013.2685 20.6887
2013.2712 20.9470
2013.2740 27.1867
2013.2767 24.0874
2013.2795 19.4488
2013.2822 23.8006
2013.2849 24.7923
2013.2877 24.8438
2013.2904 26.6446
2013.2932 26.7645
2013.2959 25.2131
2013.2986 21.1401
2013.3014 19.9852
2013.3041 21.1080
2013.3068 24.1182
2013.3096 23.7355
2013.3123 22.4696
2013.3151 22.7401
2013.3178 20.9767
2013.3205 27.1691
2013.3233 26.0870
2013.3260 24.4900
2013.3288 23.5477
2013.3315 27.7422
2013.3342 24.3156
2013.3370 19.2679
2013.3397 23.0194
2013.3425 21.5099
2013.3452 21.7897
2013.3479 22.3688
2013.3507 26.1972
2013.3534 21.3250
2013.3562 25.2324
2013.3589 23.4593
2013.3616 20.7559
2013.3644 22.4822
2013.3671 21.6682
2013.3699 19.9842
2013.3726 15.2900
2013.3753 16.9659
2013.3781 16.1119
2013.3808 19.5880
2013.3836 19.0343
2013.3863 18.0210
2013.3890 18.7680
2013.3918 17.1854
2013.3945 16.9034
2013.3973 19.2919
2013.4000 20.5211
2013.4027 20.4111
2013.4055 21.4918
2013.4082 20.9434
2013.4110 20.1260
2013.4137 23.4494
2013.4164 21.9030
2013.4192 25.5366
2013.4219 24.3901
2013.4247 22.2837
2013.4274 26.7172
2013.4301 26.6608
2013.4329 31.1443
2013.4356 27.5179
2013.4384 25.2915
2013.4411 22.3450
2013.4438 22.2186
2013.4466 17.7122
2013.4493 18.9957
2013.4521 19.9793
2013.4548 14.2429
2013.4575 13.4665
2013.4603 14.4101
2013.4630 18.3338
2013.4658 17.4774
2013.4685 24.9510
2013.4712 23.0847
2013.4740 26.3184
2013.4767 26.2721
2013.4795 24.1558
2013.4822 22.7995
2013.4849 18.2232
2013.4877 16.3970
2013.4904 12.7908
2013.4932 13.3346
2013.4959 16.6884
2013.4986 14.1122
2013.5014 17.2761
2013.5041 17.9501
2013.5068 15.4541
2013.5096 14.9681
2013.5123 20.9121
2013.5151 24.7762
2013.5178 20.6703
2013.5205 22.4645
2013.5233 21.5886
2013.5260 20.6528
2013.5288 16.9770
2013.5315 17.5012
2013.5342 20.0254
2013.5370 16.5296
2013.5397 18.2439
2013.5425 20.3381
2013.5452 16.8223
2013.5479 18.3865
2013.5507 17.8808
2013.5534 20.5650
2013.5562 23.5292
2013.5589 27.5233
2013.5616 20.2875
2013.5644 20.9216
2013.5671 21.5357
2013.5699 18.4898
2013.5726 16.4338
2013.5753 17.0578
2013.5781 21.1718
2013.5808 20.5757
2013.5836 21.6390
2013.5863 27.3909
2013.5890 28.2218
2013.5918 24.1715
2013.5945 23.9902
2013.5973 20.4781
2013.6000 21.5251
2013.6027 19.8814
2013.6055 22.3771
2013.6082 17.4322
2013.6110 16.6669
2013.6137 14.6412
2013.6164 16.2952
2013.6192 23.8391
2013.6219 18.7928
2013.6247 20.3966
2013.6274 19.2304
2013.6301 19.1245
2013.6329 18.5487
2013.6356 21.2034
2013.6384 16.9985
2013.6411 15.4641
2013.6438 16.7203
2013.6466 20.3672
2013.6493 19.5350
2013.6521 19.2436
2013.6548 18.1033
2013.6575 15.5740
2013.6603 14.4858
2013.6630 13.5689
2013.6658 16.3734
2013.6685 17.6994
2013.6712 17.7669
2013.6740 14.4158
2013.6767 14.8560
2013.6795 16.2473
2013.6822 18.5896
2013.6849 19.4630
2013.6877 13.1272
2013.6904 13.4421
2013.6932 16.7977
2013.6959 17.6438
2013.6986 13.3203
2013.7014 13.0672
2013.7041 18.5042
2013.7068 15.9514
2013.7096 14.5387
2013.7123 14.0558
2013.7151 19.8227
2013.7178 15.9893
2013.7205 19.7755
2013.7233 17.8912
2013.7260 19.5062
2013.7288 14.8706
2013.7315 12.8041
2013.7342 10.2666
2013.7370 11.6182
2013.7397 9.2586
2013.7425 11.3477
2013.7452 16.2855
2013.7479 22.0818
2013.7507 16.1573
2013.7534 19.1827
2013.7562 15.7080
2013.7589 19.5332
2013.7616 18.6684
2013.7644 19.1434
2013.7671 24.2784
2013.7699 24.9533
2013.7726 23.6981
2013.7753 25.5529
2013.7781 24.1376
2013.7808 26.2323
2013.7836 20.1470
2013.7863 23.2316
2013.7890 20.8062
2013.7918 22.6508
2013.7945 20.6554
2013.7973 24.8700
2013.8000 21.4446
2013.8027 19.4992
2013.8055 23.1838
2013.8082 22.2485
2013.8110 28.0832
2013.8137 25.5779
2013.8164 29.4627
2013.8192 25.4675
2013.8219 25.9024
2013.8247 27.4774
2013.8274 27.5424
2013.8301 25.9575
2013.8329 25.4628
2013.8356 23.7090
2013.8384 28.0860
2013.8411 28.3938
2013.8438 27.0023
2013.8466 28.3214
2013.8493 24.5710
2013.8521 28.7310
2013.8548 25.0313
2013.8575 27.9418
2013.8603 26.3425
2013.8630 24.6732
2013.8658 28.8539
2013.8685 23.9444
2013.8712 20.1647
2013.8740 22.3547
2013.8767 21.8743
2013.8795 23.4334
2013.8822 24.7819
2013.8849 21.2297
2013.8877 26.9367
2013.8904 21.7429
2013.8932 21.1581
2013.8959 21.2823
2013.8986 22.6753
2013.9014 24.9971
2013.9041 18.6776
2013.9068 17.1667
2013.9096 20.8643
2013.9123 18.8903
2013.9151 21.8146
2013.9178 17.8370
2013.9205 19.2176
2013.9233 17.5764
2013.9260 19.5735
2013.9288 17.1991
2013.9315 15.4031
2013.9342 19.7458
2013.9370 19.6072
2013.9397 17.4873
2013.9425 20.0864
2013.9452 21.5045
2013.9479 20.0517
2013.9507 18.3581
2013.9534 21.0739
2013.9562 19.6090
2013.9589 18.6136
2013.9616 18.1578
2013.9644 18.5818
2013.9671 21.4755
2013.9699 21.7891
2013.9726 20.6627
2013.9753 20.4464
2013.9781 21.9303
2013.9808 24.4245
2013.9836 21.5491
2013.9863 25.5242
2013.9890 21.5399
2013.9918 24.4062
2013.9945 21.1134
2013.9973 22.3214
2014.0000 24.7004
2014.0027 23.1498
2014.0055 20.2391
2014.0082 22.2882
2014.0110 20.3272
2014.0137 22.9161
2014.0164 20.0650
2014.0192 20.5138
2014.0219 20.8325
2014.0247 20.2513
2014.0274 20.3601
2014.0301 23.9390
2014.0329 30.0779
2014.0356 27.7369
2014.0384 23.1961
2014.0411 24.5255
2014.0438 20.8750
2014.0466 22.8647
2014.0493 24.2647
2014.0521 21.4049
2014.0548 22.9754
2014.0575 18.2062
2014.0603 20.1073
2014.0630 22.6388
2014.0658 25.8607
2014.0685 22.5830
2014.0712 22.7858
2014.0740 20.8490
2014.0767 24.4927
2014.0795 23.3469
2014.0822 22.6518
2014.0849 24.4484
2014.0877 21.7569
2014.0904 22.0171
2014.0932 25.0390
2014.0959 24.2524
2014.0986 22.0874
2014.1014 20.7738
2014.1041 26.7216
2014.1068 24.0206
2014.1096 21.6409
2014.1123 22.0023
2014.1151 21.8948
2014.1178 24.0483
2014.1205 27.3726
2014.1233 25.2979
2014.1260 28.2238
2014.1288 26.0305
2014.1315 26.8277
2014.1342 25.3855
2014.1370 19.3237
2014.1397 22.3323
2014.1425 24.5013
2014.1452 24.8604
2014.1479 26.5697
2014.1507 24.5391
2014.1534 33.3485
2014.1562 27.4378
2014.1589 28.1969
2014.1616 20.3858
2014.1644 26.5247
2014.1671 29.4336
2014.1699 20.7225
2014.1726 30.2515
2014.1753 29.6106
2014.1781 28.9797
2014.1808 25.1588
2014.1836 25.6180
2014.1863 22.3372
2014.1890 26.9865
2014.1918 23.5957
2014.1945 23.4150
2014.1973 22.2843
2014.2000 21.6435
2014.2027 19.5628
2014.2055 18.1321
2014.2082 24.6714
2014.2110 31.0106
2014.2137 25.0698
2014.2164 26.3390
2014.2192 21.2482
2014.2219 26.5373
2014.2247 26.8264
2014.2274 28.5654
2014.2301 25.8544
2014.2329 29.0133
2014.2356 25.5721
2014.2384 27.2409
2014.2411 24.9296
2014.2438 28.1382
2014.2466 30.1068
2014.2493 28.6553
2014.2521 29.5438
2014.2548 25.8422
2014.2575 34.3007
2014.2603 31.6891
2014.2630 34.6275
2014.2658 29.1258
2014.2685 24.5042
2014.2712 32.7125
2014.2740 28.9707
2014.2767 31.6190
2014.2795 35.4972
2014.2822 32.4554
2014.2849 30.2436
2014.2877 28.9217
2014.2904 32.3898
2014.2932 34.4679
2014.2959 31.9260
2014.2986 31.2040
2014.3014 32.0920
2014.3041 26.3200
2014.3068 27.8379
2014.3096 31.2458
2014.3123 24.1637
2014.3151 28.6416
2014.3178 28.0994
2014.3205 22.1072
2014.3233 23.0450
2014.3260 25.2027
2014.3288 21.1504
2014.3315 24.3576
2014.3342 28.4440
2014.3370 31.8495
2014.3397 27.1642
2014.3425 23.0083
2014.3452 21.1717
2014.3479 23.8545
2014.3507 30.5368
2014.3534 22.7586
2014.3562 30.8801
2014.3589 29.6312
2014.3616 28.8821
2014.3644 27.5427
2014.3671 31.4133
2014.3699 32.0537
2014.3726 30.6842
2014.3753 25.3647
2014.3781 31.2353
2014.3808 28.9861
2014.3836 29.4871
2014.3863 27.9685
2014.3890 26.4002
2014.3918 26.2023
2014.3945 27.7049
2014.3973 26.3281
2014.4000 25.9019
2014.4027 25.1664
2014.4055 34.5817
2014.4082 26.4677
2014.4110 25.8247
2014.4137 23.0525
2014.4164 23.4909
2014.4192 25.5700
2014.4219 23.3295
2014.4247 24.6596
2014.4274 22.2902
2014.4301 22.7112
2014.4329 23.2927
2014.4356 21.3346
2014.4384 20.8669
2014.4411 22.4496
2014.4438 27.1127
2014.4466 24.3960
2014.4493 24.0897
2014.4521 23.6236
2014.4548 29.5478
2014.4575 28.3422
2014.4603 26.8168
2014.4630 26.2616
2014.4658 27.4365
2014.4685 24.2516
2014.4712 27.0167
2014.4740 23.7520
2014.4767 26.8573
2014.4795 23.6026
2014.4822 24.1480
2014.4849 27.1433
2014.4877 30.5785
2014.4904 23.2737
2014.4932 26.2989
2014.4959 26.9238
2014.4986 22.4496
2014.5014 24.4969
2014.5041 20.4256
2014.5068 27.7355
2014.5096 25.4366
2014.5123 20.8287
2014.5151 23.7617
2014.5178 27.7854
2014.5205 32.2597
2014.5233 23.2044
2014.5260 27.7894
2014.5288 28.4646
2014.5315 30.1198
2014.5452 21.9017
2014.5479 22.2543
2014.5507 22.3259
2014.5534 22.8265
2014.5562 21.3759
2014.5589 25.3539
2014.5616 28.0304
2014.5644 23.4154
2014.5671 27.9586
2014.5699 27.6399
2014.5726 20.1592
2014.5753 21.9363
2014.5781 23.7211
2014.5808 20.1035
2014.5836 19.4742
2014.5863 23.4339
2014.5890 28.2827
2014.5918 29.3906
2014.5945 28.8378
2014.5973 28.5442
2014.6000 26.8598
2014.6027 32.4748
2014.6055 27.0692
2014.6082 26.4529
2014.6110 25.5362
2014.6137 25.6889
2014.6164 21.5412
2014.6192 25.3631
2014.6219 31.9846
2014.6247 27.5458
2014.6274 25.4967
2014.6301 26.1174
2014.6329 25.8879
2014.6356 23.3582
2014.6384 22.7085
2014.6411 23.7287
2014.6438 26.4589
2014.6685 26.3970
2014.6712 27.2981
2014.6740 28.0690
2014.6767 28.7796
2014.6795 30.6099
2014.6822 29.4001
2014.6849 29.1001
2014.6877 29.4699
2014.6904 29.3796
2014.6932 31.7392
2014.6959 27.2287
2014.6986 29.0781
2014.7014 31.3775
2014.7041 31.7769
2014.7068 30.5864
2014.7096 28.5558
2014.7123 32.5654
2014.7151 32.5850
2014.7178 28.1747
2014.7205 30.2346
2014.7233 34.3846
2014.7260 27.8648
2014.7288 24.8453
2014.7315 28.4560
2014.7342 28.7669
2014.7370 27.4281
2014.7397 30.4897
2014.7425 28.9515
2014.7452 26.6038
2014.7479 28.3164
2014.7507 24.9917
2014.7534 28.5918
2014.7562 29.1661
2014.7589 21.7046
2014.7616 21.4567
2014.7644 24.6422
2014.7671 25.0208
2014.7699 25.4222
2014.7726 28.3460
2014.7753 23.5818
2014.7781 24.6295
2014.7808 25.0786
2014.7836 27.1688
2014.7863 25.5899
2014.7890 23.9014
2014.7918 27.7031
2014.7945 24.1347
2014.7973 25.4858
2014.8000 26.8960
2014.8027 34.3152
2014.8055 29.7129
2014.8082 30.0488
2014.8110 27.8426
2014.8137 29.9941
2014.8164 29.3927
2014.8192 26.4983
2014.8219 28.5006
2014.8247 31.5191
2014.8274 26.4936
2014.8301 28.1937
2014.8329 30.9398
2014.8356 28.6150
2014.8384 27.6000
2014.8411 25.6647
2014.8438 21.0391
2014.8466 22.8933
2014.8493 21.9672
2014.8521 25.4807
2014.8548 24.5140
2014.8575 24.2270
2014.8603 31.1897
2014.8630 26.6821
2014.8658 26.4041
2014.8685 24.6159
2014.8712 20.9573
2014.8740 24.7484
2014.8767 27.0492
2014.8795 23.4596
2014.8822 20.2797
2014.8849 21.5895
2014.8877 21.3289
2014.8904 24.5580
2014.8932 18.5867
2014.8959 22.8150
2014.8986 21.9630
2014.9014 18.7206
2014.9041 26.4278
2014.9068 24.9747
2014.9096 24.9411
2014.9123 23.3272
2014.9151 25.5829
2014.9178 24.4983
2014.9205 22.1938
2014.9233 21.0993
2014.9260 23.9748
2014.9288 25.2502
2014.9315 27.7557
2014.9342 28.3611
2014.9370 28.0566
2014.9397 30.6820
2014.9425 26.4774
2014.9452 26.3428
2014.9479 24.8382
2014.9507 27.3735
2014.9534 26.2088
2014.9562 30.2441
2014.9589 25.1594
2014.9616 28.7746
2014.9644 28.2098
2014.9671 30.2250
2014.9699 26.0201
2014.9726 28.9752
2014.9753 28.0303
2014.9781 28.5953
2014.9808 27.1703
2014.9836 23.8852
2014.9863 27.8800
2014.9890 23.8549
2014.9918 21.0496
2014.9945 24.2943
2014.9973 23.9990
2015.0000 23.2136
2015.0027 26.8981
2015.0055 24.3724
2015.0082 28.7366
2015.0110 23.7907
2015.0137 23.1246
2015.0164 26.2884
2015.0192 25.2521
2015.0219 27.6658
2015.0247 26.4593
2015.0274 25.8528
2015.0301 29.1562
2015.0329 24.9796
2015.0356 22.5129
2015.0384 26.1662
2015.0411 26.8295
2015.0438 27.9828
2015.0466 30.1761
2015.0493 30.5193
2015.0521 36.6627
2015.0548 33.5160
2015.0575 27.6594
2015.0603 29.4928
2015.0630 30.0364
2015.0658 30.5299
2015.0685 35.5636
2015.0712 31.7774
2015.0740 26.6113
2015.0767 32.9252
2015.0795 31.2494
2015.0822 31.7436
2015.0849 30.3181
2015.0877 29.4827
2015.0904 33.0677
2015.0932 30.4529
2015.0959 34.9284
2015.0986 27.0143
2015.1014 30.5906
2015.1041 31.5674
2015.1068 33.1146
2015.1096 32.6724
2015.1123 30.7907
2015.1151 27.8495
2015.1178 28.5090
2015.1205 29.9492
2015.1233 30.0800
2015.1260 29.9816
2015.1288 30.4740
2015.1315 31.5971
2015.1342 28.6911
2015.1370 27.6359
2015.1397 28.6417
2015.1425 33.5884
2015.1452 30.7961
2015.1479 23.4648
2015.1507 23.9346
2015.1534 29.9555
2015.1562 26.5275
2015.1589 25.2806
2015.1616 28.4350
2015.1644 28.9803
2015.1671 27.6164
2015.1699 29.6332
2015.1726 29.9407
2015.1753 28.2088
2015.1781 27.1575
2015.1808 32.2968
2015.1836 26.6666
2015.1863 28.1170
2015.1890 29.4778
2015.1918 31.3991
2015.1945 32.9509
2015.1973 28.8830
2015.2000 30.1554
2015.2027 34.6182
2015.2055 29.0312
2015.2082 32.7346
2015.2110 32.8781
2015.2137 33.5919
2015.2164 29.5657
2015.2192 31.3498
2015.2219 29.8439
2015.2247 32.3381
2015.2274 34.2323
2015.2301 23.6465
2015.2329 25.7507
2015.2356 27.2249
2015.2384 28.8789
2015.2411 27.2128
2015.2438 31.2465
2015.2466 32.0202
2015.2493 29.0348
2015.2521 30.7302
2015.2548 29.7264
2015.2575 25.5333
2015.2603 30.0009
2015.2630 29.8391
2015.2658 23.0677
2015.2685 29.4467
2015.2712 27.6860
2015.2740 25.2856
2015.2767 24.6053
2015.2795 27.5050
2015.2822 25.9147
2015.2849 31.3943
2015.2877 27.7837
2015.2904 27.0929
2015.2932 28.9116
2015.2959 35.4899
2015.2986 30.0977
2015.3014 29.6849
2015.3041 29.6814
2015.3068 30.6171
2015.3096 29.6919
2015.3123 29.9358
2015.3151 30.1487
2015.3178 28.4504
2015.3205 37.3309
2015.3233 28.0902
2015.3260 28.7181
2015.3288 33.0045
2015.3315 28.3089
2015.3342 25.4007
2015.3370 29.7401
2015.3397 35.7172
2015.3425 30.8922
2015.3452 25.9052
2015.3479 25.5565
2015.3507 22.8161
2015.3534 23.1242
2015.3562 27.4510
2015.3589 28.9966
2015.3616 19.3212
2015.3644 15.2649
2015.3671 16.4379
2015.3699 16.5104
2015.3726 18.9624
2015.3753 14.1242
2015.3781 19.1659
2015.3808 21.7577
2015.3836 38.4497
2015.3863 39.9521
2015.3890 38.6150
2015.3918 31.9886
2015.3945 28.5230
2015.3973 29.5484
2015.4000 29.2450
2015.4027 36.3129
2015.4055 32.5322
2015.4082 33.0331
2015.4110 31.0159
2015.4137 29.8703
2015.4164 30.0149
2015.4192 30.6596
2015.4219 27.9843
2015.4247 27.5590
2015.4274 31.0637
2015.4301 28.2785
2015.4329 27.7734
2015.4356 27.2983
2015.4384 26.4432
2015.4411 28.8282
2015.4438 26.2133
2015.4466 25.1084
2015.4493 22.9135
2015.4521 24.0388
2015.4548 23.7841
2015.4575 28.8994
2015.4603 30.3249
2015.4630 31.6704
2015.4658 27.9961
2015.4685 27.4418
2015.4712 27.9576
2015.4740 32.1035
2015.4767 26.2494
2015.4795 28.1155
2015.4822 30.0917
2015.4849 30.5180
2015.4877 27.4245
2015.4904 29.8110
2015.4932 25.9976
2015.4959 25.9444
2015.4986 24.9113
2015.5014 23.7683
2015.5041 21.0154
2015.5068 22.0126
2015.5096 21.9600
2015.5123 25.7074
2015.5151 22.6950
2015.5178 31.2528
2015.5205 30.9306
2015.5233 31.0787
2015.5260 33.1368
2015.5288 30.5151
2015.5315 31.8235
2015.5342 33.2921
2015.5370 31.9909
2015.5397 30.9198
2015.5425 29.9189
2015.5452 29.2682
2015.5479 29.1476
2015.5507 27.5072
2015.5534 30.7870
2015.5562 29.0069
2015.5589 27.5871
2015.5616 30.3675
2015.5644 29.3680
2015.5671 31.0588
2015.5699 28.9597
2015.5726 24.3709
2015.5753 30.7822
2015.5781 32.1438
2015.5808 28.8456
2015.5836 32.1983
2015.5863 31.0025
2015.5890 28.1680
2015.5918 30.5048
2015.5945 29.1728
2015.5973 25.3518
2015.6000 28.8219
2015.6027 32.1928
2015.6055 33.3446
2015.6082 33.2970
2015.6110 31.2001
2015.6137 34.0636
2015.6164 32.9476
2015.6192 32.7219
2015.6219 32.0565
2015.6247 32.9111
2015.6274 33.3659
2015.6301 32.2405
2015.6329 32.1650
2015.6356 27.7592
2015.6384 27.9131
2015.6411 26.8366
2015.6438 28.6195
2015.6466 29.9018
2015.6493 32.9234
2015.6521 33.3742
2015.6548 31.4040
2015.6575 31.2728
2015.6603 33.4906
2015.6630 29.8371
2015.6658 33.0323
2015.6685 32.8264
2015.6712 29.4494
2015.6740 32.0913
2015.6767 32.0824
2015.6795 28.3126
2015.6822 32.0620
2015.6849 35.5707
2015.6877 34.0989
2015.6904 32.2165
2015.6932 32.3237
2015.6959 31.7406
2015.6986 33.1072
2015.7014 34.4136
2015.7041 34.3898
2015.7068 33.4761
2015.7096 34.6124
2015.7123 32.9789
2015.7151 34.0956
2015.7178 34.1726
2015.7205 40.2900
2015.7233 33.7278
2015.7260 35.6962
2015.7288 31.9953
2015.7315 38.0550
2015.7342 35.4256
2015.7370 33.1270
2015.7397 32.1094
2015.7425 34.5629
2015.7452 30.7374
2015.7479 33.0632
2015.7507 25.0002
2015.7534 30.4081
2015.7562 31.4971
2015.7589 31.4769
2015.7616 34.2276
2015.7644 32.6989
2015.7671 25.9610
2015.7699 29.6536
2015.7726 33.1266
2015.7753 39.4901
2015.7781 30.0640
2015.7808 32.1681
2015.7836 31.0224
2015.7863 35.9768
2015.7890 33.2213
2015.7918 36.3357
2015.7945 30.5199
2015.7973 38.0540
2015.8000 35.9778
2015.8027 34.3912
2015.8055 32.9542
2015.8082 30.9767
2015.8110 35.3387
2015.8137 33.8599
2015.8164 33.1504
2015.8192 31.4301
2015.8219 35.8489
2015.8247 34.4167
2015.8274 34.2034
2015.8301 36.0190
2015.8329 35.3736
2015.8356 37.8979
2015.8384 39.1621
2015.8411 34.6763
2015.8438 35.1503
2015.8466 36.9842
2015.8493 34.5380
2015.8521 34.3818
2015.8548 34.3854
2015.8575 29.6690
2015.8603 42.1924
2015.8630 37.0458
2015.8658 36.3991
2015.8685 34.9723
2015.8712 35.5854
2015.8740 31.1684
2015.8767 31.4714
2015.8795 34.4943
2015.8822 36.8971
2015.8849 38.3698
2015.8877 36.6424
2015.8904 35.7850
2015.8932 39.2975
2015.8959 36.0600
2015.8986 35.5224
2015.9014 35.2847
2015.9041 34.0869
2015.9068 32.7291
2015.9096 31.6512
2015.9123 37.9933
2015.9151 39.9253
2015.9178 40.7273
2015.9205 37.0494
2015.9233 33.5416
2015.9260 33.7838
2015.9288 32.3961
2015.9315 35.6884
2015.9342 32.3307
2015.9370 31.6730
2015.9397 34.6152
2015.9425 39.4174
2015.9452 37.8895
2015.9479 36.8416
2015.9507 31.5835
2015.9534 31.3453
2015.9562 27.3569
2015.9589 27.5984
2015.9616 30.1597
2015.9644 32.6908
2015.9671 27.8717
2015.9699 23.7424
2015.9726 27.5728
2015.9753 29.8629
2015.9781 26.3528
2015.9808 26.8824
2015.9836 29.9416
2015.9863 29.6805
2015.9890 30.3990
2015.9918 30.2772
2015.9945 29.8049
2015.9973 27.0123
2016.0000 25.7092
2016.0027 28.8656
2016.0055 29.9514
2016.0082 29.1266
2016.0109 28.1713
2016.0137 29.6154
2016.0164 24.6691
2016.0191 28.7923
2016.0219 29.4151
2016.0246 29.5475
2016.0273 29.1996
2016.0301 27.7913
2016.0328 24.3927
2016.0355 30.7538
2016.0383 31.5147
2016.0410 29.5653
2016.0437 29.7758
2016.0464 29.8262
2016.0492 29.3764
2016.0519 28.5865
2016.0546 29.0965
2016.0574 26.1765
2016.0601 27.5365
2016.0628 28.2765
2016.0656 28.1966
2016.0683 26.7567
2016.0710 30.1870
2016.0738 30.4574
2016.0765 29.3680
2016.0792 27.8788
2016.0820 27.2797
2016.0847 29.7601
2016.0874 32.6499
2016.0902 31.9691
2016.0929 29.8378
2016.0956 25.8360
2016.0984 30.2439
2016.1011 29.4913
2016.1038 30.6686
2016.1066 34.6455
2016.1093 31.5423
2016.1120 33.9190
2016.1148 35.3557
2016.1175 33.5823
2016.1202 32.5590
2016.1230 33.0958
2016.1257 37.2927
2016.1284 35.2499
2016.1311 32.2174
2016.1339 37.1952
2016.1366 40.4835
2016.1393 37.5322
2016.1421 36.9813
2016.1448 35.3111
2016.1475 37.3815
2016.1503 35.1326
2016.1530 35.4044
2016.1557 41.5070
2016.1585 33.3905
2016.1612 31.6848
2016.1639 41.8611
2016.1667 38.6708
2016.1694 38.4237
2016.1721 35.2797
2016.1749 40.7585
2016.1776 38.3200
2016.1803 41.5638
2016.1831 34.0699
2016.1858 38.7181
2016.1885 38.4080
2016.1913 42.1496
2016.1940 41.8427
2016.1967 41.5869
2016.1995 42.2822
2016.2022 38.7283
2016.2049 39.6850
2016.2077 38.0021
2016.2104 31.4895
2016.2131 36.7369
2016.2158 36.1841
2016.2186 33.1009
2016.2213 38.6971
2016.2240 38.5926
2016.2268 37.5970
2016.2295 37.5303
2016.2322 39.2822
2016.2350 38.7325
2016.2377 35.7110
2016.2404 31.4675
2016.2432 34.9218
2016.2459 33.4738
2016.2486 28.8749
2016.2514 29.5359
2016.2541 30.2266
2016.2568 29.7971
2016.2596 40.7574
2016.2623 33.3874
2016.2650 36.4673
2016.2678 38.6569
2016.2705 37.8663
2016.2732 36.1654
2016.2760 36.5844
2016.2787 36.0431
2016.2814 36.2015
2016.2842 34.2198
2016.2869 32.9878
2016.2896 35.9556
2016.2923 36.6031
2016.2951 36.2904
2016.2978 39.1075
2016.3005 34.5743
2016.3033 34.8808
2016.3060 34.1372
2016.3087 32.8233
2016.3115 33.9591
2016.3142 36.2447
2016.3169 41.5300
2016.3197 38.3351
2016.3224 38.9100
2016.3251 35.4446
2016.3279 39.4089
2016.3306 39.4426
2016.3333 41.5044
2016.3361 40.7945
2016.3388 40.1129
2016.3415 37.5697
2016.3443 39.7251
2016.3470 39.1093
2016.3497 39.7023
2016.3525 31.9443
2016.3552 41.1554
2016.3579 34.8058
2016.3607 36.1856
2016.3634 40.9450
2016.3661 38.7540
2016.3689 41.0428
2016.3716 44.1815
2016.3743 38.7503
2016.3770 33.1093
2016.3798 32.7986
2016.3825 34.5784
2016.3852 36.9789
2016.3880 38.7600
2016.3907 36.1120
2016.3934 30.4151
2016.3962 28.8693
2016.3989 29.0047
2016.4098 31.7019
2016.4126 26.0358
2016.4153 29.5828
2016.4180 33.0637
2016.4208 33.0681
2016.4235 35.8257
2016.4262 32.2563
2016.4290 28.4896
2016.4317 28.8053
2016.4344 33.7132
2016.4372 35.5829
2016.4399 36.0842
2016.4426 40.4468
2016.4454 37.7905
2016.4481 43.0948
2016.4508 36.4797
2016.4536 38.8547
2016.4563 35.7697
2016.4590 38.1343
2016.4617 36.9583
2016.4645 39.4113
2016.4672 36.6532
2016.4699 39.2835
2016.4727 33.6322
2016.4754 33.3188
2016.4781 35.4430
2016.4809 33.8747
2016.4836 28.1136
2016.4863 29.3192
2016.4891 30.6715
2016.4918 31.9501
2016.4945 36.3647
2016.4973 35.5455
2016.5000 35.3557
2016.5027 31.8156
2016.5055 35.0253
2016.5082 33.4449
2016.5109 31.5442
2016.5137 33.7935
2016.5164 33.4625
2016.5191 27.8415
2016.5219 27.4503
2016.5246 31.8190
2016.5273 34.1376
2016.5301 33.3461
2016.5328 31.7846
2016.5355 27.4730
2016.5383 30.6313
2016.5410 30.1497
2016.5437 39.8280
2016.5464 33.8663
2016.5492 37.1446
2016.5519 33.2929
2016.5546 31.3813
2016.5574 32.0897
2016.5601 28.9582
2016.5628 29.5567
2016.5656 29.4953
2016.5683 33.4441
2016.5710 34.9529
2016.5738 33.2918
2016.5765 32.6609
2016.5792 39.0802
2016.5820 36.6696
2016.5847 33.2990
2016.5874 35.0685
2016.5902 37.8281
2016.5929 36.2277
2016.5956 40.8974
2016.5984 35.5472
2016.6011 36.1470
2016.6038 39.8070
2016.6066 38.8870
2016.6093 34.6671
2016.6120 32.3673
2016.6148 34.1075
2016.6175 30.6879
2016.6202 31.6384
2016.6230 35.7489
2016.6257 38.2496
2016.6284 37.9404
2016.6311 37.7213
2016.6339 34.2224
2016.6366 36.6235
2016.6393 35.7448
2016.6421 37.0762
2016.6448 36.8277
2016.6475 38.9594
2016.6503 39.9012
2016.6530 41.1032
2016.6557 42.9653
2016.6585 39.9676
2016.6612 43.5300
2016.6639 38.2625
2016.6667 34.7690
2016.6694 39.4059
2016.6721 48.7227
2016.6749 47.8586
2016.6776 41.5430
2016.6803 38.4852
2016.6831 35.5044
2016.6858 42.1099
2016.6885 39.4611
2016.6913 42.2271
2016.6940 36.0974
2016.6967 39.4211
2016.6995 40.4077
2016.7022 38.9463
2016.7049 39.1362
2016.7077 37.4168
2016.7104 36.9673
2016.7131 37.1771
2016.7158 30.7153
2016.7186 32.3114
2016.7213 36.9445
2016.7240 30.6141
2016.7268 32.3793
2016.7295 33.7494
2016.7322 33.8538
2016.7350 30.1818
2016.7377 30.8426
2016.7404 31.3855
2016.7459 40.2348
2016.7568 39.5848
2016.7596 31.3751
2016.7623 40.5849
2016.7650 43.0240
2016.8306 31.1203
2016.8333 36.3442
2016.8361 34.5184
2016.8388 44.5627
2016.8415 35.7272
2016.8443 37.7618
2016.8470 37.0065
2016.8497 36.4212
2016.8525 34.5459
2016.8552 31.0506
2016.8579 33.3952
2016.8607 37.3997
2016.8634 36.4341
2016.8661 36.3282
2016.8689 32.6522
2016.8716 35.1558
2016.8743 34.7292
2016.8770 33.0222
2016.8798 34.7949
2016.8825 36.4671
2016.8852 32.8189
2016.8880 37.4402
2016.8907 35.3209
2016.8934 33.5011
2016.8962 26.7807
2016.8989 28.5897
2016.9016 27.9679
2016.9044 30.0955
2016.9071 26.7223
2016.9098 24.7083
2016.9126 27.9734
2016.9153 25.0777
2016.9180 22.9411
2016.9208 22.5838
2016.9235 22.6856
2016.9262 26.9068
2016.9290 26.2873
2016.9317 26.1973
2016.9344 23.4167
2016.9372 24.1956
2016.9399 23.8241
2016.9426 25.5022
2016.9454 25.7299
2016.9481 26.7574
2016.9508 25.1147
2016.9536 24.8818
2016.9563 28.7388
2016.9590 31.8958
2016.9617 29.4927
2016.9645 24.3396
2016.9672 28.7167
2016.9699 29.7239
2016.9727 31.2613
2016.9754 29.7690
2016.9781 27.8970
2016.9809 28.4853
2016.9836 33.6541
2016.9863 30.9733
2016.9891 28.0830
2016.9918 29.1234
2016.9945 30.0143
2016.9973 30.8659
2017.0000 30.9683
2017.0027 28.0713
2017.0055 28.9949
2017.0082 29.6890
2017.0110 29.7236
2017.0137 31.8786
2017.0164 30.2641
2017.0192 30.2100
2017.0219 33.0062
2017.0247 35.6127
2017.0274 28.9294
2017.0301 31.5264
2017.0329 28.2436
2017.0356 31.6809
2017.0384 26.5983
2017.0411 25.5757
2017.0438 25.4432
2017.0466 23.9706
2017.0493 25.2180
2017.0521 29.6154
2017.0548 27.6925
2017.0575 26.4295
2017.0603 26.8163
2017.0630 26.8628
2017.0658 29.8490
2017.0685 30.4749
2017.0712 32.6105
2017.0740 33.5256
2017.0767 34.0102
2017.0795 34.8944
2017.0822 36.5278
2017.0849 33.5193
2017.0877 33.1590
2017.0904 33.5868
2017.0932 29.8030
2017.0959 33.7677
2017.0986 34.3012
2017.1014 30.7335
2017.1041 32.6148
2017.1068 38.2453
2017.1096 38.3051
2017.1123 36.4443
2017.1151 40.9633
2017.1178 36.2420
2017.1205 37.6007
2017.1233 34.8595
2017.1260 33.9686
2017.1288 33.3880
2017.1315 33.8581
