2008.0287 -0.6211
2008.0314 -4.9148
2008.0342 -5.5793
2008.0369 -2.6942
2008.0396 -1.7394
2008.0423 -1.2846
2008.0451 -5.0496
2008.0478 -4.8242
2008.0505 -3.4683
2008.0533 -2.8415
2008.0560 -4.6936
2008.0587 -7.7945
2008.0615 -6.9839
2008.0642 -7.8416
2008.0669 -6.7974
2008.0697 -7.9611
2008.0724 -5.7924
2008.0751 -3.1312
2008.0779 -0.4471
2008.0806 -2.3501
2008.0833 -6.1804
2008.0861 -7.9686
2008.0888 -4.7250
2008.0915 -3.3197
2008.0943 -3.8828
2008.0970 -4.1846
2008.0997 -2.5651
2008.1025 -0.6346
2008.1052 1.6768
2008.1079 -0.0911
2008.1107 -1.9684
2008.1134 1.7048
2008.1161 0.8081
2008.1189 -0.4284
2008.1216 -5.9250
2008.1243 -2.4418
2008.1270 -3.6090
2008.1298 -5.2868
2008.1325 -1.9553
2008.1352 -2.7346
2008.1380 -4.3150
2008.1407 -5.4765
2008.1434 -4.2494
2008.1462 -4.0939
2008.1489 -4.1200
2008.1516 -2.4779
2008.1544 -4.7278
2008.1571 -7.9399
2008.1598 -6.0343
2008.1626 -7.8611
2008.1653 -9.6397
2008.1680 -4.4699
2008.1708 -0.1315
2008.1735 -6.3645
2008.1762 -5.6386
2008.1790 -10.4639
2008.1817 -9.0501
2008.1844 -6.3272
2008.1872 -6.3450
2008.1899 -8.1935
2008.1926 -9.3225
2008.1954 -5.6118
2008.1981 -8.5215
2008.2008 -11.8813
2008.2035 -12.3312
2008.2063 -9.2910
2008.2090 -8.9406
2008.2117 -10.0800
2008.2145 -17.6489
2008.2172 -13.7773
2008.2199 -14.3151
2008.2227 -10.6021
2008.2254 -20.7383
2008.2281 -16.7234
2008.2309 -10.6775
2008.2336 -14.6603
2008.2363 -11.0518
2008.2391 -13.2219
2008.2418 -12.1404
2008.2445 -9.8672
2008.2473 -8.1027
2008.2500 -7.1879
2008.2527 -6.5330
2008.2555 -8.4978
2008.2582 -6.4024
2008.2609 -4.8068
2008.2637 -8.6409
2008.2664 -10.0448
2008.2691 -7.4285
2008.2719 -9.4519
2008.2746 -10.6151
2008.2773 -8.6080
2008.2801 -9.9706
2008.2828 -10.2030
2008.2855 -6.6452
2008.2882 -8.9370
2008.2910 -4.9086
2008.2937 -3.3499
2008.2964 -8.0509
2008.2992 -7.0616
2008.3019 -7.6220
2008.3046 -5.9922
2008.3074 -8.0820
2008.3101 -6.3315
2008.3128 -8.1206
2008.3156 -8.1995
2008.3183 -10.2680
2008.3210 -9.1862
2008.3238 -8.0041
2008.3265 -6.5016
2008.3292 -5.8488
2008.3320 -10.3752
2008.3347 -4.1507
2008.3374 -6.1453
2008.3402 -5.2990
2008.3429 -5.0721
2008.3456 -8.5145
2008.3484 -9.6363
2008.3511 -11.0576
2008.3538 -8.4085
2008.3566 -7.7390
2008.3593 -9.8093
2008.3620 -3.5493
2008.3648 -12.5592
2008.3675 -10.8690
2008.3702 -7.4289
2008.3729 -12.9088
2008.3757 -13.3189
2008.3784 -8.3592
2008.3811 -5.1798
2008.3839 -9.3908
2008.3866 -8.7422
2008.3893 -7.5342
2008.3921 -0.8468
2008.3948 -2.7600
2008.3975 -2.4040
2008.4003 -2.2189
2008.4030 -0.2746
2008.4057 -1.0313
2008.4085 -1.7190
2008.4112 -9.1178
2008.4139 -12.9478
2008.4167 -11.4089
2008.4194 -5.6209
2008.4221 -6.8938
2008.4249 -1.5776
2008.4276 -2.7721
2008.4303 -2.4473
2008.4331 -12.2431
2008.4358 -6.4894
2008.4385 -7.3263
2008.4413 -6.7736
2008.4440 -7.0112
2008.4467 -7.5891
2008.4495 -5.9672
2008.4522 -8.6954
2008.4549 -12.3138
2008.4576 -10.6821
2008.4604 -8.3703
2008.4631 -8.0784
2008.4658 -9.3764
2008.4686 -7.8340
2008.4713 -10.4013
2008.4740 -6.8282
2008.4768 -7.6646
2008.4795 -7.6804
2008.4822 -5.7157
2008.4850 0.5798
2008.4877 -11.9440
2008.4904 -11.3270
2008.4932 -12.2691
2008.4959 -13.6802
2008.4986 -14.0007
2008.5014 -14.1211
2008.5041 -9.1213
2008.5068 -10.1313
2008.5096 -15.0211
2008.5123 -14.4908
2008.5150 -12.8504
2008.5178 -11.5098
2008.5205 -11.3491
2008.5232 -12.0182
2008.5260 -8.3572
2008.5287 -12.7460
2008.5314 -12.8847
2008.5342 -13.0233
2008.5369 -11.1618
2008.5396 -9.8202
2008.5423 -8.6684
2008.5451 -6.6366
2008.5478 -7.9946
2008.5505 -10.5425
2008.5533 -11.0904
2008.5560 -6.9881
2008.5587 -7.6858
2008.5615 -6.3633
2008.5642 -5.8408
2008.5669 -2.4482
2008.5697 -3.4456
2008.5724 -6.1329
2008.5751 -6.5201
2008.5779 -4.6672
2008.5806 -7.3843
2008.5833 -8.5512
2008.5861 -11.1178
2008.5888 -12.0041
2008.5915 -7.2100
2008.5943 -9.7856
2008.5970 -7.7809
2008.5997 -5.4559
2008.6025 -9.1106
2008.6052 -5.6051
2008.6079 -12.7693
2008.6107 -7.4632
2008.6134 -7.0169
2008.6161 -1.9203
2008.6189 -3.8235
2008.6216 -5.4065
2008.6243 -7.6793
2008.6270 -9.1818
2008.6298 -9.1442
2008.6325 -7.3664
2008.6352 -6.1384
2008.6380 -10.0202
2008.6407 -5.3119
2008.6434 -6.5634
2008.6462 -6.0048
2008.6489 -11.1160
2008.6516 -5.4771
2008.6544 -2.3281
2008.6571 -6.6591
2008.6598 -2.7099
2008.6626 1.2594
2008.6653 1.6690
2008.6680 5.0914
2008.6708 7.8474
2008.6735 6.7765
2008.6762 -0.4014
2008.6790 5.6734
2008.6817 -0.1795
2008.6844 -0.4802
2008.6872 2.5510
2008.6899 -2.4162
2008.6926 -0.5022
2008.6954 -7.4070
2008.6981 -6.1411
2008.7008 -5.3547
2008.7035 -4.4680
2008.7063 -1.8314
2008.7090 -0.4951
2008.7117 -6.7893
2008.7145 0.5957
2008.7172 0.1995
2008.7199 -1.2580
2008.7227 1.9328
2008.7254 1.7217
2008.7281 -4.0116
2010.0315 5.8008
2010.0342 6.6307
2010.0370 5.7709
2010.0397 5.9813
2010.0425 8.4618
2010.0452 6.1923
2010.0479 8.5628
2010.0507 6.9832
2010.0534 7.2735
2010.0562 7.7736
2010.0589 8.3934
2010.0616 4.8329
2010.0644 2.4420
2010.0671 4.4806
2010.0699 2.0487
2010.0726 5.6862
2010.0753 2.7930
2010.0781 4.6491
2010.0808 4.2245
2010.0836 5.1992
2010.0863 2.3736
2010.0890 5.6577
2010.0918 4.5014
2010.0945 2.5550
2010.0973 0.8382
2010.1000 1.1113
2010.1027 0.2042
2010.1055 -1.0631
2010.1082 2.7495
2010.1110 2.0020
2010.1137 2.2945
2010.1164 3.9969
2010.1192 4.6592
2010.1219 -5.7384
2010.1247 0.0840
2010.1274 1.5565
2010.1301 2.6690
2010.1329 -2.3083
2010.1356 2.2045
2010.1384 1.1475
2010.1411 0.2606
2010.1438 0.3441
2010.1466 2.9877
2010.1493 4.4216
2010.1521 4.3659
2010.1548 4.1305
2010.1575 0.3954
2010.1603 -0.0193
2010.1630 2.7065
2010.1658 2.1033
2010.1685 3.6410
2010.1712 6.2796
2010.1740 6.1890
2010.1767 2.7492
2010.1795 4.3300
2010.1822 4.6815
2010.1849 8.0735
2010.1877 6.2661
2010.1904 5.6890
2010.1931 2.4624
2010.1959 2.5560
2010.1986 2.3899
2010.2014 7.4040
2010.2041 4.5981
2010.2068 1.3423
2010.2096 -3.0735
2010.2123 2.1506
2010.2151 -0.6754
2010.2178 4.2184
2010.2205 2.1818
2010.2233 4.2750
2010.2260 2.7877
2010.2288 1.3500
2010.2315 2.5417
2010.2342 2.8528
2010.2370 2.4033
2010.2397 1.2331
2010.2425 4.0020
2010.2452 0.4301
2010.2479 2.6670
2010.2507 2.3923
2010.2534 -0.6137
2010.2562 8.0390
2010.2589 3.9904
2010.2616 5.1009
2010.2644 -0.3797
2010.2671 1.4189
2010.2699 0.9568
2010.2726 4.2540
2010.2753 4.8906
2010.2781 2.6768
2010.2808 2.1727
2010.2836 4.2184
2010.2863 0.7140
2010.2890 3.7496
2010.2918 5.1752
2010.2945 0.3111
2010.2973 -0.7427
2010.3000 0.3539
2010.3027 1.8811
2010.3055 5.7788
2010.3082 2.1374
2010.3110 3.1967
2010.3137 -2.1329
2010.3164 7.8285
2010.3192 8.7011
2010.3219 2.2449
2010.3247 2.1301
2010.3274 0.4469
2010.3301 3.9450
2010.3329 -3.3663
2010.3356 1.7528
2010.3384 -1.6677
2010.3411 0.2222
2010.3438 0.6325
2010.3466 -3.1867
2010.3493 -0.4455
2010.3521 -3.1438
2010.3548 2.1983
2010.3575 -1.5190
2010.3603 -3.0758
2010.3630 -5.8621
2010.3658 -4.2879
2010.3685 3.9769
2010.3712 4.1423
2010.3740 1.7683
2010.3767 0.6948
2010.3794 2.3520
2010.3822 0.0198
2010.3849 1.4282
2010.3877 1.1973
2010.3904 -1.4629
2010.3931 0.1176
2010.3959 -0.7013
2010.3986 -0.9094
2010.4014 2.6632
2010.4041 5.0666
2010.4068 -3.4593
2010.4096 -3.4044
2010.4123 -0.8587
2010.4151 1.0174
2010.4178 -2.0663
2010.4205 2.7900
2010.4233 1.5165
2010.4260 -0.4169
2010.4288 -3.1802
2010.4315 -1.3035
2010.4342 -2.0166
2010.4370 -4.4697
2010.4397 -6.1228
2010.4425 -3.3258
2010.4452 -5.5087
2010.4479 -2.4517
2010.4507 12.0854
2010.4534 15.3226
2010.4562 15.9697
2010.4589 17.2068
2010.4616 19.1839
2010.4644 18.5610
2010.4671 16.7781
2010.4699 14.9052
2010.4726 17.4022
2010.4753 14.4091
2010.4781 15.1360
2010.4808 16.9729
2010.4836 21.6996
2010.4863 19.5163
2010.4890 19.5929
2010.4918 19.7994
2010.4945 17.4158
2010.4973 17.1421
2010.5000 21.0885
2010.5027 20.1952
2010.5055 18.8519
2010.5082 21.4388
2010.5110 19.1957
2010.5137 15.0928
2010.5164 15.7698
2010.5192 19.3769
2010.5219 16.6640
2010.5247 19.9911
2010.5274 21.0881
2010.5301 19.9351
2010.5329 22.7720
2010.5356 22.7487
2010.5384 20.8053
2010.5411 15.6818
2010.5438 18.4480
2010.5466 18.2241
2010.5493 22.2699
2010.5521 21.6854
2010.5548 21.7407
2010.5575 20.2657
2010.5603 19.9304
2010.5630 21.6147
2010.5658 23.9486
2010.5685 23.0221
2010.5712 18.3553
2010.5740 19.0080
2010.5767 19.2102
2010.5794 23.0519
2010.5822 22.9931
2010.5849 21.5232
2010.5877 18.2524
2010.5904 18.8906
2010.5931 23.2779
2010.5959 23.2743
2010.5986 19.3599
2010.6014 18.4248
2010.6041 19.6589
2010.6068 21.7624
2010.6096 20.4052
2010.6123 21.8075
2010.6151 22.2792
2010.6178 21.3704
2010.6205 21.4213
2010.6233 19.7717
2010.6260 18.6218
2010.6288 23.6616
2010.6315 17.1612
2010.6342 17.3505
2010.6370 16.7497
2010.6397 17.9589
2010.6425 18.4280
2010.6452 19.9770
2010.6479 16.4161
2010.6507 19.6054
2010.6534 16.9547
2010.6562 17.6543
2010.6589 18.6240
2010.6616 16.0541
2010.6644 21.1045
2010.6671 19.6150
2010.6699 21.0654
2010.6726 19.6356
2010.6753 19.7757
2010.6781 14.6257
2010.6808 15.7056
2010.6836 20.2954
2010.6863 21.3352
2010.6890 22.8648
2010.6918 22.5344
2010.6945 16.7139
2010.6973 20.9834
2010.7000 17.0428
2010.7027 18.2922
2010.7055 21.5016
2010.7082 19.3509
2010.7110 22.3203
2010.7137 21.5796
2010.7164 22.5090
2010.7192 22.4684
2010.7219 19.1778
2010.7247 17.3073
2010.7274 15.4168
2010.7301 15.9963
2010.7329 13.6960
2010.7356 15.8557
2010.7384 12.9955
2010.7411 13.9653
2010.7438 14.4753
2010.7466 17.6554
2010.7493 15.5757
2010.7521 18.2965
2010.7548 14.3379
2010.7575 12.5998
2010.7603 17.5123
2010.7630 18.0753
2010.7658 23.1589
2010.7685 20.6329
2010.7712 16.0074
2010.7740 16.4824
2010.7767 19.3279
2010.7794 16.5038
2010.7822 19.9701
2010.7849 19.9168
2010.7877 19.4639
2010.7904 15.8914
2010.7931 19.6192
2010.7959 19.7074
2010.7986 20.5359
2010.8014 19.6747
2010.8041 14.9439
2010.8068 19.4533
2010.8096 16.5730
2010.8123 19.5929
2010.8151 19.2731
2010.8178 17.2735
2010.8205 18.4842
2010.8233 15.5650
2010.8260 17.2260
2010.8288 17.7671
2010.8315 17.0484
2010.8342 15.6428
2010.8370 20.1431
2010.8397 16.1687
2010.8425 11.8092
2010.8452 12.2843
2010.8479 10.8134
2010.8507 11.2762
2010.8534 15.1423
2010.8562 17.3812
2010.8589 17.6725
2010.8616 19.4057
2010.8644 13.6005
2010.8671 20.7964
2010.8699 17.1630
2010.8726 14.4899
2010.8753 15.2266
2010.8781 16.4927
2010.8808 14.1277
2010.8836 17.7314
2010.8863 14.2232
2010.8890 14.2627
2010.8918 14.3494
2010.8945 15.9231
2010.8973 11.8831
2010.9000 12.5992
2010.9027 9.4808
2010.9055 12.6776
2010.9082 11.8091
2010.9110 12.4849
2010.9137 10.8746
2010.9164 9.5384
2010.9192 6.1496
2010.9219 4.6791
2010.9247 3.9869
2010.9274 5.9632
2010.9301 2.5282
2010.9329 4.6418
2010.9356 5.1443
2010.9384 5.3058
2010.9411 8.4364
2010.9438 9.0961
2010.9466 11.5152
2010.9493 7.7938
2010.9521 8.5419
2010.9548 8.4598
2010.9575 5.8674
2010.9603 6.7150
2010.9630 5.2026
2010.9658 6.1904
2010.9685 7.2785
2010.9712 6.5870
2010.9740 7.2761
2010.9767 7.6158
2010.9795 9.3163
2010.9822 10.1778
2010.9849 8.6302
2010.9877 10.6138
2010.9904 2.4886
2010.9931 9.0849
2010.9959 7.7426
2010.9986 6.6520
2011.0014 6.6529
2011.0041 8.7443
2011.0068 7.8559
2011.0096 3.9677
2011.0123 9.2497
2011.0151 11.7018
2011.0178 6.6641
2011.0205 11.2266
2011.0233 9.6991
2011.0260 7.8617
2011.0288 7.0144
2011.0315 5.6872
2011.0342 5.5199
2011.0370 8.5427
2011.0397 9.4655
2011.0425 6.8382
2011.0452 5.9808
2011.0479 6.4834
2011.0507 8.9958
2011.0534 9.7782
2011.0562 8.9604
2011.0589 10.1724
2011.0616 11.6142
2011.0644 11.5059
2011.0671 12.6973
2011.0699 8.6084
2011.0726 8.2093
2011.0753 11.0199
2011.0781 9.5102
2011.0808 6.5002
2011.0836 4.0800
2011.0863 7.5999
2011.0890 7.6197
2011.0918 8.4096
2011.0945 10.2494
2011.0973 7.9291
2011.1000 5.8888
2011.1027 9.0683
2011.1055 8.4077
2011.1082 9.4570
2011.1110 8.4861
2011.1137 7.0250
2011.1164 8.1437
2011.1192 10.3521
2011.1219 8.0403
2011.1247 13.1582
2011.1274 8.0058
2011.1301 13.6030
2011.1329 14.8899
2011.1356 11.6065
2011.1384 15.5426
2011.1411 11.5683
2011.1438 17.0035
2011.1466 12.9983
2011.1493 12.8226
2011.1521 12.8363
2011.1548 10.0696
2011.1575 14.9823
2011.1603 10.1943
2011.1630 13.5158
2011.1658 9.7265
2011.1685 12.7464
2011.1712 10.5955
2011.1740 17.5540
2011.1767 10.4419
2011.1795 15.2692
2011.1822 10.0460
2011.1849 10.2623
2011.1877 8.8682
2011.1904 10.7638
2011.1931 7.6690
2011.1959 11.6839
2011.1986 8.6986
2011.2014 15.2031
2011.2041 11.5375
2011.2068 12.9518
2011.2096 6.0761
2011.2123 9.9504
2011.2151 13.6148
2011.2178 10.8994
2011.2205 12.2141
2011.2233 3.9790
2011.2260 4.5742
2011.2288 13.5197
2011.2315 9.3256
2011.2342 7.0719
2011.2370 9.8686
2011.2397 10.2359
2011.2425 9.0438
2011.2452 11.1523
2011.2479 7.0411
2011.2507 8.0899
2011.2534 6.6188
2011.2562 10.7077
2011.2589 10.0066
2011.2616 11.1156
2011.2644 12.5547
2011.2671 16.8339
2011.2699 11.6231
2011.2726 5.7224
2011.2753 12.8119
2011.2781 -0.6086
2011.2808 14.5011
2011.2836 5.8110
2011.2863 10.8809
2011.2890 8.8411
2011.2918 10.3614
2011.2945 10.1119
2011.2973 11.3526
2011.3000 6.8434
2011.3027 10.5845
2011.3055 9.3558
2011.3082 8.5774
2011.3110 4.4391
2011.3137 8.1112
2011.3164 8.6835
2011.3192 11.6160
2011.3219 12.7289
2011.3247 14.0820
2011.3274 10.4654
2011.3301 12.0092
2011.3329 12.4433
2011.3356 16.2778
2011.3384 10.0626
2011.3411 11.8177
2011.3438 12.5532
2011.3466 11.0190
2011.3493 10.1351
2011.3521 10.8714
2011.3548 14.4281
2011.3575 11.4451
2011.3603 11.1923
2011.3630 10.9697
2011.3658 10.7174
2011.3685 14.9954
2011.3712 7.2935
2011.3740 8.7419
2011.3767 8.6305
2011.3794 8.0893
2011.3822 7.7083
2011.3849 8.5674
2011.3877 7.2568
2011.3904 10.1263
2011.3931 10.8359
2011.3959 7.5956
2011.3986 8.4755
2011.4014 10.8156
2011.4041 10.1257
2011.4068 10.8559
2011.4096 10.6462
2011.4123 9.4666
2011.4151 9.8373
2011.4178 13.6785
2011.4205 11.5101
2011.4233 6.2722
2011.4260 8.1047
2011.4288 8.0975
2011.4315 13.2306
2011.4342 12.9540
2011.4370 14.5277
2011.4397 10.9616
2011.4425 13.5056
2011.4452 6.3699
2011.4479 5.8642
2011.4507 5.1186
2011.4534 7.4530
2011.4562 11.4475
2011.4589 11.8419
2011.4616 7.2763
2011.4644 12.0806
2011.4671 9.2047
2011.4699 7.7887
2011.4726 10.6324
2011.4753 11.8260
2011.4781 13.6192
2011.4808 9.9822
2011.4836 9.4948
2011.4863 11.8671
2011.4890 7.0789
2011.4918 8.6503
2011.4945 2.9912
2011.4973 2.2316
2011.5000 6.7512
2011.5027 3.8999
2011.5055 6.4579
2011.5082 9.4053
2011.5110 2.4220
2011.5137 2.9381
2011.5164 5.6337
2011.5192 5.3188
2011.5219 10.4036
2011.5247 -1.9621
2011.5274 6.6119
2011.5301 -1.0643
2011.5329 -2.8707
2011.5356 2.6827
2011.5384 3.5861
2011.5411 3.4194
2011.5438 4.0527
2011.5466 6.6260
2011.5493 2.8495
2011.5521 0.3032
2011.5548 1.0571
2011.5575 -0.8687
2011.5603 1.3858
2011.5630 -2.1693
2011.5658 -3.8740
2011.5685 6.8519
2011.5712 4.0183
2011.5740 5.3653
2011.5767 1.1129
2011.5794 7.4513
2011.5822 7.2605
2011.5849 10.6011
2011.5877 8.5429
2011.5904 10.2559
2011.5931 12.8800
2011.5959 12.5851
2011.5986 14.9011
2011.6014 14.6378
2011.6041 16.0653
2011.6068 9.0732
2011.6096 9.3217
2011.6123 12.6704
2011.6151 9.2495
2011.6178 8.0886
2011.6205 6.1579
2011.6233 8.1970
2011.6260 7.5460
2011.6288 9.5947
2011.6315 14.8231
2011.6342 15.8409
2011.6370 14.1782
2011.6397 12.2147
2011.6425 10.1005
2011.6452 12.8054
2011.6479 14.6593
2011.6507 15.4820
2011.6534 15.3836
2011.6562 14.5538
2011.6589 9.7926
2011.6616 7.1899
2011.6644 11.4155
2011.6671 7.6702
2011.6699 5.7745
2011.6726 12.9585
2011.6753 13.5823
2011.6781 12.3758
2011.6808 17.7691
2011.6836 8.8522
2011.6863 10.9851
2011.6890 6.8078
2011.6918 11.5803
2011.6945 12.7827
2011.6973 10.9450
2011.7000 9.7272
2011.7027 8.3293
2011.7055 10.9813
2011.7082 10.5633
2011.7110 8.4053
2011.7137 10.9772
2011.7164 9.0892
2011.7192 9.2011
2011.7219 7.7931
2011.7247 12.2452
2011.7274 12.3474
2011.7301 13.5796
2011.7329 12.1220
2011.7356 8.7845
2011.7384 15.6672
2011.7411 17.7400
2011.7438 12.8930
2011.7466 13.4562
2011.7493 14.8096
2011.7521 17.5431
2011.7548 12.5567
2011.7575 13.0303
2011.7603 22.3640
2011.7630 15.5578
2011.7658 16.3716
2011.7685 19.0755
2011.7712 16.8895
2011.7740 14.1836
2011.7767 16.5077
2011.7794 12.8519
2011.7822 13.2562
2011.7849 14.3506
2011.7877 12.6451
2011.7904 12.1197
2011.7931 19.4943
2011.7959 17.0290
2011.7986 18.1539
2011.8014 19.9988
2011.8041 20.1838
2011.8068 18.4689
2011.8096 10.3041
2011.8123 19.8494
2011.8151 22.5948
2011.8178 21.2804
2011.8205 18.9160
2011.8233 15.9717
2011.8260 17.2576
2011.8288 20.1335
2011.8315 22.4596
2011.8342 21.9876
2011.8370 14.8490
2011.8397 18.8437
2011.8425 20.6514
2011.8452 22.1718
2011.8479 17.6847
2011.8507 19.5599
2011.8534 20.8771
2011.8562 25.0161
2011.8589 23.3566
2011.8616 26.8783
2011.8644 24.1511
2011.8671 23.8146
2011.8699 27.2287
2011.8726 27.6630
2011.8753 19.7674
2011.8781 22.3116
2011.8808 25.3553
2011.8836 22.0483
2011.8863 24.4903
2011.8890 22.7912
2011.8918 18.2906
2011.8945 14.9683
2011.8973 14.3040
2011.9000 11.1476
2011.9027 11.5188
2011.9055 18.3072
2011.9082 19.2028
2011.9110 15.2351
2011.9137 17.2341
2011.9164 22.3097
2011.9192 15.5745
2011.9219 15.2888
2011.9247 14.5528
2011.9274 12.6163
2011.9301 12.7594
2011.9329 14.5121
2011.9356 17.0544
2011.9384 16.6964
2011.9411 10.8280
2011.9438 13.2393
2011.9466 11.8803
2011.9493 17.8809
2011.9521 18.4113
2011.9548 16.8014
2011.9575 20.9212
2011.9603 16.5008
2011.9630 15.4301
2011.9658 15.2392
2011.9685 18.1081
2011.9712 18.2368
2011.9740 22.6653
2011.9767 18.4536
2011.9795 20.3618
2011.9822 18.5098
2011.9849 18.3277
2011.9877 18.6255
2011.9904 17.3031
2011.9931 18.9707
2011.9959 16.8082
2011.9986 16.4856
2012.0014 14.2829
2012.0041 17.7395
2012.0068 12.9254
2012.0096 15.6505
2012.0123 15.5851
2012.0150 19.5892
2012.0178 17.7528
2012.0205 15.1260
2012.0232 16.8388
2012.0260 15.9615
2012.0287 19.3839
2012.0314 16.4363
2012.0342 17.8286
2012.0369 15.4309
2012.0396 18.7934
2012.0423 13.7260
2012.0451 14.2588
2012.0478 19.2220
2012.0505 13.5055
2012.0533 15.5695
2012.0560 13.6040
2012.0587 16.1691
2012.0615 13.4449
2012.0642 12.1614
2012.0669 15.9387
2012.0697 16.4269
2012.0724 15.8460
2012.0751 15.7061
2012.0779 14.6873
2012.0806 10.5797
2012.0833 12.8436
2012.0861 12.8194
2012.0888 14.5770
2012.0915 12.6462
2012.0943 18.1069
2012.0970 15.1790
2012.0997 16.1124
2012.1025 12.4170
2012.1052 21.5826
2012.1079 16.1791
2012.1107 20.5564
2012.1134 17.5943
2012.1161 19.1928
2012.1189 17.1117
2012.1216 18.7508
2012.1243 16.5602
2012.1270 18.6796
2012.1298 11.1988
2012.1325 18.9779
2012.1352 18.4067
2012.1380 16.5750
2012.1407 22.3927
2012.1434 19.9198
2012.1462 21.3160
2012.1489 17.0112
2012.1516 17.6154
2012.1544 17.6684
2012.1571 20.3401
2012.1598 20.4104
2012.1626 19.5491
2012.1653 20.8672
2012.1680 20.7550
2012.1708 16.8924
2012.1735 18.6495
2012.1762 18.0663
2012.1790 20.2929
2012.1817 20.4293
2012.1844 23.3755
2012.1872 14.8016
2012.1899 12.9475
2012.1926 18.6334
2012.1954 18.8992
2012.1981 21.4651
2012.2008 19.8709
2012.2035 14.3968
2012.2063 17.1128
2012.2090 16.0789
2012.2117 13.4751
2012.2145 15.0915
2012.2172 14.5382
2012.2199 15.1851
2012.2227 16.1622
2012.2254 17.7497
2012.2281 10.9575
2012.2309 12.8357
2012.2336 18.4643
2012.2363 17.0433
2012.2391 18.1328
2012.2418 12.6628
2012.2445 10.8634
2012.2473 14.3243
2012.2500 15.9053
2012.2527 15.5763
2012.2555 14.5473
2012.2582 15.3483
2012.2609 7.6793
2012.2637 12.8704
2012.2664 15.1514
2012.2691 16.8525
2012.2719 14.6935
2012.2746 16.4046
2012.2773 17.3257
2012.2801 14.5868
2012.2828 17.5979
2012.2855 15.5290
2012.2882 14.4101
2012.2910 13.3712
2012.2937 13.9124
2012.2964 16.9435
2012.2992 11.7447
2012.3019 19.3858
2012.3046 16.2370
2012.3074 18.2681
2012.3101 19.8593
2012.3128 20.2005
2012.3156 15.9916
2012.3183 15.6728
2012.3210 11.6740
2012.3238 7.3652
2012.3265 8.8664
2012.3292 8.1276
2012.3320 11.8188
2012.3347 11.0899
2012.3374 10.2609
2012.3402 12.1720
2012.3429 11.7030
2012.3456 8.0940
2012.3484 8.8449
2012.3511 10.4959
2012.3538 10.9969
2012.3566 12.0179
2012.3593 15.7688
2012.3620 13.0198
2012.3648 16.8009
2012.3675 16.9219
2012.3702 12.9930
2012.3729 10.6642
2012.3757 9.9354
2012.3784 12.6866
2012.3811 13.3279
2012.3839 11.7193
2012.3866 12.3908
2012.3893 12.3924
2012.3921 12.8940
2012.3948 16.4258
2012.3975 14.8276
2012.4003 18.5396
2012.4030 13.7017
2012.4057 14.1139
2012.4085 12.3763
2012.4112 14.8188
2012.4139 13.4215
2012.4167 15.3651
2012.4194 18.1894
2012.4221 16.4445
2012.4249 18.0303
2012.4276 17.3367
2012.4303 21.1638
2012.4331 18.5115
2012.4358 19.8198
2012.4385 16.7485
2012.4413 17.2677
2012.4440 11.4974
2012.4467 16.9874
2012.4495 21.4078
2012.4522 17.7785
2012.4549 18.6894
2012.4576 19.3806
2012.4604 20.8320
2012.4631 17.9735
2012.4658 16.7951
2012.4686 17.2468
2012.4713 17.2986
2012.4740 16.4202
2012.4768 17.2219
2012.4795 20.9034
2012.4822 14.7148
2012.4850 12.7261
2012.4877 5.7871
2012.4904 11.6578
2012.4932 13.1783
2012.4959 14.7384
2012.4986 18.7185
2012.5014 19.9589
2012.5041 17.1196
2012.5068 18.4905
2012.5096 20.7917
2012.5123 25.8631
2012.5150 20.9347
2012.5178 18.8764
2012.5205 19.4783
2012.5232 14.2002
2012.5260 14.1223
2012.5287 9.4944
2012.5314 15.6765
2012.5342 14.6786
2012.5369 16.5507
2012.5396 17.7528
2012.5423 21.6847
2012.5451 18.0866
2012.5478 22.9483
2012.5505 22.1699
2012.5533 20.7313
2012.5560 18.6224
2012.5587 24.5934
2012.5615 18.8741
2012.5642 18.8145
2012.5669 17.5246
2012.5697 23.6443
2012.5724 21.4337
2012.5751 20.6927
2012.5779 23.9413
2012.5806 19.4294
2012.5833 22.3164
2012.5861 24.2714
2012.5888 25.5946
2012.5915 21.6160
2012.5943 23.2757
2012.5970 20.3139
2012.5997 19.5608
2012.6025 22.8763
2012.6052 20.7606
2012.6079 23.6739
2012.6107 22.1762
2012.6134 24.8477
2012.6161 25.1385
2012.6189 25.4787
2012.6216 27.2883
2012.6243 30.4376
2012.6270 20.7267
2012.6298 22.5456
2012.6325 19.8944
2012.6352 21.6634
2012.6380 16.6225
2012.6407 18.5919
2012.6434 19.4118
2012.6462 19.3322
2012.6489 22.7633
2012.6516 19.3651
2012.6544 23.2479
2012.6571 24.2916
2012.6598 23.6764
2012.6626 21.2025
2012.6653 22.4599
2012.6680 23.0785
2012.6708 21.8883
2012.6735 20.4390
2012.6762 21.9307
2012.6790 14.9532
2012.6817 15.9363
2012.6844 19.6001
2012.6872 20.0043
2012.6899 18.0290
2012.6926 22.6139
2012.6954 20.7491
2012.6981 22.8843
2012.7008 23.0596
2012.7035 25.5047
2012.7063 24.0396
2012.7090 23.1242
2012.7117 25.4284
2012.7145 22.4521
2012.7172 17.7651
2012.7199 19.5275
2012.7227 21.9490
2012.7254 18.8796
2012.7281 21.8092
2012.7309 22.9977
2012.7336 24.1149
2012.7363 23.5908
2012.7391 27.1153
2012.7418 25.8682
2012.7445 19.1696
2012.7473 23.6792
2012.7500 21.8174
2012.7527 27.0354
2012.7555 25.0131
2012.7582 21.9206
2012.7609 23.6778
2012.7637 24.1849
2012.7664 24.9418
2012.7691 29.0086
2012.7719 33.9152
2012.7746 21.1616
2012.7773 24.2780
2012.7801 22.4042
2012.7828 24.6604
2012.7855 23.9264
2012.7882 21.8025
2012.7910 24.3284
2012.7937 26.2344
2012.7964 26.8003
2012.7992 22.5662
2012.8019 27.4322
2012.8046 29.5981
2012.8074 33.9041
2012.8101 35.5802
2012.8128 31.1764
2012.8156 26.2426
2012.8183 29.6589
2012.8210 28.4454
2012.8238 30.1420
2012.8265 32.6387
2012.8292 31.7356
2012.8320 30.9727
2012.8347 34.5700
2012.8374 34.8775
2012.8402 33.0551
2012.8429 26.5329
2012.8456 32.9809
2012.8484 33.9989
2012.8511 32.0871
2012.8538 34.9553
2012.8566 33.2036
2012.8593 28.0120
2012.8620 30.3803
2012.8648 32.9787
2012.8675 26.3271
2012.8702 30.0054
2012.8729 27.9237
2012.8757 23.0919
2012.8784 27.5700
2012.8811 26.3880
2012.8839 30.8859
2012.8866 27.1037
2012.8893 29.8913
2012.8921 25.7687
2012.8948 26.8759
2012.8975 21.9829
2012.9003 23.2396
2012.9030 18.2961
2012.9057 20.6223
2012.9085 22.6983
2012.9112 24.5939
2012.9139 23.0992
2012.9167 28.3641
2012.9194 24.7283
2012.9221 23.4817
2012.9249 23.7646
2012.9276 28.3767
2012.9303 22.4783
2012.9331 25.7293
2012.9358 26.3198
2012.9385 28.4998
2012.9413 23.9593
2012.9440 25.3884
2012.9467 23.5670
2012.9495 20.6153
2012.9522 22.2333
2012.9549 24.3510
2012.9576 25.5984
2012.9604 22.3156
2012.9631 22.6125
2012.9658 23.8593
2012.9686 19.2560
2012.9713 19.3726
2012.9740 22.8091
2012.9768 20.8056
2012.9795 25.5720
2012.9822 23.6985
2012.9850 23.8851
2012.9877 24.0418
2012.9904 23.2286
2012.9932 22.8155
2012.9959 21.4627
2012.9986 23.4801
2013.0014 27.0377
2013.0041 23.8148
2013.0068 22.5815
2013.0096 23.9279
2013.0123 21.1639
2013.0151 22.4496
2013.0178 22.0250
2013.0205 21.9302
2013.0233 19.7852
2013.0260 19.9901
2013.0288 24.8648
2013.0315 23.3695
2013.0342 23.7441
2013.0370 26.0888
2013.0397 25.1935
2013.0425 28.6183
2013.0452 21.7532
2013.0479 20.3083
2013.0507 14.6735
2013.0534 15.1990
2013.0562 21.3748
2013.0589 22.1509
2013.0616 18.3774
2013.0644 18.9142
2013.0671 20.9315
2013.0699 18.3593
2013.0726 23.1676
2013.0753 20.2764
2013.0781 24.8958
2013.0808 21.6959
2013.0836 23.4968
2013.0863 20.8487
2013.0890 22.6715
2013.0918 23.8253
2013.0945 24.1900
2013.0973 24.6255
2013.1000 23.0217
2013.1027 25.1188
2013.1055 23.8165
2013.1082 22.7248
2013.1110 24.3038
2013.1137 24.2633
2013.1164 23.2333
2013.1192 23.0939
2013.1219 26.1348
2013.1247 20.8861
2013.1274 21.0077
2013.1301 22.1297
2013.1329 18.2019
2013.1356 20.3542
2013.1384 22.6968
2013.1411 21.5994
2013.1438 19.4021
2013.1466 15.9149
2013.1493 21.2376
2013.1521 17.8202
2013.1548 22.4028
2013.1575 21.4451
2013.1603 21.0473
2013.1630 18.6693
2013.1658 19.9813
2013.1685 20.2636
2013.1712 22.6060
2013.1740 21.9485
2013.1767 21.0313
2013.1795 22.1842
2013.1822 19.1672
2013.1849 20.0305
2013.1877 23.4139
2013.1904 25.4674
2013.1931 21.4612
2013.1959 21.1051
2013.1986 25.0592
2013.2014 20.5735
2013.2041 20.9380
2013.2068 21.3726
2013.2096 26.8375
2013.2123 25.6525
2013.2151 24.6977
2013.2178 21.6331
2013.2205 19.8387
2013.2233 20.2345
2013.2260 22.9105
2013.2288 24.1167
2013.2315 25.5930
2013.2342 24.7896
2013.2370 26.5464
2013.2397 22.9634
2013.2425 26.7506
2013.2452 27.3080
2013.2479 27.2664
2013.2507 23.6167
2013.2534 24.8786
2013.2562 20.2820
2013.2589 22.7070
2013.2616 23.2932
2013.2644 27.4606
2013.2671 24.9792
2013.2699 20.5587
2013.2726 25.3390
2013.2753 22.9202
2013.2781 21.8719
2013.2808 20.7042
2013.2836 17.9068
2013.2863 21.0197
2013.2890 22.5328
2013.2918 22.1460
2013.2945 20.6090
2013.2973 18.8319
2013.3000 13.3445
2013.3027 16.3566
2013.3055 18.4883
2013.3082 20.7492
2013.3110 17.9594
2013.3137 17.7488
2013.3164 14.9171
2013.3192 16.1743
2013.3219 18.1002
2013.3247 19.3448
2013.3274 18.4480
2013.3301 19.2094
2013.3329 19.6984
2013.3356 18.6950
2013.3384 15.0894
2013.3411 12.7417
2013.3438 15.8021
2013.3466 14.5508
2013.3493 18.7381
2013.3521 13.8340
2013.3548 17.0788
2013.3575 17.1527
2013.3603 17.4658
2013.3630 12.7783
2013.3658 14.1804
2013.3685 16.6623
2013.3712 15.8142
2013.3740 11.7163
2013.3767 12.0686
2013.3794 13.5915
2013.3822 18.5651
2013.3849 15.6196
2013.3877 12.9351
2013.3904 16.0620
2013.3931 13.1302
2013.3959 12.1901
2013.3986 18.6918
2013.4014 16.5554
2013.4041 15.7813
2013.4068 13.1595
2013.4096 12.3202
2013.4123 12.7736
2013.4151 10.1593
2013.4178 8.7165
2013.4205 6.5851
2013.4233 8.6850
2013.4260 10.1562
2013.4288 10.2485
2013.4315 9.7718
2013.4342 10.5460
2013.4370 6.7310
2013.4397 3.5768
2013.4425 2.7631
2013.4452 0.2100
2013.4479 -2.0727
2013.4507 1.9349
2013.4534 -0.2472
2013.4562 -0.8393
2013.4589 -1.9413
2013.4616 0.7066
2013.4644 4.7943
2013.4671 3.3517
2013.4699 5.0088
2013.4726 1.7153
2013.4753 4.8713
2013.4781 3.1766
2013.4808 5.2410
2013.4836 8.5146
2013.4863 7.7373
2013.4890 3.3788
2013.4918 -1.2109
2013.4945 2.4882
2013.4973 2.2258
2013.5000 6.4122
2013.5027 4.7572
2013.5055 6.9712
2013.5082 6.6542
2013.5110 6.8762
2013.5137 9.3774
2013.5164 4.9179
2013.5192 5.1377
2013.5219 6.3371
2013.5247 14.4160
2013.5274 6.9947
2013.5301 6.5732
2013.5329 2.8415
2013.5356 5.9299
2013.5384 9.1684
2013.5411 7.3371
2013.5438 7.7861
2013.5466 7.5555
2013.5493 9.1255
2013.5521 13.5261
2013.5548 15.4174
2013.5575 18.5295
2013.5603 13.4026
2013.5630 10.5668
2013.5658 12.0121
2013.5685 9.6786
2013.5712 10.5565
2013.5740 11.4758
2013.5767 13.0167
2013.5794 15.1893
2013.5822 18.8435
2013.5849 18.3491
2013.5877 16.8558
2013.5904 20.7536
2013.5931 19.6124
2013.5959 15.2221
2013.5986 14.6927
2013.6014 17.0741
2013.6041 18.4763
2013.6068 19.1590
2013.6096 18.1823
2013.6123 21.2561
2013.6151 19.2303
2013.6178 23.9148
2013.6205 23.7696
2013.6233 26.4846
2013.6260 21.6196
2013.6288 24.9347
2013.6315 24.9398
2013.6342 22.2548
2013.6370 23.7495
2013.6397 20.7640
2013.6425 19.2482
2013.6452 18.6519
2013.6479 18.2251
2013.6507 18.7878
2013.6534 22.2998
2013.6562 21.6311
2013.6589 19.0416
2013.6616 19.8013
2013.6644 21.5500
2013.6671 21.8881
2013.6699 19.8760
2013.6726 19.7437
2013.6753 17.9112
2013.6781 19.3585
2013.6808 20.9356
2013.6836 22.0224
2013.6863 21.5191
2013.6890 17.2955
2013.6918 19.1117
2013.6945 22.4076
2013.6973 23.0433
2013.7000 23.0187
2013.7027 21.6339
2013.7055 24.2588
2013.7082 26.0334
2013.7110 22.1678
2013.7137 23.2218
2013.7164 27.3756
2013.7192 28.1591
2013.7219 30.2923
2013.7247 29.7052
2013.7274 27.5678
2013.7301 33.6000
2013.7329 25.7020
2013.7356 26.5536
2013.7384 25.4549
2013.7411 27.9158
2013.7438 33.4264
2013.7466 26.9267
2013.7493 27.7763
2013.7521 23.2839
2013.7548 25.1094
2013.7575 21.4829
2013.7603 21.0546
2013.7630 17.5545
2013.7658 17.4729
2013.7685 22.2699
2013.7712 18.7056
2013.7740 22.5502
2013.7767 23.4137
2013.7794 21.8364
2013.7822 22.3984
2013.7849 18.6298
2013.7877 23.3208
2013.7904 23.7814
2013.7931 24.8219
2013.7959 18.0624
2013.7986 22.6630
2013.8014 25.4539
2013.8041 23.0051
2013.8068 24.4169
2013.8096 23.4894
2013.8123 23.1227
2013.8151 23.4370
2013.8178 28.3924
2013.8205 25.4390
2013.8233 28.7670
2013.8260 27.7965
2013.8288 33.4777
2013.8315 29.3007
2013.8342 29.3466
2013.8370 27.5361
2013.8397 30.5290
2013.8425 31.2550
2013.8452 32.9338
2013.8479 30.2750
2013.8507 29.3985
2013.8534 32.9439
2013.8562 28.3309
2013.8589 33.0393
2013.8616 28.0787
2013.8644 29.9488
2013.8671 30.0594
2013.8699 30.1901
2013.8726 27.4008
2013.8753 29.4810
2013.8781 29.8505
2013.8808 33.0190
2013.8836 31.9762
2013.8863 33.7718
2013.8890 37.6856
2013.8918 37.1971
2013.8945 37.2463
2013.8973 38.1226
2013.9000 35.4659
2013.9027 35.7959
2013.9055 35.8123
2013.9082 36.1348
2013.9110 33.3630
2013.9137 31.0067
2013.9164 34.1662
2013.9192 33.9243
2013.9219 31.9516
2013.9247 33.5182
2013.9274 30.7741
2013.9301 28.0393
2013.9329 27.5940
2013.9356 27.8382
2013.9384 29.0919
2013.9411 27.2252
2013.9438 27.2081
2013.9466 28.0306
2013.9493 29.6229
2013.9521 29.4050
2013.9548 32.5969
2013.9575 31.6187
2013.9603 27.6303
2013.9630 28.9420
2013.9658 27.4737
2013.9685 29.3855
2013.9712 28.9574
2013.9740 27.8695
2013.9767 27.7018
2013.9795 28.5944
2013.9822 27.4673
2013.9849 27.2606
2013.9877 31.5643
2013.9904 28.0385
2013.9931 27.3132
2013.9959 24.5985
2013.9986 25.3445
2014.0014 18.5810
2014.0041 27.8072
2014.0068 21.4030
2014.0096 23.8485
2014.0123 27.9638
2014.0151 29.1488
2014.0178 21.7537
2014.0205 20.3985
2014.0233 23.3833
2014.0260 23.3780
2014.0288 22.6928
2014.0315 24.2777
2014.0342 28.3928
2014.0370 23.9781
2014.0397 27.2336
2014.0425 27.2094
2014.0452 26.1557
2014.0479 26.2923
2014.0507 26.0794
2014.0534 21.1871
2014.0562 27.3753
2014.0589 22.7542
2014.0616 25.1738
2014.0644 24.7141
2014.0671 26.8751
2014.0699 27.0571
2014.0726 26.8799
2014.0753 28.6037
2014.0781 32.8684
2014.0808 28.6743
2014.0836 28.1109
2014.0863 28.0680
2014.0890 25.1756
2014.0918 27.7636
2014.0945 24.7921
2014.0973 28.1409
2014.1000 25.3402
2014.1027 24.5698
2014.1055 30.7897
2014.1082 28.9899
2014.1110 31.1604
2014.1137 31.4012
2014.1164 28.2122
2014.1192 29.6434
2014.1219 32.2348
2014.1247 32.2864
2014.1274 33.6281
2014.1301 32.2900
2014.1329 28.2019
2014.1356 25.9439
2014.1384 25.0660
2014.1411 29.1981
2014.1438 28.0302
2014.1466 34.0423
2014.1493 34.5443
2014.1521 32.1963
2014.1548 32.9982
2014.1575 34.8800
2014.1603 36.5117
2014.1630 30.4032
2014.1658 36.0146
2014.1685 35.0659
2014.1712 34.5972
2014.1740 29.8485
2014.1767 35.0997
2014.1795 35.2009
2014.1822 31.4621
2014.1849 30.2234
2014.1877 31.7347
2014.1904 33.9860
2014.1931 30.2574
2014.1959 26.0989
2014.1986 30.9106
2014.2014 30.1723
2014.2041 27.9142
2014.2068 25.5262
2014.2096 28.4084
2014.2123 30.9908
2014.2151 28.9534
2014.2178 28.0962
2014.2205 24.5693
2014.2233 26.6526
2014.2260 27.7961
2014.2288 30.3100
2014.2315 26.3641
2014.2342 34.7986
2014.2370 24.1634
2014.2397 26.8985
2014.2425 22.0940
2014.2452 25.6499
2014.2479 21.9469
2014.2507 25.6257
2014.2534 24.8861
2014.2562 25.9081
2014.2589 30.0116
2014.2616 27.0063
2014.2644 29.4023
2014.2671 25.7994
2014.2699 24.3175
2014.2726 23.1964
2014.2753 24.0462
2014.2781 25.1166
2014.2808 27.4176
2014.2836 26.9490
2014.2863 26.2707
2014.2890 24.7827
2014.2918 26.3548
2014.2945 28.3268
2014.2973 25.9388
2014.3000 26.7105
2014.3027 28.0520
2014.3055 23.8829
2014.3082 18.1234
2014.3110 24.7931
2014.3137 21.8621
2014.3164 25.7402
2014.3192 22.6473
2014.3219 18.2233
2014.3247 20.2681
2014.3274 21.3916
2014.3301 22.6437
2014.3329 22.2657
2014.3356 23.5277
2014.3384 25.7796
2014.3411 22.0615
2014.3438 22.6934
2014.3466 22.3052
2014.3493 26.4370
2014.3521 20.8687
2014.3548 21.3305
2014.3575 24.2421
2014.3603 25.3338
2014.3630 30.0653
2014.3658 27.9369
2014.3685 30.7584
2014.3712 33.9698
2014.3740 32.1212
2014.3767 26.3425
2014.3794 30.7838
2014.3822 29.1150
2014.3849 24.9162
2014.3877 26.4272
2014.3904 25.8583
2014.3931 25.7592
2014.3959 22.5701
2014.3986 24.8109
2014.4014 23.4317
2014.4041 24.2223
2014.4068 25.1729
2014.4096 23.2435
2014.4123 23.5339
2014.4151 19.3343
2014.4178 21.3246
2014.4205 19.2848
2014.4233 22.3450
2014.4260 22.6452
2014.4288 19.8753
2014.4315 21.6453
2014.4342 19.9053
2014.4370 20.6952
2014.4397 21.6751
2014.4425 19.4249
2014.4452 25.8346
2014.4479 21.9043
2014.4507 24.5840
2014.4534 28.4036
2014.4562 28.3132
2014.4589 24.1227
2014.4616 20.2222
2014.4644 16.2716
2014.4671 18.0909
2014.4699 15.7303
2014.4726 17.0195
2014.4753 19.3088
2014.4781 17.1079
2014.4808 15.6171
2014.4836 15.0162
2014.4863 19.8552
2014.4890 19.0342
2014.4918 15.6232
2014.4945 17.1221
2014.4973 20.2310
2014.5000 20.4596
2014.5027 18.3480
2014.5055 14.8060
2014.5082 14.4539
2014.5110 20.3214
2014.5137 16.6787
2014.5164 22.6057
2014.5192 26.7724
2014.5219 24.3088
2014.5247 23.9149
2014.5274 21.5407
2014.5301 15.5162
2014.5329 19.4514
2014.5356 16.8863
2014.5384 14.8909
2014.5411 12.8552
2014.5438 15.0992
2014.5466 12.2628
2014.5493 13.5261
2014.5521 16.8791
2014.5548 16.3017
2014.5575 9.6940
2014.5603 17.6360
2014.5630 19.5376
2014.5658 14.7189
2014.5685 20.8198
2014.5712 12.3904
2014.5740 15.6706
2014.5767 13.0504
2014.5794 12.5699
2014.5822 7.0489
2014.5849 10.1271
2014.5877 12.7745
2014.5904 13.1611
2014.5931 16.1069
2014.5959 15.7920
2014.5986 12.7665
2014.6014 16.5905
2014.6041 14.8938
2014.6068 13.7667
2014.6096 16.2192
2014.6123 11.8513
2014.6151 13.6230
2014.6178 15.0345
2014.6205 15.3357
2014.6233 17.3968
2014.6260 17.5377
2014.6288 17.4186
2014.6315 13.5194
2014.6342 13.1103
2014.6370 10.1912
2014.6397 15.0523
2014.6425 12.7436
2014.6452 9.2851
2014.6479 9.0668
2014.6507 4.9290
2014.6534 9.3915
2014.6562 7.6544
2014.6589 10.9578
2014.6616 12.0918
2014.6644 16.9363
2014.6671 15.6814
2014.6699 17.5867
2014.6726 17.5524
2014.6753 17.9685
2014.6781 13.4348
2014.6808 16.3215
2014.6836 19.8784
2014.6863 17.7057
2014.6890 17.3733
2014.6918 13.5011
2014.6945 14.2393
2014.6973 13.9477
2014.7000 13.9964
2014.7027 10.1654
2014.7055 12.9146
2014.7082 12.1741
2014.7110 13.2639
2014.7137 15.1139
2014.7164 19.7642
2014.7192 11.2347
2014.7219 11.1955
2014.7247 12.2165
2014.7274 11.4677
2014.7301 9.9591
2014.7329 17.0008
2014.7356 14.5726
2014.7384 15.3247
2014.7411 14.7870
2014.7438 16.7495
2014.7466 19.6021
2014.7493 16.6457
2014.7521 18.8837
2014.7548 17.9466
2014.7575 16.7938
2014.7603 16.6151
2014.7630 18.3099
2014.7658 14.6181
2014.7685 16.1291
2014.7712 15.2626
2014.7740 21.2083
2014.7767 12.4457
2014.7794 14.8444
2014.7822 12.9842
2014.7849 15.1346
2014.7877 16.1252
2014.7904 16.5157
2014.7931 15.5657
2014.7959 13.5048
2014.7986 17.9826
2014.8014 11.3287
2014.8041 13.8629
2014.8068 15.2546
2014.8096 13.3036
2014.8123 18.3294
2014.8151 18.5917
2014.8178 20.5600
2014.8205 22.2941
2014.8233 17.5535
2014.8260 22.8079
2014.8288 19.5768
2014.8315 21.6000
2014.8342 18.6399
2014.8370 23.3495
2014.8397 19.3888
2014.8425 17.2876
2014.8452 18.1562
2014.8479 18.6944
2014.8507 19.0824
2014.8534 22.5900
2014.8562 23.8174
2014.8589 21.3644
2014.8616 24.0612
2014.8644 19.3278
2014.8671 22.6941
2014.8699 17.2101
2014.8726 19.4860
2014.8753 19.2116
2014.8781 25.5271
2014.8808 21.2523
2014.8836 22.6374
2014.8863 22.3123
2014.8890 24.0670
2014.8918 25.1217
2014.8945 23.6761
2014.8973 22.0505
2014.9000 23.9847
2014.9027 18.4588
2014.9055 26.2529
2014.9082 28.8069
2014.9110 27.8308
2014.9137 28.2546
2014.9164 25.0784
2014.9192 27.3619
2014.9219 26.9851
2014.9247 27.4980
2014.9274 29.8008
2014.9301 29.3633
2014.9329 31.3257
2014.9356 33.7579
2014.9384 31.1200
2014.9411 33.1720
2014.9438 31.2839
2014.9466 27.7558
2014.9493 27.1877
2014.9521 31.0196
2014.9548 32.1715
2014.9575 31.5636
2014.9603 25.8857
2014.9630 32.4179
2014.9658 27.2402
2014.9685 32.5228
2014.9712 28.5955
2014.9740 32.0285
2014.9767 30.0517
2014.9795 30.9352
2014.9822 31.5791
2014.9849 28.5432
2014.9877 29.9277
2014.9904 25.1626
2014.9931 25.4679
2014.9959 28.7937
2014.9986 30.7599
2015.0014 26.5067
2015.0041 27.7247
2015.0068 31.3238
2015.0096 34.5041
2015.0123 33.0353
2015.0151 33.5575
2015.0178 31.7106
2015.0205 29.2444
2015.0233 29.9990
2015.0260 28.2642
2015.0288 27.9300
2015.0315 29.4562
2015.0342 28.9929
2015.0370 26.0199
2015.0397 30.8572
2015.0425 30.1246
2015.0452 29.0322
2015.0479 25.1698
2015.0507 32.5073
2015.0534 33.9148
2015.0562 33.4520
2015.0589 30.0989
2015.0616 31.4555
2015.0644 30.1817
2015.0671 33.7974
2015.0699 35.8125
2015.0726 27.6569
2015.0753 31.5706
2015.0781 32.7735
2015.0808 32.1755
2015.0836 33.4666
2015.0863 33.7769
2015.0890 30.2464
2015.0918 36.8552
2015.0945 34.1133
2015.0973 37.1309
2015.1000 28.5379
2015.1027 31.0446
2015.1055 32.9508
2015.1082 33.4668
2015.1110 28.8326
2015.1137 31.7881
2015.1164 32.9637
2015.1192 32.7291
2015.1219 33.7647
2015.1247 35.8303
2015.1274 34.1662
2015.1301 35.7222
2015.1329 36.3287
2015.1356 36.2055
2015.1384 37.0627
2015.1411 37.1505
2015.1438 34.8989
2015.1466 31.7780
2015.1493 29.9978
2015.1521 28.7084
2015.1548 31.1299
2015.1575 35.3824
2015.1603 33.4758
2015.1630 34.2002
2015.1658 32.6453
2015.1685 33.2908
2015.1712 35.7869
2015.1740 33.2834
2015.1767 39.2905
2015.1795 34.0180
2015.1822 35.3660
2015.1849 35.9445
2015.1877 31.7934
2015.1904 32.5727
2015.1931 33.3125
2015.1959 32.4627
2015.1986 34.2033
2015.2014 34.4843
2015.2041 34.0557
2015.2068 29.6975
2015.2096 31.2896
2015.2123 33.6921
2015.2151 32.9050
2015.2178 29.8682
2015.2205 32.4718
2015.2233 33.3257
2015.2260 33.6999
2015.2288 29.6344
2015.2315 28.0292
2015.2342 26.3043
2015.2370 26.3497
2015.2397 25.7253
2015.2425 23.7312
2015.2452 28.5374
2015.2479 26.7538
2015.2507 27.1506
2015.2534 30.9876
2015.2562 31.5849
2015.2589 28.1325
2015.2616 28.3802
2015.2644 27.6782
2015.2671 26.9563
2015.2699 30.2646
2015.2726 26.7430
2015.2753 28.1715
2015.2781 25.4901
2015.2808 20.5588
2015.2836 24.4775
2015.2863 26.7463
2015.2890 23.6150
2015.2918 24.6337
2015.2945 25.6624
2015.2973 29.9610
2015.3000 24.6396
2015.3027 35.0780
2015.3055 28.3963
2015.3082 26.8544
2015.3110 28.3924
2015.3137 23.6502
2015.3164 26.0378
2015.3192 27.8551
2015.3219 27.9221
2015.3247 26.3889
2015.3274 29.2954
2015.3301 28.9916
2015.3329 24.2777
2015.3356 23.2037
2015.3384 29.4596
2015.3411 32.6754
2015.3438 29.0511
2015.3466 20.7167
2015.3493 22.1021
2015.3521 19.4675
2015.3548 19.3627
2015.3575 19.8177
2015.3603 22.0926
2015.3630 18.9573
2015.3658 22.0719
2015.3685 21.0662
2015.3712 18.1204
2015.3740 16.9844
2015.3767 14.6581
2015.3794 17.1417
2015.3822 17.7150
2015.3849 24.7980
2015.3877 28.2609
2015.3904 24.9834
2015.3931 21.5758
2015.3959 16.1378
2015.3986 18.7096
2015.4014 18.0810
2015.4041 20.1922
2015.4068 18.5331
2015.4096 18.6337
2015.4123 10.9639
2015.4151 14.0035
2015.4178 9.4120
2015.4205 13.8097
2015.4233 11.0564
2015.4260 10.2125
2015.4288 12.8778
2015.4315 12.0424
2015.4342 13.5665
2015.4370 11.0601
2015.4397 6.4032
2015.4425 11.9960
2015.4452 6.7084
2015.4479 7.3107
2015.4507 8.0828
2015.4534 11.1748
2015.4562 11.8367
2015.4589 15.3988
2015.4616 15.1609
2015.4644 17.6032
2015.4671 9.7458
2015.4699 12.9887
2015.4726 7.8420
2015.4753 12.0657
2015.4781 10.5300
2015.4808 16.4349
2015.4836 17.1805
2015.4863 13.1268
2015.4890 15.2239
2015.4918 21.3818
2015.4945 16.3508
2015.4973 12.3206
2015.5000 14.3906
2015.5027 9.2206
2015.5055 7.5906
2015.5082 8.9207
2015.5110 7.1809
2015.5137 13.0511
2015.5164 8.8713
2015.5192 7.4216
2015.5219 10.1019
2015.5247 5.8423
2015.5274 8.0627
2015.5301 8.9531
2015.5329 9.8137
2015.5356 10.4842
2015.5384 11.6349
2015.5411 14.1655
2015.5438 10.5963
2015.5466 8.8171
2015.5493 15.5879
2015.5521 11.1088
2015.5548 13.5198
2015.5575 14.5808
2015.5603 14.4819
2015.5630 18.8430
2015.5658 15.0642
2015.5685 16.0155
2015.5712 11.1168
2015.5740 9.1882
2015.5767 13.9797
2015.5794 10.8212
2015.5822 10.6428
2015.5849 14.5645
2015.5877 17.2161
2015.5904 22.2979
2015.5931 20.7996
2015.5959 24.1214
2015.5986 20.6432
2015.6014 22.6551
2015.6041 22.6470
2015.6068 23.9389
2015.6096 22.3908
2015.6123 20.0328
2015.6151 21.4848
2015.6178 22.9068
2015.6205 19.2488
2015.6233 21.3709
2015.6260 22.7530
2015.6288 26.8950
2015.6315 26.3671
2015.6342 24.8092
2015.6370 20.9814
2015.6397 19.0235
2015.6425 18.5756
2015.6452 21.5077
2015.6479 21.0899
2015.6507 19.8920
2015.6534 21.4142
2015.6562 21.7963
2015.6589 24.9584
2015.6616 23.3206
2015.6644 22.2327
2015.6671 21.4046
2015.6699 22.8363
2015.6726 20.0377
2015.6753 23.9988
2015.6781 27.9899
2015.6808 23.3808
2015.6836 22.1317
2015.6863 26.5725
2015.6890 29.0634
2015.6918 26.5045
2015.6945 25.2856
2015.6973 22.7170
2015.7000 25.8186
2015.7027 23.5605
2015.7055 28.8428
2015.7082 28.5055
2015.7110 28.5987
2015.7137 25.2723
2015.7164 35.3265
2015.7192 27.7113
2015.7219 34.0768
2015.7247 25.7930
2015.7274 26.5500
2015.7301 29.2078
2015.7329 29.8464
2015.7356 32.6259
2015.7384 32.5665
2015.7411 32.7680
2015.7438 34.7106
2015.7466 30.8943
2015.7493 29.5893
2015.7521 32.1362
2015.7548 33.7449
2015.7575 33.4254
2015.7603 34.2775
2015.7630 37.6011
2015.7658 33.7162
2015.7685 33.2026
2015.7712 33.1902
2015.7740 33.0389
2015.7767 39.3686
2015.7794 30.2892
2015.7822 33.8605
2015.7849 32.7026
2015.7877 36.2852
2015.7904 36.7183
2015.7931 39.5518
2015.7959 37.7855
2015.7986 42.6394
2015.8014 34.4333
2015.8041 41.8871
2015.8068 40.0008
2015.8096 37.8442
2015.8123 35.9672
2015.8151 36.6497
2015.8178 36.3016
2015.8205 34.8328
2015.8233 39.2031
2015.8260 36.0226
2015.8288 33.2910
2015.8315 36.0183
2015.8342 35.6250
2015.8370 40.5416
2015.8397 40.6981
2015.8425 38.1646
2015.8452 39.7609
2015.8479 39.8872
2015.8507 40.1034
2015.8534 43.2396
2015.8562 37.9056
2015.8589 33.5216
2015.8616 40.2175
2015.8644 39.1834
2015.8671 37.8691
2015.8699 35.8848
2015.8726 36.5704
2015.8753 36.4060
2015.8781 34.4114
2015.8808 40.8968
2015.8836 46.0421
2015.8863 41.6573
2015.8890 41.7125
2015.8918 41.9075
2015.8945 40.0625
2015.8973 38.7774
2015.9000 38.2123
2015.9027 41.0870
2015.9055 40.6417
2015.9082 40.4263
2015.9110 42.9309
2015.9137 41.0753
2015.9164 37.3896
2015.9192 44.7131
2015.9219 41.1758
2015.9247 37.4677
2015.9274 35.7987
2015.9301 37.0990
2015.9329 41.1785
2015.9356 36.9172
2015.9384 33.1252
2015.9411 34.8224
2015.9438 37.8690
2015.9466 33.2648
2015.9493 35.2200
2015.9521 34.9845
2015.9548 35.0883
2015.9575 32.0315
2015.9603 31.3341
2015.9630 32.4461
2015.9658 36.9874
2015.9685 34.6383
2015.9712 32.0085
2015.9740 33.8782
2015.9767 34.2974
2015.9795 29.9361
2015.9822 34.9343
2015.9849 37.4420
2015.9877 38.6493
2015.9904 36.1561
2015.9931 37.2625
2015.9959 36.7784
2015.9986 36.4840
2016.0014 33.1786
2016.0041 32.4591
2016.0068 33.1253
2016.0096 33.6275
2016.0123 30.5760
2016.0150 31.3612
2016.0178 25.6933
2016.0205 29.1528
2016.0232 31.5998
2016.0260 33.5647
2016.0287 31.3679
2016.0314 35.7897
2016.0342 33.4303
2016.0369 31.8902
2016.0396 33.4896
2016.0423 31.2589
2016.0451 31.0783
2016.0478 32.7883
2016.0505 34.2490
2016.0533 32.1209
2016.0560 34.9943
2016.0587 33.0294
2016.0615 33.4067
2016.0642 31.8764
2016.0669 31.8488
2016.0697 28.8243
2016.0724 33.7733
2016.0751 32.1459
2016.0779 37.8425
2016.0806 31.5835
2016.0833 35.6583
2016.0861 35.9256
2016.0888 36.3151
2016.0915 37.1968
2016.0943 38.2305
2016.0970 38.7759
2016.0997 37.4428
2016.1025 39.4412
2016.1052 36.2907
2016.1079 38.0712
2016.1107 39.3625
2016.1134 36.1945
2016.1161 38.2969
2016.1189 35.1095
2016.1216 32.3122
2016.1243 37.0448
2016.1270 38.7871
2016.1298 36.8688
2016.1325 36.9799
2016.1352 38.1301
2016.1380 37.3692
2016.1407 40.8071
2016.1434 41.4236
2016.1462 35.5384
2016.1489 37.0914
2016.1516 35.5324
2016.1544 38.5712
2016.1571 36.4976
2016.1598 38.4915
2016.1626 33.3427
2016.1653 34.6333
2016.1680 33.1938
2016.1708 33.1541
2016.1735 33.8543
2016.1762 33.2844
2016.1790 35.5443
2016.1817 35.7741
2016.1844 33.2737
2016.1872 36.2332
2016.1899 37.8726
2016.1926 40.9218
2016.1954 38.1908
2016.1981 39.0297
2016.2008 37.6284
2016.2035 33.3169
2016.2063 33.8553
2016.2090 37.8735
2016.2117 27.8215
2016.2145 37.1594
2016.2172 32.6071
2016.2199 34.8345
2016.2227 34.0419
2016.2254 35.7390
2016.2281 36.3259
2016.2309 36.8226
2016.2336 31.9592
2016.2363 35.4555
2016.2391 37.7216
2016.2418 33.3076
2016.2445 34.3133
2016.2473 35.6086
2016.2500 34.1934
2016.2527 35.4875
2016.2555 36.1311
2016.2582 36.2841
2016.2609 39.3668
2016.2637 37.0690
2016.2664 38.2209
2016.2691 41.2824
2016.2719 40.7638
2016.2746 37.9349
2016.2773 39.5859
2016.2801 39.4368
2016.2828 39.9277
2016.2855 34.2186
2016.2882 38.7796
2016.2910 43.0606
2016.2937 38.0519
2016.2964 39.7634
2016.2992 27.8351
2016.3019 32.6472
2016.3046 35.0296
2016.3074 34.0525
2016.3101 35.7558
2016.3128 33.8497
2016.3156 40.1941
2016.3183 40.8892
2016.3210 32.8350
2016.3238 31.1115
2016.3265 29.7288
2016.3292 29.9770
2016.3320 26.6767
2016.3347 33.2084
2016.3374 29.6818
2016.3402 32.3069
2016.3429 28.2135
2016.3456 26.4114
2016.3484 28.1306
2016.3511 32.8709
2016.3538 23.2022
2016.3566 24.3343
2016.3593 26.7071
2016.3620 29.8504
2016.3648 29.9542
2016.3675 26.5384
2016.3702 29.1126
2016.3729 21.4970
2016.3757 16.3512
2016.3784 21.5052
2016.3811 18.2188
2016.3839 27.6420
2016.3866 30.1945
2016.3893 30.4262
2016.3921 26.7471
2016.3948 23.5869
2016.3975 25.3956
2016.4003 23.4930
2016.4030 14.8589
2016.4057 18.3833
2016.4085 18.1460
2016.4112 21.3368
2016.4139 16.9160
2016.4167 19.1750
2016.4194 21.9039
2016.4221 21.6728
2016.4249 20.0515
2016.4276 22.4302
2016.4303 21.2888
2016.4331 20.8574
2016.4358 19.9859
2016.4385 23.7844
2016.4413 20.4828
2016.4440 20.7412
2016.4467 17.7696
2016.4495 21.8680
2016.4522 25.3563
2016.4549 22.6847
2016.4576 18.0530
2016.4604 19.9014
2016.4631 21.7198
2016.4658 24.7582
2016.4686 22.6566
2016.4713 21.8450
2016.4740 17.1235
2016.4768 18.3821
2016.4795 19.2506
2016.4822 16.5593
2016.4850 12.2580
2016.4877 14.4868
2016.4904 13.6356
2016.4932 13.3346
2016.4959 15.1936
2016.4986 16.7027
2016.5014 14.4618
2016.5041 14.9710
2016.5068 16.8603
2016.5096 14.9495
2016.5123 10.7189
2016.5150 15.8282
2016.5178 21.5776
2016.5205 12.7270
2016.5232 14.6864
2016.5260 15.1559
2016.5287 15.2853
2016.5314 21.4448
2016.5342 17.7243
2016.5369 17.6438
2016.5396 19.8833
2016.5423 15.7628
2016.5451 15.1823
2016.5478 14.2719
2016.5505 17.3514
2016.5533 16.7909
2016.5560 11.8204
2016.5587 11.1199
2016.5615 12.4993
2016.5642 11.9188
2016.5669 15.2482
2016.5697 13.9376
2016.5724 15.3469
2016.5751 16.4863
2016.5779 13.9656
2016.5806 13.4149
2016.5833 11.8535
2016.5861 13.5407
2016.5888 10.5867
2016.5915 12.5714
2016.5943 12.9051
2016.5970 15.4278
2016.5997 15.5196
2016.6025 13.8806
2016.6052 17.1810
2016.6079 17.3608
2016.6107 14.1900
2016.6134 14.8490
2016.6161 18.2076
2016.6189 19.4560
2016.6216 43.9444
2016.6243 44.3728
2016.6270 50.6914
2016.6298 44.7402
2016.6325 49.9193
2016.6352 53.7488
2016.6380 49.4788
2016.6407 51.7395
2016.6434 53.5310
2016.6462 50.1332
2016.6489 50.0464
2016.6516 48.4507
2016.6544 47.9361
2016.6571 48.9127
2016.6598 44.6506
2016.6626 44.6500
2016.6653 44.6412
2016.6680 38.6664
2016.6708 43.0963
2016.6735 45.8605
2016.6762 48.1587
2016.6790 48.4205
2016.6817 49.0057
2016.6844 50.0840
2016.6872 49.3149
2016.6899 49.2683
2016.6926 48.8137
2016.6954 50.1509
2016.6981 54.6196
2016.7008 53.3194
2016.7035 52.5701
2016.7063 53.1412
2016.7090 54.3725
2016.7117 56.2637
2016.7172 51.5844
2016.7199 52.8534
2016.7227 57.5209
2016.7281 57.1805
2016.7336 57.7507
2016.7363 57.6665
2016.7418 56.6879
2016.7473 56.4936
2016.7801 53.0709
2016.7828 55.0679
2016.7855 51.9249
2016.7882 53.5219
2016.7910 55.9788
2016.7937 54.1857
2016.7964 55.2726
2016.7992 53.5794
2016.8019 56.3961
2016.8046 54.5829
2016.8074 55.4696
2016.8101 54.6562
2016.8128 51.2828
2016.8156 53.1394
2016.8183 51.9259
2016.8210 49.5324
2016.8238 49.0588
2016.8265 51.2952
2016.8292 52.9116
2016.8320 51.8879
2016.8347 48.5242
2016.8374 49.9105
2016.8402 53.8569
2016.8429 46.8633
2016.8456 51.1797
2016.8484 48.3361
2016.8511 47.1725
2016.8538 43.6689
2016.8566 38.2653
2016.8593 40.9917
2016.8620 43.4681
2016.8648 42.3444
2016.8675 43.6208
2016.8702 40.4570
2016.8729 39.5133
2016.8757 41.1795
2016.8784 41.0056
2016.8811 42.0017
2016.8839 41.8877
2016.8866 35.9036
2016.8893 40.9395
2016.8921 38.2553
2016.8948 36.1509
2016.8975 33.2765
2016.9003 34.9820
2016.9030 31.8374
2016.9057 33.7627
2016.9085 33.6079
2016.9112 34.7929
2016.9139 34.6278
2016.9167 37.8524
2016.9194 36.0657
2016.9221 37.6376
2016.9249 37.1784
2016.9276 36.0779
2016.9303 37.9663
2016.9331 39.8538
2016.9358 36.2103
2016.9385 37.9060
2016.9413 40.8209
2016.9440 39.4352
2016.9467 39.1088
2016.9495 38.3919
2016.9522 37.9146
2016.9549 36.3769
2016.9576 37.8889
2016.9604 39.9908
2016.9631 36.4525
2016.9658 32.5042
2016.9686 39.6259
2016.9713 36.6477
2016.9740 36.2498
2016.9768 36.4621
2016.9795 36.0648
2016.9822 36.7179
2016.9850 39.0216
2016.9877 35.6459
2016.9904 37.0308
2016.9932 36.0066
2016.9959 35.8632
2016.9986 38.9307
2017.0014 36.0992
2017.0041 36.9486
2017.0068 32.9787
2017.0096 37.0797
2017.0123 34.9413
2017.0151 32.6235
2017.0178 35.3463
2017.0205 34.2196
2017.0233 39.6633
2017.0260 37.8274
2017.0288 37.5617
2017.0315 37.9263
2017.0342 36.9511
2017.0370 37.0360
2017.0397 40.4909
2017.0425 34.3758
2017.0452 37.2406
2017.0479 37.3153
2017.0507 37.7698
2017.0534 39.9940
2017.0562 39.2278
2017.0589 38.6513
2017.0616 39.0943
2017.0644 40.2167
2017.0671 42.1686
2017.0699 42.9898
2017.0726 43.2403
2017.0753 41.6000
2017.0781 41.6688
2017.0808 43.5268
2017.0836 43.4735
2017.0863 38.6189
2017.0890 41.3230
2017.0918 39.6960
2017.0945 39.0678
2017.0973 39.4087
2017.1000 36.0586
2017.1027 36.3377
2017.1055 38.5261
2017.1082 42.1239
2017.1110 41.1712
2017.1137 40.3680
2017.1164 47.4345
2017.1192 38.1307
2017.1219 40.8067
2017.1247 41.6327
2017.1274 39.6287
2017.1301 38.2348
2017.1329 35.3112
2017.1356 36.7778
2017.1384 39.0548
2017.1411 39.9023
2017.1438 40.3704
2017.1466 39.6892
2017.1493 37.8387
2017.1521 35.4190
2017.1548 35.8904
2017.1575 38.5927
2017.1603 40.6162
2017.1630 43.0209
2017.1658 32.6469
2017.1685 35.0641
2017.1712 39.3123
2017.1740 41.6515
2017.1767 37.1017
2017.1795 37.6327
2017.1822 41.2044
2017.1849 37.3268
2017.1877 41.4397
2017.1904 40.5831
2017.1931 42.0669
2017.1959 44.4510
2017.1986 41.8254
2017.2014 41.9898
2017.2041 42.8543
2017.2068 43.8588
2017.2096 44.9831
2017.2123 46.3172
2017.2151 42.9110
2017.2178 46.6545
2017.2205 47.0374
2017.2233 43.9298
2017.2260 42.1315
2017.2288 44.9125
2017.2315 42.9427
2017.2342 46.2719
2017.2370 42.7702
2017.2397 43.3974
2017.2425 40.4434
2017.2452 44.1481
2017.2479 38.7613
2017.2507 41.1428
2017.2534 38.5728
2017.2562 44.3113
2017.2589 39.7485
2017.2616 40.7845
2017.2644 45.6295
2017.2671 43.9034
2017.2699 42.1566
2017.2726 45.5590
2017.2753 45.0507
2017.2781 43.0820
2017.2808 44.9630
2017.2836 41.9636
2017.2863 40.4342
2017.2890 42.0947
2017.2918 41.2454
2017.2945 40.4762
2017.2973 46.4274
2017.3000 39.9091
2017.3027 42.6213
2017.3055 44.3543
2017.3082 43.9980
2017.3110 44.7727
2017.3137 41.6485
2017.3164 43.8754
2017.3192 40.4936
2017.3219 50.5332
2017.3247 39.1043
2017.3274 39.9971
2017.3301 38.3315
2017.3329 39.8662
2017.3356 41.7612
2017.3384 37.9364
2017.3411 40.7218
2017.3438 39.0675
2017.3466 41.2735
2017.3493 38.2997
2017.3521 38.2063
2017.3548 40.6932
2017.3575 40.8204
2017.3603 40.2380
2017.3630 40.1460
2017.3658 42.5244
2017.3685 42.5032
2017.3712 39.0925
2017.3740 43.5422
2017.3767 40.3023
2017.3794 41.2830
2017.3822 44.1242
2017.3849 39.8859
2017.3877 43.1681
2017.3904 39.4409
2017.3931 37.7643
2017.3959 34.9783
2017.3986 36.0029
2017.4014 35.9981
2017.4041 35.4140
2017.4068 37.4405
2017.4096 38.8977
2017.4123 36.6657
2017.4151 38.5341
2017.4178 38.2527
2017.4205 41.4215
2017.4233 40.7305
2017.4260 41.5396
2017.4288 39.7989
2017.4315 38.2883
2017.4342 40.9179
2017.4370 38.7575
2017.4397 36.3773
2017.4425 34.2671
2017.4452 32.9269
2017.4479 33.5368
2017.4507 35.2168
2017.4534 36.8167
2017.4562 39.9366
2017.4589 37.9665
2017.4616 32.3964
2017.4644 35.0962
2017.4671 39.8360
2017.4699 36.3756
2017.4726 40.8252
2017.4753 38.2646
2017.4781 44.9439
2017.4808 43.1831
2017.4836 35.6021
2017.4863 35.1509
2017.4890 36.8895
2017.4918 34.1680
2017.4945 37.3262
2017.4973 34.1641
2017.5000 34.5321
2017.5027 32.7300
2017.5055 34.8078
2017.5082 37.1557
2017.5110 36.3435
2017.5137 35.8313
2017.5164 36.0191
2017.5192 36.4968
2017.5219 36.4245
2017.5247 32.0321
2017.5274 31.5198
2017.5301 31.4974
2017.5329 33.4849
2017.5356 32.7424
2017.5384 33.7699
2017.5411 32.6574
2017.5438 30.2448
2017.5466 28.2222
2017.5493 31.3095
2017.5521 28.8368
2017.5548 33.2440
2017.5575 33.5313
2017.5603 30.7384
2017.5630 27.3955
2017.5658 29.4026
2017.5685 26.5697
2017.5712 28.8367
2017.5740 30.7436
2017.5767 34.0705
2017.5794 33.9973
2017.5822 32.0941
2017.5849 27.4704
2017.5877 31.2964
2017.5904 31.0719
2017.5931 26.4071
2017.5959 29.6220
2017.5986 30.5265
2017.6014 28.7808
2017.6041 28.4548
2017.6068 28.7585
2017.6096 26.8021
2017.6123 31.4455
2017.6151 31.5687
2017.6178 25.9718
2017.6205 27.4648
2017.6233 26.6378
2017.6260 26.7307
2017.6288 26.8335
2017.6315 24.1564
2017.6342 25.2393
2017.6370 28.7023
2017.6397 32.6754
2017.6425 32.5385
2017.6452 30.1719
2017.6479 30.1753
2017.6507 30.9290
2017.6534 36.1629
2017.6562 32.3370
2017.6589 27.5714
2017.6616 28.4861
2017.6644 29.5712
2017.6671 29.8970
2017.6699 31.1940
2017.6726 30.1721
2017.6753 30.2512
2017.6781 31.2812
2017.6808 28.8422
2017.6836 32.2339
2017.6863 28.5364
2017.6890 35.4794
2017.6918 37.7731
2017.6945 35.8172
2017.6973 35.6218
2017.7000 35.8366
2017.7027 41.3918
2017.7055 41.6471
2017.7082 48.4225
2017.7110 42.9579
2017.7137 42.1233
2017.7164 41.8285
2017.7192 41.0835
2017.7219 40.7883
2017.7247 41.3626
2017.7274 42.9266
2017.7301 43.6200
2017.7329 42.7428
2017.7356 41.7650
2017.7384 42.1364
2017.7411 41.2269
2017.7438 42.6166
2017.7466 45.0853
2017.7493 39.7427
2017.7521 40.3578
2017.7548 41.5405
2017.7575 40.5710
2017.7603 42.5894
2017.7630 44.0860
2017.7658 45.7808
2017.7685 45.8440
2017.7712 42.4358
2017.7740 47.1363
2017.7767 47.7858
2017.7794 46.1243
2017.7822 45.5520
2017.7849 44.8390
2017.7877 43.0956
2017.7904 41.9419
2017.7931 40.6481
2017.7959 43.8842
2017.7986 43.5405
2017.8014 47.4771
2017.8041 46.1042
2017.8068 51.6019
2017.8096 47.7905
2017.8123 47.1299
2017.8151 46.6305
2017.8178 47.4024
2017.8205 50.4457
2017.8233 50.7106
2017.8260 48.7172
2017.8288 46.5657
2017.8315 47.1263
2017.8342 47.1301
2017.8370 44.4678
2017.8397 45.7493
2017.8425 46.7541
2017.8452 47.1120
2017.8479 45.9826
2017.8507 51.0657
2017.8534 53.8210
2017.8562 52.1380
2017.8589 50.3866
2017.8616 52.1665
2017.8644 49.4872
2017.8671 51.6686
2017.8699 51.9002
2017.8726 51.8219
2017.8753 52.6432
2017.8781 53.2639
2017.8808 52.2636
2017.8836 50.2022
2017.8863 49.7192
2017.8890 46.2043
2017.8918 47.7673
2017.8945 51.1578
2017.8973 48.1655
2017.9000 50.3801
2017.9027 45.4014
2017.9055 44.9889
2017.9082 44.5225
2017.9110 44.5217
2017.9137 43.4963
2017.9164 48.7765
2017.9192 46.3546
2017.9219 44.8414
2017.9247 46.8669
2017.9274 42.2312
2017.9301 44.9344
2017.9329 45.5166
2017.9356 45.0178
2017.9384 43.4883
2017.9411 43.0280
2017.9438 40.4471
2017.9466 43.8456
2017.9493 39.9837
2017.9521 39.7715
2017.9548 44.6890
2017.9575 41.5763
2017.9603 42.8836
2017.9630 41.5209
2017.9658 43.4383
2017.9685 43.8260
2017.9712 44.1439
2017.9740 45.2323
2017.9767 45.6812
2017.9795 41.1606
2017.9822 34.9408
2017.9849 38.9917
2017.9877 39.7936
2017.9904 41.0264
2017.9931 42.7302
2017.9959 44.0053
2017.9986 45.9916
2018.0014 45.3391
2018.0041 44.8969
2018.0068 44.7850
2018.0096 38.1432
2018.0123 42.4616
2018.0151 41.6701
2018.0178 43.3688
2018.0205 43.7877
2018.0233 46.7166
2018.0260 46.5257
2018.0288 47.9848
2018.0315 44.6540
2018.0342 46.4932
2018.0370 49.3925
2018.0397 44.8519
2018.0425 43.6112
2018.0452 45.9506
2018.0479 46.3799
2018.0507 49.4493
2018.0534 49.9786
2018.0562 48.2878
2018.0589 46.6270
2018.0616 47.6461
2018.0644 47.9951
2018.0671 45.8640
2018.0699 45.7228
2018.0726 49.6814
2018.0753 47.1199
2018.0781 46.8982
2018.0808 45.3364
2018.0836 49.0038
2018.0863 47.6898
2018.0890 45.1846
2018.0918 42.5782
2018.0945 44.3608
2018.0973 39.2525
2018.1000 41.1934
2018.1027 44.3535
2018.1055 44.5431
2018.1082 42.6721
2018.1110 45.2507
2018.1137 46.5390
2018.1164 46.1771
2018.1192 46.7251
2018.1219 45.2431
2018.1247 46.3012
2018.1274 44.5495
2018.1301 42.3181
2018.1329 41.1872
2018.1356 45.0967
2018.1384 43.0769
2018.1411 37.8979
2018.1438 38.1896
2018.1466 42.9323
2018.1493 45.0461
2018.1521 44.1010
2018.1548 43.7071
2018.1575 44.0746
2018.1603 45.0435
2018.1630 46.1351
2018.1658 45.1250
2018.1685 47.7537
2018.1712 47.3506
2018.1740 47.5350
2018.1767 52.5964
2018.1795 49.2541
2018.1822 46.8777
2018.1849 47.6163
2018.1877 42.4196
2018.1904 51.7368
2018.1931 49.0273
2018.1959 47.0806
2018.1986 45.7861
2018.2014 49.2732
2018.2041 46.4512
2018.2068 47.6695
2018.2096 48.8577
2018.2123 47.3050
2018.2151 50.1808
2018.2178 50.5646
2018.2205 48.6358
2018.2233 42.2738
2018.2260 44.8078
2018.2288 48.0775
2018.2315 39.2422
2018.2342 47.4612
2018.2370 45.6339
2018.2397 43.9199
2018.2425 50.8084
2018.2452 49.0288
2018.2479 45.2244
2018.2507 45.0288
2018.2534 45.4320
2018.2562 40.9142
2018.2589 42.7154
2018.2616 36.8158
2018.2644 39.0754
2018.2671 37.2243
2018.2699 36.6226
2018.2726 37.8905
2018.2753 38.9280
2018.2781 39.9151
2018.2808 42.0521
2018.2836 41.2390
2018.2863 41.3958
2018.2890 39.9027
2018.2918 40.2598
2018.2945 40.4272
2018.2973 42.8949
2018.3000 41.6831
2018.3027 37.2818
2018.3055 42.3612
2018.3082 41.9113
2018.3110 44.0022
2018.3137 40.1641
2018.3164 34.8469
2018.3192 34.8709
2018.3219 40.4161
2018.3247 38.1426
2018.3274 36.8505
2018.3301 37.6597
2018.3329 35.8991
2018.3356 36.5884
2018.3384 36.5378
2018.3411 37.6872
2018.3438 39.5666
2018.3466 38.7360
2018.3493 38.5554
2018.3521 38.9149
2018.3548 43.0744
2018.3575 42.5739
2018.3603 42.6434
2018.3630 41.6330
2018.3658 44.3726
2018.3685 43.5522
2018.3712 41.5220
2018.3740 46.1517
2018.3767 40.1815
2018.3794 41.6014
2018.3822 42.7314
2018.3849 41.0814
2018.3877 44.9915
2018.3904 43.6216
2018.3931 40.3019
2018.3959 39.8622
2018.3986 39.2926
2018.4014 40.9631
2018.4041 42.1037
2018.4068 39.6044
2018.4096 40.8252
2018.4123 39.6861
2018.4151 38.4374
2018.4178 43.9993
2018.4205 45.4417
2018.4233 42.0547
2018.4260 43.2180
2018.4288 43.5518
2018.4315 45.5558
2018.4342 45.2402
2018.4370 47.4047
2018.4397 45.9894
2018.4425 47.0542
2018.4452 45.3491
2018.4479 40.9139
2018.4507 41.2987
2018.4534 41.2033
2018.4562 43.8277
2018.4589 43.4720
2018.4616 43.2859
2018.4644 42.9595
2018.4671 42.0126
2018.4699 46.0653
2018.4726 44.0475
2018.4753 42.5191
2018.4781 47.4701
2018.4808 49.5404
2018.4836 50.6299
2018.4863 45.4787
2018.4890 45.0266
2018.4918 48.0235
2018.4945 46.1596
2018.4973 48.9146
2018.5000 48.5590
2018.5027 50.6828
2018.5055 50.6560
2018.5082 39.4688
2018.5110 50.2911
2018.5137 52.1029
2018.5164 56.7943
2018.5192 50.0054
2018.5219 50.1761
2018.5247 49.5564
2018.5274 48.3265
2018.5301 45.5264
2018.5329 48.9061
2018.5356 52.9255
2018.5384 54.2448
2018.5411 54.2041
2018.5438 50.9232
2018.5466 48.7723
2018.5493 55.0114
2018.5521 53.2504
2018.5548 51.9696
2018.5575 55.5288
2018.5603 52.0682
2018.5630 54.8977
2018.5658 52.1474
2018.5685 52.8273
2018.5712 52.2375
2018.5740 54.9079
2018.5767 51.7487
2018.5794 50.2398
2018.5822 48.3913
2018.5849 50.9029
2018.5877 54.5546
2018.5904 57.0665
2018.5931 52.6384
2018.5959 53.9404
2018.5986 53.4625
2018.6014 55.1046
2018.6041 59.2568
2018.6068 56.7291
2018.6096 51.4714
2018.6123 53.9737
2018.6151 55.2361
2018.6178 60.1585
2018.6205 55.3709
2018.6233 51.3833
2018.6260 53.2556
2018.6288 53.1280
2018.6315 59.1003
2018.6342 56.7526
2018.6370 55.0149
2018.6397 58.7271
2018.6425 57.4293
2018.6452 56.4414
2018.6479 54.8834
2018.6507 54.0853
2018.6534 53.6871
2018.6562 59.4189
2018.6589 59.8005
2018.6616 60.9820
2018.6644 61.0134
2018.6671 60.7240
2018.6699 59.4732
2018.6726 64.1712
2018.6753 65.4580
2018.6781 64.1337
2018.6808 68.8985
2018.6836 62.9824
2018.6863 60.0855
2018.6890 59.4380
2018.6918 59.3300
2018.6945 60.5315
2018.6973 56.7827
2018.7000 56.3237
2018.7027 58.8245
2018.7055 59.4353
2018.7082 58.4962
2018.7110 52.3172
2018.7137 52.9286
2018.7164 54.1303
2018.7192 53.7126
2018.7219 55.6954
2018.7247 53.3690
2018.7274 48.5033
2018.7301 54.4486
2018.7329 52.4548
2018.7356 48.4122
2018.7384 51.3308
2018.7411 56.2308
2018.7466 53.6050
2018.7493 53.6894
2018.7521 50.8544
2018.7548 50.2598
2018.7575 46.3556
2018.7603 47.8818
2018.7630 47.5283
2018.7658 51.5052
2018.7685 51.6424
2018.7712 48.7298
2018.7740 48.8175
2018.7767 51.2655
2018.7794 50.0936
2018.7822 50.9919
2018.7849 55.8103
2018.7877 48.8388
2018.7904 50.0075
2018.7931 48.9262
2018.7959 53.1549
2018.7986 52.0336
2018.8014 50.9623
2018.8041 51.4010
2018.8068 53.3796
2018.8096 53.6381
2018.8123 55.0864
2018.8151 54.8046
2018.8178 53.4227
2018.8205 57.0305
2018.8233 58.7181
2018.8260 56.4454
2018.8288 54.8025
2018.8315 58.5992
2018.8342 54.9257
2018.8370 52.5119
2018.8397 53.3979
2018.8425 56.4537
2018.8452 55.7094
2018.8479 59.7249
2018.8507 54.3802
2018.8534 51.9554
2018.8562 57.6205
2018.8589 54.0355
2018.8616 58.5404
2018.8644 57.3552
2018.8671 57.6400
2018.8699 59.9047
2018.8726 56.8294
2018.8753 54.0641
2018.8781 57.9488
2018.8808 54.9336
2018.8836 51.3283
2018.8863 52.6931
2018.8890 51.6380
2018.8918 51.8230
2018.8945 51.0380
2018.8973 50.8632
2018.9000 50.5685
2018.9027 47.2739
2018.9055 50.9095
2018.9082 47.8853
2018.9110 49.2413
2018.9137 51.1375
2018.9164 51.1642
2018.9192 46.3135
2018.9219 45.3957
2018.9247 44.3504
2018.9274 45.2375
2018.9301 49.1568
2018.9329 49.6081
2018.9356 45.6411
2018.9384 45.2356
2018.9411 44.5014
2018.9438 45.6684
2018.9466 47.4163
2018.9493 47.0548
2018.9521 49.7339
2018.9548 44.2932
2018.9575 43.1026
2018.9603 42.7519
2018.9630 44.7807
2018.9658 45.6291
2018.9685 45.9966
2018.9712 47.2332
2018.9740 46.7785
2018.9767 48.2625
2018.9795 47.3348
2018.9822 50.1253
2018.9849 49.2738
2018.9877 47.9400
2018.9904 49.8438
2018.9931 49.6548
2018.9959 49.9930
2018.9986 51.4182
2019.0014 51.4102
2019.0041 51.0100
2019.0068 46.4479
2019.0096 50.1641
2019.0123 51.9787
2019.0151 56.4518
2019.0178 51.5636
2019.0205 49.8141
2019.0233 48.6135
2019.0260 43.3420
2019.0288 45.7396
2019.0315 45.3866
2019.0342 50.9430
2019.0370 50.6689
2019.0397 50.3046
2019.0425 50.9700
2019.0452 50.1454
2019.0479 48.5910
2019.0507 49.9567
2019.0534 48.1628
2019.0562 51.9093
2019.0589 50.1165
2019.0616 48.8444
2019.0644 49.4932
2019.0671 50.6230
2019.0699 48.0039
2019.0726 51.6861
2019.0753 53.9497
2019.0781 54.3948
2019.0808 51.1816
2019.0836 41.6095
2019.0863 46.1679
2019.0890 47.0367
2019.0918 47.1159
2019.0945 50.0856
2019.0973 53.3055
2019.1000 52.8757
2019.1027 53.5362
2019.1055 51.8169
2019.1082 46.4778
2019.1110 41.5388
2019.1137 44.1099
2019.1164 47.1411
2019.1192 48.6122
2019.1219 49.0034
2019.1247 51.0845
2019.1274 51.3555
2019.1301 47.8863
2019.1329 48.2170
2019.1356 46.6774
2019.1384 47.0076
2019.1411 51.2975
2019.1438 51.2471
2019.1466 52.5562
2019.1493 56.2750
2019.1521 52.4933
2019.1548 52.1811
2019.1575 52.7284
2019.1603 51.8351
2019.1630 48.0012
2019.1658 48.4263
2019.1685 46.8606
2019.1712 50.3141
2019.1740 49.1569
2019.1767 48.8889
2019.1795 48.0604
2019.1822 49.3012
2019.1849 46.4216
2019.1877 49.8616
2019.1904 50.9012
2019.1931 49.0304
2019.1959 49.3995
2019.1986 46.9883
2019.2014 49.4070
2019.2041 49.5157
2019.2068 47.1244
2019.2096 44.7231
2019.2123 48.3220
2019.2151 46.0210
2019.2178 48.8703
2019.2205 46.7499
2019.2233 46.6699
2019.2260 48.3404
2019.2288 48.6613
2019.2315 50.6828
2019.2342 50.6349
2019.2370 45.9478
2019.2397 48.4213
2019.2425 48.1857
2019.2452 46.7010
2019.2479 46.2071
2019.2507 45.5638
2019.2534 46.6811
2019.2562 47.5592
2019.2589 45.2578
2019.2616 50.3071
2019.2644 46.8969
2019.2671 51.2574
2019.2699 46.9685
2019.2726 48.5801
2019.2753 47.1623
2019.2781 44.4450
2019.2808 46.5283
2019.2836 43.3621
2019.2863 42.5065
2019.2890 46.0613
2019.2918 45.7467
2019.2945 42.3325
2019.2973 40.7688
2019.3000 46.2156
2019.3027 45.0628
2019.3055 44.2104
2019.3082 45.9685
2019.3110 44.6370
2019.3137 45.0060
2019.3164 45.8053
2019.3192 43.9750
2019.3219 46.5851
2019.3247 48.9855
2019.3274 45.8963
2019.3301 45.6677
2019.3329 46.3808
2019.3356 44.8457
2019.3384 48.9822
2019.3411 51.1804
2019.3438 50.2499
2019.3466 47.7707
2019.3493 45.5426
2019.3521 43.9555
2019.3548 44.3192
2019.3575 44.3536
2019.3603 39.3786
2019.3630 41.3539
2019.3658 37.7096
2019.3685 33.8953
2019.3712 36.3411
2019.3740 36.8967
2019.3767 33.8519
2019.3822 34.5710
2019.3849 35.1846
2019.3904 37.9789
2019.4123 35.0690
2019.4178 36.7733
2019.4233 36.0866
2019.4288 33.5288
2019.4315 34.2845
2019.4425 33.7942
2019.4452 36.8184
2019.4479 33.8423
2019.4507 36.9058
2019.4534 36.8890
2019.4562 41.9218
2019.4589 36.9544
2019.4616 37.7565
2019.4644 40.3083
2019.4671 39.5698
2019.4699 38.7109
2019.4726 42.2416
2019.4753 39.4719
2019.4781 41.0918
2019.4808 43.3413
2019.4836 44.2305
2019.4863 45.2092
2019.4890 44.9875
2019.4918 45.2055
2019.4945 47.1429
2019.4973 44.9300
2019.5000 41.9470
2019.5027 37.9540
2019.5055 36.1709
2019.5082 40.3878
2019.5110 44.5447
2019.5137 41.2215
2019.5164 43.2783
2019.5192 43.2851
2019.5219 42.7718
2019.5247 46.1386
2019.5274 42.1653
2019.5301 43.9420
2019.5329 47.4087
2019.5356 46.1154
2019.5384 44.4822
2019.5411 41.2489
2019.5438 44.9456
2019.5466 42.1424
2019.5493 40.9991
2019.5521 43.5859
2019.5548 42.5227
2019.5575 42.6795
2019.5603 48.0464
2019.5630 46.5433
2019.5658 49.9002
2019.5685 46.4572
2019.5712 49.9142
2019.5740 50.9112
2019.5767 47.6883
2019.5794 47.4255
2019.5822 49.9127
2019.5849 45.6997
2019.5877 47.5667
2019.5904 49.5935
2019.5931 47.0502
2019.5959 47.6868
2019.5986 50.0434
2019.6014 45.4199
2019.6041 46.9864
2019.6068 48.2529
2019.6096 50.5494
2019.6123 52.3859
2019.6151 54.5324
2019.6178 49.3490
2019.6205 44.3057
2019.6233 46.6825
2019.6260 54.9293
2019.6288 54.0663
2019.6315 55.3135
2019.6342 56.5708
2019.6370 52.9282
2019.6397 52.7959
2019.6425 49.5738
2019.6452 52.8519
2019.6479 55.3102
2019.6507 52.5789
2019.6534 54.2778
2019.6562 52.9370
2019.6589 50.8065
2019.6616 48.4563
2019.6644 48.3465
2019.6671 53.7669
2019.6699 51.6075
2019.6726 56.7182
2019.6753 54.8590
2019.6781 50.2300
2019.6808 50.2410
2019.6836 50.9621
2019.6863 49.7334
2019.6890 48.8347
2019.6918 52.1660
2019.6945 50.1475
2019.6973 43.9690
2019.7000 54.4406
2019.7027 44.5022
2019.7055 43.6538
2019.7082 51.9855
2019.7110 52.5972
2019.7137 48.2090
2019.7164 47.4707
2019.7192 49.6024
2019.7219 51.6942
2019.7247 51.8159
2019.7274 49.4076
2019.7301 50.8293
2019.7329 50.1210
2019.7356 46.4726
2019.7384 47.4642
2019.7411 48.4057
2019.7438 49.3972
2019.7466 55.4586
2019.7493 56.4199
2019.7521 58.2912
2019.7548 54.5125
2019.7575 54.4237
2019.7603 52.1150
2019.7630 52.7862
2019.7658 51.3674
2019.7685 53.7686
2019.7712 56.5098
2019.7740 55.9510
2019.7767 53.1621
2019.7794 51.9633
2019.7822 52.9145
2019.7849 53.3456
2019.7877 54.6767
2019.7904 55.4679
2019.7931 57.0290
2019.7959 59.5102
2019.7986 57.6113
2019.8014 54.0124
2019.8041 54.9836
2019.8068 49.8747
2019.8096 50.0059
2019.8123 53.7770
2019.8151 54.2682
2019.8178 53.5194
2019.8205 58.6106
2019.8233 56.0418
2019.8260 56.1830
2019.8288 58.7243
2019.8315 58.1855
2019.8342 57.1373
2019.8370 57.6501
2019.8397 55.6238
2019.8425 56.0185
2019.8452 56.4839
2019.8479 57.3401
2019.8507 56.1270
2019.8534 58.2745
2019.8562 56.0126
2019.8589 58.8412
2019.8616 52.5902
2019.8644 58.0396
2019.8671 55.8592
2019.8699 58.7291
2019.8726 59.1092
2019.8753 56.9894
2019.8781 55.7096
2019.8808 55.0198
2019.8836 51.9598
2019.8863 50.1198
2019.8890 51.3995
2019.8918 51.2290
2019.8945 50.5880
2019.8973 51.8267
2019.9000 50.4149
2019.9027 49.8626
2019.9055 69.5196
2019.9082 59.7360
2019.9110 53.5716
2019.9137 44.6365
2019.9164 48.9902
2019.9192 50.5315
2019.9219 50.2004
2019.9247 50.8669
2019.9274 49.9912
2019.9301 52.0835
2019.9329 50.3341
2019.9356 48.2729
2019.9384 48.1403
2019.9411 48.6163
2019.9438 51.3012
2019.9466 71.1251
2019.9493 60.5381
2019.9521 57.6805
2019.9548 56.0324
2019.9575 57.8140
2019.9603 58.1655
2019.9630 58.2769
2019.9658 60.5086
2019.9685 60.4005
2019.9712 64.2030
2019.9740 61.2162
2019.9767 65.0002
2019.9795 64.3153
2019.9822 63.3915
2019.9849 61.4291
2019.9877 63.8782
2019.9904 64.8190
2019.9931 64.7217
2019.9959 66.7163
2019.9986 62.5432
2020.0014 60.6825
2020.0041 61.3051
2020.0068 64.3509
2020.0096 60.2095
2020.0123 65.7308
2020.0150 62.8945
2020.0178 65.6904
2020.0205 59.8982
2020.0232 63.3077
2020.0260 60.6886
2020.0287 58.8107
2020.0314 59.3139
2020.0342 57.1777
2020.0369 62.6520
2020.0396 61.3265
2020.0423 61.8711
2020.0451 63.5154
2020.0478 60.4592
2020.0505 62.7222
2020.0533 61.7343
2020.0560 60.4252
2020.0587 59.6146
2020.0615 61.5123
2020.0642 64.0881
2020.0669 65.2617
2020.0697 57.9029
2020.0724 65.1014
2020.0751 62.1370
2020.0779 58.9094
2020.0806 63.3384
2020.0833 57.9744
2020.0861 67.6281
2020.0888 69.0998
2020.0915 66.1296
2020.0943 65.8176
2020.0970 67.1941
2020.0997 64.5592
2020.1025 63.9131
2020.1052 66.5160
2020.1079 61.3480
2020.1107 66.5593
2020.1134 62.9801
2020.1161 62.7506
2020.1189 65.2408
2020.1216 65.9911
2020.1243 65.9416
2020.1270 65.7923
2020.1298 61.1036
2020.1325 62.5256
2020.1352 64.3685
2020.1380 64.3923
2020.1407 64.1374
2020.1434 66.8839
2020.1462 66.4619
2020.1489 61.4416
2020.1516 63.0833
2020.1544 63.1969
2020.1571 61.3429
2020.1598 60.5712
2020.1626 64.8320
2020.1653 66.1533
2020.1680 62.5746
2020.1708 62.6360
2020.1735 62.5674
2020.1762 64.9388
2020.1790 60.9602
2020.1817 64.9417
2020.1844 64.1132
2020.1872 60.3247
2020.1899 63.6262
2020.1926 62.5078
2020.1954 61.7294
2020.1981 67.6111
2020.2008 64.8028
2020.2035 63.8446
2020.2063 64.3164
2020.2090 61.2682
2020.2117 63.7501
2020.2145 62.5220
2020.2172 63.9540
2020.2199 61.1561
2020.2227 58.7782
2020.2254 62.7204
2020.2281 64.3426
2020.2309 60.8249
2020.2336 64.7972
2020.2363 65.1597
2020.2391 66.7621
2020.2418 66.1547
2020.2445 65.4173
2020.2473 59.6300
2020.2500 57.6227
2020.2527 60.8753
2020.2555 64.8978
2020.2582 61.1904
2020.2609 65.8629
2020.2637 66.1154
2020.2664 65.0979
2020.2691 69.4104
2020.2719 64.7929
2020.2746 67.7055
2020.2773 74.1780
2020.2801 67.8106
2020.2828 65.4332
2020.2855 64.0058
2020.2882 62.5785
2020.2910 63.3112
2020.2937 64.3040
2020.2964 69.3968
2020.2992 67.3697
2020.3019 65.9727
2020.3046 65.5157
2020.3074 62.6989
2020.3101 70.4021
2020.3128 65.3054
2020.3156 64.7189
2020.3183 63.5824
2020.3210 64.0560
2020.3238 63.1598
2020.3265 59.9237
2020.3292 62.0578
2020.3320 56.8921
2020.3347 57.9369
2020.3374 63.0121
2020.3402 59.3876
2020.3429 65.7935
2020.3456 59.5697
2020.3484 63.4162
2020.3511 61.3430
2020.3538 60.9500
2020.3566 58.8372
2020.3593 54.4946
2020.3620 62.2022
2020.3648 63.1299
2020.3675 59.4077
2020.3702 59.7356
2020.3729 59.6736
2020.3757 61.3316
2020.3784 61.4096
2020.3811 58.9776
2020.3839 61.5255
2020.3866 58.2234
2020.3893 57.2011
2020.3921 61.1588
2020.3948 63.3363
2020.3975 61.9736
2020.4003 61.6807
2020.4030 56.9276
2020.4057 61.9642
2020.4085 61.6706
2020.4112 61.3167
2020.4139 65.1224
2020.4167 59.6080
2020.4194 64.3035
2020.4221 63.2189
2020.4249 65.0942
2020.4276 61.1293
2020.4303 62.4643
2020.4331 62.7092
2020.4358 66.3140
2020.4385 66.2587
2020.4413 61.6934
2020.4440 62.0179
2020.4467 58.7923
2020.4495 62.9467
2020.4522 67.6309
2020.4549 66.9751
2020.4576 63.9492
2020.4604 63.6933
2020.4631 65.9073
2020.4658 64.6712
2020.4686 62.6150
2020.4713 59.2688
2020.4740 61.2126
2020.4768 58.1663
2020.4795 61.1700
2020.4822 58.4936
2020.4850 57.0572
2020.4877 61.1108
2020.4904 59.5443
2020.4932 65.4378
2020.4959 59.4013
2020.4986 59.8847
2020.5014 59.7679
2020.5041 61.3109
2020.5068 59.6537
2020.5096 60.3463
2020.5123 58.6787
2020.5150 58.5908
2020.5178 63.4428
2020.5205 60.2444
2020.5232 59.2158
2020.5260 63.1870
2020.5287 63.0379
2020.5314 65.0885
2020.5342 68.9088
2020.5369 61.5688
2020.5396 64.6785
2020.5423 58.9879
2020.5451 66.7470
2020.5478 61.6858
2020.5505 56.0642
2020.5533 59.1822
2020.5560 59.9500
2020.5587 61.4473
2020.5615 61.4643
2020.5642 64.7409
2020.5669 66.2671
2020.5697 67.1229
2020.5724 65.5283
2020.5751 65.8733
2020.5779 63.0479
2020.5806 63.9020
2020.5833 65.8754
2020.5861 69.3877
2020.5888 66.0988
2020.5915 66.4690
2020.5943 66.5382
2020.5970 62.5265
2020.5997 61.0441
2020.6025 62.5609
2020.6052 63.3671
2020.6079 62.3727
2020.6107 62.1678
2020.6134 60.4325
2020.6161 64.2769
2020.6189 54.9710
2020.6216 59.8048
2020.6243 59.0185
2020.6270 59.4122
2020.6298 55.1959
2020.6325 58.6696
2020.6352 59.9535
2020.6380 60.5977
2020.6407 54.3921
2020.6434 61.0869
2020.6462 69.5222
2020.6489 65.9880
2020.6516 63.2744
2020.6544 58.8014
2020.6571 56.9192
2020.6598 62.2678
2020.6626 58.8072
2020.6653 61.0776
2020.6680 59.9383
2020.6708 62.3090
2020.6735 60.7998
2020.6762 63.7007
2020.6790 63.3917
2020.6817 62.4028
2020.6844 60.2640
2020.6872 55.4454
2020.6899 61.3369
2020.6926 59.5086
2020.6954 62.3305
2020.6981 66.4926
2020.7008 65.8848
2020.7035 59.7473
2020.7063 57.5599
2020.7090 60.7328
2020.7117 57.8360
2020.7145 58.3194
2020.7172 61.0330
2020.7199 60.0169
2020.7227 57.9311
2020.7254 56.0857
2020.7281 58.8305
2020.7309 57.5756
2020.7336 57.1811
2020.7363 59.9969
2020.7391 60.5931
2020.7418 60.8596
2020.7445 60.1065
2020.7473 62.4138
2020.7500 65.7015
2020.7527 69.8495
2020.7555 66.8479
2020.7582 65.1667
2020.7609 66.1357
2020.7637 68.1252
2020.7664 65.9849
2020.7691 65.1249
2020.7719 65.1252
2020.7746 61.8258
2020.7773 60.5466
2020.7801 64.1477
2020.7828 63.0190
2020.7855 67.9206
2020.7882 66.5523
2020.7910 67.6143
2020.7937 63.4265
2020.7964 66.4588
2020.7992 64.6813
2020.8019 63.2840
2020.8046 67.3368
2020.8074 68.0797
2020.8101 64.1528
2020.8128 67.5159
2020.8156 66.6092
2020.8183 61.6725
2020.8210 64.6360
2020.8238 63.8294
2020.8265 63.7730
2020.8292 63.4665
2020.8320 61.4701
2020.8347 64.5539
2020.8374 63.1981
2020.8402 65.5026
2020.8429 63.5674
2020.8456 63.9226
2020.8484 59.4580
2020.8511 59.9838
2020.8538 60.5798
2020.8566 54.5961
2020.8593 63.5226
2020.8620 61.3094
2020.8648 66.8865
2020.8675 65.1938
2020.8702 64.9613
2020.8729 61.5091
2020.8757 63.6770
2020.8784 61.2851
2020.8811 56.8335
2020.8839 60.5420
2020.8866 58.8906
2020.8893 55.8695
2020.8921 61.1084
2020.8948 63.2475
2020.8975 63.6168
2020.9003 62.4661
2020.9030 63.2356
2020.9057 62.4452
2020.9085 61.3648
2020.9112 63.6846
2020.9139 65.9244
2020.9167 60.4747
2020.9194 65.8274
2020.9221 61.4325
2020.9249 64.6200
2020.9276 66.3195
2020.9303 71.2709
2020.9331 66.3740
2020.9358 64.9687
2020.9385 65.5547
2020.9413 65.0019
2020.9440 61.2501
2020.9467 64.7391
2020.9495 63.7987
2020.9522 67.0388
2020.9549 67.2191
2020.9576 69.8395
2020.9604 67.7098
2020.9631 65.5198
2020.9658 65.1793
2020.9686 65.6382
2020.9713 67.6862
2020.9740 66.1132
2020.9768 67.9690
2020.9795 65.8734
2020.9822 66.5162
2020.9850 68.1173
2020.9877 67.8564
2020.9904 66.3034
2020.9932 72.3181
2020.9959 69.9203
2020.9986 67.8799
2021.0014 69.5466
2021.0041 69.5903
2021.0068 69.4813
2021.0096 70.1096
2021.0123 66.5656
2021.0151 66.2194
2021.0178 66.8411
2021.0205 69.2611
2021.0233 67.9095
2021.0260 68.4065
2021.0288 72.1223
2021.0315 67.5370
2021.0342 65.3110
2021.0370 64.4244
2021.0397 64.3874
2021.0425 63.1801
2021.0452 63.7029
2021.0479 64.5958
2021.0507 62.2791
2021.0534 62.6631
2021.0562 64.1378
2021.0589 64.3334
2021.0616 70.3103
2021.0644 72.8086
2021.0671 67.5684
2021.0699 71.5500
2021.0726 69.8536
2021.0753 67.5694
2021.0781 67.1875
2021.0808 65.9082
2021.0836 73.6004
2021.0863 69.1228
2021.0890 69.6454
2021.0918 70.7082
2021.0945 68.9713
2021.0973 68.8747
2021.1000 65.9983
2021.1027 67.3321
2021.1055 65.1762
2021.1082 70.6805
2021.1110 68.6151
2021.1137 67.1800
2021.1164 69.2152
2021.1192 69.7106
2021.1219 68.8263
2021.1247 68.9923
2021.1274 69.1685
2021.1301 69.4351
2021.1329 66.1519
2021.1356 67.2891
2021.1384 60.7865
2021.1411 68.5643
2021.1438 68.5224
2021.1466 69.9007
2021.1493 68.9894
2021.1521 67.8084
2021.1548 69.2878
2021.1575 69.1574
2021.1603 69.2274
2021.1630 68.7279
2021.1658 66.8097
2021.1685 64.2729
2021.1712 66.7373
2021.1740 69.6428
2021.1767 66.9594
2021.1795 66.7568
2021.1822 70.8251
2021.1849 65.9041
2021.1877 66.3936
2021.1904 69.1536
2021.1931 69.4240
2021.1959 66.7047
2021.1986 70.5555
2021.2014 68.6163
2021.2041 69.7871
2021.2068 71.2777
2021.2096 71.1680
2021.2123 70.9079
2021.2151 68.7073
2021.2178 69.2661
2021.2205 73.5841
2021.2233 68.6114
2021.2726 73.3544
2021.2753 69.2460
2021.2781 71.2070
2021.2808 73.4674
2021.2836 68.8274
2021.2863 73.2972
2021.2890 77.1467
2021.2918 72.5762
2021.2945 68.3258
2021.2973 65.8156
2021.3000 72.0857
2021.3027 73.4762
2021.3055 66.0773
2021.3082 64.7490
2021.3110 66.8415
2021.3137 66.1050
2021.3164 63.3495
2021.3192 65.0351
2021.3219 67.5820
2021.3247 64.6003
2021.3274 66.3201
2021.3301 63.6114
2021.3329 62.4537
2021.3356 63.0769
2021.3384 66.1208
2021.3411 66.0954
2021.3438 66.6306
2021.3466 63.6165
2021.3493 66.0928
2021.3521 69.1095
2021.3548 68.5166
2021.3575 67.7941
2021.3603 70.0917
2021.3630 72.6996
2021.3658 69.7976
2021.3685 64.4956
2021.3712 69.7536
2021.3740 65.0615
2021.3767 67.1593
2021.3794 72.2869
2021.3822 67.8642
2021.3849 67.2712
2021.3877 66.2578
2021.3904 64.9439
2021.3931 69.0995
2021.3959 70.6944
2021.3986 69.3788
2021.4014 74.4324
2021.4041 75.0252
2021.4068 70.9772
2021.4096 72.5282
2021.4123 75.6383
2021.4151 69.1571
2021.4178 72.4747
2021.4205 58.7009
2021.4233 70.2861
2021.4260 73.5702
2021.4288 69.8733
2021.4315 69.1956
2021.4342 71.9972
2021.4370 69.3281
2021.4397 74.4585
2021.4425 74.4684
2021.4452 70.7779
2021.4479 70.4173
2021.4507 68.6464
2021.4534 71.5055
2021.4562 71.8447
2021.4589 70.9240
2021.4616 73.8836
2021.4644 78.3535
2021.4671 73.9738
2021.4699 77.2647
2021.4726 71.8962
2021.4753 72.6984
2021.4781 73.6815
2021.4808 72.3856
2021.4836 71.3206
2021.4863 70.2968
2021.4890 67.7243
2021.4918 67.3230
2021.4945 69.7632
2021.4973 74.3048
2021.5000 74.1472
2021.5027 73.4403
2021.5055 72.0739
2021.5082 69.7981
2021.5110 72.7828
2021.5137 64.5679
2021.5164 69.1535
2021.5192 65.4294
2021.5219 63.9656
2021.5247 71.7122
2021.5274 73.0089
2021.5301 72.0659
2021.5329 70.0830
2021.5356 70.7002
2021.5384 73.6174
2021.5411 71.9447
2021.5438 70.8419
2021.5466 68.5891
2021.5493 67.5261
2021.5521 69.8830
2021.5548 71.5596
2021.5575 69.0860
2021.5603 68.7321
2021.5630 68.9479
2021.5658 66.1832
2021.5685 69.9082
2021.5712 66.8726
2021.5740 69.1666
2021.5767 67.1699
2021.5794 70.0227
2021.5822 72.5948
2021.5849 73.8664
2021.5877 71.0376
2021.5904 72.0783
2021.5931 72.0187
2021.5959 71.0587
2021.5986 69.8284
2021.6014 69.5579
2021.6041 66.1871
2021.6068 67.0561
2021.6096 67.1250
2021.6123 70.7037
2021.6151 65.1224
2021.6178 65.3910
2021.6205 69.8297
2021.6233 64.3583
2021.6260 63.2670
2021.6288 59.4659
2021.6315 61.3448
2021.6342 67.9540
2021.6370 62.3734
2021.6397 63.9730
2021.6425 69.4829
2021.6452 65.3432
2021.6479 68.7938
2021.6507 65.0548
2021.6534 67.0463
2021.6562 65.6882
2021.6589 66.6907
2021.6616 67.9537
2021.6644 65.5273
2021.6671 64.1315
2021.6699 62.1464
2021.6726 65.1719
2021.6753 64.3079
2021.6781 65.6244
2021.6808 67.8414
2021.6836 65.0988
2021.6863 67.9266
2021.6890 66.8347
2021.6918 70.3831
2021.6945 69.3318
2021.6973 68.4606
2021.7000 67.2896
2021.7027 69.9687
2021.7055 68.3379
2021.7082 71.5271
2021.7110 69.4463
2021.7137 68.3554
2021.7164 65.6944
2021.7192 71.3132
2021.7219 68.3418
2021.7247 71.8502
2021.7274 73.8684
2021.7301 76.5661
2021.7329 73.5936
2021.7356 72.2205
2021.7384 71.5771
2021.7411 70.8731
2021.7438 67.6986
2021.7466 70.0735
2021.7493 71.5978
2021.7521 69.1817
2021.7548 72.8355
2021.7575 71.6790
2021.7603 75.6022
2021.7630 77.2553
2021.7658 73.4782
2021.7685 76.2209
2021.7712 69.9834
2021.7740 70.2258
2021.7767 69.7181
2021.7794 68.8603
2021.7822 67.2223
2021.7849 70.1543
2021.7877 66.4162
2021.7904 65.1381
2021.7931 70.4699
2021.7959 65.9017
2021.7986 66.8835
2021.8014 66.0653
2021.8041 68.2371
2021.8068 71.8290
2021.8096 72.7009
2021.8123 70.7729
2021.8151 69.2549
2021.8178 70.7971
2021.8205 62.3394
2021.8233 67.2119
2021.8260 64.5144
2021.8288 62.3172
2021.8315 66.4901
2021.8342 63.0132
2021.8370 63.5364
2021.8397 64.9398
2021.8425 68.3834
2021.8452 66.2172
2021.8479 67.1011
2021.8507 64.5753
2021.8534 63.7996
2021.8562 67.8242
2021.8589 70.3890
2021.8616 65.2240
2021.8644 66.6892
2021.8671 66.3147
2021.8699 69.9905
2021.8726 71.6665
2021.8753 71.4229
2021.8781 68.1195
2021.8808 71.1063
2021.8836 67.9235
2021.8863 70.6910
2021.8918 71.2570
2021.8945 73.6155
2021.8973 73.1143
2021.9000 68.1535
2021.9027 73.8031
2021.9055 74.2230
2021.9082 74.9533
2021.9110 73.7941
2021.9164 72.9771
2021.9192 77.4228
2021.9219 77.5724
2021.9247 73.9558
2021.9274 69.6526
2021.9301 75.7426
2021.9329 68.8755
2021.9356 67.2211
2021.9384 68.7091
2021.9411 73.0693
2021.9438 74.2715
2021.9493 76.3604
2021.9521 72.9768
2021.9548 71.6140
2021.9575 72.5118
2021.9603 75.4101
2021.9630 79.5284
2021.9658 77.8267
2021.9685 77.4745
2021.9712 71.6517
2021.9740 68.0880
2021.9767 78.6731
2021.9795 71.2568
2021.9822 77.7089
2021.9849 77.6290
2021.9877 75.9069
2021.9904 71.9724
2021.9931 75.8452
2021.9959 75.7851
2021.9986 75.4717
2022.0014 77.6952
2022.0041 75.6671
2022.0068 76.0777
2022.0096 73.6571
2022.0123 69.1055
2022.0151 67.9328
2022.0178 71.3693
2022.0205 77.1849
2022.0233 74.6299
2022.0260 78.3242
2022.0288 81.4180
2022.0315 75.8913
2022.0342 76.3343
2022.0370 75.7870
2022.0397 78.8896
2022.0425 78.1220
2022.0452 77.8945
2022.0479 77.3771
2022.0507 77.3998
2022.0534 77.9728
2022.0562 74.7562
2022.0589 76.3301
2022.0616 74.3245
2022.0644 73.0595
2022.0671 77.1052
2022.0699 77.5818
2022.0726 78.1593
2022.0753 76.8778
2022.0781 80.4173
2022.0808 80.2081
2022.0836 81.0713
2022.0863 76.5882
2022.0890 78.0783
2022.0918 81.4914
2022.0945 79.8971
2022.0973 75.6550
2022.1000 76.4849
2022.1027 75.4264
2022.1055 73.9892
2022.1082 75.5530
2022.1110 74.2375
2022.1137 73.7022
2022.1164 71.7369
2022.1192 76.7313
2022.1219 76.5050
2022.1247 72.7978
2022.1274 70.8092
2022.1301 71.1389
2022.1329 76.1767
2022.1356 74.3022
2022.1384 73.7050
2022.1411 82.2249
2022.1438 73.0615
2022.1466 75.1144
2022.1493 72.7535
2022.1521 70.0383
2022.1548 73.9984
2022.1575 75.2337
2022.1603 74.8537
2022.1630 70.3988
2022.1658 74.9228
2022.1685 74.8163
2022.1712 74.4594
2022.1740 73.9820
2022.1767 76.3042
2022.1795 81.3361
2022.1822 76.2176
2022.1849 79.7089
2022.1877 81.8298
2022.1904 82.1305
2022.1931 80.3710
2022.1959 82.5913
2022.1986 80.7714
2022.2014 80.3814
2022.2041 78.7013
2022.2068 82.1211
2022.2096 82.9509
2022.2123 82.7107
2022.2151 84.1305
2022.2178 83.4404
2022.2205 76.5903
2022.2233 83.5804
2022.2260 82.1706
2022.2288 81.6109
2022.2315 80.3215
2022.2342 78.9823
2022.2370 79.4133
2022.2397 76.5146
2022.2425 76.8463
2022.2452 73.1983
2022.2479 80.5105
2022.2507 74.6727
2022.2534 81.5649
2022.2562 76.0772
2022.2589 82.6595
2022.3548 75.1217
2022.3575 77.6029
2022.3603 76.1950
2022.3630 77.0878
2022.3658 75.3614
2022.3685 75.6257
2022.3712 74.8107
2022.3740 73.5665
2022.3767 75.7531
2022.3794 78.9403
2022.3822 75.2582
2022.3849 75.0769
2022.3877 76.2662
2022.3904 79.4462
2022.3931 74.5268
2022.3959 73.9982
2022.3986 73.9101
2022.4014 71.5627
2022.4041 76.4659
2022.4068 77.2498
2022.4096 74.6242
2022.4123 75.9793
2022.4151 75.2481
2022.4178 71.5635
2022.4205 71.0149
2022.4233 73.1720
2022.4260 72.4243
2022.4288 72.2313
2022.4315 69.7726
2022.4342 77.4076
2022.4370 74.4160
2022.4397 75.8373
2022.4425 75.1910
2022.4452 76.2167
2022.4479 73.9739
2022.4507 73.7821
2022.4534 73.2310
2022.4562 75.3899
2022.4589 74.2386
2022.4616 71.3965
2022.4644 73.8631
2022.4671 74.1880
2022.4699 74.9508
2022.4726 75.9010
2022.4753 78.0581
2022.4781 72.9716
2022.4808 78.6012
2022.4836 78.3363
2022.4863 76.4565
2022.4890 75.8214
2022.4918 75.0904
2022.4945 77.1832
2022.4973 72.6099
2022.5000 74.3645
2022.5027 72.4280
2022.5055 75.4802
2022.5082 77.3114
2022.5110 76.1016
2022.5137 79.8209
2022.5164 81.4493
2022.5192 87.1971
2022.5219 79.3743
2022.5247 79.8409
2022.5274 76.4770
2022.5301 80.0228
2022.5329 80.0884
2022.5356 85.6837
2022.5384 74.5790
2022.5411 79.6243
2022.5438 80.6397
2022.5466 80.4552
2022.5493 79.1611
2022.5521 78.1972
2022.5548 78.6339
2022.5575 77.6511
2022.5603 73.6989
2022.5630 79.2474
2022.5658 78.5668
2022.5685 73.9370
2022.5712 75.6383
2022.5740 76.1006
2022.5767 78.0441
2022.5794 74.2988
2022.5822 75.7349
2022.5849 74.9817
2022.5877 76.9692
2022.5904 79.9373
2022.5931 80.9860
2022.5959 81.3052
2022.5986 74.3048
2022.6014 77.1048
2022.6041 78.8051
2022.6068 76.2256
2022.6096 73.2164
2022.6123 74.0172
2022.6151 74.5681
2022.6178 73.7390
2022.6205 74.1098
2022.6233 77.7905
2022.6260 80.9410
2022.6288 80.8413
2022.6315 77.1313
2022.6342 75.1309
2022.6370 78.9100
2022.6397 81.1186
2022.6425 84.2867
2022.6452 78.9142
2022.6479 77.2410
2022.6507 79.2270
2022.6534 82.0322
2022.6562 80.9466
2022.6589 83.3700
2022.6616 78.7625
2022.6644 80.3238
2022.6671 78.7942
2022.6699 81.5639
2022.6726 83.3928
2022.6753 79.3210
2022.6781 79.2285
2022.6808 83.2555
2022.6836 86.2519
2022.6863 89.7178
2022.6890 85.6133
2022.6918 80.9083
2022.6945 84.2130
2022.6973 83.7174
2022.7000 86.4516
2022.7027 81.5555
2022.7055 84.2893
2022.7110 81.6665
2022.7137 84.4501
2022.7164 78.4737
2022.7192 82.4374
2022.7219 82.6812
2022.7247 82.1052
2022.7274 79.7995
2022.7301 79.7639
2022.7329 82.2088
2022.7356 82.5639
2022.7384 85.1095
2022.7411 86.2356
2022.7438 81.7222
2022.7466 83.4693
2022.7493 81.0072
2022.7521 80.0066
2022.7548 75.7374
2022.7575 78.4095
2022.7603 79.6128
2022.7630 76.7771
2022.7658 79.5024
2022.7685 80.0185
2022.7712 81.5152
2022.7740 82.9824
2022.7767 80.5900
2022.7794 82.1179
2022.7822 81.1758
2022.7849 76.8038
2022.7877 83.2516
2022.7904 83.8790
2022.7931 83.2361
2022.7959 78.2826
2022.7986 82.1985
2022.8014 78.0435
2022.8041 78.8075
2022.8068 76.3104
2022.8096 75.6521
2022.8123 76.1025
2022.8151 77.7613
2022.8178 76.5186
2022.8205 76.4440
2022.8233 77.1576
2022.8260 75.7091
2022.8288 75.7484
2022.8315 78.5255
2022.8342 74.9608
2022.8370 76.8852
2022.8397 77.0986
2022.8425 79.0111
2022.8452 79.2327
2022.8479 75.1434
2022.8507 75.0834
2022.8534 83.7026
2022.8562 80.9311
2022.8589 75.2489
2022.8616 74.8361
2022.8644 78.5427
2022.8671 74.8087
2022.8699 79.9342
2022.8726 79.7293
2022.8753 77.8539
2022.8781 76.5681
2022.8808 84.7519
2022.8836 79.5254
2022.8863 78.7687
2022.8890 80.2017
2022.8918 79.5245
2022.8945 82.1572
2022.8973 79.4197
2022.9000 76.4622
2022.9027 73.4346
2022.9055 73.4071
2022.9082 72.6296
2022.9110 80.6021
2022.9137 77.0648
2022.9164 77.2776
2022.9192 77.6605
2022.9219 77.2735
2022.9247 79.4865
2022.9274 76.1395
2022.9301 75.2625
2022.9329 79.6456
2022.9356 78.0486
2022.9384 78.8817
2022.9411 81.8547
2022.9438 80.9477
2022.9466 81.3107
2022.9493 80.1736
2022.9521 80.9265
2022.9548 74.1993
2022.9575 76.8020
2022.9603 76.0347
2022.9630 79.8873
2022.9658 77.0197
2022.9685 78.0921
2022.9712 76.8943
2022.9740 78.6365
2022.9767 79.3085
2022.9795 78.7603
2022.9822 79.7820
2022.9849 77.0035
2022.9877 77.4849
2022.9904 79.3561
2022.9931 77.1471
2022.9959 76.8679
2022.9986 77.6685
