2010.0260 -0.5488
2010.0288 1.7757
2010.0315 1.0498
2010.0342 0.8437
2010.0370 2.3175
2010.0397 1.5711
2010.0425 0.5447
2010.0452 0.8883
2010.0479 1.7020
2010.0507 0.4360
2010.0534 3.7201
2010.0562 1.8447
2010.0589 2.6996
2010.0616 2.2950
2010.0644 -2.5390
2010.0671 0.0676
2010.0699 -0.0351
2010.0726 2.4130
2010.0753 2.3719
2010.0781 -0.0583
2010.0808 0.7526
2010.0836 0.9940
2010.0863 -1.3945
2010.0890 1.6171
2010.0918 2.2889
2010.0945 0.4208
2010.0973 0.0728
2010.1000 -3.1751
2010.1027 -4.2629
2010.1055 -2.7606
2010.1082 -1.2381
2010.1110 -1.7456
2010.1137 5.4871
2010.1164 1.9299
2010.1192 0.8629
2010.1219 -0.9141
2010.1247 6.3191
2010.1274 -0.5376
2010.1301 3.5058
2010.1329 5.9393
2010.1356 5.4129
2010.1384 0.8667
2010.1411 -5.3494
2010.1438 -2.9354
2010.1466 -0.5613
2010.1493 2.6629
2010.1521 1.7773
2010.1548 1.8218
2010.1575 1.8164
2010.1603 -0.8088
2010.1630 2.5160
2010.1658 0.1911
2010.1685 0.5164
2010.1712 6.6418
2010.1740 6.9075
2010.1767 -1.8266
2010.1795 -0.1805
2010.1822 -1.2443
2010.1849 3.3921
2010.1877 0.0688
2010.1904 -0.9644
2010.1931 -3.8975
2010.1959 -5.1603
2010.1986 -4.4330
2010.2014 -4.3055
2010.2041 -7.6479
2010.2068 -7.7801
2010.2096 -4.4621
2010.2123 -1.7240
2010.2151 -4.3157
2010.2178 -1.6473
2010.2205 -4.9187
2010.2233 -3.5700
2010.2260 -4.0711
2010.2288 -2.8921
2010.2315 -2.0430
2010.2342 -1.1838
2010.2370 1.0856
2010.2397 -3.3549
2010.2425 -2.3153
2010.2452 -5.5755
2010.2479 -4.8556
2010.2507 6.8147
2010.2534 -0.3347
2010.2562 2.3162
2010.2589 0.2875
2010.2616 4.0893
2010.2644 -3.8086
2010.2671 -1.0760
2010.2699 -1.8528
2010.2726 3.4308
2010.2753 1.4149
2010.2781 3.0496
2010.2808 -0.8451
2010.2836 1.2208
2010.2863 -1.4927
2010.2890 -2.3755
2010.2918 -2.3176
2010.2945 -4.2590
2010.2973 -7.7997
2010.3000 -0.3997
2010.3027 4.5612
2010.3055 -0.3171
2010.3082 -6.2546
2010.3110 -1.4112
2010.3137 0.7330
2010.3164 -0.6118
2010.3192 -0.7857
2010.3219 -2.9087
2010.3247 -3.3606
2010.3274 -3.7915
2010.3301 -3.0415
2010.3329 -4.5110
2010.3356 -1.1601
2010.3384 -4.1089
2010.3411 -1.1573
2010.3438 -4.0053
2010.3466 -7.4330
2010.3493 -3.8004
2010.3521 -6.2575
2010.3548 -4.3742
2010.3575 -4.5807
2010.3603 -4.5469
2010.3630 -5.3828
2010.3658 1.6016
2010.3685 0.1262
2010.3712 1.9010
2010.3740 1.8361
2010.3767 0.0213
2010.3794 -0.8232
2010.3822 0.5125
2010.3849 -0.9316
2010.3877 0.7144
2010.3904 -1.1594
2010.3931 1.8370
2010.3959 1.5035
2010.3986 1.4201
2010.4014 6.8969
2010.4041 6.6138
2010.4068 0.6407
2010.4096 2.9777
2010.4123 5.0149
2010.4151 2.0821
2010.4178 7.3394
2010.4205 7.5068
2010.4233 4.6842
2010.4260 4.8218
2010.4288 5.0095
2010.4315 -1.6028
2010.4342 -1.0150
2010.4370 2.6629
2010.4397 3.4209
2010.4425 4.9789
2010.4452 3.3671
2010.4479 7.8752
2012.8320 1.7581
2012.8347 1.6946
2012.8374 1.3011
2012.8402 -1.5324
2012.8429 -3.7258
2012.8456 1.4407
2012.8484 -0.9529
2012.8511 -0.1665
2012.8538 2.5199
2012.8566 -1.7039
2012.8593 -4.4879
2012.8620 -1.6019
2012.8648 0.6738
2012.8675 0.8194
2012.8702 5.3448
2012.8729 1.7599
2012.8757 0.4448
2012.8784 3.3594
2012.8811 3.1138
2012.8839 5.2478
2012.8866 4.5015
2012.8893 5.0048
2012.8921 5.3078
2012.8948 6.0904
2012.8975 -0.3975
2012.9003 2.7543
2012.9030 1.2755
2012.9057 -2.6737
2012.9085 0.7367
2012.9112 3.3665
2012.9139 6.3057
2012.9167 5.5643
2012.9194 6.1018
2012.9221 2.9382
2012.9249 4.2935
2012.9276 4.7879
2012.9303 5.2314
2012.9331 4.1241
2012.9358 1.1060
2012.9385 5.0772
2012.9413 3.1278
2012.9440 3.9578
2012.9467 2.0774
2012.9495 0.1466
2012.9522 1.9555
2012.9549 4.1241
2012.9576 3.8425
2012.9604 2.9907
2012.9631 3.1990
2012.9658 3.5172
2012.9686 0.7756
2012.9713 -2.1959
2012.9740 2.1629
2012.9768 0.2019
2012.9795 2.3814
2012.9822 -2.0687
2012.9850 0.1717
2012.9877 2.4727
2012.9904 4.1743
2012.9932 2.8467
2012.9959 3.4599
2012.9986 2.3339
2013.0014 3.9188
2013.0041 3.1140
2013.0068 0.5995
2013.0096 0.8553
2013.0123 1.1714
2013.0151 1.8077
2013.0178 2.1743
2013.0205 1.4713
2013.0233 1.1084
2013.0260 4.1559
2013.0288 1.5237
2013.0315 3.5617
2013.0342 6.0200
2013.0370 3.5486
2013.0397 4.5475
2013.0425 2.6866
2013.0452 1.8760
2013.0479 0.1957
2013.0507 1.5957
2013.0534 -2.1241
2013.0562 0.0664
2013.0589 1.2672
2013.0616 3.6083
2013.0644 2.6296
2013.0671 1.9812
2013.0699 2.0230
2013.0726 1.6352
2013.0753 -1.1824
2013.0781 5.2802
2013.0808 2.7932
2013.0836 1.8066
2013.0863 1.9908
2013.0890 2.1857
2013.0918 4.3814
2013.0945 4.0178
2013.0973 5.2849
2013.1000 6.0027
2013.1027 5.3212
2013.1055 5.3204
2013.1082 4.5303
2013.1110 5.2909
2013.1137 2.8721
2013.1164 3.9740
2013.1192 1.5966
2013.1219 3.1698
2013.1247 1.6136
2013.1274 -1.1619
2013.1301 -0.9467
2013.1329 0.7690
2013.1356 2.1654
2013.1384 1.6623
2013.1411 1.5299
2013.1438 4.6080
2013.1466 -8.3532
2013.1493 10.3161
2013.1521 2.9460
2013.1548 3.9264
2013.1575 0.4774
2013.1603 1.8290
2013.1630 3.0611
2013.1658 -1.4358
2013.1685 1.5884
2013.1712 1.4035
2013.1740 -1.0305
2013.1767 -2.0235
2013.1795 -1.6757
2013.1822 -3.1170
2013.1849 -3.8276
2013.1877 0.7526
2013.1904 -0.2364
2013.1931 1.8152
2013.1959 5.3276
2013.1986 0.6605
2013.2014 4.4540
2013.2041 0.2081
2013.2068 1.6028
2013.2096 3.9479
2013.2123 0.7535
2013.2151 -0.5705
2013.2178 2.5159
2013.2205 -1.1774
2013.2233 -2.9903
2013.2260 -1.3129
2013.2288 2.3847
2013.2315 0.3926
2013.2342 5.9206
2013.2370 1.7788
2013.2397 0.8171
2013.2425 1.8155
2013.2452 6.0639
2013.2479 6.0139
2013.2507 4.3068
2013.2534 4.8024
2013.2562 0.9804
2013.2589 4.6207
2013.2616 1.1629
2013.2644 2.9068
2013.2671 3.2622
2013.2699 5.0889
2013.2726 2.5667
2013.2753 6.1052
2013.2781 4.7542
2013.2808 1.2736
2013.2836 0.6431
2013.2863 4.1923
2013.2890 10.1913
2013.2918 6.1495
2013.2945 4.1169
2013.2973 2.2132
2013.3000 -1.1118
2013.3027 -1.0684
2013.3055 0.9732
2013.3082 3.3827
2013.3110 1.9200
2013.3137 4.6447
2013.3164 1.9967
2013.3192 4.2857
2013.3219 3.8015
2013.3247 3.0238
2013.3274 3.3524
2013.3301 1.9672
2013.3329 3.9694
2013.3356 3.8392
2013.3384 -0.9333
2013.3411 -3.5178
2013.3438 -4.5142
2013.3466 -5.6624
2013.3493 -0.4521
2013.3521 -2.8333
2013.3548 -3.7158
2013.3575 1.8806
2013.3603 -0.9740
2013.3630 -3.4193
2013.3658 -3.3954
2013.3685 0.9481
2013.3712 3.3812
2013.3740 -3.2258
2013.3767 -5.4129
2013.3794 -2.7899
2013.3822 -1.1566
2013.3849 -2.7929
2013.3877 -3.2085
2013.3904 -1.6934
2013.3931 -3.7774
2013.3959 -0.5004
2013.3986 2.3479
2013.4014 5.3275
2013.4041 -0.7513
2013.4068 2.2615
2013.4096 -2.7938
2013.4123 -0.3171
2013.4151 -0.5292
2013.4178 2.9293
2013.4205 -2.1119
2013.4260 -4.3631
2013.4370 4.5979
2013.4397 4.5187
2013.4425 -3.2305
2013.4589 -1.0746
2013.4644 -12.4234
2013.4671 -9.6730
2013.4781 -7.4345
2013.5493 12.8122
2013.5521 0.3112
2013.5548 1.8708
2013.5575 4.7211
2013.5740 -6.1285
2013.5822 -6.5024
2013.5849 -1.4219
2013.5877 -0.3411
2013.5959 6.8830
2013.6041 -7.9605
2013.6096 -4.4350
2013.6123 -7.1920
2013.6205 -4.5118
2013.6260 -13.1243
2013.6288 -10.7303
2013.6315 -10.2863
2013.6342 -7.9421
2013.6370 -11.2079
2013.6397 -1.7236
2013.6425 -8.7592
2013.6452 -6.1648
2013.6479 -12.9504
2013.6507 -11.6959
2013.6562 -13.0970
2013.6589 -13.4526
2013.6616 -14.6782
2013.6644 -12.9238
2013.6671 -10.5391
2013.6699 -5.6537
2013.7521 -6.7431
2013.7548 2.3813
2013.7575 -5.0658
2013.7603 -2.1643
2013.7630 -2.7940
2013.7658 -4.5950
2013.7685 0.3030
2013.7712 -0.3001
2013.7740 1.8760
2013.7767 3.2912
2013.7794 4.0857
2013.7822 3.6895
2013.7849 1.4728
2013.7877 -1.5344
2013.7904 0.5981
2013.7931 0.7704
2013.7959 0.6724
2013.7986 2.9344
2013.8014 2.2364
2013.8041 0.6085
2013.8068 2.9608
2013.8096 2.9535
2013.8123 1.8065
2013.8151 0.4900
2013.8178 4.5540
2013.8205 2.8188
2013.8233 5.4743
2013.8260 4.7107
2013.8288 8.6480
2013.8315 3.9164
2013.8342 2.1754
2013.8370 3.7848
2013.8397 7.3144
2013.8425 8.2341
2013.8452 7.0541
2013.8479 5.1143
2013.8507 4.2947
2013.8534 5.5251
2013.8562 4.4557
2013.8589 9.1764
2013.8616 4.7572
2013.8644 2.4780
2013.8671 4.6388
2013.8699 3.3997
2013.8726 1.7505
2013.8753 2.2713
2013.8781 2.0021
2013.8808 3.8928
2013.8836 4.4934
2013.8863 2.7138
2013.8890 7.0342
2013.8918 3.5143
2013.8945 2.4443
2013.8973 2.4841
2013.9000 2.8637
2013.9027 3.3130
2013.9055 -0.3479
2013.9082 0.8308
2013.9110 -0.3207
2013.9137 -0.9126
2013.9164 1.6251
2013.9192 -1.6380
2013.9219 0.3680
2013.9247 1.6231
2013.9274 0.5976
2013.9301 -2.0487
2013.9329 -1.3256
2013.9356 -0.9431
2013.9384 3.4190
2013.9411 8.9405
2013.9438 0.6217
2013.9466 2.6326
2013.9493 2.0532
2013.9521 0.4236
2013.9548 2.2938
2013.9575 -0.3260
2013.9603 -2.0959
2013.9630 -2.2958
2013.9658 -2.8455
2013.9685 2.1749
2013.9712 1.6155
2013.9740 -0.0136
2013.9767 0.0177
2013.9795 1.7093
2013.9822 4.4314
2013.9849 1.5140
2013.9877 6.5571
2013.9904 -0.3590
2013.9931 1.6755
2013.9959 -0.1192
2013.9986 -1.9732
2014.0014 1.7337
2014.0041 0.6408
2014.0068 -1.2719
2014.0096 0.4855
2014.0123 0.4532
2014.0151 0.8210
2014.0178 -2.4309
2014.0205 -3.0225
2014.0233 0.7061
2014.0260 -0.1449
2014.0288 -1.5357
2014.0315 0.4940
2014.0342 4.6340
2014.0370 -0.7457
2014.0397 -0.2349
2014.0425 1.8763
2014.0452 -0.0120
2014.0479 4.7001
2014.0507 2.3827
2014.0534 -0.6141
2014.0562 1.2495
2014.0589 -3.3362
2014.0616 -3.0514
2014.0644 0.5739
2014.0671 2.1200
2014.0699 -0.9334
2014.0726 -0.1861
2014.0753 -0.7381
2014.0781 2.6306
2014.0808 1.7700
2014.0836 1.6798
2014.0863 0.8596
2014.0890 -2.2205
2014.0918 3.2495
2014.0945 3.0095
2014.0973 2.1595
2014.1000 -1.5305
2014.1027 -2.9104
2014.1055 4.2797
2014.1082 0.1298
2014.1110 0.6800
2014.1137 2.9301
2014.1164 1.0203
2014.1192 5.2905
2014.1219 7.3307
2014.1247 4.8409
2014.1274 6.0912
2014.1301 3.1114
2014.1329 1.6416
2014.1356 -0.7182
2014.1384 -1.3480
2014.1411 -0.4879
2014.1438 1.1523
2014.1466 13.8924
2014.1493 2.1526
2014.1521 0.7726
2014.1548 4.7927
2014.1575 5.0327
2014.1603 4.8927
2014.1630 1.3427
2014.1658 7.0525
2014.1685 3.0123
2014.1712 4.4721
2014.1740 2.5617
2014.1767 5.0313
2014.1795 5.7709
2014.1822 4.2604
2014.1849 3.0499
2014.1877 3.6894
2014.1904 5.0688
2014.1931 0.0383
2014.1959 -2.0223
2014.1986 1.6671
2014.2014 -1.3135
2014.2041 -2.7140
2014.2068 -2.0446
2014.2096 -0.3151
2014.2123 4.4845
2014.2151 1.0340
2014.2178 0.7137
2014.2205 -5.8567
2014.2233 -0.2969
2014.2260 -0.6571
2014.2288 3.2428
2014.2315 0.6627
2014.2342 4.4028
2014.2370 8.2329
2014.2397 8.8432
2014.2425 2.1835
2014.2452 12.6340
2014.2479 4.7755
2014.2507 7.3290
2014.2534 9.7543
2014.2562 3.4312
2014.2589 10.3698
2014.2616 6.9598
2014.2644 8.9211
2014.2671 5.0137
2014.2699 4.8374
2014.2726 2.5522
2014.2753 0.5978
2014.2781 0.6742
2014.2808 5.7212
2014.2836 3.9788
2014.2863 2.9369
2014.2890 0.3152
2014.2918 7.3338
2014.2945 5.5624
2014.2973 4.7511
2014.3027 4.1778
2014.3055 1.2857
2014.3082 -1.2769
2014.3110 1.6199
2014.3137 1.8260
2014.3164 3.0812
2014.3192 1.2956
2014.3219 -4.4511
2014.3247 -1.6590
2014.3274 -3.4782
2014.3301 -2.7386
2014.3329 -1.8793
2014.3356 0.6599
2014.3384 0.2690
2014.3411 -1.5120
2014.3438 -4.3132
2014.3466 -2.8344
2014.3493 -2.5957
2014.3521 -2.0072
2014.3548 -2.6287
2014.3575 -0.8504
2014.3603 -1.7922
2014.3630 0.1759
2014.3658 2.5539
2014.3685 4.8918
2014.3712 7.3296
2014.3740 5.8673
2014.3767 0.1348
2014.3794 7.7023
2014.3822 3.0296
2014.3849 1.9269
2014.3877 0.5040
2014.3904 1.2010
2014.3931 0.5679
2014.3959 -1.3653
2014.3986 -2.9886
2014.4014 -2.7820
2014.4041 -0.6756
2014.4068 1.7008
2014.4096 -3.7330
2014.4123 -4.0368
2014.4151 4.5489
2014.4178 6.5341
2014.4205 -0.4313
2014.4233 1.0628
2014.4260 -0.8136
2014.4288 -0.6505
2014.4315 -2.8877
2014.4342 -1.7653
2014.4370 -2.7532
2014.4397 -1.6214
2014.4425 -0.8099
2014.4452 0.9815
2014.4479 -0.6174
2014.4507 0.6637
2014.4534 3.1547
2014.4562 2.1456
2014.4589 4.1465
2014.4616 7.2075
2014.4644 0.2785
2014.4671 -0.7404
2014.7356 -15.2675
2014.7411 -11.4985
2014.7521 -7.6174
2014.7548 -6.1058
2014.7575 -5.7899
2014.7603 -2.5500
2014.7630 -7.9265
2014.9000 -1.2231
2014.9027 -7.0674
2014.9055 -1.5714
2014.9082 1.0651
2014.9110 1.1720
2014.9137 0.7593
2014.9164 -0.1629
2014.9192 5.3848
2014.9219 -1.4375
2014.9247 -2.8798
2014.9274 1.4878
2014.9301 1.1354
2014.9329 2.8730
2014.9356 5.3706
2014.9384 2.2982
2014.9411 5.6559
2014.9438 -0.1465
2014.9466 1.4012
2014.9493 -1.6811
2014.9521 2.8566
2014.9548 2.0445
2014.9575 1.8324
2014.9603 -1.9897
2014.9630 3.2884
2014.9658 0.0165
2014.9685 3.3648
2014.9712 -1.7969
2014.9740 1.0016
2014.9767 -1.0797
2014.9795 0.8490
2014.9822 2.3079
2014.9849 0.2470
2014.9877 2.3163
2014.9904 -1.0443
2014.9931 -2.5847
2014.9959 -0.3549
2014.9986 -1.3049
2015.0014 -2.1046
2015.0041 1.8163
2015.0068 6.8877
2015.0096 3.2197
2015.0123 0.0322
2015.0151 -0.4548
2015.0178 0.4387
2015.0205 -2.8474
2015.0233 -2.2832
2015.0260 -0.2386
2015.0288 -0.7838
2015.0315 2.7014
2015.0342 -0.3433
2015.0370 -2.4077
2015.0397 -3.0520
2015.0425 -2.5762
2015.0452 -5.0103
2015.0479 -3.5644
2015.0507 2.4015
2015.0534 3.6974
2015.0562 1.9932
2015.0589 -1.2511
2015.0616 0.5645
2015.0644 0.2399
2015.0671 1.8150
2015.0699 4.2699
2015.0726 -1.4155
2015.0753 -0.1712
2015.0781 2.3327
2015.0808 1.9063
2015.0836 2.5887
2015.0863 1.4198
2015.0890 -1.9206
2015.0918 4.3778
2015.0945 2.3051
2015.1000 0.0069
2015.1027 -0.4483
2015.1055 5.5658
2015.1082 1.8895
2015.1110 0.2529
2015.1137 0.4461
2015.1164 0.7192
2015.1192 2.3824
2015.1219 1.7558
2015.1247 3.5394
2015.1274 2.2636
2015.1301 3.2783
2015.1329 1.3637
2015.1356 1.0799
2015.1384 2.3071
2015.1411 0.8954
2015.1438 2.4550
2015.1466 0.8359
2015.1493 0.2282
2015.1521 -2.4678
2015.1548 0.9779
2015.1575 -1.2845
2015.1603 -0.2949
2015.1630 -0.2732
2015.1658 -2.2699
2015.1685 -0.5550
2015.1712 -0.0486
2015.1740 0.7892
2015.1767 5.8284
2015.1795 -3.7312
2015.1822 2.2305
2015.1849 0.7532
2015.1877 -1.1430
2015.1904 -2.3781
2015.1931 3.4176
2015.1959 2.7741
2015.1986 4.3615
2015.2014 3.5395
2015.2041 0.7282
2015.2068 0.9174
2015.2096 3.6772
2015.2123 2.6973
2015.2151 3.0578
2015.2178 0.6585
2015.2205 6.2095
2015.2260 5.4117
2015.2288 4.5928
2015.2315 1.8438
2015.2342 -0.5653
2015.2370 3.7654
2015.2397 -5.8843
2015.2425 -3.0143
2015.2452 -2.6148
2015.2479 -2.1949
2015.2507 -3.6638
2015.2534 -1.5317
2015.2562 -0.7087
2015.2589 1.2552
2015.2616 4.1699
2015.2644 0.0852
2015.2671 -4.1289
2015.2699 8.4274
2015.2726 -1.5560
2015.2753 3.3009
2015.2781 -2.7921
2015.2808 -3.1550
2015.2836 -5.2580
2015.2863 3.3188
2015.2890 -4.1646
2015.2918 -4.5984
2015.2945 -3.2326
2015.2973 -0.1874
2015.3000 -3.3729
2015.3027 1.2908
2015.3055 -3.1463
2015.3082 -2.2544
2015.3110 -4.4135
2015.3137 -0.4739
2015.3164 -1.7355
2015.3192 5.2815
2015.3219 -2.6729
2015.3247 -7.0290
2015.3274 -5.7967
2015.3301 -7.1462
2015.3329 -11.8074
2015.3356 -10.9404
2015.3384 -0.4749
2015.3411 -2.2810
2015.3438 -1.4786
2015.3466 -7.8077
2015.3493 -9.8281
2015.3521 -11.1098
2015.3548 -5.1327
2015.3575 -5.1669
2015.3603 -1.6722
2015.3630 -8.7685
2015.3658 -5.7758
2015.3685 -9.7741
2015.3712 -8.8532
2015.3740 -7.5032
2015.3767 -10.2839
2015.3794 -1.9352
2015.3822 -5.7073
2015.3849 -3.3698
2015.3877 0.2771
2015.3904 -2.4664
2015.3931 -10.3403
2015.3959 -5.9545
2015.3986 5.9810
2015.4014 2.5264
2015.4041 -2.2884
2015.4068 -7.1032
2015.4096 -0.3781
2015.4123 -6.8228
2015.4151 -8.2878
2015.4178 -6.3830
2015.4205 -6.9485
2015.4233 -10.1443
2015.4260 -8.5604
2015.4288 -8.5067
2015.4315 -5.0432
2015.4342 -8.2700
2015.4370 -10.5568
2015.4397 -14.2538
2015.4425 -9.0810
2015.4452 -14.3882
2015.4479 -13.6655
2015.4507 -15.7328
2015.4534 -5.3402
2015.4945 -12.2073
2015.4973 -7.9319
2015.5082 -13.6775
2015.5110 -12.0508
2015.5137 -12.2938
2015.5164 -17.2565
2015.5192 -8.4290
2015.5603 -10.8977
2015.5630 -4.8548
2015.5658 -10.9216
2015.5904 -11.2193
2015.5931 -12.3028
2015.5959 -14.4741
2015.5986 -10.3033
2015.6041 -16.3764
2015.6123 -13.8455
2015.6151 -12.8366
2015.6233 -12.0762
2015.6260 -8.5455
2015.6288 -11.2050
2015.6315 -13.9747
2015.6342 -16.4948
2015.6370 -14.8656
2015.6397 -15.0472
2015.6425 -15.0199
2015.6452 -15.6938
2015.6479 -15.2791
2015.6507 -15.0060
2015.6644 -10.0613
2015.6699 -17.2631
2015.6890 -15.3323
2015.7027 -11.0907
2015.7055 -16.5631
2015.7082 -16.9355
2015.7110 -16.1376
2015.7137 -15.5395
2015.7164 -7.9109
2015.7192 -10.3718
2015.7219 -8.8820
2015.7493 -15.6793
2015.7521 -16.9048
2015.7548 -14.6992
2015.7575 -16.4128
2015.7603 -10.4255
2015.7630 -6.2774
2015.7658 -3.3586
2015.7685 -9.7893
2015.7712 -12.8494
2015.7740 -9.5491
2015.7767 -5.8784
2015.7794 -14.6974
2015.7822 -13.0463
2015.7849 -13.0450
2015.7877 -10.7637
2015.7904 -12.3124
2015.7931 -11.4213
2015.7959 -5.8503
2015.7986 -1.8897
2015.8014 7.9106
2015.8041 -0.5195
2015.8068 -1.1602
2015.8096 -0.2615
2015.8123 0.3366
2015.8151 -1.7862
2015.8178 -0.4097
2015.8205 -7.7543
2015.8233 -4.4898
2015.8260 -1.5164
2015.8288 -5.1342
2015.8315 -3.0232
2015.8342 -5.6330
2015.8370 -1.1630
2015.8397 -0.6333
2015.8425 1.5263
2015.8452 -3.6144
2015.8479 0.5548
2015.8507 1.9439
2015.8534 -1.7272
2015.8562 -3.0083
2015.8589 -3.8996
2015.8616 1.5991
2015.8644 -0.3823
2015.8671 -2.7837
2015.8699 -4.3351
2015.8726 -3.3566
2015.8753 -4.1380
2015.8781 -4.4193
2015.8808 -4.3107
2015.8836 0.2081
2015.8863 -4.9331
2015.8890 -1.9541
2015.8918 0.2850
2015.8945 0.7442
2015.8973 0.7336
2015.9000 0.4631
2015.9027 -1.4671
2015.9055 -1.9271
2015.9082 -2.5869
2015.9110 4.2336
2015.9137 1.5843
2015.9164 0.6753
2015.9192 2.4064
2015.9219 0.5976
2015.9247 -0.2012
2015.9274 0.8100
2015.9301 -1.9986
2015.9329 -0.8673
2015.9356 -4.0459
2015.9384 -4.9745
2015.9411 -3.4730
2015.9438 0.0985
2015.9466 -1.4800
2015.9493 -7.1285
2015.9521 -4.4669
2015.9548 -6.8054
2015.9575 -1.9338
2015.9603 -6.2023
2015.9630 -6.5308
2015.9658 -0.8892
2015.9685 -4.0777
2015.9712 -7.1562
2015.9740 -6.5248
2015.9767 -4.3133
2015.9795 -8.8219
2015.9822 -4.9205
2015.9849 -0.8192
2015.9877 0.7221
2015.9904 -3.1067
2015.9931 -2.5255
2015.9959 -4.5244
2015.9986 -8.6634
2016.1653 4.6143
2016.1680 -1.3162
2016.1708 -0.2864
2016.1735 -1.4161
2016.1762 0.7545
2016.1790 1.8955
2016.1817 3.2867
2016.1844 -3.0417
2016.1872 0.7001
2016.1899 2.3221
2016.1926 1.5643
2016.1954 0.0667
2016.1981 2.7892
2016.2008 1.8219
2016.2035 -2.2853
2016.2063 -0.6325
2016.2090 -0.3796
2016.2117 -7.9766
2016.2145 -1.3837
2016.2172 -3.1108
2016.2199 3.1621
2016.2227 -3.3851
2016.2254 -2.1424
2016.2281 -0.1099
2016.2309 -0.8674
2016.2336 0.6148
2016.2363 4.0369
2016.2391 -0.8613
2016.2418 -3.6097
2016.2445 -3.9784
2016.2473 -3.4079
2016.2500 -5.4592
2016.2527 -4.5122
2016.2555 -3.5669
2016.2582 -4.5530
2016.2609 0.5094
2016.2637 -1.0593
2016.2664 -1.1191
2016.2691 9.4001
2016.2719 6.1385
2016.2746 0.2662
2016.2773 6.4034
2016.2801 1.6301
2016.2828 -1.7135
2016.2855 -4.3372
2016.2882 -3.6809
2016.2910 -2.1246
2016.2937 -1.1980
2016.2964 9.6390
2016.2992 0.9865
2016.3019 -4.6754
2016.3046 -2.1965
2016.3074 -3.0867
2016.3101 -4.5958
2016.3128 -5.1638
2016.3156 1.7895
2016.3210 2.5206
2016.3238 3.8386
2016.3265 -1.6515
2016.3292 2.7604
2016.3320 -1.7104
2016.3347 4.6685
2016.3374 -2.2337
2016.3402 -0.6475
2016.3429 2.8863
2016.3456 1.9672
2016.3484 1.0145
2016.3511 4.6874
2016.3538 -5.1646
2016.3566 -14.4322
2016.3593 0.2040
2016.3620 -1.3368
2016.3675 -7.1217
2017.1219 0.3529
2017.1247 -3.0167
2017.1274 -4.2261
2017.1301 -8.5451
2017.1329 -6.7136
2017.1356 -7.1913
2017.1384 -7.5882
2017.1411 -5.1241
2017.1438 -6.9088
2017.1466 -2.8722
2017.1493 -6.3641
2017.1521 -8.4344
2017.1548 -6.4929
2017.1575 -7.1695
2017.1603 -7.9640
2017.1630 -4.9958
2017.1658 -3.6028
2017.1685 -8.6149
2017.1712 -6.0024
2017.1740 -5.9857
2017.1767 -5.0851
2017.1795 -3.2210
2017.1822 -0.2836
2017.1849 -3.3532
2017.1877 -4.6403
2017.1904 -3.5752
2017.1931 -3.0381
2017.1959 -2.2494
2017.1986 -1.0895
2017.2014 -6.1386
2017.2041 -5.5171
2017.2068 1.4946
2017.2096 -3.0637
2017.2123 -0.5224
2017.2151 0.3481
2017.2178 0.3276
2017.2205 -0.6742
2017.2233 -2.0678
2017.2260 -3.0334
2017.2288 -3.7213
2017.2315 -7.6320
2017.2342 -7.7757
2017.2370 -5.0628
2017.2397 -1.7135
2017.2425 0.8617
2017.2452 -2.7974
2017.2479 -8.1399
2017.2507 -5.9944
2017.2534 -8.5208
2017.2562 1.2911
2017.2589 -4.0186
2017.2616 1.1002
2017.2644 2.8978
2017.2671 -2.8358
2017.2699 -3.9003
2017.2726 -0.5656
2017.2753 0.8883
2017.2781 -1.8082
2017.2808 -2.3051
2017.2836 -3.8322
2017.2863 1.1906
2017.2890 4.5535
2017.2918 8.3066
2017.2945 0.7802
2017.2973 -3.2457
2017.3000 -1.6209
2017.3027 -1.8053
2017.3055 -3.2186
2017.3082 6.5692
2017.3110 9.5383
2017.3137 9.7688
2017.3164 3.8210
2017.3192 -4.6750
2017.3219 -0.9592
2017.3247 -1.1812
2017.3274 -2.1111
2017.3301 -6.9287
2017.3329 -1.9645
2017.3356 -4.9087
2017.3384 -7.1815
2017.3411 -4.5731
2017.3438 -1.6334
2017.3466 1.4573
2017.3493 -2.7411
2017.3521 -3.9286
2017.3548 4.4545
2017.3575 -1.0819
2017.3603 -0.7378
2017.3630 0.1566
2017.3658 0.8812
2017.3685 2.1558
2017.3712 -1.3296
2017.3740 -0.4352
2017.3767 1.9088
2017.3794 0.0724
2017.3822 -0.0945
2017.3849 -5.8422
2017.3877 -5.8006
2017.3904 -7.6300
2017.3931 -7.0005
2017.3959 -10.0322
2017.3986 -0.7951
2017.4014 1.4604
2017.4041 0.2445
2017.4068 -3.3332
2017.4096 -0.0227
2017.4123 -6.8241
2017.4151 -3.4569
2017.4178 -8.2304
2017.4205 -7.3345
2017.4233 -5.5892
2017.4260 -4.6745
2017.4288 -4.8302
2017.4315 -5.0464
2017.4342 -4.6230
2017.4370 -4.2699
2017.4397 -6.4871
2017.4425 -9.4745
2017.4452 -11.4821
2017.4479 -10.8598
2017.4507 -6.8377
2017.4534 -3.2055
2017.4562 -2.1834
2017.4589 -4.9911
2017.4616 -1.4988
2017.4644 -3.6563
2017.4671 -2.4935
2017.4699 -1.4305
2017.4726 -2.3972
2017.4753 -2.4235
2017.4781 4.4707
2017.4808 -1.8947
2017.4836 -3.7896
2017.4863 -5.3538
2017.4890 -5.9975
2017.4918 -8.1104
2017.4945 -7.5227
2017.4973 -5.6742
2017.5000 -6.6356
2017.5027 -6.2469
2017.5055 -5.8682
2017.5082 -4.8594
2017.5110 -0.4405
2017.5137 -1.6416
2017.5164 -2.3326
2017.5192 -4.0934
2017.5219 -3.8242
2017.5247 -8.8649
2017.5274 -10.0655
2017.5301 -11.7660
2017.5329 -6.7564
2017.5356 -6.2466
2017.5384 0.5932
2017.5411 -2.5968
2017.5438 -3.1467
2017.5466 1.2536
2017.5493 -4.5360
2017.5521 -7.4655
2017.5548 -3.1548
2017.5575 2.1260
2017.5603 -6.0030
2017.5630 -10.8318
2017.5658 -10.2505
2017.5685 -10.3090
2017.5712 -10.1774
2017.5740 -5.1755
2017.5767 0.9865
2017.5794 4.5287
2017.5822 -0.9188
2017.5931 -6.2144
2017.5959 -9.9697
2017.5986 -4.5847
2017.6014 -8.6894
2017.6041 1.9262
2017.6068 -5.0579
2017.6096 -2.6018
2017.6123 -4.1155
2017.6151 -1.6890
2017.6178 -6.9024
2017.6205 -1.7957
2017.6233 -6.2089
2017.6260 -6.4721
2017.6288 -5.8753
2017.6315 -5.0884
2017.6342 -7.1517
2017.6370 -4.9450
2017.6397 -3.7084
2017.6425 -5.3619
2017.6452 -4.3457
2017.6479 -2.9196
2017.6507 0.5462
2017.6534 -2.5882
2017.6562 2.5070
2017.6589 -0.9481
2017.6616 -1.9535
2017.6644 -0.7393
2017.6671 -4.3660
2017.6699 -6.6438
2017.6726 -3.1626
2017.6753 -5.2025
2017.6781 -10.4934
2017.6808 -3.4250
2017.6836 -6.8875
2017.6863 -11.5006
2017.6890 -2.7543
2017.6918 -4.2386
2017.6945 -3.3233
2017.6973 2.9917
2017.7000 -4.0937
2017.7027 -2.6793
2017.7055 -4.2850
2017.7082 2.9392
2017.7110 -4.0965
2017.7137 -5.1422
2017.7164 -6.0876
2017.7192 -8.0328
2017.7219 -3.1677
2017.7247 1.7379
2017.7274 -4.0360
2017.7301 -4.1393
2017.7329 -5.2820
2017.7356 -6.5939
2017.7384 -4.3951
2017.7411 -4.8853
2017.7438 -5.1445
2017.7466 0.4873
2017.7493 -6.3595
2017.7521 -5.3235
2017.7548 -8.3048
2017.7575 -1.9835
2017.7603 -6.4798
2017.7630 -3.7539
2017.7658 -1.5360
2017.7685 -5.2963
2017.7712 -5.9950
2017.7740 -3.4423
2017.7767 -3.6383
2017.7794 -4.5333
2017.7822 -3.2275
2017.7849 -4.5610
2017.7877 -5.2441
2017.7904 -9.1069
2017.7931 -8.5097
2017.7959 -6.3926
2017.7986 -7.2558
2017.8014 -4.7895
2017.8041 -6.4339
2017.8068 -3.0893
2017.8096 -1.6158
2017.8123 -1.8035
2017.8151 -5.8927
2017.8178 -5.6737
2017.8205 -2.6965
2017.8233 -3.4213
2017.8260 -3.6385
2017.8288 -2.8980
2017.8315 -4.2903
2017.8342 -4.2149
2017.8370 -5.4815
2017.8397 -4.8898
2017.8425 5.5802
2017.8452 2.7587
2017.8479 -6.3442
2017.8507 -3.3884
2017.8534 0.0262
2017.8562 3.1898
2017.8589 0.2226
2017.8616 -3.5055
2017.8644 -4.7842
2017.8671 -1.4733
2017.8699 -1.9629
2017.8726 -4.6227
2017.8753 -2.5427
2017.8781 -2.6526
2017.8808 -4.0124
2017.8836 -7.7120
2017.8863 -7.7912
2017.8890 -5.6098
2017.8918 -5.9379
2017.8945 -3.6751
2017.8973 -5.4915
2017.9000 -4.3268
2017.9027 -6.6610
2017.9055 -4.4439
2017.9082 -5.1255
2017.9110 -4.9154
2017.9137 -8.6937
2017.9164 -2.7102
2017.9192 -5.7442
2017.9219 -3.5458
2017.9247 -0.4453
2017.9274 -4.3928
2017.9301 -4.6885
2017.9329 -2.6526
2017.9356 -3.5752
2017.9384 -4.0667
2017.9411 -7.4571
2017.9438 -5.9667
2017.9466 -3.6156
2017.9493 -7.4741
2017.9521 -9.7822
2017.9548 -3.6803
2017.9575 -7.8885
2017.9603 -4.4670
2017.9630 -5.2160
2017.9658 -7.0557
2017.9685 -6.3562
2017.9712 -5.5577
2017.9740 -1.6905
2017.9767 0.4152
2017.9795 -5.2806
2017.9822 -8.7983
2017.9849 -8.6779
2017.9877 -9.1598
2017.9904 -8.1540
2017.9931 -8.3208
2017.9959 -6.1804
2017.9986 -8.8529
2018.0014 -7.6084
2018.0041 -7.5959
2018.0068 -6.2253
2018.0096 -9.3863
2018.0123 -8.1989
2018.0151 -8.1729
2018.0178 -6.7282
2018.0205 -6.3147
2018.0233 -4.3823
2018.0260 -7.6007
2018.0288 -5.4400
2018.0315 -7.6799
2018.0342 -4.0604
2018.0370 -4.3213
2018.0397 -6.9625
2018.0425 -8.1539
2018.0452 -6.2354
2018.0479 -4.6467
2018.0507 -3.0179
2018.0534 -2.4387
2018.0562 -4.2490
2018.0589 -5.0788
2018.0616 -5.0279
2018.0644 -4.1662
2018.0671 -6.1534
2018.0699 -4.8997
2018.0726 -2.5247
2018.0753 -3.2783
2018.0781 -3.9505
2018.0808 -3.6912
2018.0836 -0.9611
2018.0863 -0.4411
2018.0890 0.0787
2018.0918 1.3785
2018.0945 -1.8218
2018.0973 -7.2820
2018.1000 -5.6321
2018.1027 -2.1721
2018.1055 -2.1520
2018.1082 -6.2716
2018.1110 7.3390
2018.1137 0.0500
2018.1164 -1.5287
2018.1192 -5.3570
2018.1219 -2.1748
2018.1247 -2.0621
2018.1274 -5.1089
2018.1301 -1.1750
2018.1329 -5.9306
2018.1356 -4.6154
2018.1384 -3.7995
2018.1411 -4.0929
2018.1438 -6.1054
2018.1466 -9.0470
2018.1493 -3.1377
2018.1521 -5.1874
2018.1548 -6.7361
2018.1575 -0.4038
2018.1603 -5.4603
2018.1630 -5.2457
2018.1658 -4.5400
2018.1685 -1.5534
2018.1712 -7.9458
2018.1740 -7.7974
2018.1767 -6.2281
2018.1795 -5.9782
2018.1822 -2.6676
2018.1849 -3.0965
2018.1877 -8.8648
2018.1904 -3.6227
2018.1931 -5.8602
2018.1959 -7.4873
2018.1986 -7.0243
2018.2014 -5.9410
2018.2041 -9.0576
2018.2068 -6.3542
2018.2096 -6.6108
2018.2123 -5.4575
2018.2151 -2.6244
2018.2178 -2.1415
2018.2205 -1.9288
2018.2233 -6.9265
2018.2260 -3.7547
2018.2288 -3.2633
2018.2315 -8.8025
2018.2342 -5.4923
2018.2370 -4.1828
2018.2397 -6.7241
2018.2425 -3.5162
2018.2452 -1.4892
2018.2479 -5.5927
2018.2507 -2.3463
2018.2534 -0.5899
2018.2562 -7.9237
2018.2589 -4.1475
2018.2616 -7.2015
2018.2644 -5.6656
2018.2671 -6.4397
2018.2699 -5.1240
2018.2726 -5.0885
2018.2753 -3.4930
2018.2781 -2.4777
2018.2808 -3.0726
2018.2836 -2.0776
2018.2863 -1.3028
2018.2890 0.7619
2018.2918 2.3064
2018.2945 -0.2892
2018.2973 0.9349
2018.3000 -3.5111
2018.3027 -6.7074
2018.3055 -3.4338
2018.3082 -1.5504
2018.3110 -5.7173
2018.3137 0.2357
2018.3164 -4.8816
2018.3192 -3.9791
2018.3219 -3.2669
2018.3247 -6.6349
2018.3274 -5.4331
2018.3301 -3.9117
2018.3329 -2.2511
2018.3356 -3.2514
2018.3384 -5.8626
2018.3411 -4.1044
2018.3438 1.0430
2018.3466 -4.5803
2018.3493 -4.2641
2018.3521 -4.0484
2018.3548 6.5069
2018.3575 0.7017
2018.3603 1.6763
2018.3630 -6.7394
2018.3658 -0.5753
2018.3685 4.6987
2018.3712 -4.1374
2018.3740 7.9665
2018.3767 5.5804
2018.3794 -3.3455
2018.3822 -3.1912
2018.3849 -4.4967
2018.3877 -3.9719
2018.3904 -6.8767
2018.3931 -5.2310
2018.3959 -4.9049
2018.3986 -5.2281
2018.4014 -3.9608
2018.4041 -3.9128
2018.4068 -6.4540
2018.4096 -6.7844
2018.4123 -7.3939
2018.4151 -8.4027
2018.4178 -7.9210
2018.4205 -4.0189
2018.4233 -5.8562
2018.4260 -3.4431
2018.4288 -8.5095
2018.4315 -0.5755
2018.4342 -5.1411
2018.4370 11.2338
2018.4397 3.0791
2018.4425 -3.0551
2018.4452 4.7110
2018.4479 1.4775
2018.4507 -5.8655
2018.4534 -6.9482
2018.4562 -2.9705
2018.4589 -8.1825
2018.4616 -9.0541
2018.4644 -10.4753
2018.4671 -11.5762
2018.4699 -8.3168
2018.4726 -10.6870
2018.4753 -9.6269
2018.4781 -9.3565
2018.4808 -6.9358
2018.4836 -6.9849
2018.4863 -7.4236
2018.4918 0.4098
2018.4945 2.0118
2018.4973 -1.4657
2018.5000 -4.2821
2018.5027 -0.0573
2018.5055 -5.0613
2018.5082 2.4256
2018.5110 0.1335
2018.5137 0.4923
2018.5164 2.6118
2018.5192 -0.2580
2018.5219 -0.0573
2018.5247 -2.5561
2018.5274 5.7155
2018.5301 -8.5726
2018.5329 -2.4405
2018.5356 2.1117
2018.5384 -5.2561
2018.5411 1.7460
2018.5438 -3.1221
2018.5466 4.7696
2018.5493 3.3210
2018.5521 -1.2281
2018.5548 -1.6877
2018.5575 4.0020
2018.5603 2.2810
2018.5630 0.7292
2018.5658 -0.4935
2018.5685 -1.0272
2018.5712 2.3080
2018.5740 -3.7980
2018.5767 -4.9753
2018.5794 -5.6639
2018.5822 -8.3338
2018.5849 -6.2243
2018.5877 -3.3352
2018.5904 2.4135
2018.5931 -0.7681
2018.5959 -0.3501
2018.5986 1.8675
2018.6014 -4.2653
2018.6041 -0.6484
2018.6068 3.6482
2018.6096 0.9145
2018.6123 -5.1496
2018.6151 -3.7440
2018.6178 -1.8286
2018.6205 -3.6636
2018.6233 -4.5488
2018.6260 -5.2843
2018.6288 -1.4600
2018.6315 -1.0160
2018.6342 -1.0922
2018.6370 -3.6086
2018.6397 -5.1053
2018.6425 -3.6021
2018.6452 -3.4392
2018.6479 -6.2964
2018.6507 -5.7538
2018.6534 -8.9114
2018.6562 -5.9291
2018.6589 -3.6070
2018.6616 2.8150
2018.6644 0.3169
2018.6671 4.7383
2018.6699 -3.2910
2018.6726 -0.3710
2018.6753 -5.2515
2018.6781 1.4973
2018.6808 2.4557
2018.6836 2.8536
2018.6863 -5.5389
2018.6890 -2.1617
2018.6918 -6.3847
2018.6945 -5.6780
2018.6973 -5.7814
2018.7000 -8.6549
2018.7027 -3.8785
2018.7055 -7.0220
2018.7082 -5.2154
2018.7110 -7.9788
2018.7137 -6.7119
2018.7164 -5.7447
2018.7192 -5.6673
2018.7219 -4.5094
2018.7247 -7.0212
2018.7274 -7.2525
2018.7301 -9.5332
2018.7329 -8.3833
2018.7356 -10.7628
2018.7384 -9.8615
2018.7411 -6.5095
2018.7466 -1.4329
2018.7493 -2.1681
2018.7521 -3.0322
2018.7548 -4.9751
2018.7575 -6.2470
2018.7603 -5.1579
2018.7630 -4.3378
2018.7658 -2.5570
2018.7685 -2.1655
2018.7712 -6.8133
2018.7740 -5.8205
2018.7767 -5.0873
2018.7794 -5.0436
2018.7822 -4.6297
2018.7849 -1.6455
2018.7877 -3.0612
2018.7904 2.7831
2018.7931 -5.9325
2018.7959 4.7017
2018.7986 4.5358
2018.8014 -4.4904
2018.8041 5.0630
2018.8068 2.3060
2018.8096 0.8884
2018.8123 1.9703
2018.8151 -1.9186
2018.8178 -5.9782
2018.8205 -3.6686
2018.8233 0.7699
2018.8260 -3.4725
2018.8288 -3.7961
2018.8315 -2.8808
2018.8342 -2.6962
2018.8370 -4.5716
2018.8397 -5.2271
2018.8425 -1.5226
2018.8452 -3.3181
2018.8479 -1.3737
2018.8507 -5.6393
2018.8534 -5.7549
2018.8562 -4.2706
2018.8589 -6.7063
2018.8616 -4.6720
2018.8644 -3.9978
2018.8671 -4.4436
2018.8699 -3.9094
2018.8726 -6.2852
2018.8753 -7.4510
2018.8781 -4.6869
2018.8808 -4.4228
2018.8836 -7.2587
2018.8863 -5.3946
2018.8890 -6.1905
2018.8918 -5.7264
2018.8945 -6.4523
2018.8973 -8.2182
2018.9000 -7.5942
2018.9027 -8.5001
2018.9055 -4.7761
2018.9082 -4.2820
2018.9110 -6.3279
2018.9137 -7.7939
2018.9164 -6.7798
2018.9192 -6.6257
2018.9219 -7.6414
2018.9247 -9.9872
2018.9274 -9.0929
2018.9301 -8.4085
2018.9329 -5.8642
2018.9356 -9.0798
2018.9384 -8.5155
2018.9411 -8.3412
2018.9438 -9.1869
2018.9466 -6.2126
2018.9493 -7.5284
2018.9521 -7.7743
2018.9548 -7.7702
2018.9575 -7.9662
2018.9603 -10.2023
2018.9630 -6.6086
2018.9658 -5.2750
2018.9685 -7.5715
2018.9712 -7.7781
2018.9740 -8.2149
2018.9767 -4.8219
2018.9795 -4.4591
2018.9822 -4.4565
2018.9849 -6.4241
2018.9877 -7.9519
2018.9904 -6.5499
2018.9931 -5.4282
2018.9959 -7.6767
2018.9986 -5.2755
2019.0014 -5.0350
2019.0041 -6.0576
2019.0068 -9.5936
2019.0096 -3.4528
2019.0123 -3.3949
2019.0151 -0.8897
2019.0178 -4.3672
2019.0205 -5.0869
2019.0233 -6.2688
2019.0260 -7.7927
2019.0288 -6.0383
2019.0315 -6.7155
2019.0342 -3.3940
2019.0370 -4.5437
2019.0397 -4.5443
2019.0425 -8.6557
2019.0452 -5.3076
2019.0479 -3.3798
2019.0507 -2.6622
2019.0534 -3.9445
2019.0562 -1.1165
2019.0589 -4.4281
2019.0616 -5.0690
2019.0644 -2.1091
2019.0671 -3.6481
2019.0699 -4.9258
2019.0726 -2.0820
2019.0753 -2.2866
2019.0781 -3.0493
2019.0808 -3.6299
2019.0836 -7.6496
2019.0863 -11.7296
2019.0890 -2.3297
2019.0918 -5.0700
2019.0945 -3.0803
2019.0973 -4.4407
2019.1000 -1.8111
2019.1027 -4.9614
2019.1055 -4.1215
2019.1082 -5.3415
2019.1110 -3.3613
2019.1137 -4.8007
2019.1164 -7.4499
2019.1192 -3.0786
2019.1219 -3.7469
2019.1247 -3.7547
2019.1274 -4.5119
2019.1301 -8.1285
2019.1329 -8.1945
2019.1356 -10.3197
2019.1384 -9.8742
2019.1411 -8.2278
2019.1438 -8.6006
2019.1466 -7.9424
2019.1493 -1.9033
2019.1521 -4.5131
2019.1548 -6.1618
2019.1575 -7.1994
2019.1603 -1.6058
2019.1630 0.2691
2019.1658 3.3750
2019.1685 -6.3482
2019.1712 -6.0904
2019.1740 -6.2518
2019.1767 -11.1522
2019.1795 -13.9619
2019.1822 -3.4608
2019.1849 -0.3190
2019.1877 1.3936
2019.1904 -5.5932
2019.1931 -1.4594
2019.1959 -5.3550
2019.1986 -5.9900
2019.2014 -1.9046
2019.2041 -3.9787
2019.2068 -5.0723
2019.2096 -6.1056
2019.2123 -4.2685
2019.2151 -5.8911
2019.2178 -4.5334
2019.2205 -2.3455
2019.2233 -3.4774
2019.2260 -1.2592
2019.2288 -2.0408
2019.2315 -0.6023
2019.2342 -1.7138
2019.2370 -2.7953
2019.2397 -2.1469
2019.2425 -2.3385
2019.2452 -6.1602
2019.2479 -4.0916
2019.2507 -1.9923
2019.2534 -1.0224
2019.2562 -3.5819
2019.2589 -6.6409
2019.2616 -0.6793
2019.2644 -1.7474
2019.2671 -0.8951
2019.2699 -2.8724
2019.2726 -2.2895
2019.2753 2.8636
2019.2781 -2.3032
2019.2808 -3.1698
2019.2836 -7.3364
2019.2863 -7.4730
2019.2890 -3.8797
2019.2918 -2.7965
2019.2945 -4.2535
2019.2973 -2.4107
2019.3000 -5.2582
2019.3027 -2.7260
2019.3055 -1.0042
2019.3082 -1.1829
2019.3110 -4.5821
2019.3137 -4.5018
2019.3164 -2.5521
2019.3192 -4.3632
2019.3219 -2.5049
2019.3247 -2.0474
2019.3274 -2.2808
2019.3301 -4.2451
2019.3329 -5.1813
2019.3356 -4.3894
2019.3384 0.9409
2019.3411 1.2095
2019.3438 -0.9633
2019.3466 0.6125
2019.3493 -1.4429
2019.3521 -5.1694
2019.3548 -5.7069
2019.3575 -1.1952
2019.3603 -1.4942
2019.3630 -1.9138
2019.3658 -2.5839
2019.3685 -0.7343
2019.3712 0.0751
2019.3740 -0.3257
2019.3767 -2.9164
2019.3794 -4.7369
2019.3822 -5.9171
2019.3849 -6.3069
2019.3877 -0.1562
2019.3904 -7.6348
2019.3931 -7.5826
2019.3959 -7.4595
2019.3986 -9.7754
2019.4014 -8.5201
2019.4041 -7.4135
2019.4068 -6.1854
2019.4096 -8.9358
2019.4123 -2.9446
2019.4151 2.6283
2019.4178 3.5128
2019.4205 -1.7514
2019.4233 -1.3044
2019.4260 -4.2762
2019.4288 -5.6869
2019.4315 -5.7468
2019.4342 -8.3059
2019.4370 -8.7743
2019.4397 -8.2321
2019.4425 -9.9096
2019.4452 -3.9167
2019.4479 3.2864
2019.4507 -3.4605
2019.4534 -1.2774
2019.4562 -1.0745
2019.4589 -4.7019
2019.4616 -5.8097
2019.4644 -4.2080
2019.4671 -5.4369
2019.4699 -4.0167
2019.4726 -3.8373
2019.4753 -5.7089
2019.4781 -1.7416
2019.4808 -1.2956
2019.4836 -1.4009
2019.4863 0.0823
2019.4890 5.1538
2019.4918 8.2137
2019.4945 2.5617
2019.4973 2.2180
2019.5000 7.8740
2019.5027 8.2699
2019.5055 2.9357
2019.5082 2.1914
2019.5110 -1.8030
2019.5137 -5.4274
2019.5164 -2.8019
2019.5192 -4.2465
2019.5219 4.9488
2019.5247 3.7940
2019.5274 6.2892
2019.5301 -1.0257
2019.5329 -0.7906
2019.5356 0.5243
2019.5384 -2.1707
2019.5411 -6.2759
2019.5438 -2.6011
2019.5466 -5.6664
2019.5493 -2.3317
2019.5521 -8.6271
2019.5548 -4.7625
2019.5575 -1.7180
2019.5603 3.7365
2019.6260 2.0186
2019.6288 5.7121
2019.6315 2.6755
2019.6342 5.0890
2019.6370 -3.4675
2019.6397 0.2161
2019.6425 -3.4403
2019.6452 -1.7967
2019.6479 1.1670
2019.6507 -2.3392
2019.6534 -0.2953
2019.6562 -1.6014
2019.6589 -4.6174
2019.6616 -9.3833
2019.6644 -8.7391
2019.6671 -4.6446
2019.6699 -1.3598
2019.6726 8.9854
2019.6753 0.0309
2019.6781 -1.0631
2019.6808 0.6033
2019.6836 -2.5299
2019.6863 -4.6027
2019.6890 -1.2150
2019.6918 2.3832
2019.6945 -3.0482
2019.6973 -5.2791
2019.7000 -7.4595
2019.7027 -1.7494
2019.7055 -2.0388
2019.7137 -5.4038
2019.7164 -5.0910
2019.7219 -6.7936
2019.7247 -2.8491
2019.7274 -8.3739
2019.7301 -7.6881
2019.7329 -8.8517
2019.7356 -11.1846
2019.7384 -10.6669
2019.7411 -11.7785
2019.7438 -4.8894
2019.7466 6.1204
2019.7493 4.2609
2019.7521 2.9621
2019.7548 1.6541
2019.7575 1.0668
2019.7603 -2.0199
2019.7630 -1.4560
2019.7658 -1.9014
2019.7685 -1.8664
2019.7712 -0.7308
2019.7740 -3.4147
2019.7767 -4.0382
2019.7794 -0.9612
2019.7822 -0.4339
2019.7849 -1.2362
2019.7877 -0.9682
2019.7904 2.4701
2019.7931 2.8187
2019.7959 1.9274
2019.7986 -3.1736
2019.8014 -6.7545
2019.8041 -3.3753
2019.8068 -8.0161
2019.8096 -6.6367
2019.8123 -9.3474
2019.8151 -8.8981
2019.8178 -10.1988
2019.8205 -6.8597
2019.8233 -3.1406
2019.8260 -4.4917
2019.8288 -5.4830
2019.8315 -5.0146
2019.8342 -4.5746
2019.8370 -6.4115
2019.8397 -4.8356
2019.8425 -4.4172
2019.8452 -3.6266
2019.8479 -4.7242
2019.8507 -8.0801
2019.8534 -5.1049
2019.8562 -3.0287
2019.8589 -0.2118
2019.8616 -4.1146
2019.8644 -3.7673
2019.8671 -5.8504
2019.8699 -3.6540
2019.8726 -3.3285
2019.8753 -5.5142
2019.8781 -7.2314
2019.8808 -7.3205
2019.8836 -7.5116
2019.8863 -12.2752
2019.8890 -11.1215
2019.8918 -10.6908
2019.8945 -10.1535
2019.8973 -7.4199
2019.9000 -3.9202
2019.9027 -8.7648
2019.9055 -8.6439
2019.9082 -5.4580
2019.9110 -4.8172
2019.9137 3.3481
2019.9164 -5.8219
2019.9192 -8.8436
2019.9219 -6.0065
2019.9247 -8.0304
2019.9274 -10.6353
2019.9301 -10.9311
2019.9329 -6.3779
2019.9356 -11.1954
2019.9384 -12.2436
2019.9411 -12.0826
2019.9438 -8.2521
2019.9466 -8.3322
2019.9493 -9.9829
2019.9521 -11.6940
2019.9548 -10.3554
2019.9575 -10.7572
2019.9603 -11.1192
2019.9630 -13.2915
2019.9658 -11.3438
2019.9685 -13.6163
2019.9712 -7.7787
2019.9740 -12.2911
2019.9767 -4.4634
2019.9795 -4.7156
2019.9822 -4.4075
2019.9849 -8.1191
2019.9877 -4.9504
2019.9904 -6.2713
2019.9931 -5.1817
2019.9959 -3.8115
2019.9986 -9.2808
2020.0014 -9.0294
2020.0041 -8.9580
2020.0068 -7.1266
2020.0096 -8.6552
2020.0123 -3.6737
2020.0150 -9.2523
2020.0178 -6.1609
2020.0205 -5.5195
2020.0232 -6.6281
2020.0260 -9.2766
2020.0287 -8.1352
2020.0314 -8.8337
2020.0342 -10.2022
2020.0369 -7.0806
2020.0396 -8.3690
2020.0423 -7.8674
2020.0451 -6.4458
2020.0478 -11.0040
2020.0505 -8.5623
2020.0533 -10.1405
2020.0560 -8.7786
2020.0587 -9.6966
2020.0615 -10.7046
2020.0642 -9.5926
2020.0669 -5.7904
2020.0697 -11.5981
2020.0724 -5.7958
2020.0751 -7.3034
2020.0779 -8.5909
2020.0806 -8.9983
2020.0833 -10.6951
2020.0861 -7.1407
2020.0888 -8.5250
2020.0915 -6.9681
2020.0943 -5.9801
2020.0970 -5.5408
2020.0997 -0.7304
2020.1025 -3.3287
2020.1052 -11.0459
2020.1079 -9.1720
2020.1107 -12.3269
2020.1134 -8.4907
2020.1161 -7.9733
2020.1189 -6.9749
2020.1216 -8.5553
2020.1243 -8.7646
2020.1270 -8.2328
2020.1298 -12.1300
2020.1325 -12.3761
2020.1352 -11.1011
2020.1380 -12.8751
2020.1407 -11.1581
2020.1434 -8.2000
2020.1462 -8.8809
2020.1489 -11.0908
2020.1516 -9.8397
2020.1544 -7.3776
2020.1571 -9.8646
2020.1598 -9.4605
2020.1626 -5.7555
2020.1653 -7.5294
2020.1680 -10.6222
2020.1708 -9.9941
2020.1735 -10.6450
2020.1762 -11.1451
2020.1790 -10.1944
2020.1817 -6.6331
2020.1844 -5.8811
2020.1872 -7.6585
2020.1899 -7.5556
2020.1926 -9.4422
2020.1954 -8.6185
2020.1981 -4.8545
2020.2008 -4.4504
2020.2035 -3.7962
2020.2063 -3.2819
2020.2090 -9.1477
2020.2117 -8.1936
2020.2145 -7.7698
2020.2172 -6.5462
2020.2199 -8.9030
2020.2227 -11.6702
2020.2254 -7.6578
2020.2281 -1.5661
2020.2309 -0.6650
2020.2336 4.7854
2020.2363 -0.8951
2020.2391 -4.1464
2020.2418 -4.4586
2020.2445 -4.2119
2020.2473 -8.0459
2020.2500 -8.2401
2020.2609 -10.2971
2020.2637 -4.1316
2020.2664 -2.8961
2020.2691 -2.3107
2020.2719 -0.9155
2020.2801 -7.3004
2020.2828 -6.8856
2020.2855 -7.8709
2020.2882 -7.9464
2020.2910 -10.9521
2020.2937 -8.8179
2020.2964 -1.4839
2020.2992 2.5700
2020.3019 -3.2364
2020.3128 -2.4637
2020.3265 -16.0429
2020.3320 -6.0607
2020.3347 -7.4307
2020.3374 -3.9114
2020.3402 -1.7728
2020.3429 0.1052
2020.3456 0.0727
2020.3484 -1.4604
2020.3511 -3.8239
2020.3921 12.9602
2020.3948 -2.2125
2020.3975 -10.9747
2020.4003 -4.7463
2020.4057 -6.8375
2020.4085 -1.9369
2020.4495 -5.2836
2020.4522 -3.8241
2020.4549 -3.2245
2020.4576 0.0552
2021.0726 -8.2123
2021.0753 -11.1999
2021.0781 -9.8855
2021.0808 -9.9191
2021.0836 -2.3304
2021.0863 -4.5691
2021.0890 -7.2955
2021.0918 -5.9396
2021.0945 -9.1218
2021.0973 -8.6620
2021.1000 -13.9806
2021.1027 -6.8777
2021.1055 -14.0334
2021.1082 -4.7980
2021.1110 -5.9115
2021.1137 -8.1241
2021.1164 -7.8461
2021.1192 -6.8976
2021.1219 -6.7487
2021.1247 -6.8196
2021.1274 -10.1805
2021.1301 -10.9716
2021.1329 -13.0030
2021.1356 -8.7949
2021.1384 -17.3275
2021.1411 -8.1209
2021.1438 -6.8253
2021.1466 -4.5508
2021.1493 -5.7977
2021.1521 -6.6161
2021.1548 -5.3962
2021.1575 -4.3580
2021.1603 -3.5719
2021.1630 -4.0077
2021.1658 -6.5938
2021.1685 -5.3798
2021.1712 -5.3360
2021.1740 -3.0321
2021.1767 -8.7483
2021.1795 -6.6846
2021.1822 -6.0409
2021.1849 -9.9472
2021.1877 -6.5736
2021.1904 -3.2900
2021.1931 -5.2665
2021.1959 -5.7331
2021.1986 1.5903
2021.2014 -5.7663
2021.2041 -3.6631
2021.2068 -2.5398
2021.2096 -6.2967
2021.2123 -5.1336
2021.2151 -5.0806
2021.2178 -5.9077
2021.2205 -3.8648
2021.2233 -8.1220
2021.2260 -3.0593
2021.2288 -5.6566
2021.2315 -4.2641
2021.2342 -1.9716
2021.2370 -4.0792
2021.2397 -4.7169
2021.2425 -5.1347
2021.2452 -3.1926
2021.2479 -4.5507
2021.2507 -4.6590
2021.2534 -4.7476
2021.2562 -8.4565
2021.2589 0.0745
2021.2616 -2.2348
2021.2644 -6.5542
2021.2671 -0.4038
2021.2699 -2.1236
2021.2726 -5.5934
2021.2753 -7.5534
2021.2781 -7.8734
2021.2808 -8.6935
2021.2836 -5.4937
2021.2863 -4.3838
2021.2890 -2.1640
2021.2918 -5.0742
2021.2945 -8.5043
2021.2973 -6.9843
2021.3000 -6.3443
2021.3027 -5.3942
2021.3055 -5.0340
2021.3082 -4.3536
2021.3110 -7.5431
2021.3137 -7.6224
2021.3164 -9.4815
2021.3192 -8.2004
2021.3219 -11.2690
2021.3247 -14.0375
2021.3274 -7.4656
2021.3301 -11.7332
2021.3329 -11.8090
2021.3356 -5.1028
2021.3384 -10.1348
2021.3411 -7.4352
2021.3438 -5.0939
2021.3466 -7.2113
2021.3493 -5.3275
2021.3521 -3.5225
2021.3548 -1.5565
2021.3575 -1.4297
2021.3603 -5.6022
2021.3630 -5.2842
2021.3658 -7.7357
2021.3685 -7.6469
2021.3712 -4.9580
2021.3740 -7.2791
2021.3767 -12.6604
2021.3794 -7.4719
2021.3822 -8.1438
2021.3849 -2.9163
2021.3877 1.1805
2021.3904 -6.5035
2021.3931 -8.9686
2021.3959 -11.1947
2021.3986 -10.0121
2021.4014 -11.3709
2021.4041 -10.0212
2021.4068 -9.1832
2021.4096 -9.7070
2021.4123 -4.1128
2021.4151 -0.9599
2021.4178 -3.9177
2021.4205 -6.9062
2021.4233 -3.5253
2021.4260 -1.1050
2021.4288 -8.3554
2021.4315 -5.0164
2021.4342 -2.8979
2021.4370 -4.2201
2021.4397 -0.2928
2021.4425 -0.8461
2021.4452 -5.0400
2021.4479 -1.6544
2021.4507 -5.1892
2021.4534 -3.3546
2021.4562 0.3195
2021.4589 2.2231
2021.4616 -0.1738
2021.4644 0.0189
2021.4671 0.1312
2021.4699 2.3630
2021.4726 -3.9955
2021.4753 0.6755
2021.4781 -1.8139
2021.4808 -2.3937
2021.4836 -3.3338
2021.4863 -3.6543
2021.4890 -2.3051
2021.4918 -5.0762
2021.4945 -6.5577
2021.4973 -2.8895
2021.5000 -3.4223
2021.5027 -2.2360
2021.5055 -5.8507
2021.5082 -7.6561
2021.5110 -6.6823
2021.5137 -11.0492
2021.5164 -9.5766
2021.5192 -8.4645
2021.6178 -9.1423
2021.6205 -4.9761
2021.6233 -9.8296
2021.6260 -11.2930
2021.6288 -14.7862
2021.6315 -10.0092
2021.6342 -1.8320
2021.6370 8.1754
2021.6699 -14.9464
2021.6726 -10.3575
2021.6753 -11.4885
2021.6781 -8.7893
2021.6808 -5.8400
2021.6836 -10.2806
2021.6863 -5.3910
2021.6890 -4.4013
2021.6918 -5.6415
2021.6945 -7.7515
2021.6973 -7.1014
2021.7000 -6.8111
2021.7027 -1.8307
2021.7055 -5.1401
2021.7082 -5.2394
2021.7110 -0.8885
2021.7137 -3.9174
2021.7164 -10.3462
2021.7192 -9.0249
2021.7219 -11.0133
2021.7247 -5.4316
2021.7274 -5.4297
2021.7301 -6.8176
2021.7329 -7.7354
2021.7356 -4.9230
2021.7384 -3.3704
2021.7411 -4.9376
2021.7438 -7.4746
2021.7466 -9.0814
2021.7493 -7.2779
2021.7521 -10.3830
2021.7548 -9.7866
2021.7575 -8.1189
2021.7603 -5.7299
2021.7630 -2.7798
2021.7658 -4.7787
2021.7685 -2.6767
2021.7712 -7.6038
2021.7740 -8.1002
2021.7767 -9.5460
2021.7794 -7.2613
2021.7822 -7.9962
2021.7849 -7.3208
2021.7877 -11.0851
2021.7904 -9.4894
2021.7931 -7.0037
2021.7959 -6.5482
2021.7986 -9.4428
2021.8014 -11.2077
2021.8041 -8.7831
2021.8068 -6.8890
2021.8096 -2.0156
2021.8123 -8.5729
2021.8151 -6.2510
2021.8178 -6.8001
2021.8205 -11.0002
2021.8233 -9.3215
2021.8260 -9.2541
2021.8288 -12.8080
2021.8315 -12.6334
2021.8342 -10.8301
2021.8370 -12.8279
2021.8397 -12.9368
2021.8425 -12.1566
2021.8452 -6.9973
2021.8479 -8.7789
2021.8507 -10.4711
2021.8534 -10.6841
2021.8562 -13.0077
2021.8589 -5.7419
2021.8616 -14.2865
2021.8644 -10.3315
2021.8671 -11.5869
2021.8699 -8.7525
2021.8726 -11.1984
2021.8753 -7.7444
2021.8781 -9.6804
2021.8808 -8.3964
2021.8836 -9.7924
2021.8863 -8.4082
2021.8918 -7.7691
2021.8945 -6.5241
2021.8973 -10.4987
2021.9000 -9.2027
2021.9027 -7.3962
2021.9055 -5.1791
2021.9082 -4.4413
2021.9110 -3.8827
2021.9164 -4.3829
2021.9192 0.0887
2021.9219 -2.1985
2021.9247 -5.1746
2021.9274 -2.3696
2021.9301 -0.7137
2021.9329 -9.7270
2021.9356 -14.7295
2021.9384 2.2486
2021.9493 1.5460
2021.9521 -4.3239
2021.9548 -4.2136
2021.9575 -4.3334
2021.9603 4.7168
2021.9630 0.1669
2021.9658 -2.3733
2021.9685 2.8862
2021.9712 0.9852
2021.9740 -5.2162
2021.9767 -1.8383
2021.9795 -3.4510
2021.9822 -1.5945
2021.9849 -0.8789
2021.9877 -1.0742
2021.9904 -4.2406
2021.9931 -2.4982
2021.9959 -2.7469
2021.9986 -4.2970
2022.0014 -1.1088
2022.0041 -3.6437
2022.0068 -3.6718
2022.0096 -8.0828
2022.0123 -8.8465
2022.0151 -9.4028
2022.0178 -7.0712
2022.0205 -0.9717
2022.0233 -5.7639
2022.0260 -2.7177
2022.0288 -4.0527
2022.0315 -7.6389
2022.0342 -6.8658
2022.0370 -8.7933
2022.0397 -8.6312
2022.0425 4.8207
2022.0452 -1.0472
2022.0479 -1.7147
2022.0507 0.4183
2022.0534 -2.3678
2022.0562 -6.2029
2022.0589 -4.4467
2022.0616 -9.3690
2022.0644 -9.6795
2022.0671 -4.0881
2022.0699 -4.7943
2022.0726 -7.1882
2022.0753 -8.7493
2022.0781 -7.6975
2022.0808 -3.0325
2022.0836 -1.0052
2022.0863 -2.3569
2022.0890 -4.4075
2022.0918 -4.7472
2022.0945 -4.3360
2022.0973 -5.1740
2022.1000 -4.5713
2022.1027 -6.5680
2022.1055 -7.0741
2022.1082 -5.3498
2022.1110 -7.0551
2022.1137 -6.9801
2022.1164 -5.3750
2022.1192 -2.8996
2022.1219 -3.2642
2022.1247 -7.4189
2022.1274 -8.5136
2022.1301 -5.5086
2022.1329 -4.8338
2022.1356 -3.1894
2022.1384 0.8946
2022.1411 1.9880
2022.1438 -2.0591
2022.1466 -1.0370
2022.1493 -9.1056
2022.1521 -9.9150
2022.1548 -6.4354
2022.1575 -6.1068
2022.1603 -8.4793
2022.1630 -8.6529
2022.1658 -7.8167
2022.1685 -3.5909
2022.1712 -4.3552
2022.1740 -0.4198
2022.1767 -6.1847
2022.1795 -1.7897
2022.1822 -5.9450
2022.1849 -3.7205
2022.1877 1.8738
2022.3548 -14.0104
2022.3575 -13.9879
2022.3603 -14.7547
2022.3630 -16.0509
2022.3658 -7.2566
2022.3685 -6.5219
2022.3712 -6.9770
2022.3740 5.4081
2022.3767 -9.4668
2022.3794 0.9582
2022.3822 -7.8571
2022.3849 -7.8127
2022.3877 -4.0587
2022.3904 -3.3654
2022.3931 -5.6728
2022.3959 -7.2710
2022.3986 -8.2502
2022.4014 -3.6405
2022.4041 -6.1119
2022.4068 -6.1647
2022.4096 -10.0390
2022.4123 -0.5448
2022.4151 -6.3816
2022.4178 -6.4387
2022.4205 -10.3161
2022.4233 -7.4438
2022.4260 -8.1518
2022.4288 -4.1900
2022.4315 -8.6083
2022.4342 -4.4069
2022.4370 -7.3456
2022.4397 -7.1844
2022.4425 -3.8333
2022.4452 -4.3623
2022.4479 -5.2813
2022.4507 -7.5303
2022.4534 -7.0793
2022.4562 -6.4283
2022.4589 -9.9571
2022.4616 -14.4659
2022.4644 -8.9446
2022.4671 -5.6631
2022.4699 -5.6014
2022.4726 -5.6196
2022.4753 0.0926
2022.4781 -1.5851
2022.4808 -1.1924
2022.4836 -2.6395
2022.4863 -5.4662
2022.4890 -6.4525
2022.4918 -5.2184
2022.4945 -5.6240
2022.4973 -8.8190
2022.5000 -5.5036
2022.5027 -6.6978
2022.5055 -7.5915
2022.5082 -5.8849
2022.5110 -7.1979
2022.5137 -7.6506
2022.5164 -5.6530
2022.5192 -0.7952
2022.5219 6.4429
2022.5247 -2.3388
2022.5274 -5.6704
2022.5301 -7.5418
2022.5329 -5.0631
2022.5356 6.0657
2022.5384 -5.4155
2022.5411 -3.1966
2022.5438 -5.7778
2022.5466 -5.7490
2022.5493 -4.4103
2022.5521 -5.8317
2022.5548 -7.5732
2022.5575 -9.1449
2022.5603 -8.9568
2022.5630 -4.2089
2022.5658 -6.6113
2022.5685 -10.2240
2022.5712 -7.4670
2022.5740 -10.4003
2022.5767 -9.5340
2022.5794 -12.1482
2022.5822 -13.2128
2022.5849 -13.3683
2022.5877 -10.2148
2022.5904 -10.8620
2022.5931 -8.2601
2022.5959 -4.3188
2022.5986 -3.2783
2022.6014 -7.2183
2022.6041 -7.6988
2022.6068 -8.3998
2022.6096 -9.8912
2022.6123 -10.4430
2022.6151 -8.9550
2022.6178 -9.4273
2022.6205 -8.8297
2022.6233 -9.3222
2022.6260 -10.1548
2022.6288 -9.7873
2022.6315 -9.0898
2022.6342 -13.4321
2022.6370 -7.3641
2022.6397 -5.3759
2022.6425 -4.8174
2022.6452 -7.8284
2022.6479 -8.4990
2022.6507 -10.2391
2022.6534 -7.3986
2022.6562 -6.7575
2022.6589 -5.7156
2022.6616 -3.0630
2022.6644 -0.5595
2022.6671 -7.5746
2022.6699 -4.6880
2022.6726 -5.0096
2022.6753 -7.2496
2022.6781 -8.6782
2022.6808 -6.7855
2022.6836 -4.9215
2022.6863 -1.4465
2022.6890 -5.0206
2022.6918 -8.6238
2022.6945 -4.6164
2022.6973 -5.0584
2022.7000 -0.9400
2022.7027 -2.8612
2022.7055 -5.3423
2022.7082 -4.3134
2022.7110 -6.9145
2022.7137 -2.4758
2022.7164 -9.9075
2022.7192 -9.0396
2022.7219 -9.0422
2022.7247 -11.4656
2022.7274 -10.6899
2022.7301 -9.3151
2022.7329 -7.7714
2022.7356 -6.9489
2022.7384 -3.9777
2022.7411 0.0219
2022.7438 -4.0300
2022.7466 -4.0637
2022.7493 -6.0891
2022.7521 -4.8862
2022.7548 -0.2148
2022.7575 -7.8348
2022.7603 -7.4760
2022.7630 -6.9685
2022.7658 -3.7820
2022.7685 -4.7766
2022.7712 -1.8821
2022.7740 0.1916
2022.7767 -3.9154
2022.7794 -1.6230
2022.7822 -4.5611
2022.7849 -5.3697
2022.7877 -0.4485
2022.7904 -2.5077
2022.7931 -0.9569
2022.7959 -5.3662
2022.7986 -3.4954
2022.8014 -6.5144
2022.8041 -5.7232
2022.8068 -7.8717
2022.8096 -8.7997
2022.8123 -9.8271
2022.8151 -8.1339
2022.8178 -9.4400
2022.8205 -9.5652
2022.8233 -9.0695
2022.8260 -13.1528
2022.8288 -11.3249
2022.8315 -6.6558
2022.8342 -10.2851
2022.8370 -8.8526
2022.8397 -7.6884
2022.8425 -5.3526
2022.8452 -5.1654
2022.8479 -8.8669
2022.8507 -9.0472
2022.8534 -2.4165
2022.8562 -6.7549
2022.8589 -9.5525
2022.8616 -9.1794
2022.8644 -5.1758
2022.8671 -9.0418
2022.8699 -5.3376
2022.8726 -6.8932
2022.8753 -4.4088
2022.8781 -5.6646
2022.8808 0.3094
2022.8836 -7.5070
2022.8863 -4.2939
2022.8890 -2.3414
2022.8918 -3.4797
2022.8945 0.3210
2022.8973 -1.1192
2022.9000 -4.0206
2022.9027 -6.5633
2022.9055 -1.1875
2022.9082 -8.8532
2022.9110 -0.3805
2022.9137 -6.0397
2022.9164 -2.6908
2022.9192 -6.1041
2022.9219 -4.6594
2022.9247 -3.9269
2022.9274 -10.5263
2022.9301 -7.1676
2022.9329 -6.0809
2022.9356 -7.2260
2022.9384 -6.8730
2022.9411 -3.2317
2022.9438 -5.1721
2022.9466 -4.7842
2022.9493 -3.6279
2022.9521 -2.4432
2022.9548 -5.9200
2022.9575 -3.8482
2022.9603 -6.5779
2022.9630 -5.4890
2022.9658 -7.5914
2022.9685 -2.2451
2022.9712 -5.9200
2022.9740 -4.5061
2022.9767 -2.2633
2022.9795 -4.1016
2022.9822 -6.7810
2022.9849 -7.0113
2022.9877 -8.4426
2022.9904 -7.4448
2022.9931 -8.1778
2022.9959 -9.5516
2022.9986 -9.5162
